215.214 0 0 2 2 2
215.214 0 0 2 2 2
215.214 0 0 2 2 2
215.214 0 0 2 2 2
215.214 0 0 2 2 2
215.214 0.142857 0.142857 2 2 2
215.194 0.142805 0.142805 2 2 2
215.154 0.1427 0.1427 2 2 2
215.074 0.142491 0.142491 2 2 2
214.914 0.142074 0.142074 2 2 2
214.594 0.141241 0.141241 2 2 2
214.094 0.139947 0.139947 2 2 2
213.594 0.13866 0.13866 2 2 2
213.094 0.13738 0.13738 2 2 2
212.594 0.136109 0.136109 2 2 2
212.094 0.134846 0.134846 2 2 2
211.594 0.133591 0.133591 2 2 2
211.094 0.132345 0.132345 2 2 2
210.594 0.131108 0.131108 2 2 2
210.094 0.129879 0.129879 2 2 2
209.594 0.12866 0.12866 2 2 2
209.094 0.12745 0.12745 2 2 2
208.594 0.126249 0.126249 2 2 2
208.094 0.125058 0.125058 2 2 2
207.594 0.123876 0.123876 2 2 2
207.094 0.122704 0.122704 2 2 2
206.594 0.121542 0.121542 2 2 2
206.094 0.12039 0.12039 2 2 2
205.594 0.119248 0.119248 2 2 2
205.094 0.118117 0.118117 2 2 2
204.594 0.116995 0.116995 2 2 2
204.094 0.115884 0.115884 2 2 2
203.594 0.114783 0.114783 2 2 2
203.094 0.113692 0.113692 2 2 2
202.594 0.112613 0.112613 2 2 2
202.094 0.111543 0.111543 2 2 2
201.594 0.110485 0.110485 2 2 2
201.094 0.109437 0.109437 2 2 2
200.594 0.108399 0.108399 2 2 2
200.094 0.107373 0.107373 2 2 2
199.594 0.106357 0.106357 2 2 2
199.094 0.105352 0.105352 2 2 2
198.594 0.104358 0.104358 2 2 2
198.094 0.103375 0.103375 2 2 2
197.594 0.102403 0.102403 2 2 2
197.095 0.101442 0.101442 2 2 2
196.595 0.100491 0.100491 2 2 2
196.095 0.099552 0.099552 2 2 2
195.595 0.0986235 0.0986235 2 2 2
195.095 0.0977061 0.0977061 2 2 2
194.595 0.0967996 0.0967996 2 2 2
194.095 0.0959042 0.0959042 2 2 2
193.595 0.0950197 0.0950197 2 2 2
193.095 0.0941463 0.0941463 2 2 2
192.595 0.0932839 0.0932839 2 2 2
192.095 0.0924326 0.0924326 2 2 2
191.595 0.0915923 0.0915923 2 2 2
191.095 0.090763 0.090763 2 2 2
190.595 0.0899448 0.0899448 2 2 2
190.095 0.0891377 0.0891377 2 2 2
189.595 0.0883416 0.0883416 2 2 2
189.095 0.0875567 0.0875567 2 2 2
188.595 0.0867828 0.0867828 2 2 2
188.095 0.0860201 0.0860201 2 2 2
187.595 0.0852685 0.0852685 2 2 2
187.095 0.0845281 0.0845281 2 2 2
186.595 0.0837989 0.0837989 2 2 2
186.095 0.083081 0.083081 2 2 2
185.595 0.0823742 0.0823742 2 2 2
185.095 0.0816788 0.0816788 2 2 2
184.595 0.0809948 0.0809948 2 2 2
184.095 0.0803221 0.0803221 2 2 2
183.595 0.0796609 0.0796609 2 2 2
183.095 0.0790112 0.0790112 2 2 2
182.595 0.0783731 0.0783731 2 2 2
182.095 0.0777466 0.0777466 2 2 2
181.595 0.0771319 0.0771319 2 2 2
181.095 0.0765291 0.0765291 2 2 2
180.595 0.0759382 0.0759382 2 2 2
180.095 0.0753593 0.0753593 2 2 2
179.595 0.0747927 0.0747927 2 2 2
179.095 0.0742383 0.0742383 2 2 2
178.596 0.0736965 0.0736965 2 2 2
178.346 0.0734304 0.0734304 2 2 2
178.208 0.0732854 0.0732854 2 2 2
178.057 0.073127 0.073127 2 2 2
177.974 0.0730404 0.0730404 2 2 2
177.883 0.0729456 0.0729456 2 2 2
177.791 0.0728513 0.0728513 2 2 2
177.768 0.0728278 0.0728278 2 2 2
177.743 0.072802 0.072802 2 2 2
177.725 0.0727827 0.0727827 2 2 2
177.71 0.0727682 0.0727682 2 2 2
177.689 0.0727466 0.0727466 2 2 2
177.679 0.0727358 0.0727358 2 2 2
177.663 0.0727197 0.0727197 2 2 2
177.647 0.0727036 0.0727036 2 2 2
177.632 0.0726878 0.0726878 2 2 2
177.617 0.0726724 0.0726724 2 2 2
177.615 0.0726705 0.0726705 2 2 2
177.614 0.0726692 0.0726692 2 2 2
177.611 0.0726664 0.0726664 2 2 2
177.606 0.0726612 0.0726612 2 2 2
177.599 0.0726539 0.0726539 2 2 2
177.59 0.0726453 0.0726453 2 2 2
177.586 0.072641 0.072641 2 2 2
177.586 0.0726414 0.0726414 2 2 2
177.593 0.0726485 0.0726485 2 2 2
177.605 0.0726605 0.0726605 2 2 2
177.612 0.0726672 0.0726672 2 2 2
177.617 0.0726722 0.0726722 2 2 2
177.636 0.0726914 0.0726914 2 2 2
177.656 0.0727117 0.0727117 2 2 2
177.666 0.0727223 0.0727223 2 2 2
177.677 0.0727332 0.0727332 2 2 2
177.691 0.0727474 0.0727474 2 2 2
177.694 0.0727502 0.0727502 2 2 2
177.694 0.0727502 0.0727502 2 2 2
215.214 0.0727502 0.0727502 2 3 2
215.214 0.0727502 0.0727502 2 3 2
215.214 0.0727502 0.0727502 2 3 2
215.214 0.0727502 0.0727502 2 3 2
215.214 0.0727502 0.0727502 2 3 2
215.214 0.142857 0.142857 2 3 2
215.234 0.142909 0.142909 2 3 2
215.274 0.143014 0.143014 2 3 2
215.354 0.143224 0.143224 2 3 2
215.514 0.143643 0.143643 2 3 2
215.834 0.144484 0.144484 2 3 2
216.334 0.145803 0.145803 2 3 2
216.834 0.147129 0.147129 2 3 2
217.334 0.148461 0.148461 2 3 2
217.834 0.1498 0.1498 2 3 2
218.334 0.151144 0.151144 2 3 2
218.834 0.152493 0.152493 2 3 2
219.334 0.153848 0.153848 2 3 2
219.834 0.155208 0.155208 2 3 2
220.334 0.156572 0.156572 2 3 2
220.834 0.15794 0.15794 2 3 2
221.334 0.159313 0.159313 2 3 2
221.834 0.160689 0.160689 2 3 2
222.334 0.162068 0.162068 2 3 2
222.834 0.16345 0.16345 2 3 2
223.334 0.164835 0.164835 2 3 2
223.834 0.166223 0.166223 2 3 2
224.334 0.167612 0.167612 2 3 2
224.834 0.169004 0.169004 2 3 2
225.334 0.170396 0.170396 2 3 2
225.834 0.17179 0.17179 2 3 2
226.334 0.173184 0.173184 2 3 2
226.834 0.174578 0.174578 2 3 2
227.334 0.175973 0.175973 2 3 2
227.834 0.177367 0.177367 2 3 2
228.334 0.178761 0.178761 2 3 2
228.834 0.180153 0.180153 2 3 2
229.334 0.181544 0.181544 2 3 2
229.834 0.182934 0.182934 2 3 2
230.334 0.184321 0.184321 2 3 2
230.834 0.185706 0.185706 2 3 2
231.334 0.187089 0.187089 2 3 2
231.834 0.188468 0.188468 2 3 2
232.334 0.189845 0.189845 2 3 2
232.834 0.191218 0.191218 2 3 2
233.334 0.192587 0.192587 2 3 2
233.834 0.193952 0.193952 2 3 2
234.334 0.195312 0.195312 2 3 2
234.834 0.196668 0.196668 2 3 2
235.334 0.198019 0.198019 2 3 2
235.834 0.199365 0.199365 2 3 2
236.334 0.200706 0.200706 2 3 2
236.834 0.202041 0.202041 2 3 2
237.334 0.20337 0.20337 2 3 2
237.834 0.204693 0.204693 2 3 2
238.334 0.206009 0.206009 2 3 2
238.834 0.20732 0.20732 2 3 2
239.334 0.208624 0.208624 2 3 2
239.834 0.20992 0.20992 2 3 2
240.334 0.21121 0.21121 2 3 2
240.834 0.212493 0.212493 2 3 2
241.334 0.213768 0.213768 2 3 2
241.834 0.215037 0.215037 2 3 2
242.334 0.216297 0.216297 2 3 2
242.834 0.21755 0.21755 2 3 2
243.334 0.218794 0.218794 2 3 2
243.834 0.220031 0.220031 2 3 2
244.334 0.22126 0.22126 2 3 2
244.834 0.22248 0.22248 2 3 2
245.334 0.223692 0.223692 2 3 2
245.834 0.224896 0.224896 2 3 2
246.334 0.22609 0.22609 2 3 2
246.834 0.227278 0.227278 2 3 2
247.334 0.228456 0.228456 2 3 2
247.834 0.229625 0.229625 2 3 2
248.334 0.230786 0.230786 2 3 2
248.834 0.231939 0.231939 2 3 2
249.334 0.233081 0.233081 2 3 2
249.834 0.234216 0.234216 2 3 2
250.334 0.235342 0.235342 2 3 2
250.834 0.236458 0.236458 2 3 2
251.334 0.237567 0.237567 2 3 2
251.834 0.238667 0.238667 2 3 2
252.334 0.239749 0.239749 2 3 2
252.834 0.240831 0.240831 2 3 2
253.334 0.241905 0.241905 2 3 2
253.834 0.242965 0.242965 2 3 2
254.334 0.244021 0.244021 2 3 2
254.834 0.245068 0.245068 2 3 2
255.334 0.246109 0.246109 2 3 2
255.834 0.247139 0.247139 2 3 2
256.334 0.248161 0.248161 2 3 2
256.834 0.249176 0.249176 2 3 2
257.334 0.25018 0.25018 2 3 2
257.834 0.251175 0.251175 2 3 2
258.334 0.252153 0.252153 2 3 2
258.834 0.253131 0.253131 2 3 2
259.334 0.254101 0.254101 2 3 2
259.834 0.255053 0.255053 2 3 2
260.334 0.256006 0.256006 2 3 2
260.834 0.25695 0.25695 2 3 2
261.334 0.257894 0.257894 2 3 2
261.834 0.258823 0.258823 2 3 2
262.334 0.259743 0.259743 2 3 2
262.833 0.260634 0.260634 2 3 2
263.333 0.261538 0.261538 2 3 2
263.833 0.262433 0.262433 2 3 2
264.333 0.263334 0.263334 2 3 2
264.833 0.264214 0.264214 2 3 2
265.333 0.265086 0.265086 2 3 2
265.833 0.265941 0.265941 2 3 2
266.333 0.266797 0.266797 2 3 2
266.833 0.267646 0.267646 2 3 2
267.333 0.268466 0.268466 2 3 2
267.833 0.269299 0.269299 2 3 2
268.333 0.270125 0.270125 2 3 2
268.833 0.270958 0.270958 2 3 2
269.333 0.271769 0.271769 2 3 2
269.833 0.272573 0.272573 2 3 2
270.333 0.273402 0.273402 2 3 2
270.833 0.274192 0.274192 2 3 2
271.333 0.274975 0.274975 2 3 2
271.833 0.275776 0.275776 2 3 2
272.333 0.276545 0.276545 2 3 2
272.833 0.277308 0.277308 2 3 2
273.333 0.278083 0.278083 2 3 2
273.833 0.278832 0.278832 2 3 2
274.333 0.279575 0.279575 2 3 2
274.833 0.280317 0.280317 2 3 2
275.333 0.281046 0.281046 2 3 2
275.833 0.281769 0.281769 2 3 2
276.333 0.282484 0.282484 2 3 2
276.833 0.283194 0.283194 2 3 2
277.333 0.283898 0.283898 2 3 2
277.833 0.284602 0.284602 2 3 2
278.333 0.285293 0.285293 2 3 2
278.833 0.285978 0.285978 2 3 2
279.333 0.286656 0.286656 2 3 2
279.833 0.287329 0.287329 2 3 2
280.333 0.287996 0.287996 2 3 2
280.833 0.288673 0.288673 2 3 2
281.333 0.289328 0.289328 2 3 2
281.833 0.289978 0.289978 2 3 2
282.333 0.290623 0.290623 2 3 2
282.833 0.291261 0.291261 2 3 2
283.333 0.291893 0.291893 2 3 2
283.833 0.292524 0.292524 2 3 2
284.333 0.293145 0.293145 2 3 2
284.833 0.29376 0.29376 2 3 2
285.333 0.294353 0.294353 2 3 2
285.833 0.294957 0.294957 2 3 2
286.333 0.295555 0.295555 2 3 2
286.833 0.296151 0.296151 2 3 2
287.333 0.296739 0.296739 2 3 2
287.833 0.297322 0.297322 2 3 2
288.333 0.297895 0.297895 2 3 2
288.833 0.298468 0.298468 2 3 2
289.333 0.299036 0.299036 2 3 2
289.833 0.299583 0.299583 2 3 2
290.333 0.300141 0.300141 2 3 2
290.833 0.300693 0.300693 2 3 2
291.333 0.301227 0.301227 2 3 2
291.833 0.30177 0.30177 2 3 2
292.333 0.302307 0.302307 2 3 2
292.833 0.302842 0.302842 2 3 2
293.333 0.30337 0.30337 2 3 2
293.833 0.303894 0.303894 2 3 2
294.333 0.304434 0.304434 2 3 2
294.833 0.30495 0.30495 2 3 2
295.333 0.30546 0.30546 2 3 2
295.833 0.305958 0.305958 2 3 2
296.333 0.306459 0.306459 2 3 2
296.833 0.306957 0.306957 2 3 2
297.333 0.307453 0.307453 2 3 2
297.833 0.307942 0.307942 2 3 2
298.333 0.308426 0.308426 2 3 2
298.833 0.308844 0.308844 2 3 2
299.333 0.309319 0.309319 2 3 2
299.833 0.30979 0.30979 2 3 2
300.333 0.310171 0.310171 2 3 2
300.833 0.310632 0.310632 2 3 2
301.333 0.311089 0.311089 2 3 2
301.833 0.311554 0.311554 2 3 2
302.333 0.312004 0.312004 2 3 2
302.833 0.312449 0.312449 2 3 2
303.333 0.312865 0.312865 2 3 2
303.833 0.313303 0.313303 2 3 2
304.333 0.313736 0.313736 2 3 2
304.833 0.314114 0.314114 2 3 2
305.333 0.314539 0.314539 2 3 2
305.833 0.314961 0.314961 2 3 2
306.333 0.315253 0.315253 2 3 2
306.833 0.315666 0.315666 2 3 2
307.333 0.316074 0.316074 2 3 2
307.833 0.316145 0.316145 2 3 2
308.333 0.316541 0.316541 2 3 2
308.833 0.316934 0.316934 2 3 2
309.333 0.317506 0.317506 2 3 2
309.833 0.317895 0.317895 2 3 2
310.333 0.31828 0.31828 2 3 2
310.833 0.3184 0.3184 2 3 2
311.333 0.318775 0.318775 2 3 2
311.833 0.319146 0.319146 2 3 2
312.333 0.320069 0.320069 2 3 2
312.833 0.320442 0.320442 2 3 2
312.833 0.320442 0.320442 2 3 2
312.853 0.320457 0.320457 2 3 2
312.883 0.320479 0.320479 2 3 2
312.943 0.320311 0.320311 2 3 2
313.009 0.320359 0.320359 2 3 2
313.082 0.320412 0.320412 2 3 2
313.227 0.320642 0.320642 2 3 2
313.445 0.320802 0.320802 2 3 2
313.772 0.32104 0.32104 2 3 2
314.262 0.321361 0.321361 2 3 2
314.762 0.32172 0.32172 2 3 2
315.262 0.322076 0.322076 2 3 2
315.762 0.322396 0.322396 2 3 2
316.262 0.322746 0.322746 2 3 2
316.762 0.323092 0.323092 2 3 2
317.262 0.323633 0.323633 2 3 2
317.762 0.323976 0.323976 2 3 2
318.262 0.324317 0.324317 2 3 2
318.762 0.324583 0.324583 2 3 2
319.262 0.324917 0.324917 2 3 2
319.762 0.325247 0.325247 2 3 2
320.262 0.325492 0.325492 2 3 2
320.762 0.325816 0.325816 2 3 2
321.262 0.326138 0.326138 2 3 2
321.762 0.326637 0.326637 2 3 2
322.262 0.326955 0.326955 2 3 2
322.762 0.327271 0.327271 2 3 2
323.262 0.327443 0.327443 2 3 2
323.762 0.327751 0.327751 2 3 2
324.262 0.328057 0.328057 2 3 2
324.762 0.328365 0.328365 2 3 2
325.262 0.328666 0.328666 2 3 2
325.762 0.328964 0.328964 2 3 2
326.262 0.329207 0.329207 2 3 2
326.762 0.3295 0.3295 2 3 2
327.262 0.32979 0.32979 2 3 2
327.762 0.330058 0.330058 2 3 2
328.262 0.330343 0.330343 2 3 2
328.762 0.330626 0.330626 2 3 2
329.262 0.330914 0.330914 2 3 2
329.762 0.331193 0.331193 2 3 2
330.262 0.331469 0.331469 2 3 2
330.762 0.331715 0.331715 2 3 2
331.262 0.331986 0.331986 2 3 2
331.762 0.332255 0.332255 2 3 2
332.262 0.332403 0.332403 2 3 2
332.762 0.332666 0.332666 2 3 2
333.262 0.332927 0.332927 2 3 2
333.762 0.333312 0.333312 2 3 2
334.262 0.33357 0.33357 2 3 2
334.762 0.333826 0.333826 2 3 2
335.262 0.334002 0.334002 2 3 2
335.762 0.334253 0.334253 2 3 2
336.262 0.334502 0.334502 2 3 2
336.762 0.334876 0.334876 2 3 2
337.262 0.335122 0.335122 2 3 2
337.762 0.335366 0.335366 2 3 2
338.262 0.335504 0.335504 2 3 2
338.762 0.335743 0.335743 2 3 2
339.262 0.33598 0.33598 2 3 2
339.762 0.33614 0.33614 2 3 2
340.262 0.336373 0.336373 2 3 2
340.762 0.336603 0.336603 2 3 2
341.262 0.336861 0.336861 2 3 2
341.762 0.337088 0.337088 2 3 2
342.262 0.337313 0.337313 2 3 2
342.762 0.337296 0.337296 2 3 2
343.262 0.337515 0.337515 2 3 2
343.762 0.337732 0.337732 2 3 2
344.262 0.338098 0.338098 2 3 2
344.762 0.338313 0.338313 2 3 2
345.262 0.338526 0.338526 2 3 2
345.762 0.338583 0.338583 2 3 2
346.262 0.338791 0.338791 2 3 2
346.762 0.338998 0.338998 2 3 2
347.262 0.339156 0.339156 2 3 2
347.762 0.339359 0.339359 2 3 2
348.262 0.33956 0.33956 2 3 2
348.762 0.340009 0.340009 2 3 2
349.262 0.340209 0.340209 2 3 2
349.762 0.340408 0.340408 2 3 2
350.262 0.34014 0.34014 2 3 2
350.762 0.34033 0.34033 2 3 2
351.262 0.340519 0.340519 2 3 2
351.762 0.340846 0.340846 2 3 2
352.262 0.341033 0.341033 2 3 2
352.762 0.341219 0.341219 2 3 2
353.262 0.340693 0.340693 2 3 2
353.762 0.340869 0.340869 2 3 2
354.262 0.341044 0.341044 2 3 2
354.762 0.341512 0.341512 2 3 2
355.262 0.341686 0.341686 2 3 2
355.762 0.341859 0.341859 2 3 2
356.262 0.342472 0.342472 2 3 2
356.762 0.342646 0.342646 2 3 2
357.262 0.342818 0.342818 2 3 2
357.762 0.342007 0.342007 2 3 2
358.262 0.342168 0.342168 2 3 2
358.762 0.342328 0.342328 2 3 2
359.262 0.342718 0.342718 2 3 2
359.762 0.342877 0.342877 2 3 2
360.262 0.343035 0.343035 2 3 2
360.762 0.343188 0.343188 2 3 2
361.262 0.343343 0.343343 2 3 2
361.762 0.343497 0.343497 2 3 2
362.262 0.343455 0.343455 2 3 2
362.762 0.343604 0.343604 2 3 2
363.262 0.343753 0.343753 2 3 2
363.762 0.343716 0.343716 2 3 2
364.262 0.343861 0.343861 2 3 2
364.762 0.344004 0.344004 2 3 2
365.262 0.344239 0.344239 2 3 2
365.762 0.344381 0.344381 2 3 2
366.262 0.344521 0.344521 2 3 2
366.762 0.344628 0.344628 2 3 2
367.262 0.344766 0.344766 2 3 2
367.762 0.344903 0.344903 2 3 2
368.262 0.344996 0.344996 2 3 2
368.762 0.34513 0.34513 2 3 2
369.262 0.345262 0.345262 2 3 2
369.762 0.345321 0.345321 2 3 2
370.262 0.345451 0.345451 2 3 2
370.762 0.34558 0.34558 2 3 2
371.262 0.345631 0.345631 2 3 2
371.762 0.345757 0.345757 2 3 2
372.262 0.345883 0.345883 2 3 2
372.762 0.345958 0.345958 2 3 2
373.262 0.346081 0.346081 2 3 2
373.762 0.346202 0.346202 2 3 2
374.262 0.346275 0.346275 2 3 2
374.762 0.346394 0.346394 2 3 2
375.262 0.346512 0.346512 2 3 2
375.762 0.346582 0.346582 2 3 2
376.262 0.346698 0.346698 2 3 2
376.762 0.346813 0.346813 2 3 2
377.262 0.346881 0.346881 2 3 2
377.762 0.346993 0.346993 2 3 2
378.262 0.347105 0.347105 2 3 2
378.762 0.347172 0.347172 2 3 2
379.262 0.347281 0.347281 2 3 2
379.762 0.34739 0.34739 2 3 2
380.262 0.347455 0.347455 2 3 2
380.762 0.347562 0.347562 2 3 2
381.262 0.347667 0.347667 2 3 2
381.762 0.347733 0.347733 2 3 2
382.262 0.347836 0.347836 2 3 2
382.762 0.347939 0.347939 2 3 2
383.262 0.348004 0.348004 2 3 2
383.762 0.348104 0.348104 2 3 2
384.262 0.348204 0.348204 2 3 2
384.762 0.348269 0.348269 2 3 2
385.262 0.348367 0.348367 2 3 2
385.762 0.348464 0.348464 2 3 2
386.262 0.348529 0.348529 2 3 2
386.762 0.348625 0.348625 2 3 2
387.262 0.348719 0.348719 2 3 2
387.762 0.348785 0.348785 2 3 2
388.262 0.348878 0.348878 2 3 2
388.762 0.348969 0.348969 2 3 2
389.262 0.349037 0.349037 2 3 2
389.762 0.349127 0.349127 2 3 2
390.262 0.349216 0.349216 2 3 2
390.762 0.349285 0.349285 2 3 2
391.262 0.349373 0.349373 2 3 2
391.762 0.34946 0.34946 2 3 2
392.262 0.349531 0.349531 2 3 2
392.762 0.349616 0.349616 2 3 2
393.262 0.349701 0.349701 2 3 2
393.762 0.349775 0.349775 2 3 2
394.262 0.349858 0.349858 2 3 2
394.762 0.34994 0.34994 2 3 2
395.262 0.350018 0.350018 2 3 2
395.762 0.350099 0.350099 2 3 2
396.262 0.350179 0.350179 2 3 2
396.762 0.350261 0.350261 2 3 2
397.262 0.35034 0.35034 2 3 2
397.762 0.350418 0.350418 2 3 2
398.262 0.350508 0.350508 2 3 2
398.762 0.350585 0.350585 2 3 2
399.262 0.350661 0.350661 2 3 2
399.762 0.350764 0.350764 2 3 2
400.262 0.350839 0.350839 2 3 2
400.762 0.350914 0.350914 2 3 2
401.262 0.350917 0.350917 2 3 2
401.762 0.35099 0.35099 2 3 2
402.262 0.351062 0.351062 2 3 2
402.762 0.351272 0.351272 2 3 2
403.262 0.351343 0.351343 2 3 2
403.762 0.351414 0.351414 2 3 2
404.262 0.351442 0.351442 2 3 2
404.762 0.351511 0.351511 2 3 2
405.262 0.35158 0.35158 2 3 2
405.762 0.351563 0.351563 2 3 2
406.262 0.35163 0.35163 2 3 2
406.762 0.351697 0.351697 2 3 2
407.262 0.351551 0.351551 2 3 2
407.762 0.351616 0.351616 2 3 2
408.262 0.35168 0.35168 2 3 2
408.762 0.352283 0.352283 2 3 2
409.262 0.352349 0.352349 2 3 2
409.262 0.352349 0.352349 2 3 2
409.282 0.352354 0.352354 2 3 2
409.312 0.352361 0.352361 2 3 2
409.357 0.352019 0.352019 2 3 2
409.406 0.352028 0.352028 2 3 2
409.461 0.352037 0.352037 2 3 2
409.542 0.352838 0.352838 2 3 2
409.632 0.352853 0.352853 2 3 2
409.731 0.35287 0.35287 2 3 2
409.879 0.350831 0.350831 2 3 2
410.028 0.350849 0.350849 2 3 2
410.176 0.350866 0.350866 2 3 2
410.472 0.353431 0.353431 2 3 2
410.769 0.353474 0.353474 2 3 2
411.065 0.353516 0.353516 2 3 2
411.065 0.353516 0.353516 2 3 2
409.262 0.352349 0.352349 2 3 2
409.282 0.352354 0.352354 2 3 2
409.312 0.352361 0.352361 2 3 2
409.357 0.352019 0.352019 2 3 2
409.406 0.352028 0.352028 2 3 2
409.461 0.352037 0.352037 2 3 2
409.542 0.352838 0.352838 2 3 2
409.632 0.352853 0.352853 2 3 2
409.731 0.35287 0.35287 2 3 2
409.879 0.350831 0.350831 2 3 2
410.028 0.350849 0.350849 2 3 2
410.176 0.350866 0.350866 2 3 2
410.472 0.353431 0.353431 2 3 2
410.769 0.353474 0.353474 2 3 2
411.065 0.353516 0.353516 2 3 2
411.065 0.353516 0.353516 2 3 2
