9.389790000000000703e+01 3.945609999999999951e-01
9.389900000000000091e+01 3.946790000000000020e-01
9.390200000000000102e+01 3.948860000000000148e-01
9.391330000000000666e+01 3.953659999999999952e-01
9.393399999999999750e+01 3.958630000000000204e-01
9.400950000000000273e+01 3.969550000000000023e-01
9.414679999999999893e+01 3.981950000000000212e-01
9.439669999999999561e+01 4.000199999999999867e-01
9.489660000000000650e+01 4.026890000000000192e-01
9.539650000000000318e+01 4.048260000000000192e-01
9.589650000000000318e+01 4.066969999999999752e-01
9.639639999999999986e+01 4.084010000000000140e-01
9.689639999999999986e+01 4.100369999999999848e-01
9.739639999999999986e+01 4.115500000000000269e-01
9.789629999999999654e+01 4.129909999999999970e-01
9.839629999999999654e+01 4.145440000000000236e-01
9.889629999999999654e+01 4.160449999999999982e-01
9.939619999999999322e+01 4.174939999999999762e-01
9.989619999999999322e+01 4.188600000000000101e-01
1.003960000000000008e+02 4.202350000000000252e-01
1.008960000000000008e+02 4.215729999999999755e-01
1.013960000000000008e+02 4.228790000000000049e-01
1.018960000000000008e+02 4.241519999999999735e-01
1.023960000000000008e+02 4.253959999999999964e-01
1.028960000000000008e+02 4.266099999999999892e-01
1.033960000000000008e+02 4.278009999999999868e-01
1.038960000000000008e+02 4.289700000000000180e-01
1.043960000000000008e+02 4.301159999999999983e-01
1.048960000000000008e+02 4.312429999999999874e-01
1.053960000000000008e+02 4.323509999999999853e-01
1.058960000000000008e+02 4.334430000000000227e-01
1.063960000000000008e+02 4.345149999999999846e-01
1.068960000000000008e+02 4.355709999999999860e-01
1.073960000000000008e+02 4.366260000000000141e-01
1.078960000000000008e+02 4.377289999999999792e-01
1.083960000000000008e+02 4.388219999999999898e-01
1.088960000000000008e+02 4.399000000000000132e-01
1.093960000000000008e+02 4.409620000000000206e-01
1.098960000000000008e+02 4.420089999999999852e-01
1.103960000000000008e+02 4.430430000000000201e-01
1.108960000000000008e+02 4.440620000000000123e-01
1.113960000000000008e+02 4.450680000000000192e-01
1.118960000000000008e+02 4.460620000000000140e-01
1.123960000000000008e+02 4.470430000000000237e-01
1.128960000000000008e+02 4.480129999999999946e-01
1.133960000000000008e+02 4.489730000000000110e-01
1.138960000000000008e+02 4.499190000000000134e-01
1.143960000000000008e+02 4.508550000000000058e-01
1.148960000000000008e+02 4.517840000000000189e-01
1.153960000000000008e+02 4.527010000000000201e-01
1.158960000000000008e+02 4.536080000000000112e-01
1.163960000000000008e+02 4.545109999999999983e-01
1.167289999999999992e+02 4.551069999999999838e-01
1.169519999999999982e+02 4.555009999999999892e-01
1.170999999999999943e+02 4.557570000000000232e-01
1.171989999999999981e+02 4.559309999999999752e-01
1.172650000000000006e+02 4.560469999999999802e-01
1.173089999999999975e+02 4.561399999999999899e-01
1.173379999999999939e+02 4.561919999999999864e-01
1.173649999999999949e+02 4.562390000000000057e-01
1.173930000000000007e+02 4.558630000000000182e-01
1.174539999999999935e+02 4.557999999999999829e-01
1.174749999999999943e+02 4.559929999999999817e-01
1.175030000000000001e+02 4.564819999999999989e-01
1.175310000000000059e+02 4.565299999999999914e-01
1.175600000000000023e+02 4.565810000000000146e-01
1.176039999999999992e+02 4.566419999999999924e-01
1.176700000000000017e+02 4.567570000000000241e-01
1.177690000000000055e+02 4.569289999999999741e-01
1.179170000000000016e+02 4.571910000000000140e-01
1.181389999999999958e+02 4.575770000000000115e-01
1.184729999999999990e+02 4.581529999999999769e-01
1.189729999999999990e+02 4.589949999999999863e-01
1.194729999999999990e+02 4.598419999999999730e-01
1.199729999999999990e+02 4.606810000000000072e-01
1.204729999999999990e+02 4.615179999999999838e-01
1.209729999999999990e+02 4.623399999999999732e-01
1.214729999999999990e+02 4.631540000000000101e-01
1.219729999999999990e+02 4.639590000000000103e-01
1.224729999999999990e+02 4.647620000000000084e-01
1.229729999999999990e+02 4.655580000000000274e-01
1.234729999999999990e+02 4.663860000000000228e-01
1.239729999999999990e+02 4.671830000000000149e-01
1.244729999999999990e+02 4.679749999999999743e-01
1.249729999999999990e+02 4.687080000000000135e-01
1.254729999999999990e+02 4.694769999999999777e-01
1.259729999999999990e+02 4.702399999999999913e-01
1.264729999999999990e+02 4.709969999999999990e-01
1.269729999999999990e+02 4.717480000000000007e-01
1.274729999999999990e+02 4.724960000000000271e-01
1.279729999999999990e+02 4.732399999999999940e-01
1.284730000000000132e+02 4.740019999999999789e-01
1.289730000000000132e+02 4.747580000000000133e-01
1.294730000000000132e+02 4.755119999999999902e-01
1.299730000000000132e+02 4.762589999999999879e-01
1.304730000000000132e+02 4.770010000000000083e-01
1.309730000000000132e+02 4.777239999999999820e-01
1.314730000000000132e+02 4.784579999999999944e-01
1.319730000000000132e+02 4.791880000000000028e-01
1.324720000000000084e+02 4.799269999999999925e-01
1.329720000000000084e+02 4.806500000000000217e-01
1.334720000000000084e+02 4.813669999999999893e-01
1.339720000000000084e+02 4.820760000000000045e-01
1.344720000000000084e+02 4.827870000000000217e-01
1.349720000000000084e+02 4.834950000000000081e-01
1.354720000000000084e+02 4.842090000000000005e-01
1.359720000000000084e+02 4.849080000000000057e-01
1.364720000000000084e+02 4.856030000000000069e-01
1.369720000000000084e+02 4.862630000000000008e-01
1.374720000000000084e+02 4.869550000000000267e-01
1.379720000000000084e+02 4.876440000000000219e-01
1.384720000000000084e+02 4.883299999999999863e-01
1.389720000000000084e+02 4.890090000000000270e-01
1.394720000000000084e+02 4.896840000000000082e-01
1.399720000000000084e+02 4.903489999999999793e-01
1.404720000000000084e+02 4.910269999999999913e-01
1.409720000000000084e+02 4.917039999999999744e-01
1.414720000000000084e+02 4.924319999999999808e-01
1.419720000000000084e+02 4.930990000000000095e-01
1.424720000000000084e+02 4.937630000000000075e-01
1.429720000000000084e+02 4.943839999999999901e-01
1.434720000000000084e+02 4.950539999999999941e-01
1.439720000000000084e+02 4.957230000000000247e-01
1.444720000000000084e+02 4.964029999999999831e-01
1.449720000000000084e+02 4.970629999999999771e-01
1.454720000000000084e+02 4.977210000000000245e-01
1.459720000000000084e+02 4.983659999999999757e-01
1.464720000000000084e+02 4.990319999999999756e-01
1.469720000000000084e+02 4.996979999999999755e-01
1.474720000000000084e+02 5.003919999999999479e-01
1.479720000000000084e+02 5.010510000000000241e-01
1.484720000000000084e+02 5.017070000000000141e-01
1.489720000000000084e+02 5.023300000000000542e-01
1.494720000000000084e+02 5.029949999999999699e-01
1.499720000000000084e+02 5.036599999999999966e-01
1.504720000000000084e+02 5.043959999999999555e-01
1.509720000000000084e+02 5.050449999999999662e-01
1.514720000000000084e+02 5.056899999999999729e-01
1.519720000000000084e+02 5.062929999999999930e-01
1.524720000000000084e+02 5.069540000000000157e-01
1.529720000000000084e+02 5.076140000000000096e-01
1.534720000000000084e+02 5.082440000000000291e-01
1.539720000000000084e+02 5.089160000000000350e-01
1.544720000000000084e+02 5.095910000000000162e-01
1.549720000000000084e+02 5.102970000000000006e-01
1.554720000000000084e+02 5.109529999999999905e-01
1.559720000000000084e+02 5.116060000000000052e-01
1.564720000000000084e+02 5.122560000000000446e-01
1.569720000000000084e+02 5.129380000000000051e-01
1.574720000000000084e+02 5.136220000000000230e-01
1.579720000000000084e+02 5.142949999999999466e-01
1.584720000000000084e+02 5.149909999999999766e-01
1.589720000000000084e+02 5.156920000000000393e-01
1.594720000000000084e+02 5.164950000000000374e-01
1.599720000000000084e+02 5.171700000000000186e-01
1.604720000000000084e+02 5.178949999999999942e-01
1.609720000000000084e+02 5.184950000000000392e-01
1.614720000000000084e+02 5.192130000000000356e-01
1.619720000000000084e+02 5.199329999999999785e-01
1.624720000000000084e+02 5.205600000000000227e-01
1.629720000000000084e+02 5.212710000000000399e-01
1.634720000000000084e+02 5.219939999999999580e-01
1.639720000000000084e+02 5.228070000000000217e-01
1.644720000000000084e+02 5.235469999999999846e-01
1.649720000000000084e+02 5.242890000000000050e-01
1.654720000000000084e+02 5.249369999999999870e-01
1.659720000000000084e+02 5.256859999999999866e-01
1.664720000000000084e+02 5.264419999999999655e-01
1.669720000000000084e+02 5.271409999999999707e-01
1.674720000000000084e+02 5.279139999999999944e-01
1.679720000000000084e+02 5.286969999999999725e-01
1.684720000000000084e+02 5.295090000000000074e-01
1.689720000000000084e+02 5.302900000000000391e-01
1.694720000000000084e+02 5.310730000000000173e-01
1.699720000000000084e+02 5.317840000000000344e-01
1.704720000000000084e+02 5.325889999999999791e-01
1.709720000000000084e+02 5.333980000000000388e-01
1.714720000000000084e+02 5.342449999999999699e-01
1.719720000000000084e+02 5.350449999999999928e-01
1.724720000000000084e+02 5.358479999999999910e-01
1.729720000000000084e+02 5.365010000000000057e-01
1.734720000000000084e+02 5.373189999999999911e-01
1.739720000000000084e+02 5.381759999999999877e-01
1.744720000000000084e+02 5.393470000000000208e-01
1.749720000000000084e+02 5.402470000000000327e-01
1.754720000000000084e+02 5.410719999999999974e-01
1.759720000000000084e+02 5.415769999999999751e-01
1.764720000000000084e+02 5.424689999999999790e-01
1.769720000000000084e+02 5.433499999999999996e-01
1.774720000000000084e+02 5.440700000000000536e-01
1.779720000000000084e+02 5.450230000000000352e-01
1.784720000000000084e+02 5.460949999999999971e-01
1.809710000000000036e+02 5.515400000000000302e-01
1.814710000000000036e+02 5.525870000000000504e-01
1.819710000000000036e+02 5.534069999999999823e-01
1.824710000000000036e+02 5.544149999999999912e-01
1.829710000000000036e+02 5.553350000000000231e-01
1.834710000000000036e+02 5.567790000000000239e-01
1.839710000000000036e+02 5.578760000000000385e-01
1.844710000000000036e+02 5.589610000000000412e-01
1.849710000000000036e+02 5.602439999999999642e-01
1.854710000000000036e+02 5.614010000000000389e-01
1.884710000000000036e+02 5.698910000000000364e-01
1.889699999999999989e+02 5.712699999999999445e-01
1.894710000000000036e+02 5.714850000000000207e-01
1.899710000000000036e+02 5.727280000000000149e-01
1.898959999999999866e+02 5.737959999999999727e-01
1.898640000000000043e+02 5.737109999999999710e-01
