6.902750000000000552e-02 2.914290000000000092e+01
7.023609999999999576e-02 2.864290000000000092e+01
7.148770000000000124e-02 2.814290000000000092e+01
7.278469999999999385e-02 2.764290000000000092e+01
7.412960000000000382e-02 2.714290000000000092e+01
7.552499999999999492e-02 2.664290000000000092e+01
7.697379999999999500e-02 2.614290000000000092e+01
7.847930000000000184e-02 2.564290000000000092e+01
8.004459999999999353e-02 2.514290000000000092e+01
8.167359999999999898e-02 2.464290000000000092e+01
8.337020000000000541e-02 2.414290000000000092e+01
8.513850000000000584e-02 2.364290000000000092e+01
8.698340000000000238e-02 2.314290000000000092e+01
8.890979999999999717e-02 2.264290000000000092e+01
9.092340000000000144e-02 2.214290000000000092e+01
9.302989999999999871e-02 2.164290000000000092e+01
9.535200000000000620e-02 2.114290000000000092e+01
9.767409999999999981e-02 2.064290000000000092e+01
1.001120000000000065e-01 2.014290000000000092e+01
1.026750000000000024e-01 1.964290000000000092e+01
1.053719999999999934e-01 1.914290000000000092e+01
1.082140000000000046e-01 1.864300000000000068e+01
1.112139999999999934e-01 1.814300000000000068e+01
1.143850000000000006e-01 1.764300000000000068e+01
1.177419999999999994e-01 1.714300000000000068e+01
1.213010000000000060e-01 1.664300000000000068e+01
1.250819999999999987e-01 1.614300000000000068e+01
1.291059999999999985e-01 1.564300000000000068e+01
1.333979999999999888e-01 1.514300000000000068e+01
1.379839999999999955e-01 1.464310000000000045e+01
1.428959999999999952e-01 1.414310000000000045e+01
1.481699999999999962e-01 1.364310000000000045e+01
1.538490000000000135e-01 1.314320000000000022e+01
1.599790000000000101e-01 1.264320000000000022e+01
1.666169999999999873e-01 1.214320000000000022e+01
1.738280000000000103e-01 1.164329999999999998e+01
1.816919999999999924e-01 1.114339999999999975e+01
1.902989999999999959e-01 1.064339999999999975e+01
1.997599999999999931e-01 1.014349999999999952e+01
2.102100000000000080e-01 9.643629999999999924e+00
2.218110000000000082e-01 9.143769999999999953e+00
2.347640000000000005e-01 8.643940000000000623e+00
2.493200000000000138e-01 8.144149999999999778e+00
2.657950000000000035e-01 7.644429999999999836e+00
2.845949999999999869e-01 7.144790000000000418e+00
3.062469999999999914e-01 6.645270000000000010e+00
3.314520000000000244e-01 6.145929999999999893e+00
3.611699999999999910e-01 5.646840000000000082e+00
3.965659999999999741e-01 5.148039999999999949e+00
4.396880000000000233e-01 4.649910000000000210e+00
4.932130000000000125e-01 4.152899999999999814e+00
5.425250000000000350e-01 3.781239999999999934e+00
5.811570000000000347e-01 3.534130000000000216e+00
6.767269999999999675e-01 3.043359999999999843e+00
8.071479999999999766e-01 2.560740000000000016e+00
9.908029999999999893e-01 2.095860000000000056e+00
1.251730000000000009e+00 1.669410000000000061e+00
1.603159999999999918e+00 1.313669999999999893e+00
2.026749999999999829e+00 1.048089999999999966e+00
2.490149999999999864e+00 8.604920000000000346e-01
2.971960000000000157e+00 7.270940000000000181e-01
3.461959999999999926e+00 6.291670000000000318e-01
3.956490000000000062e+00 5.548239999999999839e-01
4.453120000000000189e+00 4.966289999999999871e-01
4.950940000000000119e+00 4.498980000000000201e-01
5.449449999999999683e+00 4.115659999999999874e-01
5.948419999999999597e+00 3.795609999999999817e-01
6.447669999999999568e+00 3.524360000000000270e-01
6.947110000000000340e+00 3.291529999999999734e-01
7.446690000000000254e+00 3.089470000000000272e-01
7.946360000000000312e+00 2.912429999999999741e-01
8.446109999999999118e+00 2.756020000000000136e-01
8.945899999999999963e+00 2.616809999999999969e-01
9.445740000000000691e+00 2.492099999999999871e-01
9.945600000000000662e+00 2.379709999999999881e-01
1.044549999999999912e+01 2.277899999999999925e-01
1.094539999999999935e+01 2.185219999999999940e-01
1.144529999999999959e+01 2.100490000000000135e-01
1.194519999999999982e+01 2.022730000000000083e-01
1.244519999999999982e+01 1.951100000000000056e-01
1.294510000000000005e+01 1.884889999999999899e-01
1.344510000000000005e+01 1.823510000000000131e-01
1.394510000000000005e+01 1.766439999999999955e-01
1.444500000000000028e+01 1.713240000000000041e-01
1.494500000000000028e+01 1.663530000000000009e-01
1.544500000000000028e+01 1.616970000000000074e-01
1.594490000000000052e+01 1.573259999999999936e-01
1.644490000000000052e+01 1.532149999999999901e-01
1.694490000000000052e+01 1.491419999999999968e-01
1.744490000000000052e+01 1.455019999999999925e-01
1.794490000000000052e+01 1.420579999999999898e-01
1.844490000000000052e+01 1.387960000000000027e-01
1.894480000000000075e+01 1.357019999999999893e-01
1.944480000000000075e+01 1.327619999999999911e-01
1.994480000000000075e+01 1.299649999999999972e-01
2.044480000000000075e+01 1.273009999999999975e-01
2.094480000000000075e+01 1.247609999999999969e-01
2.144480000000000075e+01 1.223360000000000003e-01
2.194480000000000075e+01 1.200179999999999997e-01
2.244480000000000075e+01 1.178010000000000029e-01
2.294480000000000075e+01 1.156770000000000020e-01
2.344480000000000075e+01 1.136410000000000059e-01
2.394480000000000075e+01 1.116879999999999956e-01
2.444480000000000075e+01 1.098120000000000068e-01
2.494480000000000075e+01 1.080089999999999939e-01
2.544470000000000098e+01 1.062749999999999945e-01
2.594470000000000098e+01 1.046050000000000035e-01
2.644470000000000098e+01 1.029970000000000052e-01
2.694470000000000098e+01 1.014459999999999945e-01
2.744470000000000098e+01 9.995060000000000056e-02
2.794470000000000098e+01 9.850670000000000259e-02
2.844470000000000098e+01 9.711179999999999812e-02
2.894470000000000098e+01 9.576360000000000428e-02
2.944470000000000098e+01 9.445969999999999367e-02
2.994470000000000098e+01 9.319790000000000019e-02
3.044470000000000098e+01 9.197619999999999407e-02
3.094470000000000098e+01 9.079260000000000108e-02
3.144470000000000098e+01 8.964550000000000296e-02
3.194470000000000098e+01 8.853300000000000058e-02
3.244469999999999743e+01 8.745369999999999533e-02
3.294469999999999743e+01 8.640599999999999670e-02
3.344469999999999743e+01 8.538850000000000606e-02
3.394469999999999743e+01 8.440000000000000280e-02
3.444469999999999743e+01 8.343920000000000503e-02
3.494469999999999743e+01 8.250490000000000601e-02
3.544469999999999743e+01 8.159600000000000186e-02
3.594469999999999743e+01 8.071159999999999446e-02
3.644469999999999743e+01 7.985050000000000481e-02
3.694469999999999743e+01 7.901189999999999602e-02
3.744469999999999743e+01 7.819489999999999774e-02
3.794469999999999743e+01 7.739859999999999796e-02
3.844469999999999743e+01 7.662230000000000429e-02
3.894469999999999743e+01 7.586519999999999375e-02
3.944469999999999743e+01 7.512660000000000171e-02
3.994469999999999743e+01 7.440570000000000517e-02
4.044469999999999743e+01 7.370210000000000650e-02
4.094469999999999743e+01 7.301489999999999370e-02
4.144469999999999743e+01 7.234379999999999977e-02
4.194469999999999743e+01 7.168800000000000172e-02
4.244469999999999743e+01 7.104699999999999904e-02
4.294469999999999743e+01 7.042049999999999699e-02
4.344469999999999743e+01 6.980780000000000318e-02
4.394469999999999743e+01 6.920840000000000325e-02
4.444469999999999743e+01 6.862210000000000532e-02
4.494469999999999743e+01 6.804830000000000600e-02
4.544469999999999743e+01 6.748659999999999382e-02
4.594469999999999743e+01 6.693659999999999888e-02
4.644469999999999743e+01 6.639799999999999869e-02
4.694469999999999743e+01 6.587039999999999562e-02
4.744469999999999743e+01 6.535349999999999493e-02
4.794469999999999743e+01 6.484700000000000186e-02
4.844469999999999743e+01 6.435050000000000492e-02
4.894469999999999743e+01 6.386369999999999547e-02
4.944469999999999743e+01 6.338630000000000653e-02
4.994469999999999743e+01 6.291810000000000458e-02
5.044469999999999743e+01 6.245880000000000182e-02
5.094469999999999743e+01 6.200819999999999943e-02
5.144469999999999743e+01 6.156589999999999979e-02
5.194469999999999743e+01 6.113180000000000003e-02
5.244469999999999743e+01 6.070570000000000133e-02
5.294469999999999743e+01 6.028719999999999912e-02
5.344469999999999743e+01 5.987619999999999748e-02
5.394469999999999743e+01 5.947249999999999759e-02
5.444469999999999743e+01 5.907599999999999657e-02
5.494469999999999743e+01 5.868629999999999680e-02
5.544469999999999743e+01 5.830339999999999828e-02
5.594469999999999743e+01 5.792699999999999932e-02
5.644469999999999743e+01 5.755690000000000112e-02
5.694469999999999743e+01 5.719309999999999672e-02
5.744469999999999743e+01 5.683540000000000120e-02
5.794460000000000122e+01 5.648349999999999899e-02
5.844460000000000122e+01 5.613739999999999702e-02
5.894460000000000122e+01 5.579699999999999938e-02
5.944460000000000122e+01 5.546199999999999741e-02
5.994460000000000122e+01 5.513230000000000214e-02
6.044460000000000122e+01 5.480779999999999680e-02
6.094460000000000122e+01 5.448839999999999933e-02
6.144460000000000122e+01 5.417399999999999993e-02
6.194460000000000122e+01 5.386450000000000266e-02
6.244460000000000122e+01 5.355959999999999888e-02
6.294460000000000122e+01 5.325939999999999841e-02
6.344460000000000122e+01 5.296370000000000244e-02
6.394460000000000122e+01 5.267240000000000116e-02
6.444459999999999411e+01 5.238539999999999863e-02
6.494459999999999411e+01 5.210270000000000179e-02
6.544459999999999411e+01 5.182400000000000201e-02
6.594459999999999411e+01 5.154940000000000216e-02
6.644459999999999411e+01 5.127870000000000344e-02
6.694459999999999411e+01 5.101189999999999891e-02
6.744459999999999411e+01 5.074889999999999957e-02
6.794459999999999411e+01 5.049059999999999659e-02
6.842459999999999809e+01 5.024680000000000119e-02
6.866459999999999297e+01 5.012559999999999932e-02
6.878459999999999752e+01 5.006519999999999720e-02
6.884459999999999980e+01 5.003509999999999902e-02
6.887460000000000093e+01 5.002000000000000196e-02
6.891459999999999297e+01 5.000000000000000278e-02
6.895459999999999923e+01 4.997990000000000071e-02
6.898460000000000036e+01 4.996489999999999959e-02
6.904460000000000264e+01 4.993480000000000141e-02
6.916459999999999297e+01 4.987489999999999979e-02
6.940460000000000207e+01 4.975530000000000230e-02
6.988460000000000605e+01 4.951760000000000189e-02
7.038460000000000605e+01 4.927419999999999717e-02
7.088460000000000605e+01 4.903489999999999932e-02
7.138460000000000605e+01 4.879889999999999922e-02
7.188460000000000605e+01 4.856599999999999806e-02
7.238460000000000605e+01 4.833620000000000277e-02
7.288460000000000605e+01 4.810939999999999661e-02
7.338460000000000605e+01 4.788549999999999751e-02
7.388460000000000605e+01 4.766449999999999854e-02
7.438460000000000605e+01 4.744629999999999681e-02
7.488460000000000605e+01 4.723089999999999927e-02
7.538460000000000605e+01 4.701820000000000305e-02
7.588460000000000605e+01 4.680820000000000120e-02
7.638460000000000605e+01 4.660079999999999778e-02
7.688460000000000605e+01 4.639599999999999974e-02
7.738460000000000605e+01 4.619360000000000133e-02
7.788460000000000605e+01 4.599380000000000135e-02
7.838460000000000605e+01 4.579629999999999812e-02
7.888460000000000605e+01 4.560129999999999739e-02
7.938460000000000605e+01 4.540849999999999748e-02
7.988460000000000605e+01 4.521809999999999719e-02
8.038460000000000605e+01 4.502989999999999771e-02
8.088460000000000605e+01 4.484389999999999904e-02
8.138460000000000605e+01 4.466010000000000119e-02
8.188460000000000605e+01 4.447840000000000127e-02
8.238460000000000605e+01 4.429879999999999929e-02
8.288460000000000605e+01 4.412130000000000218e-02
8.338460000000000605e+01 4.394580000000000014e-02
8.388460000000000605e+01 4.377219999999999722e-02
8.438460000000000605e+01 4.360069999999999918e-02
8.488460000000000605e+01 4.343099999999999739e-02
8.538460000000000605e+01 4.326320000000000165e-02
8.588460000000000605e+01 4.309729999999999811e-02
8.638460000000000605e+01 4.293319999999999775e-02
8.688460000000000605e+01 4.277079999999999771e-02
8.738460000000000605e+01 4.261029999999999679e-02
8.788460000000000605e+01 4.245150000000000312e-02
8.838460000000000605e+01 4.229429999999999995e-02
8.888460000000000605e+01 4.213889999999999997e-02
8.938460000000000605e+01 4.198509999999999742e-02
8.988460000000000605e+01 4.183289999999999925e-02
9.038460000000000605e+01 4.168229999999999852e-02
9.088460000000000605e+01 4.153330000000000216e-02
9.138460000000000605e+01 4.138580000000000036e-02
9.188460000000000605e+01 4.123980000000000007e-02
9.238460000000000605e+01 4.109539999999999721e-02
9.288460000000000605e+01 4.095239999999999991e-02
9.338460000000000605e+01 4.081080000000000124e-02
9.388460000000000605e+01 4.067069999999999713e-02
9.438460000000000605e+01 4.053199999999999859e-02
9.488460000000000605e+01 4.039469999999999866e-02
9.538460000000000605e+01 4.025870000000000143e-02
9.588460000000000605e+01 4.012410000000000282e-02
9.638460000000000605e+01 3.999079999999999996e-02
9.688460000000000605e+01 3.985879999999999979e-02
9.738460000000000605e+01 3.972799999999999943e-02
9.788460000000000605e+01 3.959859999999999769e-02
9.838460000000000605e+01 3.947040000000000270e-02
9.888460000000000605e+01 3.934340000000000059e-02
9.938460000000000605e+01 3.921759999999999829e-02
9.988460000000000605e+01 3.909300000000000275e-02
1.003850000000000051e+02 3.896960000000000007e-02
1.008850000000000051e+02 3.884730000000000127e-02
1.013850000000000051e+02 3.872620000000000229e-02
1.018850000000000051e+02 3.860609999999999736e-02
1.023850000000000051e+02 3.848719999999999919e-02
1.028850000000000051e+02 3.836939999999999795e-02
1.033850000000000051e+02 3.825270000000000059e-02
1.038850000000000051e+02 3.813699999999999729e-02
1.043850000000000051e+02 3.802239999999999787e-02
1.048850000000000051e+02 3.790879999999999944e-02
1.053850000000000051e+02 3.779620000000000202e-02
1.058850000000000051e+02 3.768459999999999865e-02
1.063850000000000051e+02 3.757400000000000323e-02
1.068850000000000051e+02 3.746440000000000187e-02
1.073850000000000051e+02 3.735580000000000150e-02
1.078850000000000051e+02 3.724809999999999927e-02
1.083850000000000051e+02 3.714130000000000209e-02
1.088850000000000051e+02 3.703549999999999898e-02
1.093850000000000051e+02 3.693060000000000093e-02
1.098850000000000051e+02 3.682649999999999813e-02
1.103850000000000051e+02 3.672340000000000326e-02
1.108850000000000051e+02 3.662109999999999671e-02
1.113850000000000051e+02 3.651970000000000216e-02
1.118850000000000051e+02 3.641919999999999880e-02
1.123850000000000051e+02 3.631949999999999762e-02
1.128850000000000051e+02 3.622059999999999863e-02
1.133850000000000051e+02 3.612259999999999777e-02
1.138850000000000051e+02 3.602539999999999909e-02
1.143850000000000051e+02 3.592889999999999973e-02
1.148850000000000051e+02 3.583329999999999849e-02
1.153850000000000051e+02 3.573839999999999656e-02
1.158850000000000051e+02 3.564429999999999682e-02
1.163850000000000051e+02 3.555099999999999927e-02
1.168850000000000051e+02 3.545840000000000103e-02
1.173850000000000051e+02 3.536659999999999804e-02
1.178850000000000051e+02 3.527550000000000130e-02
1.183850000000000051e+02 3.518509999999999693e-02
1.188850000000000051e+02 3.509539999999999882e-02
1.193850000000000051e+02 3.500650000000000289e-02
1.198850000000000051e+02 3.491820000000000340e-02
1.203850000000000051e+02 3.483060000000000322e-02
1.208850000000000051e+02 3.474370000000000236e-02
1.213850000000000051e+02 3.465750000000000081e-02
1.218850000000000051e+02 3.457199999999999857e-02
1.223850000000000051e+02 3.448709999999999970e-02
1.228850000000000051e+02 3.440279999999999727e-02
1.233850000000000051e+02 3.431920000000000109e-02
1.238850000000000051e+02 3.423629999999999729e-02
1.243850000000000051e+02 3.415390000000000092e-02
1.248850000000000051e+02 3.407219999999999693e-02
1.253850000000000051e+02 3.399110000000000326e-02
1.258850000000000051e+02 3.391059999999999908e-02
1.263850000000000051e+02 3.383069999999999827e-02
1.268850000000000051e+02 3.375140000000000085e-02
1.273850000000000051e+02 3.367259999999999698e-02
1.278850000000000051e+02 3.359449999999999936e-02
1.283849999999999909e+02 3.351690000000000225e-02
1.288849999999999909e+02 3.343990000000000157e-02
1.293849999999999909e+02 3.336340000000000139e-02
1.298849999999999909e+02 3.328749999999999765e-02
1.303849999999999909e+02 3.321219999999999728e-02
1.308849999999999909e+02 3.313739999999999741e-02
1.313849999999999909e+02 3.306309999999999805e-02
1.318849999999999909e+02 3.298929999999999918e-02
1.323849999999999909e+02 3.291609999999999675e-02
1.328849999999999909e+02 3.284340000000000176e-02
1.333849999999999909e+02 3.277120000000000033e-02
1.338849999999999909e+02 3.269949999999999940e-02
1.343849999999999909e+02 3.262829999999999897e-02
1.348849999999999909e+02 3.255759999999999904e-02
1.353849999999999909e+02 3.248739999999999961e-02
1.358849999999999909e+02 3.241770000000000068e-02
1.363849999999999909e+02 3.234839999999999938e-02
1.368849999999999909e+02 3.227970000000000145e-02
1.373849999999999909e+02 3.221140000000000114e-02
1.378849999999999909e+02 3.214349999999999846e-02
1.383849999999999909e+02 3.207619999999999916e-02
1.388849999999999909e+02 3.200920000000000154e-02
1.393849999999999909e+02 3.194280000000000036e-02
1.398849999999999909e+02 3.187670000000000087e-02
1.403849999999999909e+02 3.181119999999999781e-02
1.408849999999999909e+02 3.174600000000000338e-02
1.413849999999999909e+02 3.168130000000000251e-02
1.418849999999999909e+02 3.161699999999999927e-02
1.423849999999999909e+02 3.155310000000000059e-02
1.428849999999999909e+02 3.148970000000000241e-02
1.433849999999999909e+02 3.142670000000000186e-02
1.438849999999999909e+02 3.136400000000000299e-02
1.443849999999999909e+02 3.130179999999999768e-02
1.448849999999999909e+02 3.124000000000000041e-02
1.453849999999999909e+02 3.117860000000000076e-02
1.458849999999999909e+02 3.111759999999999873e-02
1.463849999999999909e+02 3.105689999999999840e-02
1.468849999999999909e+02 3.099669999999999856e-02
1.473849999999999909e+02 3.093680000000000041e-02
1.478849999999999909e+02 3.087729999999999989e-02
1.483849999999999909e+02 3.081820000000000045e-02
1.488849999999999909e+02 3.075949999999999865e-02
1.493849999999999909e+02 3.070109999999999853e-02
1.498849999999999909e+02 3.064309999999999951e-02
1.503849999999999909e+02 3.058550000000000157e-02
1.508849999999999909e+02 3.052819999999999839e-02
1.513849999999999909e+02 3.047129999999999977e-02
1.518849999999999909e+02 3.041469999999999937e-02
1.523849999999999909e+02 3.035850000000000007e-02
1.528849999999999909e+02 3.030259999999999898e-02
1.533849999999999909e+02 3.024699999999999958e-02
1.538849999999999909e+02 3.019180000000000128e-02
1.543849999999999909e+02 3.013690000000000119e-02
1.548849999999999909e+02 3.008239999999999872e-02
1.553849999999999909e+02 3.002820000000000142e-02
1.558849999999999909e+02 2.997429999999999886e-02
1.563849999999999909e+02 2.992070000000000146e-02
1.568849999999999909e+02 2.986750000000000169e-02
1.573849999999999909e+02 2.981450000000000072e-02
1.578849999999999909e+02 2.976190000000000085e-02
1.583849999999999909e+02 2.970959999999999920e-02
1.588849999999999909e+02 2.965759999999999924e-02
1.593849999999999909e+02 2.960590000000000097e-02
1.598849999999999909e+02 2.955450000000000091e-02
1.603849999999999909e+02 2.950339999999999907e-02
1.608849999999999909e+02 2.945259999999999892e-02
1.613849999999999909e+02 2.940210000000000046e-02
1.618849999999999909e+02 2.935190000000000021e-02
1.623849999999999909e+02 2.930200000000000166e-02
1.628849999999999909e+02 2.925229999999999844e-02
1.633849999999999909e+02 2.920299999999999979e-02
1.638849999999999909e+02 2.915389999999999995e-02
1.643849999999999909e+02 2.910509999999999833e-02
1.648849999999999909e+02 2.905659999999999840e-02
1.653849999999999909e+02 2.900840000000000016e-02
1.658849999999999909e+02 2.896040000000000073e-02
1.663849999999999909e+02 2.891269999999999951e-02
1.663849999999999909e+02 2.891269999999999951e-02
1.664250000000000114e+02 2.890910000000000007e-02
1.664650000000000034e+02 2.890529999999999836e-02
1.665449999999999875e+02 2.889769999999999839e-02
1.667050000000000125e+02 2.888249999999999845e-02
1.670250000000000057e+02 2.885220000000000146e-02
1.675250000000000057e+02 2.880500000000000074e-02
1.680250000000000057e+02 2.875810000000000172e-02
1.685250000000000057e+02 2.871150000000000091e-02
1.690250000000000057e+02 2.866519999999999832e-02
1.695250000000000057e+02 2.861910000000000148e-02
1.700250000000000057e+02 2.857329999999999939e-02
1.705250000000000057e+02 2.852769999999999959e-02
1.710250000000000057e+02 2.848240000000000147e-02
1.715250000000000057e+02 2.843740000000000157e-02
1.720250000000000057e+02 2.839250000000000107e-02
1.725250000000000057e+02 2.834800000000000167e-02
1.730250000000000057e+02 2.830360000000000167e-02
1.735250000000000057e+02 2.825949999999999990e-02
1.740250000000000057e+02 2.821569999999999981e-02
1.745250000000000057e+02 2.817199999999999913e-02
1.750250000000000057e+02 2.812860000000000013e-02
1.755250000000000057e+02 2.808549999999999935e-02
1.760250000000000057e+02 2.804250000000000145e-02
1.765250000000000057e+02 2.799979999999999830e-02
1.770250000000000057e+02 2.795730000000000090e-02
1.775250000000000057e+02 2.791510000000000172e-02
1.780250000000000057e+02 2.787299999999999847e-02
1.785250000000000057e+02 2.783120000000000038e-02
1.790250000000000057e+02 2.778960000000000111e-02
1.795250000000000057e+02 2.774820000000000064e-02
1.800250000000000057e+02 2.770699999999999899e-02
1.805250000000000057e+02 2.766609999999999903e-02
1.810250000000000057e+02 2.762529999999999847e-02
1.815250000000000057e+02 2.758479999999999960e-02
1.820250000000000057e+02 2.754449999999999954e-02
1.825250000000000057e+02 2.750429999999999889e-02
1.830250000000000057e+02 2.746439999999999992e-02
1.835250000000000057e+02 2.742469999999999977e-02
1.840250000000000057e+02 2.738519999999999843e-02
1.845250000000000057e+02 2.734579999999999997e-02
1.850250000000000057e+02 2.730669999999999972e-02
1.855250000000000057e+02 2.726779999999999829e-02
1.860250000000000057e+02 2.722909999999999914e-02
1.865250000000000057e+02 2.719049999999999939e-02
1.870250000000000057e+02 2.715220000000000133e-02
1.875250000000000057e+02 2.711399999999999921e-02
1.880250000000000057e+02 2.707609999999999878e-02
1.885250000000000057e+02 2.703830000000000122e-02
1.890250000000000057e+02 2.700069999999999901e-02
1.895250000000000057e+02 2.696329999999999907e-02
1.900250000000000057e+02 2.692610000000000142e-02
1.905250000000000057e+02 2.688899999999999971e-02
1.910250000000000057e+02 2.685210000000000027e-02
1.915250000000000057e+02 2.681549999999999906e-02
1.920250000000000057e+02 2.677900000000000072e-02
1.925250000000000057e+02 2.674259999999999832e-02
1.930250000000000057e+02 2.670650000000000107e-02
1.935250000000000057e+02 2.667049999999999976e-02
1.940250000000000057e+02 2.663470000000000074e-02
1.945250000000000057e+02 2.659900000000000111e-02
1.950250000000000057e+02 2.656359999999999971e-02
1.955250000000000057e+02 2.652830000000000119e-02
1.960250000000000057e+02 2.649320000000000147e-02
1.965250000000000057e+02 2.645820000000000116e-02
1.970250000000000057e+02 2.642339999999999967e-02
1.975250000000000057e+02 2.638880000000000045e-02
1.980250000000000057e+02 2.635430000000000064e-02
1.985250000000000057e+02 2.631999999999999965e-02
1.990250000000000057e+02 2.628580000000000153e-02
1.995250000000000057e+02 2.625179999999999875e-02
2.000250000000000057e+02 2.621800000000000172e-02
2.005250000000000057e+02 2.618430000000000063e-02
2.010250000000000057e+02 2.615079999999999835e-02
2.015250000000000057e+02 2.611739999999999895e-02
2.020250000000000057e+02 2.608419999999999836e-02
2.025250000000000057e+02 2.605120000000000005e-02
2.030250000000000057e+02 2.601819999999999827e-02
2.035250000000000057e+02 2.598550000000000165e-02
2.040250000000000057e+02 2.595290000000000097e-02
2.045250000000000057e+02 2.592039999999999969e-02
2.050250000000000057e+02 2.588810000000000069e-02
2.055250000000000057e+02 2.585590000000000110e-02
2.060250000000000057e+02 2.582390000000000033e-02
2.065250000000000057e+02 2.579199999999999895e-02
2.070250000000000057e+02 2.576029999999999986e-02
2.075250000000000057e+02 2.572870000000000018e-02
2.080250000000000057e+02 2.569729999999999931e-02
2.085250000000000057e+02 2.566589999999999844e-02
2.090250000000000057e+02 2.563479999999999925e-02
2.095250000000000057e+02 2.560370000000000007e-02
2.100250000000000057e+02 2.557279999999999970e-02
2.105250000000000057e+02 2.554210000000000161e-02
2.110250000000000057e+02 2.551140000000000005e-02
2.115250000000000057e+02 2.548100000000000018e-02
2.120250000000000057e+02 2.545060000000000031e-02
2.125250000000000057e+02 2.542039999999999925e-02
2.130250000000000057e+02 2.539030000000000106e-02
2.135250000000000057e+02 2.536029999999999882e-02
2.140250000000000057e+02 2.533049999999999885e-02
2.145250000000000057e+02 2.530079999999999829e-02
2.150250000000000057e+02 2.527120000000000061e-02
2.155250000000000057e+02 2.524179999999999827e-02
2.160250000000000057e+02 2.521239999999999939e-02
2.165250000000000057e+02 2.518319999999999934e-02
2.170250000000000057e+02 2.515420000000000156e-02
2.175250000000000057e+02 2.512520000000000031e-02
2.180250000000000057e+02 2.509640000000000135e-02
2.185250000000000057e+02 2.506769999999999832e-02
2.190250000000000057e+02 2.503910000000000163e-02
2.195250000000000057e+02 2.501070000000000029e-02
2.200250000000000057e+02 2.498229999999999895e-02
2.205250000000000057e+02 2.495409999999999989e-02
2.210250000000000057e+02 2.492600000000000024e-02
2.215250000000000057e+02 2.489799999999999999e-02
2.220250000000000057e+02 2.487009999999999915e-02
2.225250000000000057e+02 2.484240000000000059e-02
2.230250000000000057e+02 2.481480000000000144e-02
2.235250000000000057e+02 2.478719999999999882e-02
2.240250000000000057e+02 2.475979999999999848e-02
2.245250000000000057e+02 2.473250000000000101e-02
2.250250000000000057e+02 2.470539999999999889e-02
2.255250000000000057e+02 2.467830000000000024e-02
2.260250000000000057e+02 2.465130000000000099e-02
2.265250000000000057e+02 2.462450000000000055e-02
2.270250000000000057e+02 2.459770000000000012e-02
2.275250000000000057e+02 2.457109999999999850e-02
2.280250000000000057e+02 2.454459999999999975e-02
2.285250000000000057e+02 2.451820000000000041e-02
2.290250000000000057e+02 2.449190000000000048e-02
2.295250000000000057e+02 2.446569999999999995e-02
2.300250000000000057e+02 2.443959999999999883e-02
2.305250000000000057e+02 2.441360000000000058e-02
2.310250000000000057e+02 2.438769999999999827e-02
2.315250000000000057e+02 2.436189999999999883e-02
2.320250000000000057e+02 2.433619999999999881e-02
2.325250000000000057e+02 2.431070000000000106e-02
2.330250000000000057e+02 2.428519999999999984e-02
2.335250000000000057e+02 2.425980000000000150e-02
2.340250000000000057e+02 2.423449999999999910e-02
2.345250000000000057e+02 2.420939999999999898e-02
2.350250000000000057e+02 2.418429999999999885e-02
2.355250000000000057e+02 2.415930000000000161e-02
2.360250000000000057e+02 2.413440000000000030e-02
2.365250000000000057e+02 2.410970000000000127e-02
2.370250000000000057e+02 2.408499999999999877e-02
2.375250000000000057e+02 2.406039999999999915e-02
2.380250000000000057e+02 2.403589999999999893e-02
2.385250000000000057e+02 2.401150000000000159e-02
2.390250000000000057e+02 2.398720000000000019e-02
2.395250000000000057e+02 2.396300000000000166e-02
2.400250000000000057e+02 2.393889999999999907e-02
2.405250000000000057e+02 2.391489999999999935e-02
2.410250000000000057e+02 2.389089999999999964e-02
2.415250000000000057e+02 2.386709999999999873e-02
2.420250000000000057e+02 2.384340000000000070e-02
2.425250000000000057e+02 2.381969999999999921e-02
2.430250000000000057e+02 2.379610000000000058e-02
2.435250000000000057e+02 2.377270000000000078e-02
2.440250000000000057e+02 2.374930000000000097e-02
2.445250000000000057e+02 2.372600000000000056e-02
2.450250000000000057e+02 2.370279999999999956e-02
2.455250000000000057e+02 2.367959999999999857e-02
2.460250000000000057e+02 2.365659999999999985e-02
2.465250000000000057e+02 2.363370000000000054e-02
2.470250000000000057e+02 2.361080000000000123e-02
2.475250000000000057e+02 2.358800000000000133e-02
2.480250000000000057e+02 2.356530000000000083e-02
2.485250000000000057e+02 2.354269999999999974e-02
2.490250000000000057e+02 2.352020000000000152e-02
2.495250000000000057e+02 2.349769999999999984e-02
2.500250000000000057e+02 2.347540000000000043e-02
2.505250000000000057e+02 2.345310000000000103e-02
2.510250000000000057e+02 2.343090000000000103e-02
2.515250000000000057e+02 2.340880000000000044e-02
2.520250000000000057e+02 2.338679999999999926e-02
2.525250000000000057e+02 2.336480000000000154e-02
2.530250000000000057e+02 2.334299999999999917e-02
2.535250000000000057e+02 2.332120000000000026e-02
2.540250000000000057e+02 2.329950000000000077e-02
2.545250000000000057e+02 2.327780000000000127e-02
2.550250000000000057e+02 2.325630000000000058e-02
2.555250000000000057e+02 2.323479999999999990e-02
2.560249999999999773e+02 2.321339999999999862e-02
2.565249999999999773e+02 2.319210000000000022e-02
2.570249999999999773e+02 2.317079999999999834e-02
2.575249999999999773e+02 2.314969999999999875e-02
2.580249999999999773e+02 2.312859999999999916e-02
2.585249999999999773e+02 2.310759999999999897e-02
2.590249999999999773e+02 2.308659999999999879e-02
2.595249999999999773e+02 2.306580000000000089e-02
2.600249999999999773e+02 2.304499999999999951e-02
2.605249999999999773e+02 2.302430000000000102e-02
2.610249999999999773e+02 2.300359999999999905e-02
2.615249999999999773e+02 2.298299999999999996e-02
2.620249999999999773e+02 2.296250000000000027e-02
2.625249999999999773e+02 2.294209999999999999e-02
2.630249999999999773e+02 2.292179999999999912e-02
2.635249999999999773e+02 2.290150000000000172e-02
2.640249999999999773e+02 2.288130000000000025e-02
2.640249999999999773e+02 2.288130000000000025e-02
2.640649999999999977e+02 2.287969999999999934e-02
2.641050000000000182e+02 2.287809999999999844e-02
2.641850000000000023e+02 2.287490000000000009e-02
2.643450000000000273e+02 2.286840000000000053e-02
2.646650000000000205e+02 2.285550000000000082e-02
2.651650000000000205e+02 2.283550000000000163e-02
2.656650000000000205e+02 2.281549999999999898e-02
2.661650000000000205e+02 2.279559999999999920e-02
2.666650000000000205e+02 2.277569999999999942e-02
2.671650000000000205e+02 2.275589999999999904e-02
2.676650000000000205e+02 2.273620000000000155e-02
2.681650000000000205e+02 2.271659999999999999e-02
2.686650000000000205e+02 2.269699999999999843e-02
2.691650000000000205e+02 2.267749999999999974e-02
2.696650000000000205e+02 2.265810000000000046e-02
2.701650000000000205e+02 2.263870000000000118e-02
2.706650000000000205e+02 2.261940000000000131e-02
2.711650000000000205e+02 2.260020000000000084e-02
2.716650000000000205e+02 2.258100000000000038e-02
2.721650000000000205e+02 2.256189999999999932e-02
2.726650000000000205e+02 2.254280000000000173e-02
2.731650000000000205e+02 2.252389999999999948e-02
2.736650000000000205e+02 2.250490000000000129e-02
2.741650000000000205e+02 2.248609999999999845e-02
2.746650000000000205e+02 2.246729999999999908e-02
2.751650000000000205e+02 2.244859999999999911e-02
2.756650000000000205e+02 2.242989999999999914e-02
2.761650000000000205e+02 2.241129999999999858e-02
2.766650000000000205e+02 2.239280000000000090e-02
2.771650000000000205e+02 2.237429999999999974e-02
2.776650000000000205e+02 2.235590000000000147e-02
2.781650000000000205e+02 2.233749999999999972e-02
2.786650000000000205e+02 2.231920000000000084e-02
2.791650000000000205e+02 2.230100000000000138e-02
2.796650000000000205e+02 2.228279999999999844e-02
2.801650000000000205e+02 2.226469999999999838e-02
2.806650000000000205e+02 2.224670000000000120e-02
2.811650000000000205e+02 2.222870000000000054e-02
2.816650000000000205e+02 2.221069999999999989e-02
2.821650000000000205e+02 2.219290000000000151e-02
2.826650000000000205e+02 2.217500000000000027e-02
2.831650000000000205e+02 2.215730000000000130e-02
2.836650000000000205e+02 2.213959999999999886e-02
2.841650000000000205e+02 2.212189999999999990e-02
2.846650000000000205e+02 2.210430000000000034e-02
2.851650000000000205e+02 2.208680000000000018e-02
2.856650000000000205e+02 2.206930000000000003e-02
2.861650000000000205e+02 2.205189999999999928e-02
2.866650000000000205e+02 2.203460000000000141e-02
2.871650000000000205e+02 2.201730000000000007e-02
2.876650000000000205e+02 2.199999999999999872e-02
2.881650000000000205e+02 2.198280000000000026e-02
2.886650000000000205e+02 2.196570000000000120e-02
2.891650000000000205e+02 2.194859999999999867e-02
2.896650000000000205e+02 2.193159999999999901e-02
2.901650000000000205e+02 2.191459999999999936e-02
2.906650000000000205e+02 2.189769999999999911e-02
2.911650000000000205e+02 2.188079999999999886e-02
2.916650000000000205e+02 2.186400000000000149e-02
2.921650000000000205e+02 2.184720000000000065e-02
2.926650000000000205e+02 2.183049999999999921e-02
2.931650000000000205e+02 2.181380000000000124e-02
2.936650000000000205e+02 2.179719999999999921e-02
2.941650000000000205e+02 2.178070000000000006e-02
2.946650000000000205e+02 2.176420000000000091e-02
2.951650000000000205e+02 2.174769999999999828e-02
2.956650000000000205e+02 2.173129999999999853e-02
2.961650000000000205e+02 2.171500000000000166e-02
2.966650000000000205e+02 2.169870000000000132e-02
2.971650000000000205e+02 2.168250000000000038e-02
2.976650000000000205e+02 2.166629999999999945e-02
2.981650000000000205e+02 2.165009999999999851e-02
2.986650000000000205e+02 2.163400000000000045e-02
2.991650000000000205e+02 2.161799999999999833e-02
2.996650000000000205e+02 2.160199999999999967e-02
3.001650000000000205e+02 2.158600000000000102e-02
3.006650000000000205e+02 2.157009999999999830e-02
3.011650000000000205e+02 2.155429999999999846e-02
3.016650000000000205e+02 2.153849999999999862e-02
3.021650000000000205e+02 2.152269999999999878e-02
3.026650000000000205e+02 2.150699999999999834e-02
3.031650000000000205e+02 2.149140000000000078e-02
3.036650000000000205e+02 2.147579999999999975e-02
3.041650000000000205e+02 2.146019999999999872e-02
3.046650000000000205e+02 2.144470000000000057e-02
3.051650000000000205e+02 2.142919999999999894e-02
3.056650000000000205e+02 2.141380000000000020e-02
3.061650000000000205e+02 2.139840000000000145e-02
3.066650000000000205e+02 2.138309999999999864e-02
3.071650000000000205e+02 2.136779999999999929e-02
3.076650000000000205e+02 2.135259999999999936e-02
3.081650000000000205e+02 2.133739999999999942e-02
3.086650000000000205e+02 2.132219999999999949e-02
3.091650000000000205e+02 2.130709999999999896e-02
3.096650000000000205e+02 2.129210000000000130e-02
3.101650000000000205e+02 2.127700000000000077e-02
3.106650000000000205e+02 2.126209999999999906e-02
3.111650000000000205e+02 2.124720000000000081e-02
3.116650000000000205e+02 2.123229999999999909e-02
3.121650000000000205e+02 2.121740000000000084e-02
3.126650000000000205e+02 2.120270000000000141e-02
3.131650000000000205e+02 2.118789999999999910e-02
3.136650000000000205e+02 2.117319999999999966e-02
3.141650000000000205e+02 2.115850000000000022e-02
3.146650000000000205e+02 2.114390000000000019e-02
3.151650000000000205e+02 2.112930000000000016e-02
3.156650000000000205e+02 2.111479999999999954e-02
3.161650000000000205e+02 2.110029999999999892e-02
3.166650000000000205e+02 2.108590000000000117e-02
3.171650000000000205e+02 2.107149999999999995e-02
3.176650000000000205e+02 2.105709999999999874e-02
3.181650000000000205e+02 2.104280000000000039e-02
3.186650000000000205e+02 2.102849999999999858e-02
3.191650000000000205e+02 2.101429999999999965e-02
3.196650000000000205e+02 2.100010000000000071e-02
3.201650000000000205e+02 2.098589999999999831e-02
3.206650000000000205e+02 2.097179999999999878e-02
3.211650000000000205e+02 2.095769999999999925e-02
3.216650000000000205e+02 2.094369999999999912e-02
3.221650000000000205e+02 2.092969999999999900e-02
3.226650000000000205e+02 2.091569999999999888e-02
3.231650000000000205e+02 2.090180000000000163e-02
3.236650000000000205e+02 2.088790000000000091e-02
3.241650000000000205e+02 2.087409999999999960e-02
3.246650000000000205e+02 2.086029999999999829e-02
3.251650000000000205e+02 2.084650000000000045e-02
3.256650000000000205e+02 2.083279999999999854e-02
3.261650000000000205e+02 2.081910000000000011e-02
3.266650000000000205e+02 2.080550000000000108e-02
3.271650000000000205e+02 2.079189999999999858e-02
3.276650000000000205e+02 2.077829999999999955e-02
3.281650000000000205e+02 2.076479999999999992e-02
3.286650000000000205e+02 2.075130000000000030e-02
3.291650000000000205e+02 2.073780000000000068e-02
3.296650000000000205e+02 2.072440000000000046e-02
3.301650000000000205e+02 2.071100000000000024e-02
3.306650000000000205e+02 2.069769999999999943e-02
3.311650000000000205e+02 2.068439999999999862e-02
3.316650000000000205e+02 2.067110000000000128e-02
3.321650000000000205e+02 2.065789999999999987e-02
3.326650000000000205e+02 2.064469999999999847e-02
3.331650000000000205e+02 2.063150000000000053e-02
3.336650000000000205e+02 2.061839999999999853e-02
3.341650000000000205e+02 2.060530000000000000e-02
3.346650000000000205e+02 2.059230000000000088e-02
3.351650000000000205e+02 2.057919999999999888e-02
3.356650000000000205e+02 2.056629999999999917e-02
3.361650000000000205e+02 2.055330000000000004e-02
3.366650000000000205e+02 2.054040000000000032e-02
3.371650000000000205e+02 2.052750000000000061e-02
3.376650000000000205e+02 2.051470000000000030e-02
3.381650000000000205e+02 2.050189999999999999e-02
3.386650000000000205e+02 2.048909999999999967e-02
3.391650000000000205e+02 2.047639999999999877e-02
3.396650000000000205e+02 2.046370000000000133e-02
3.401650000000000205e+02 2.045100000000000043e-02
3.406650000000000205e+02 2.043839999999999893e-02
3.411650000000000205e+02 2.042580000000000090e-02
3.416650000000000205e+02 2.041329999999999881e-02
3.421650000000000205e+02 2.040070000000000078e-02
3.426650000000000205e+02 2.038819999999999869e-02
3.431650000000000205e+02 2.037579999999999947e-02
3.436650000000000205e+02 2.036330000000000084e-02
3.441650000000000205e+02 2.035090000000000163e-02
3.446650000000000205e+02 2.033859999999999835e-02
3.451650000000000205e+02 2.032629999999999854e-02
3.456650000000000205e+02 2.031399999999999872e-02
3.461650000000000205e+02 2.030169999999999891e-02
3.466650000000000205e+02 2.028949999999999851e-02
3.471650000000000205e+02 2.027730000000000157e-02
3.476650000000000205e+02 2.026510000000000117e-02
3.481650000000000205e+02 2.025300000000000017e-02
3.486650000000000205e+02 2.024089999999999917e-02
3.491650000000000205e+02 2.022880000000000164e-02
3.496650000000000205e+02 2.021680000000000005e-02
3.501650000000000205e+02 2.020479999999999846e-02
3.506650000000000205e+02 2.019280000000000033e-02
3.511650000000000205e+02 2.018079999999999874e-02
3.516650000000000205e+02 2.016890000000000002e-02
3.521650000000000205e+02 2.015700000000000131e-02
3.526650000000000205e+02 2.014519999999999852e-02
3.531650000000000205e+02 2.013339999999999921e-02
3.536650000000000205e+02 2.012159999999999990e-02
3.541650000000000205e+02 2.010980000000000059e-02
3.546650000000000205e+02 2.009810000000000069e-02
3.551650000000000205e+02 2.008640000000000078e-02
3.556650000000000205e+02 2.007470000000000088e-02
3.561650000000000205e+02 2.006310000000000038e-02
3.566650000000000205e+02 2.005149999999999988e-02
3.571650000000000205e+02 2.003989999999999938e-02
3.576650000000000205e+02 2.002839999999999829e-02
3.581650000000000205e+02 2.001680000000000126e-02
3.586650000000000205e+02 2.000539999999999957e-02
3.591650000000000205e+02 1.999389999999999848e-02
3.596650000000000205e+02 1.998250000000000026e-02
3.601650000000000205e+02 1.997109999999999858e-02
3.606650000000000205e+02 1.995970000000000036e-02
3.611650000000000205e+02 1.994840000000000155e-02
3.616650000000000205e+02 1.993699999999999986e-02
3.616650000000000205e+02 1.993699999999999986e-02
3.617049999999999841e+02 1.993620000000000114e-02
3.617450000000000045e+02 1.993529999999999955e-02
3.618249999999999886e+02 1.993349999999999983e-02
3.619850000000000136e+02 1.992980000000000099e-02
3.623050000000000068e+02 1.992259999999999864e-02
3.628050000000000068e+02 1.991139999999999924e-02
3.633050000000000068e+02 1.990010000000000043e-02
3.638050000000000068e+02 1.988890000000000102e-02
3.643050000000000068e+02 1.987780000000000102e-02
3.648050000000000068e+02 1.986660000000000162e-02
3.653050000000000068e+02 1.985550000000000162e-02
3.658050000000000068e+02 1.984440000000000162e-02
3.663050000000000068e+02 1.983340000000000103e-02
3.668050000000000068e+02 1.982240000000000044e-02
3.673050000000000068e+02 1.981139999999999984e-02
3.678050000000000068e+02 1.980039999999999925e-02
3.683050000000000068e+02 1.978950000000000153e-02
3.688050000000000068e+02 1.977860000000000035e-02
3.693050000000000068e+02 1.976769999999999916e-02
3.698050000000000068e+02 1.975680000000000144e-02
3.703050000000000068e+02 1.974599999999999966e-02
3.708050000000000068e+02 1.973520000000000135e-02
3.713050000000000068e+02 1.972439999999999957e-02
3.718050000000000068e+02 1.971360000000000126e-02
3.723050000000000068e+02 1.970289999999999889e-02
3.728050000000000068e+02 1.969219999999999998e-02
3.733050000000000068e+02 1.968150000000000108e-02
3.738050000000000068e+02 1.967090000000000158e-02
3.743050000000000068e+02 1.966029999999999861e-02
3.748050000000000068e+02 1.964969999999999911e-02
3.753050000000000068e+02 1.963909999999999961e-02
3.758050000000000068e+02 1.962850000000000011e-02
3.763050000000000068e+02 1.961800000000000002e-02
3.768050000000000068e+02 1.960749999999999993e-02
3.773050000000000068e+02 1.959709999999999924e-02
3.778050000000000068e+02 1.958659999999999915e-02
3.783050000000000068e+02 1.957619999999999846e-02
3.788050000000000068e+02 1.956580000000000125e-02
3.793050000000000068e+02 1.955549999999999997e-02
3.798050000000000068e+02 1.954509999999999928e-02
3.803050000000000068e+02 1.953480000000000147e-02
3.808050000000000068e+02 1.952450000000000019e-02
3.813050000000000068e+02 1.951419999999999891e-02
3.818050000000000068e+02 1.950400000000000050e-02
3.823050000000000068e+02 1.949379999999999863e-02
3.828050000000000068e+02 1.948360000000000022e-02
3.833050000000000068e+02 1.947339999999999835e-02
3.838050000000000068e+02 1.946329999999999935e-02
3.843050000000000068e+02 1.945320000000000035e-02
3.848050000000000068e+02 1.944310000000000135e-02
3.853050000000000068e+02 1.943299999999999889e-02
3.858050000000000068e+02 1.942289999999999989e-02
3.863050000000000068e+02 1.941290000000000029e-02
3.868050000000000068e+02 1.940290000000000070e-02
3.873050000000000068e+02 1.939290000000000111e-02
3.878050000000000068e+02 1.938300000000000092e-02
3.883050000000000068e+02 1.937310000000000074e-02
3.888050000000000068e+02 1.936320000000000055e-02
3.893050000000000068e+02 1.935330000000000036e-02
3.898050000000000068e+02 1.934340000000000018e-02
3.903050000000000068e+02 1.933359999999999940e-02
3.908050000000000068e+02 1.932379999999999862e-02
3.913050000000000068e+02 1.931400000000000131e-02
3.918050000000000068e+02 1.930420000000000053e-02
3.923050000000000068e+02 1.929449999999999915e-02
3.928050000000000068e+02 1.928469999999999837e-02
3.933050000000000068e+02 1.927500000000000047e-02
3.938050000000000068e+02 1.926539999999999850e-02
3.943050000000000068e+02 1.925570000000000059e-02
3.948050000000000068e+02 1.924609999999999863e-02
3.953050000000000068e+02 1.923650000000000013e-02
3.958050000000000068e+02 1.922690000000000163e-02
3.963050000000000068e+02 1.921729999999999966e-02
3.968050000000000068e+02 1.920780000000000057e-02
3.973050000000000068e+02 1.919830000000000148e-02
3.978050000000000068e+02 1.918879999999999891e-02
3.983050000000000068e+02 1.917929999999999982e-02
3.988050000000000068e+02 1.916980000000000073e-02
3.993050000000000068e+02 1.916040000000000104e-02
3.998050000000000068e+02 1.915100000000000136e-02
4.003050000000000068e+02 1.914160000000000167e-02
4.008050000000000068e+02 1.913219999999999851e-02
4.013050000000000068e+02 1.912290000000000170e-02
4.018050000000000068e+02 1.911360000000000142e-02
4.023050000000000068e+02 1.910430000000000114e-02
4.028050000000000068e+02 1.909500000000000086e-02
4.033050000000000068e+02 1.908570000000000058e-02
4.038050000000000068e+02 1.907649999999999971e-02
4.043050000000000068e+02 1.906719999999999943e-02
4.048050000000000068e+02 1.905810000000000143e-02
4.053050000000000068e+02 1.904890000000000055e-02
4.058050000000000068e+02 1.903969999999999968e-02
4.063050000000000068e+02 1.903060000000000168e-02
4.068050000000000068e+02 1.902150000000000021e-02
4.073050000000000068e+02 1.901239999999999875e-02
4.078050000000000068e+02 1.900330000000000075e-02
4.083050000000000068e+02 1.899419999999999928e-02
4.088050000000000068e+02 1.898520000000000069e-02
4.093050000000000068e+02 1.897619999999999862e-02
4.098050000000000068e+02 1.896720000000000003e-02
4.103050000000000068e+02 1.895820000000000144e-02
4.108050000000000068e+02 1.894929999999999878e-02
4.113050000000000068e+02 1.894030000000000019e-02
4.118050000000000068e+02 1.893140000000000100e-02
4.123050000000000068e+02 1.892249999999999835e-02
4.128050000000000068e+02 1.891359999999999916e-02
4.133050000000000068e+02 1.890479999999999938e-02
4.138050000000000068e+02 1.889599999999999960e-02
4.143050000000000068e+02 1.888710000000000042e-02
4.148050000000000068e+02 1.887830000000000064e-02
4.153050000000000068e+02 1.886960000000000026e-02
4.158050000000000068e+02 1.886080000000000048e-02
4.163050000000000068e+02 1.885210000000000011e-02
4.168050000000000068e+02 1.884339999999999973e-02
4.173050000000000068e+02 1.883469999999999936e-02
4.178050000000000068e+02 1.882599999999999899e-02
4.183050000000000068e+02 1.881729999999999861e-02
4.188050000000000068e+02 1.880870000000000111e-02
4.193050000000000068e+02 1.880000000000000074e-02
4.198050000000000068e+02 1.879139999999999977e-02
4.203050000000000068e+02 1.878290000000000168e-02
4.208050000000000068e+02 1.877430000000000071e-02
4.213050000000000068e+02 1.876569999999999974e-02
4.218050000000000068e+02 1.875720000000000165e-02
4.223050000000000068e+02 1.874870000000000009e-02
4.228050000000000068e+02 1.874019999999999853e-02
4.233050000000000068e+02 1.873170000000000043e-02
4.238050000000000068e+02 1.872329999999999828e-02
4.243050000000000068e+02 1.871480000000000019e-02
4.248050000000000068e+02 1.870640000000000150e-02
4.253050000000000068e+02 1.869799999999999934e-02
4.258050000000000068e+02 1.868960000000000066e-02
4.263050000000000068e+02 1.868130000000000138e-02
4.268050000000000068e+02 1.867289999999999922e-02
4.273050000000000068e+02 1.866459999999999994e-02
4.278050000000000068e+02 1.865630000000000066e-02
4.283050000000000068e+02 1.864800000000000138e-02
4.288050000000000068e+02 1.863969999999999863e-02
4.293050000000000068e+02 1.863139999999999935e-02
4.298050000000000068e+02 1.862319999999999948e-02
4.303050000000000068e+02 1.861499999999999960e-02
4.308050000000000068e+02 1.860679999999999973e-02
4.313050000000000068e+02 1.859859999999999985e-02
4.318050000000000068e+02 1.859039999999999998e-02
4.323050000000000068e+02 1.858220000000000011e-02
4.328050000000000068e+02 1.857409999999999964e-02
4.333050000000000068e+02 1.856599999999999917e-02
4.338050000000000068e+02 1.855789999999999870e-02
4.343050000000000068e+02 1.854980000000000170e-02
4.348050000000000068e+02 1.854170000000000124e-02
4.353050000000000068e+02 1.853370000000000017e-02
4.358050000000000068e+02 1.852559999999999971e-02
4.363050000000000068e+02 1.851759999999999864e-02
4.368050000000000068e+02 1.850960000000000105e-02
4.373050000000000068e+02 1.850159999999999999e-02
4.378050000000000068e+02 1.849369999999999833e-02
4.383050000000000068e+02 1.848570000000000074e-02
4.388050000000000068e+02 1.847779999999999909e-02
4.393050000000000068e+02 1.846990000000000090e-02
4.398050000000000068e+02 1.846199999999999924e-02
4.403050000000000068e+02 1.845410000000000106e-02
4.408050000000000068e+02 1.844619999999999940e-02
4.413050000000000068e+02 1.843840000000000062e-02
4.418050000000000068e+02 1.843049999999999897e-02
4.423050000000000068e+02 1.842270000000000019e-02
4.428050000000000068e+02 1.841490000000000141e-02
4.433050000000000068e+02 1.840709999999999916e-02
4.438050000000000068e+02 1.839930000000000038e-02
4.443050000000000068e+02 1.839160000000000100e-02
4.448050000000000068e+02 1.838379999999999875e-02
4.453050000000000068e+02 1.837609999999999938e-02
4.458050000000000068e+02 1.836840000000000001e-02
4.463050000000000068e+02 1.836070000000000063e-02
4.468050000000000068e+02 1.835300000000000126e-02
4.473050000000000068e+02 1.834540000000000129e-02
4.478050000000000068e+02 1.833769999999999845e-02
4.483050000000000068e+02 1.833009999999999848e-02
4.488050000000000068e+02 1.832249999999999851e-02
4.493050000000000068e+02 1.831489999999999854e-02
4.498050000000000068e+02 1.830729999999999857e-02
4.503050000000000068e+02 1.829969999999999861e-02
4.508050000000000068e+02 1.829220000000000151e-02
4.513050000000000068e+02 1.828470000000000095e-02
4.518050000000000068e+02 1.827710000000000098e-02
4.523050000000000068e+02 1.826960000000000042e-02
4.528050000000000068e+02 1.826209999999999986e-02
4.533050000000000068e+02 1.825469999999999871e-02
4.538050000000000068e+02 1.824720000000000161e-02
4.543050000000000068e+02 1.823970000000000105e-02
4.548050000000000068e+02 1.823229999999999990e-02
4.553050000000000068e+02 1.822489999999999874e-02
4.558050000000000068e+02 1.821750000000000105e-02
4.563050000000000068e+02 1.821009999999999990e-02
4.568050000000000068e+02 1.820269999999999874e-02
4.573050000000000068e+02 1.819540000000000046e-02
4.578050000000000068e+02 1.818799999999999931e-02
4.583050000000000068e+02 1.818070000000000103e-02
4.588050000000000068e+02 1.817339999999999928e-02
4.593050000000000068e+02 1.816610000000000100e-02
4.593050000000000068e+02 1.816610000000000100e-02
4.593450000000000273e+02 1.816550000000000109e-02
4.593849999999999909e+02 1.816500000000000059e-02
4.594649999999999750e+02 1.816380000000000078e-02
4.596250000000000000e+02 1.816150000000000056e-02
4.599449999999999932e+02 1.815680000000000072e-02
4.604449999999999932e+02 1.814949999999999897e-02
4.609449999999999932e+02 1.814230000000000009e-02
4.614449999999999932e+02 1.813499999999999834e-02
4.619449999999999932e+02 1.812779999999999947e-02
4.624449999999999932e+02 1.812060000000000060e-02
4.629449999999999932e+02 1.811340000000000172e-02
4.634449999999999932e+02 1.810619999999999938e-02
4.639449999999999932e+02 1.809909999999999991e-02
4.644449999999999932e+02 1.809190000000000104e-02
4.649449999999999932e+02 1.808480000000000157e-02
4.654449999999999932e+02 1.807769999999999863e-02
4.659449999999999932e+02 1.807049999999999976e-02
4.664449999999999932e+02 1.806340000000000029e-02
4.669449999999999932e+02 1.805640000000000023e-02
4.674449999999999932e+02 1.804930000000000076e-02
4.679449999999999932e+02 1.804220000000000129e-02
4.684449999999999932e+02 1.803520000000000123e-02
4.689449999999999932e+02 1.802820000000000117e-02
4.694449999999999932e+02 1.802120000000000111e-02
4.699449999999999932e+02 1.801420000000000105e-02
4.704449999999999932e+02 1.800720000000000098e-02
4.709449999999999932e+02 1.800020000000000092e-02
4.714449999999999932e+02 1.799330000000000027e-02
4.719449999999999932e+02 1.798630000000000020e-02
4.724449999999999932e+02 1.797939999999999955e-02
4.729449999999999932e+02 1.797249999999999889e-02
4.734449999999999932e+02 1.796560000000000171e-02
4.739449999999999932e+02 1.795870000000000105e-02
4.744449999999999932e+02 1.795180000000000040e-02
4.749449999999999932e+02 1.794489999999999974e-02
4.754449999999999932e+02 1.793809999999999849e-02
4.759449999999999932e+02 1.793120000000000130e-02
4.764449999999999932e+02 1.792440000000000005e-02
4.769449999999999932e+02 1.791759999999999881e-02
4.774449999999999932e+02 1.791080000000000103e-02
4.779449999999999932e+02 1.790399999999999978e-02
4.784449999999999932e+02 1.789719999999999853e-02
4.789449999999999932e+02 1.789050000000000015e-02
4.794449999999999932e+02 1.788369999999999890e-02
4.799449999999999932e+02 1.787700000000000053e-02
4.804449999999999932e+02 1.787029999999999869e-02
4.809449999999999932e+02 1.786360000000000031e-02
4.814449999999999932e+02 1.785689999999999847e-02
4.819449999999999932e+02 1.785020000000000009e-02
4.824449999999999932e+02 1.784350000000000172e-02
4.829449999999999932e+02 1.783689999999999928e-02
4.834449999999999932e+02 1.783020000000000091e-02
4.839449999999999932e+02 1.782359999999999847e-02
4.844449999999999932e+02 1.781699999999999950e-02
4.849449999999999932e+02 1.781040000000000054e-02
4.854449999999999932e+02 1.780380000000000157e-02
4.859449999999999932e+02 1.779719999999999913e-02
4.864449999999999932e+02 1.779060000000000016e-02
4.869449999999999932e+02 1.778410000000000060e-02
4.874449999999999932e+02 1.777750000000000163e-02
4.879449999999999932e+02 1.777099999999999860e-02
4.884449999999999932e+02 1.776439999999999964e-02
4.889449999999999932e+02 1.775790000000000007e-02
4.894449999999999932e+02 1.775140000000000051e-02
4.899449999999999932e+02 1.774500000000000036e-02
4.904449999999999932e+02 1.773850000000000079e-02
4.909449999999999932e+02 1.773200000000000123e-02
4.914449999999999932e+02 1.772560000000000108e-02
4.919449999999999932e+02 1.771910000000000152e-02
4.924449999999999932e+02 1.771270000000000136e-02
4.929449999999999932e+02 1.770630000000000120e-02
4.934449999999999932e+02 1.769990000000000105e-02
4.939449999999999932e+02 1.769350000000000089e-02
4.944449999999999932e+02 1.768710000000000074e-02
4.949449999999999932e+02 1.768079999999999999e-02
4.954449999999999932e+02 1.767439999999999983e-02
4.959449999999999932e+02 1.766809999999999908e-02
4.964449999999999932e+02 1.766169999999999893e-02
4.969449999999999932e+02 1.765540000000000165e-02
4.974449999999999932e+02 1.764910000000000090e-02
4.979449999999999932e+02 1.764280000000000015e-02
4.984449999999999932e+02 1.763649999999999940e-02
4.989449999999999932e+02 1.763030000000000153e-02
4.994449999999999932e+02 1.762400000000000078e-02
4.999449999999999932e+02 1.761779999999999943e-02
5.004449999999999932e+02 1.761149999999999868e-02
5.009449999999999932e+02 1.760530000000000081e-02
5.014449999999999932e+02 1.759909999999999947e-02
5.019449999999999932e+02 1.759290000000000159e-02
5.024449999999999932e+02 1.758670000000000025e-02
5.029449999999999932e+02 1.758049999999999891e-02
5.034449999999999932e+02 1.757430000000000103e-02
5.039449999999999932e+02 1.756819999999999909e-02
5.044449999999999932e+02 1.756200000000000122e-02
5.049449999999999932e+02 1.755589999999999928e-02
5.054449999999999932e+02 1.754980000000000082e-02
5.059449999999999932e+02 1.754359999999999947e-02
5.064449999999999932e+02 1.753750000000000100e-02
5.069449999999999932e+02 1.753139999999999907e-02
5.074449999999999932e+02 1.752540000000000001e-02
5.079449999999999932e+02 1.751930000000000154e-02
5.084449999999999932e+02 1.751319999999999960e-02
5.089449999999999932e+02 1.750720000000000054e-02
5.094449999999999932e+02 1.750109999999999860e-02
5.099449999999999932e+02 1.749509999999999954e-02
5.104449999999999932e+02 1.748910000000000048e-02
5.109449999999999932e+02 1.748310000000000142e-02
5.114449999999999932e+02 1.747709999999999889e-02
5.119449999999999932e+02 1.747109999999999982e-02
5.124450000000000500e+02 1.746510000000000076e-02
5.129450000000000500e+02 1.745920000000000111e-02
5.134450000000000500e+02 1.745319999999999858e-02
5.139450000000000500e+02 1.744729999999999892e-02
5.144450000000000500e+02 1.744129999999999986e-02
5.149450000000000500e+02 1.743540000000000020e-02
5.154450000000000500e+02 1.742950000000000055e-02
5.159450000000000500e+02 1.742360000000000089e-02
5.164450000000000500e+02 1.741770000000000124e-02
5.169450000000000500e+02 1.741180000000000158e-02
5.174450000000000500e+02 1.740600000000000133e-02
5.179450000000000500e+02 1.740010000000000168e-02
5.184450000000000500e+02 1.739430000000000143e-02
5.189450000000000500e+02 1.738839999999999830e-02
5.194450000000000500e+02 1.738260000000000152e-02
5.199450000000000500e+02 1.737680000000000127e-02
5.204450000000000500e+02 1.737100000000000102e-02
5.209450000000000500e+02 1.736520000000000077e-02
5.214450000000000500e+02 1.735940000000000052e-02
5.219450000000000500e+02 1.735360000000000028e-02
5.224450000000000500e+02 1.734789999999999943e-02
5.229450000000000500e+02 1.734209999999999918e-02
5.234450000000000500e+02 1.733639999999999834e-02
5.239450000000000500e+02 1.733060000000000156e-02
5.244450000000000500e+02 1.732490000000000072e-02
5.249450000000000500e+02 1.731919999999999987e-02
5.254450000000000500e+02 1.731349999999999903e-02
5.259450000000000500e+02 1.730780000000000166e-02
5.264450000000000500e+02 1.730210000000000081e-02
5.269450000000000500e+02 1.729639999999999997e-02
5.274450000000000500e+02 1.729069999999999913e-02
5.279450000000000500e+02 1.728510000000000116e-02
5.284450000000000500e+02 1.727940000000000031e-02
5.289450000000000500e+02 1.727379999999999888e-02
5.294450000000000500e+02 1.726820000000000091e-02
5.299450000000000500e+02 1.726250000000000007e-02
5.304450000000000500e+02 1.725689999999999863e-02
5.309450000000000500e+02 1.725130000000000066e-02
5.314450000000000500e+02 1.724579999999999863e-02
5.319450000000000500e+02 1.724020000000000066e-02
5.324450000000000500e+02 1.723459999999999923e-02
5.329450000000000500e+02 1.722900000000000126e-02
5.334450000000000500e+02 1.722349999999999923e-02
5.339450000000000500e+02 1.721790000000000126e-02
5.344450000000000500e+02 1.721239999999999923e-02
5.349450000000000500e+02 1.720690000000000067e-02
5.354450000000000500e+02 1.720139999999999864e-02
5.359450000000000500e+02 1.719590000000000007e-02
5.364450000000000500e+02 1.719040000000000151e-02
5.369450000000000500e+02 1.718489999999999948e-02
5.374450000000000500e+02 1.717940000000000092e-02
5.379450000000000500e+02 1.717399999999999829e-02
5.384450000000000500e+02 1.716849999999999973e-02
5.389450000000000500e+02 1.716300000000000117e-02
5.394450000000000500e+02 1.715759999999999855e-02
5.399450000000000500e+02 1.715219999999999939e-02
5.404450000000000500e+02 1.714680000000000024e-02
5.409450000000000500e+02 1.714130000000000167e-02
5.414450000000000500e+02 1.713589999999999905e-02
5.419450000000000500e+02 1.713049999999999989e-02
5.424450000000000500e+02 1.712520000000000014e-02
5.429450000000000500e+02 1.711980000000000099e-02
5.434450000000000500e+02 1.711439999999999836e-02
5.439450000000000500e+02 1.710909999999999861e-02
5.444450000000000500e+02 1.710369999999999946e-02
5.449450000000000500e+02 1.709839999999999971e-02
5.454450000000000500e+02 1.709300000000000055e-02
5.459450000000000500e+02 1.708770000000000081e-02
5.464450000000000500e+02 1.708240000000000106e-02
5.469450000000000500e+02 1.707710000000000131e-02
5.474450000000000500e+02 1.707180000000000156e-02
5.479450000000000500e+02 1.706649999999999834e-02
5.484450000000000500e+02 1.706130000000000146e-02
5.489450000000000500e+02 1.705600000000000172e-02
5.494450000000000500e+02 1.705069999999999850e-02
5.499450000000000500e+02 1.704550000000000162e-02
5.504450000000000500e+02 1.704019999999999840e-02
5.509450000000000500e+02 1.703500000000000153e-02
5.514450000000000500e+02 1.702980000000000119e-02
5.519450000000000500e+02 1.702460000000000084e-02
5.524450000000000500e+02 1.701930000000000109e-02
5.529450000000000500e+02 1.701420000000000016e-02
5.534450000000000500e+02 1.700899999999999981e-02
5.539450000000000500e+02 1.700379999999999947e-02
5.544450000000000500e+02 1.699859999999999913e-02
5.549450000000000500e+02 1.699339999999999878e-02
5.554450000000000500e+02 1.698830000000000132e-02
5.559450000000000500e+02 1.698310000000000097e-02
5.564450000000000500e+02 1.697800000000000004e-02
5.569450000000000500e+02 1.697289999999999910e-02
5.569450000000000500e+02 1.697289999999999910e-02
5.569850000000000136e+02 1.697250000000000147e-02
5.570249999999999773e+02 1.697210000000000038e-02
5.571050000000000182e+02 1.697119999999999879e-02
5.572649999999999864e+02 1.696960000000000135e-02
5.575850000000000364e+02 1.696630000000000013e-02
5.580850000000000364e+02 1.696119999999999919e-02
5.585850000000000364e+02 1.695610000000000173e-02
5.590850000000000364e+02 1.695100000000000079e-02
5.595850000000000364e+02 1.694589999999999985e-02
5.600850000000000364e+02 1.694079999999999891e-02
5.605850000000000364e+02 1.693580000000000085e-02
5.610850000000000364e+02 1.693069999999999992e-02
5.615850000000000364e+02 1.692559999999999898e-02
5.620850000000000364e+02 1.692060000000000092e-02
5.625850000000000364e+02 1.691559999999999939e-02
5.630850000000000364e+02 1.691049999999999845e-02
5.635850000000000364e+02 1.690550000000000039e-02
5.640850000000000364e+02 1.690049999999999886e-02
5.645850000000000364e+02 1.689550000000000080e-02
5.650850000000000364e+02 1.689049999999999926e-02
5.655850000000000364e+02 1.688550000000000120e-02
5.660850000000000364e+02 1.688049999999999967e-02
5.665850000000000364e+02 1.687560000000000102e-02
5.670850000000000364e+02 1.687059999999999949e-02
5.675850000000000364e+02 1.686560000000000142e-02
5.680850000000000364e+02 1.686069999999999930e-02
5.685850000000000364e+02 1.685570000000000124e-02
5.690850000000000364e+02 1.685079999999999911e-02
5.695850000000000364e+02 1.684590000000000046e-02
5.700850000000000364e+02 1.684099999999999833e-02
5.705850000000000364e+02 1.683609999999999968e-02
5.710850000000000364e+02 1.683120000000000102e-02
5.715850000000000364e+02 1.682629999999999890e-02
5.720850000000000364e+02 1.682140000000000024e-02
5.725850000000000364e+02 1.681650000000000159e-02
5.730850000000000364e+02 1.681159999999999946e-02
5.735850000000000364e+02 1.680680000000000021e-02
5.740850000000000364e+02 1.680190000000000156e-02
5.745850000000000364e+02 1.679709999999999884e-02
5.750850000000000364e+02 1.679220000000000018e-02
5.755850000000000364e+02 1.678740000000000093e-02
5.760850000000000364e+02 1.678260000000000168e-02
5.765850000000000364e+02 1.677779999999999896e-02
5.770850000000000364e+02 1.677290000000000031e-02
5.775850000000000364e+02 1.676810000000000106e-02
5.780850000000000364e+02 1.676329999999999834e-02
5.785850000000000364e+02 1.675859999999999850e-02
5.790850000000000364e+02 1.675379999999999925e-02
5.795850000000000364e+02 1.674900000000000000e-02
5.800850000000000364e+02 1.674420000000000075e-02
5.805850000000000364e+02 1.673950000000000091e-02
5.810850000000000364e+02 1.673470000000000166e-02
5.815850000000000364e+02 1.672999999999999834e-02
5.820850000000000364e+02 1.672529999999999850e-02
5.825850000000000364e+02 1.672049999999999925e-02
5.830850000000000364e+02 1.671579999999999941e-02
5.835850000000000364e+02 1.671109999999999957e-02
5.840850000000000364e+02 1.670639999999999972e-02
5.845850000000000364e+02 1.670169999999999988e-02
5.850850000000000364e+02 1.669700000000000004e-02
5.855850000000000364e+02 1.669230000000000019e-02
5.860850000000000364e+02 1.668769999999999976e-02
5.865850000000000364e+02 1.668299999999999991e-02
5.870850000000000364e+02 1.667830000000000007e-02
5.875850000000000364e+02 1.667369999999999963e-02
5.880850000000000364e+02 1.666899999999999979e-02
5.885850000000000364e+02 1.666439999999999935e-02
5.890850000000000364e+02 1.665979999999999892e-02
5.895850000000000364e+02 1.665509999999999907e-02
5.900850000000000364e+02 1.665049999999999863e-02
5.905850000000000364e+02 1.664590000000000167e-02
5.910850000000000364e+02 1.664130000000000123e-02
5.915850000000000364e+02 1.663670000000000079e-02
5.920850000000000364e+02 1.663210000000000036e-02
5.925850000000000364e+02 1.662749999999999992e-02
5.930850000000000364e+02 1.662299999999999889e-02
5.935850000000000364e+02 1.661839999999999845e-02
5.940850000000000364e+02 1.661380000000000148e-02
5.945850000000000364e+02 1.660930000000000045e-02
5.950850000000000364e+02 1.660470000000000002e-02
5.955850000000000364e+02 1.660019999999999898e-02
5.960850000000000364e+02 1.659570000000000142e-02
5.965850000000000364e+02 1.659110000000000099e-02
5.970850000000000364e+02 1.658659999999999995e-02
5.975850000000000364e+02 1.658209999999999892e-02
5.980850000000000364e+02 1.657760000000000136e-02
5.985850000000000364e+02 1.657310000000000033e-02
5.990850000000000364e+02 1.656859999999999930e-02
5.995850000000000364e+02 1.656409999999999827e-02
6.000850000000000364e+02 1.655960000000000071e-02
6.005850000000000364e+02 1.655519999999999908e-02
6.010850000000000364e+02 1.655070000000000152e-02
6.015850000000000364e+02 1.654629999999999990e-02
6.020850000000000364e+02 1.654179999999999887e-02
6.025850000000000364e+02 1.653740000000000071e-02
6.030850000000000364e+02 1.653289999999999968e-02
6.035850000000000364e+02 1.652850000000000152e-02
6.040850000000000364e+02 1.652409999999999990e-02
6.045850000000000364e+02 1.651959999999999887e-02
6.050850000000000364e+02 1.651520000000000071e-02
6.055850000000000364e+02 1.651079999999999909e-02
6.060850000000000364e+02 1.650640000000000093e-02
6.065850000000000364e+02 1.650199999999999931e-02
6.070850000000000364e+02 1.649770000000000056e-02
6.075850000000000364e+02 1.649329999999999893e-02
6.080850000000000364e+02 1.648890000000000078e-02
6.085850000000000364e+02 1.648449999999999915e-02
6.090850000000000364e+02 1.648020000000000040e-02
6.095850000000000364e+02 1.647579999999999878e-02
6.100850000000000364e+02 1.647150000000000003e-02
6.105850000000000364e+02 1.646709999999999841e-02
6.110850000000000364e+02 1.646279999999999966e-02
6.115850000000000364e+02 1.645850000000000091e-02
6.120850000000000364e+02 1.645419999999999869e-02
6.125850000000000364e+02 1.644989999999999994e-02
6.130850000000000364e+02 1.644560000000000119e-02
6.135850000000000364e+02 1.644129999999999897e-02
6.140850000000000364e+02 1.643700000000000022e-02
6.145850000000000364e+02 1.643270000000000147e-02
6.150850000000000364e+02 1.642839999999999925e-02
6.155850000000000364e+02 1.642410000000000050e-02
6.160850000000000364e+02 1.641979999999999829e-02
6.165850000000000364e+02 1.641559999999999894e-02
6.170850000000000364e+02 1.641130000000000019e-02
6.175850000000000364e+02 1.640710000000000085e-02
6.180850000000000364e+02 1.640279999999999863e-02
6.185850000000000364e+02 1.639859999999999929e-02
6.190850000000000364e+02 1.639439999999999995e-02
6.195850000000000364e+02 1.639010000000000120e-02
6.200850000000000364e+02 1.638589999999999838e-02
6.205850000000000364e+02 1.638169999999999904e-02
6.210850000000000364e+02 1.637749999999999970e-02
6.215850000000000364e+02 1.637330000000000035e-02
6.220850000000000364e+02 1.636910000000000101e-02
6.225850000000000364e+02 1.636490000000000167e-02
6.230850000000000364e+02 1.636069999999999885e-02
6.235850000000000364e+02 1.635659999999999892e-02
6.240850000000000364e+02 1.635239999999999957e-02
6.245850000000000364e+02 1.634820000000000023e-02
6.250850000000000364e+02 1.634410000000000029e-02
6.255850000000000364e+02 1.633990000000000095e-02
6.260850000000000364e+02 1.633580000000000101e-02
6.265850000000000364e+02 1.633160000000000167e-02
6.270850000000000364e+02 1.632750000000000173e-02
6.275850000000000364e+02 1.632339999999999833e-02
6.280850000000000364e+02 1.631929999999999839e-02
6.285850000000000364e+02 1.631509999999999905e-02
6.290850000000000364e+02 1.631099999999999911e-02
6.295850000000000364e+02 1.630689999999999917e-02
6.300850000000000364e+02 1.630279999999999924e-02
6.305850000000000364e+02 1.629869999999999930e-02
6.310850000000000364e+02 1.629469999999999877e-02
6.315850000000000364e+02 1.629059999999999883e-02
6.320850000000000364e+02 1.628649999999999889e-02
6.325850000000000364e+02 1.628239999999999896e-02
6.330850000000000364e+02 1.627839999999999843e-02
6.335850000000000364e+02 1.627429999999999849e-02
6.340850000000000364e+02 1.627030000000000143e-02
6.345850000000000364e+02 1.626620000000000149e-02
6.350850000000000364e+02 1.626220000000000096e-02
6.355850000000000364e+02 1.625820000000000043e-02
6.360850000000000364e+02 1.625410000000000049e-02
6.365850000000000364e+02 1.625009999999999996e-02
6.370850000000000364e+02 1.624609999999999943e-02
6.375850000000000364e+02 1.624209999999999890e-02
6.380850000000000364e+02 1.623809999999999837e-02
6.385850000000000364e+02 1.623410000000000131e-02
6.390850000000000364e+02 1.623010000000000078e-02
6.395850000000000364e+02 1.622610000000000025e-02
6.400850000000000364e+02 1.622209999999999971e-02
6.405850000000000364e+02 1.621809999999999918e-02
6.410850000000000364e+02 1.621420000000000153e-02
6.415850000000000364e+02 1.621020000000000100e-02
6.420850000000000364e+02 1.620629999999999987e-02
6.425850000000000364e+02 1.620229999999999934e-02
6.430850000000000364e+02 1.619840000000000169e-02
6.435850000000000364e+02 1.619440000000000116e-02
6.440850000000000364e+02 1.619050000000000003e-02
6.445850000000000364e+02 1.618649999999999950e-02
6.450850000000000364e+02 1.618259999999999837e-02
6.455850000000000364e+02 1.617870000000000072e-02
6.460850000000000364e+02 1.617479999999999959e-02
6.465850000000000364e+02 1.617089999999999847e-02
6.470850000000000364e+02 1.616700000000000081e-02
6.475850000000000364e+02 1.616309999999999969e-02
6.480850000000000364e+02 1.615919999999999856e-02
6.485850000000000364e+02 1.615530000000000091e-02
6.490850000000000364e+02 1.615139999999999978e-02
6.495850000000000364e+02 1.614749999999999866e-02
6.500850000000000364e+02 1.614370000000000041e-02
6.505850000000000364e+02 1.613979999999999929e-02
6.510850000000000364e+02 1.613590000000000163e-02
6.515850000000000364e+02 1.613209999999999991e-02
6.520850000000000364e+02 1.612819999999999879e-02
6.525850000000000364e+02 1.612440000000000054e-02
6.530850000000000364e+02 1.612059999999999882e-02
6.535850000000000364e+02 1.611670000000000116e-02
6.540850000000000364e+02 1.611289999999999945e-02
6.545850000000000364e+02 1.610910000000000120e-02
6.545850000000000364e+02 1.610910000000000120e-02
6.546250000000000000e+02 1.610879999999999951e-02
6.546649999999999636e+02 1.610850000000000129e-02
6.547450000000000045e+02 1.610790000000000138e-02
6.549049999999999727e+02 1.610659999999999870e-02
6.552250000000000227e+02 1.610419999999999907e-02
6.557250000000000227e+02 1.610040000000000082e-02
6.562250000000000227e+02 1.609659999999999910e-02
6.567250000000000227e+02 1.609280000000000085e-02
6.572250000000000227e+02 1.608899999999999914e-02
6.577250000000000227e+02 1.608520000000000089e-02
6.582250000000000227e+02 1.608139999999999917e-02
6.587250000000000227e+02 1.607760000000000092e-02
6.592250000000000227e+02 1.607389999999999861e-02
6.597250000000000227e+02 1.607010000000000036e-02
6.602250000000000227e+02 1.606629999999999864e-02
6.607250000000000227e+02 1.606259999999999979e-02
6.612250000000000227e+02 1.605880000000000155e-02
6.617250000000000227e+02 1.605509999999999923e-02
6.622250000000000227e+02 1.605130000000000098e-02
6.627250000000000227e+02 1.604759999999999867e-02
6.632250000000000227e+02 1.604389999999999983e-02
6.637250000000000227e+02 1.604010000000000158e-02
6.642250000000000227e+02 1.603639999999999927e-02
6.647250000000000227e+02 1.603270000000000042e-02
6.652250000000000227e+02 1.602900000000000158e-02
6.657250000000000227e+02 1.602529999999999927e-02
6.662250000000000227e+02 1.602160000000000042e-02
6.667250000000000227e+02 1.601790000000000158e-02
6.672250000000000227e+02 1.601419999999999927e-02
6.677250000000000227e+02 1.601050000000000043e-02
6.682250000000000227e+02 1.600680000000000158e-02
6.687250000000000227e+02 1.600309999999999927e-02
6.692250000000000227e+02 1.599949999999999983e-02
6.697250000000000227e+02 1.599580000000000099e-02
6.702250000000000227e+02 1.599220000000000155e-02
6.707250000000000227e+02 1.598849999999999924e-02
6.712250000000000227e+02 1.598480000000000040e-02
6.717250000000000227e+02 1.598120000000000096e-02
6.722250000000000227e+02 1.597760000000000152e-02
6.727250000000000227e+02 1.597389999999999921e-02
6.732250000000000227e+02 1.597029999999999977e-02
6.737250000000000227e+02 1.596670000000000034e-02
6.742250000000000227e+02 1.596300000000000149e-02
6.747250000000000227e+02 1.595939999999999859e-02
6.752250000000000227e+02 1.595579999999999915e-02
6.757250000000000227e+02 1.595219999999999971e-02
6.762250000000000227e+02 1.594860000000000028e-02
6.767250000000000227e+02 1.594500000000000084e-02
6.772250000000000227e+02 1.594140000000000140e-02
6.777250000000000227e+02 1.593779999999999850e-02
6.782250000000000227e+02 1.593419999999999906e-02
6.787250000000000227e+02 1.593069999999999903e-02
6.792250000000000227e+02 1.592709999999999959e-02
6.797250000000000227e+02 1.592350000000000015e-02
6.802250000000000227e+02 1.592000000000000012e-02
6.807250000000000227e+02 1.591640000000000069e-02
6.812250000000000227e+02 1.591280000000000125e-02
6.817250000000000227e+02 1.590930000000000122e-02
6.822250000000000227e+02 1.590569999999999831e-02
6.827250000000000227e+02 1.590219999999999828e-02
6.832250000000000227e+02 1.589870000000000172e-02
6.837250000000000227e+02 1.589509999999999881e-02
6.842250000000000227e+02 1.589159999999999878e-02
6.847250000000000227e+02 1.588809999999999875e-02
6.852250000000000227e+02 1.588459999999999872e-02
6.857250000000000227e+02 1.588109999999999869e-02
6.862250000000000227e+02 1.587759999999999866e-02
6.867250000000000227e+02 1.587409999999999863e-02
6.872250000000000227e+02 1.587059999999999860e-02
6.877250000000000227e+02 1.586709999999999857e-02
6.882250000000000227e+02 1.586359999999999854e-02
6.887250000000000227e+02 1.586009999999999850e-02
6.892250000000000227e+02 1.585659999999999847e-02
6.897250000000000227e+02 1.585309999999999844e-02
6.902250000000000227e+02 1.584970000000000129e-02
6.907250000000000227e+02 1.584620000000000126e-02
6.912250000000000227e+02 1.584270000000000123e-02
6.917250000000000227e+02 1.583930000000000060e-02
6.922250000000000227e+02 1.583580000000000057e-02
6.927250000000000227e+02 1.583239999999999995e-02
6.932250000000000227e+02 1.582889999999999991e-02
6.937250000000000227e+02 1.582549999999999929e-02
6.942250000000000227e+02 1.582209999999999867e-02
6.947250000000000227e+02 1.581859999999999863e-02
6.952250000000000227e+02 1.581520000000000148e-02
6.957250000000000227e+02 1.581180000000000085e-02
6.962250000000000227e+02 1.580840000000000023e-02
6.967250000000000227e+02 1.580499999999999960e-02
6.972250000000000227e+02 1.580159999999999898e-02
6.977250000000000227e+02 1.579819999999999836e-02
6.982250000000000227e+02 1.579480000000000120e-02
6.987250000000000227e+02 1.579140000000000058e-02
6.992250000000000227e+02 1.578799999999999995e-02
6.997250000000000227e+02 1.578459999999999933e-02
7.002250000000000227e+02 1.578119999999999870e-02
7.007250000000000227e+02 1.577780000000000155e-02
7.012250000000000227e+02 1.577450000000000033e-02
7.017250000000000227e+02 1.577109999999999970e-02
7.022250000000000227e+02 1.576769999999999908e-02
7.027250000000000227e+02 1.576440000000000133e-02
7.032250000000000227e+02 1.576100000000000070e-02
7.037250000000000227e+02 1.575769999999999949e-02
7.042250000000000227e+02 1.575429999999999886e-02
7.047250000000000227e+02 1.575100000000000111e-02
7.052250000000000227e+02 1.574760000000000049e-02
7.057250000000000227e+02 1.574429999999999927e-02
7.062250000000000227e+02 1.574100000000000152e-02
7.067250000000000227e+02 1.573770000000000030e-02
7.072250000000000227e+02 1.573429999999999968e-02
7.077250000000000227e+02 1.573099999999999846e-02
7.082250000000000227e+02 1.572770000000000071e-02
7.087250000000000227e+02 1.572439999999999949e-02
7.092250000000000227e+02 1.572109999999999827e-02
7.097250000000000227e+02 1.571780000000000052e-02
7.102250000000000227e+02 1.571449999999999930e-02
7.107250000000000227e+02 1.571120000000000155e-02
7.112250000000000227e+02 1.570790000000000033e-02
7.117250000000000227e+02 1.570459999999999912e-02
7.122250000000000227e+02 1.570140000000000077e-02
7.127250000000000227e+02 1.569809999999999955e-02
7.132250000000000227e+02 1.569479999999999834e-02
7.137250000000000227e+02 1.569159999999999999e-02
7.142250000000000227e+02 1.568829999999999877e-02
7.147250000000000227e+02 1.568500000000000102e-02
7.152250000000000227e+02 1.568179999999999921e-02
7.157250000000000227e+02 1.567850000000000146e-02
7.162250000000000227e+02 1.567529999999999965e-02
7.167250000000000227e+02 1.567210000000000131e-02
7.172250000000000227e+02 1.566880000000000009e-02
7.177250000000000227e+02 1.566559999999999828e-02
7.182250000000000227e+02 1.566239999999999993e-02
7.187250000000000227e+02 1.565909999999999871e-02
7.192250000000000227e+02 1.565590000000000037e-02
7.197250000000000227e+02 1.565269999999999856e-02
7.202250000000000227e+02 1.564950000000000022e-02
7.207250000000000227e+02 1.564629999999999840e-02
7.212250000000000227e+02 1.564310000000000006e-02
7.217250000000000227e+02 1.563990000000000172e-02
7.222250000000000227e+02 1.563669999999999990e-02
7.227250000000000227e+02 1.563350000000000156e-02
7.232250000000000227e+02 1.563029999999999975e-02
7.237250000000000227e+02 1.562710000000000141e-02
7.242250000000000227e+02 1.562389999999999959e-02
7.247250000000000227e+02 1.562080000000000066e-02
7.252250000000000227e+02 1.561760000000000058e-02
7.257250000000000227e+02 1.561440000000000050e-02
7.262250000000000227e+02 1.561129999999999983e-02
7.267250000000000227e+02 1.560809999999999975e-02
7.272250000000000227e+02 1.560489999999999967e-02
7.277250000000000227e+02 1.560180000000000074e-02
7.282250000000000227e+02 1.559860000000000066e-02
7.287250000000000227e+02 1.559549999999999999e-02
7.292250000000000227e+02 1.559239999999999932e-02
7.297250000000000227e+02 1.558919999999999924e-02
7.302250000000000227e+02 1.558610000000000030e-02
7.307250000000000227e+02 1.558299999999999963e-02
7.312250000000000227e+02 1.557979999999999955e-02
7.317250000000000227e+02 1.557670000000000061e-02
7.322250000000000227e+02 1.557359999999999994e-02
7.327250000000000227e+02 1.557049999999999927e-02
7.332250000000000227e+02 1.556740000000000033e-02
7.337250000000000227e+02 1.556429999999999966e-02
7.342250000000000227e+02 1.556120000000000073e-02
7.347250000000000227e+02 1.555810000000000005e-02
7.352250000000000227e+02 1.555499999999999938e-02
7.357250000000000227e+02 1.555190000000000045e-02
7.362250000000000227e+02 1.554879999999999977e-02
7.367250000000000227e+02 1.554570000000000084e-02
7.372250000000000227e+02 1.554260000000000017e-02
7.377250000000000227e+02 1.553960000000000063e-02
7.382250000000000227e+02 1.553649999999999996e-02
7.387250000000000227e+02 1.553339999999999929e-02
7.392250000000000227e+02 1.553039999999999976e-02
7.397250000000000227e+02 1.552730000000000082e-02
7.402250000000000227e+02 1.552429999999999956e-02
7.407250000000000227e+02 1.552120000000000062e-02
7.412250000000000227e+02 1.551819999999999936e-02
7.417250000000000227e+02 1.551510000000000042e-02
7.422250000000000227e+02 1.551209999999999915e-02
7.427250000000000227e+02 1.550900000000000022e-02
7.432250000000000227e+02 1.550600000000000069e-02
7.437250000000000227e+02 1.550299999999999942e-02
7.442250000000000227e+02 1.549990000000000048e-02
7.447250000000000227e+02 1.549689999999999922e-02
7.452250000000000227e+02 1.549389999999999969e-02
7.457250000000000227e+02 1.549090000000000016e-02
7.462250000000000227e+02 1.548790000000000062e-02
7.467250000000000227e+02 1.548489999999999936e-02
7.472250000000000227e+02 1.548189999999999983e-02
7.477250000000000227e+02 1.547890000000000030e-02
7.482250000000000227e+02 1.547590000000000077e-02
7.487250000000000227e+02 1.547289999999999950e-02
7.492250000000000227e+02 1.546989999999999997e-02
7.497250000000000227e+02 1.546690000000000044e-02
7.502250000000000227e+02 1.546389999999999917e-02
7.507250000000000227e+02 1.546089999999999964e-02
7.512250000000000227e+02 1.545799999999999952e-02
7.517250000000000227e+02 1.545499999999999999e-02
7.522250000000000227e+02 1.545200000000000046e-02
7.522250000000000227e+02 1.545200000000000046e-02
7.522649999999999864e+02 1.545179999999999991e-02
7.523049999999999500e+02 1.545159999999999936e-02
7.523849999999999909e+02 1.545110000000000060e-02
7.525449999999999591e+02 1.545009999999999960e-02
7.528650000000000091e+02 1.544820000000000047e-02
7.533650000000000091e+02 1.544530000000000035e-02
7.538650000000000091e+02 1.544230000000000082e-02
7.543650000000000091e+02 1.543940000000000069e-02
7.548650000000000091e+02 1.543639999999999943e-02
7.553650000000000091e+02 1.543349999999999930e-02
7.558650000000000091e+02 1.543049999999999977e-02
7.563650000000000091e+02 1.542759999999999965e-02
7.568650000000000091e+02 1.542469999999999952e-02
7.573650000000000091e+02 1.542169999999999999e-02
7.578650000000000091e+02 1.541879999999999987e-02
7.583650000000000091e+02 1.541589999999999974e-02
7.588650000000000091e+02 1.541299999999999962e-02
7.593650000000000091e+02 1.541000000000000009e-02
7.598650000000000091e+02 1.540709999999999996e-02
7.603650000000000091e+02 1.540419999999999984e-02
7.608650000000000091e+02 1.540129999999999971e-02
7.613650000000000091e+02 1.539839999999999959e-02
7.618650000000000091e+02 1.539549999999999946e-02
7.623650000000000091e+02 1.539259999999999934e-02
7.628650000000000091e+02 1.538969999999999921e-02
7.633650000000000091e+02 1.538680000000000082e-02
7.638650000000000091e+02 1.538390000000000070e-02
7.643650000000000091e+02 1.538109999999999998e-02
7.648650000000000091e+02 1.537819999999999986e-02
7.653650000000000091e+02 1.537529999999999973e-02
7.658650000000000091e+02 1.537239999999999961e-02
7.663650000000000091e+02 1.536960000000000062e-02
7.668650000000000091e+02 1.536670000000000050e-02
7.673650000000000091e+02 1.536380000000000037e-02
7.678650000000000091e+02 1.536099999999999965e-02
7.683650000000000091e+02 1.535809999999999953e-02
7.688650000000000091e+02 1.535530000000000055e-02
7.693650000000000091e+02 1.535240000000000042e-02
7.698650000000000091e+02 1.534959999999999970e-02
7.703650000000000091e+02 1.534669999999999958e-02
7.708650000000000091e+02 1.534390000000000059e-02
7.713650000000000091e+02 1.534109999999999988e-02
7.718650000000000091e+02 1.533819999999999975e-02
7.723650000000000091e+02 1.533540000000000077e-02
7.728650000000000091e+02 1.533260000000000005e-02
7.733650000000000091e+02 1.532979999999999933e-02
7.738650000000000091e+02 1.532689999999999921e-02
7.743650000000000091e+02 1.532410000000000022e-02
7.748650000000000091e+02 1.532129999999999950e-02
7.753650000000000091e+02 1.531850000000000052e-02
7.758650000000000091e+02 1.531569999999999980e-02
7.763650000000000091e+02 1.531290000000000082e-02
7.768650000000000091e+02 1.531010000000000010e-02
7.773650000000000091e+02 1.530729999999999938e-02
7.778650000000000091e+02 1.530450000000000040e-02
7.783650000000000091e+02 1.530169999999999968e-02
7.788650000000000091e+02 1.529890000000000069e-02
7.793650000000000091e+02 1.529619999999999938e-02
7.798650000000000091e+02 1.529340000000000040e-02
7.803650000000000091e+02 1.529059999999999968e-02
7.808650000000000091e+02 1.528780000000000069e-02
7.813650000000000091e+02 1.528509999999999938e-02
7.818650000000000091e+02 1.528230000000000040e-02
7.823650000000000091e+02 1.527949999999999968e-02
7.828650000000000091e+02 1.527680000000000010e-02
7.833650000000000091e+02 1.527399999999999938e-02
7.838650000000000091e+02 1.527129999999999981e-02
7.843650000000000091e+02 1.526850000000000082e-02
7.848650000000000091e+02 1.526579999999999951e-02
7.853650000000000091e+02 1.526300000000000053e-02
7.858650000000000091e+02 1.526029999999999921e-02
7.863650000000000091e+02 1.525750000000000023e-02
7.868650000000000091e+02 1.525480000000000065e-02
7.873650000000000091e+02 1.525209999999999934e-02
7.878650000000000091e+02 1.524930000000000035e-02
7.883650000000000091e+02 1.524660000000000078e-02
7.888650000000000091e+02 1.524389999999999946e-02
7.893650000000000091e+02 1.524119999999999989e-02
7.898650000000000091e+02 1.523850000000000031e-02
7.903650000000000091e+02 1.523569999999999959e-02
7.908650000000000091e+02 1.523300000000000001e-02
7.913650000000000091e+02 1.523030000000000043e-02
7.918650000000000091e+02 1.522760000000000086e-02
7.923650000000000091e+02 1.522489999999999954e-02
7.928650000000000091e+02 1.522219999999999997e-02
7.933650000000000091e+02 1.521950000000000039e-02
7.938650000000000091e+02 1.521690000000000022e-02
7.943650000000000091e+02 1.521420000000000064e-02
7.948650000000000091e+02 1.521149999999999933e-02
7.953650000000000091e+02 1.520879999999999975e-02
7.958650000000000091e+02 1.520610000000000017e-02
7.963650000000000091e+02 1.520340000000000059e-02
7.968650000000000091e+02 1.520080000000000042e-02
7.973650000000000091e+02 1.519810000000000084e-02
7.978650000000000091e+02 1.519539999999999953e-02
7.983650000000000091e+02 1.519279999999999936e-02
7.988650000000000091e+02 1.519009999999999978e-02
7.993650000000000091e+02 1.518749999999999961e-02
7.998650000000000091e+02 1.518480000000000003e-02
8.003650000000000091e+02 1.518210000000000046e-02
8.008650000000000091e+02 1.517950000000000028e-02
8.013650000000000091e+02 1.517690000000000011e-02
8.018650000000000091e+02 1.517420000000000053e-02
8.023650000000000091e+02 1.517160000000000036e-02
8.028650000000000091e+02 1.516890000000000079e-02
8.033650000000000091e+02 1.516630000000000061e-02
8.038650000000000091e+02 1.516370000000000044e-02
8.043650000000000091e+02 1.516100000000000086e-02
8.048650000000000091e+02 1.515840000000000069e-02
8.053650000000000091e+02 1.515580000000000052e-02
8.058650000000000091e+02 1.515320000000000035e-02
8.063650000000000091e+02 1.515060000000000018e-02
8.068650000000000091e+02 1.514800000000000001e-02
8.073650000000000091e+02 1.514530000000000043e-02
8.078650000000000091e+02 1.514270000000000026e-02
8.083650000000000091e+02 1.514010000000000009e-02
8.088650000000000091e+02 1.513749999999999991e-02
8.093650000000000091e+02 1.513489999999999974e-02
8.098650000000000091e+02 1.513229999999999957e-02
8.103650000000000091e+02 1.512980000000000054e-02
8.108650000000000091e+02 1.512720000000000037e-02
8.113650000000000091e+02 1.512460000000000020e-02
8.118650000000000091e+02 1.512200000000000003e-02
8.123650000000000091e+02 1.511939999999999985e-02
8.128650000000000091e+02 1.511679999999999968e-02
8.133650000000000091e+02 1.511430000000000065e-02
8.138650000000000091e+02 1.511170000000000048e-02
8.143650000000000091e+02 1.510910000000000031e-02
8.148650000000000091e+02 1.510659999999999954e-02
8.153650000000000091e+02 1.510399999999999937e-02
8.158650000000000091e+02 1.510139999999999920e-02
8.163650000000000091e+02 1.509890000000000017e-02
8.168650000000000091e+02 1.509630000000000000e-02
8.173650000000000091e+02 1.509379999999999923e-02
8.178650000000000091e+02 1.509120000000000079e-02
8.183650000000000091e+02 1.508870000000000003e-02
8.188650000000000091e+02 1.508609999999999986e-02
8.193650000000000091e+02 1.508360000000000083e-02
8.198650000000000091e+02 1.508110000000000006e-02
8.203650000000000091e+02 1.507849999999999989e-02
8.208650000000000091e+02 1.507600000000000086e-02
8.213650000000000091e+02 1.507350000000000009e-02
8.218650000000000091e+02 1.507089999999999992e-02
8.223650000000000091e+02 1.506839999999999916e-02
8.228650000000000091e+02 1.506590000000000013e-02
8.233650000000000091e+02 1.506339999999999936e-02
8.238650000000000091e+02 1.506079999999999919e-02
8.243650000000000091e+02 1.505830000000000016e-02
8.248650000000000091e+02 1.505579999999999939e-02
8.253650000000000091e+02 1.505330000000000036e-02
8.258650000000000091e+02 1.505079999999999960e-02
8.263650000000000091e+02 1.504830000000000056e-02
8.268650000000000091e+02 1.504579999999999980e-02
8.273650000000000091e+02 1.504330000000000077e-02
8.278650000000000091e+02 1.504080000000000000e-02
8.283650000000000091e+02 1.503829999999999924e-02
8.288650000000000091e+02 1.503580000000000021e-02
8.293650000000000091e+02 1.503340000000000058e-02
8.298650000000000091e+02 1.503089999999999982e-02
8.303650000000000091e+02 1.502840000000000079e-02
8.308650000000000091e+02 1.502590000000000002e-02
8.313650000000000091e+02 1.502350000000000040e-02
8.318650000000000091e+02 1.502099999999999963e-02
8.323650000000000091e+02 1.501850000000000060e-02
8.328650000000000091e+02 1.501599999999999983e-02
8.333650000000000091e+02 1.501360000000000021e-02
8.338650000000000091e+02 1.501109999999999944e-02
8.343650000000000091e+02 1.500869999999999982e-02
8.348650000000000091e+02 1.500620000000000079e-02
8.353650000000000091e+02 1.500379999999999943e-02
8.358650000000000091e+02 1.500130000000000040e-02
8.363650000000000091e+02 1.499890000000000077e-02
8.368650000000000091e+02 1.499640000000000001e-02
8.373650000000000091e+02 1.499400000000000038e-02
8.378650000000000091e+02 1.499149999999999962e-02
8.383650000000000091e+02 1.498909999999999999e-02
8.388650000000000091e+02 1.498670000000000037e-02
8.393650000000000091e+02 1.498419999999999960e-02
8.398650000000000091e+02 1.498179999999999998e-02
8.403650000000000091e+02 1.497940000000000035e-02
8.408650000000000091e+02 1.497689999999999959e-02
8.413650000000000091e+02 1.497449999999999996e-02
8.418650000000000091e+02 1.497210000000000034e-02
8.423650000000000091e+02 1.496970000000000071e-02
8.428650000000000091e+02 1.496729999999999935e-02
8.433650000000000091e+02 1.496489999999999973e-02
8.438650000000000091e+02 1.496250000000000011e-02
8.443650000000000091e+02 1.496010000000000048e-02
8.448650000000000091e+02 1.495770000000000086e-02
8.453650000000000091e+02 1.495529999999999950e-02
8.458650000000000091e+02 1.495289999999999987e-02
8.463650000000000091e+02 1.495050000000000025e-02
8.468650000000000091e+02 1.494810000000000062e-02
8.473650000000000091e+02 1.494569999999999926e-02
8.478650000000000091e+02 1.494329999999999964e-02
8.483650000000000091e+02 1.494090000000000001e-02
8.488650000000000091e+02 1.493850000000000039e-02
8.493650000000000091e+02 1.493610000000000076e-02
8.498650000000000091e+02 1.493380000000000055e-02
