-1.466639999999999888e-01 2.859240000000000045e-02
3.523009999999999753e-01 2.852100000000000121e-02
8.513079999999999536e-01 2.844930000000000028e-02
1.350360000000000005e+00 2.837720000000000173e-02
1.849460000000000104e+00 2.830480000000000149e-02
2.348609999999999864e+00 2.823190000000000074e-02
2.847799999999999887e+00 2.815880000000000119e-02
3.347039999999999793e+00 2.808520000000000114e-02
3.846330000000000027e+00 2.801129999999999939e-02
4.345659999999999634e+00 2.793690000000000062e-02
4.845030000000000392e+00 2.786220000000000016e-02
5.344439999999999635e+00 2.778720000000000148e-02
5.843899999999999650e+00 2.771169999999999883e-02
6.343390000000000306e+00 2.763590000000000144e-02
6.842920000000000336e+00 2.755969999999999948e-02
7.342480000000000118e+00 2.748309999999999989e-02
7.842069999999999652e+00 2.740609999999999921e-02
8.341689999999999827e+00 2.732870000000000091e-02
8.841340000000000643e+00 2.725090000000000151e-02
9.341020000000000323e+00 2.717280000000000043e-02
9.840719999999999246e+00 2.709419999999999884e-02
1.034040000000000070e+01 2.701529999999999904e-02
1.084019999999999939e+01 2.693600000000000161e-02
1.133990000000000009e+01 2.685629999999999962e-02
1.183970000000000056e+01 2.677610000000000059e-02
1.233949999999999925e+01 2.669559999999999989e-02
1.283929999999999971e+01 2.661470000000000155e-02
1.333919999999999995e+01 2.653339999999999865e-02
1.383900000000000041e+01 2.645170000000000160e-02
1.433880000000000088e+01 2.636950000000000058e-02
1.483869999999999933e+01 2.628700000000000134e-02
1.533859999999999957e+01 2.620410000000000100e-02
1.583849999999999980e+01 2.612079999999999957e-02
1.633830000000000027e+01 2.603700000000000112e-02
1.683820000000000050e+01 2.595290000000000097e-02
1.733820000000000050e+01 2.586830000000000032e-02
1.783810000000000073e+01 2.578340000000000146e-02
1.833800000000000097e+01 2.569799999999999862e-02
1.883790000000000120e+01 2.561220000000000163e-02
1.933780000000000143e+01 2.552600000000000008e-02
1.983780000000000143e+01 2.543940000000000090e-02
2.033770000000000167e+01 2.535240000000000063e-02
2.083770000000000167e+01 2.526499999999999926e-02
2.133759999999999835e+01 2.517720000000000027e-02
2.183759999999999835e+01 2.508890000000000078e-02
2.233749999999999858e+01 2.500029999999999961e-02
2.283749999999999858e+01 2.491120000000000140e-02
2.333739999999999881e+01 2.482169999999999863e-02
2.383739999999999881e+01 2.473180000000000170e-02
2.433729999999999905e+01 2.464190000000000130e-02
2.483729999999999905e+01 2.455119999999999872e-02
2.533729999999999905e+01 2.446009999999999851e-02
2.583729999999999905e+01 2.436850000000000127e-02
2.633719999999999928e+01 2.427659999999999887e-02
2.683719999999999928e+01 2.418419999999999945e-02
2.733719999999999928e+01 2.409139999999999893e-02
2.783719999999999928e+01 2.399820000000000078e-02
2.833709999999999951e+01 2.390460000000000154e-02
2.883709999999999951e+01 2.381060000000000121e-02
2.933709999999999951e+01 2.371610000000000038e-02
2.983709999999999951e+01 2.362130000000000132e-02
3.033709999999999951e+01 2.352610000000000118e-02
3.083709999999999951e+01 2.343040000000000053e-02
3.133699999999999974e+01 2.333440000000000167e-02
3.183699999999999974e+01 2.323789999999999883e-02
3.233700000000000330e+01 2.314099999999999838e-02
3.283700000000000330e+01 2.304379999999999970e-02
3.333700000000000330e+01 2.294610000000000052e-02
3.383700000000000330e+01 2.284809999999999966e-02
3.433700000000000330e+01 2.274959999999999830e-02
3.483700000000000330e+01 2.265079999999999871e-02
3.533700000000000330e+01 2.255149999999999863e-02
3.583700000000000330e+01 2.245190000000000033e-02
3.633689999999999998e+01 2.235190000000000093e-02
3.683689999999999998e+01 2.225150000000000045e-02
3.733689999999999998e+01 2.215069999999999886e-02
3.783689999999999998e+01 2.204959999999999906e-02
3.833689999999999998e+01 2.194810000000000164e-02
3.883689999999999998e+01 2.184619999999999965e-02
3.933689999999999998e+01 2.174390000000000003e-02
3.983689999999999998e+01 2.164129999999999873e-02
4.033689999999999998e+01 2.153829999999999981e-02
4.083689999999999998e+01 2.143499999999999919e-02
4.133689999999999998e+01 2.133130000000000095e-02
4.183689999999999998e+01 2.122720000000000162e-02
4.233689999999999998e+01 2.112280000000000060e-02
4.283689999999999998e+01 2.101810000000000136e-02
4.333689999999999998e+01 2.091300000000000103e-02
4.383689999999999998e+01 2.080759999999999901e-02
4.433689999999999998e+01 2.070189999999999877e-02
4.483679999999999666e+01 2.059580000000000091e-02
4.533679999999999666e+01 2.048950000000000077e-02
4.583679999999999666e+01 2.038279999999999953e-02
4.633679999999999666e+01 2.027580000000000007e-02
4.683679999999999666e+01 2.016859999999999833e-02
4.733679999999999666e+01 2.006099999999999897e-02
4.783679999999999666e+01 1.995310000000000139e-02
4.833679999999999666e+01 1.984500000000000153e-02
4.883679999999999666e+01 1.973659999999999998e-02
4.933679999999999666e+01 1.962790000000000021e-02
4.983679999999999666e+01 1.951889999999999875e-02
5.033679999999999666e+01 1.940969999999999848e-02
5.083679999999999666e+01 1.930029999999999940e-02
5.133679999999999666e+01 1.919059999999999863e-02
5.183679999999999666e+01 1.908069999999999905e-02
5.233679999999999666e+01 1.897050000000000125e-02
5.283679999999999666e+01 1.886020000000000058e-02
5.333679999999999666e+01 1.874960000000000168e-02
5.383670000000000044e+01 1.863880000000000051e-02
5.433670000000000044e+01 1.852789999999999992e-02
5.483670000000000044e+01 1.841670000000000113e-02
5.533670000000000044e+01 1.830539999999999945e-02
5.583670000000000044e+01 1.819389999999999896e-02
5.633670000000000044e+01 1.808229999999999907e-02
5.683670000000000044e+01 1.797050000000000036e-02
5.733670000000000044e+01 1.785849999999999937e-02
5.783670000000000044e+01 1.774649999999999839e-02
5.833670000000000044e+01 1.763429999999999859e-02
5.883670000000000044e+01 1.752199999999999938e-02
5.933670000000000044e+01 1.740960000000000077e-02
5.983670000000000044e+01 1.729709999999999928e-02
6.033659999999999712e+01 1.718449999999999839e-02
6.083659999999999712e+01 1.707190000000000096e-02
6.133659999999999712e+01 1.695920000000000066e-02
6.183659999999999712e+01 1.684640000000000096e-02
6.233659999999999712e+01 1.673360000000000125e-02
6.283659999999999712e+01 1.662080000000000155e-02
6.333659999999999712e+01 1.650789999999999896e-02
6.383659999999999712e+01 1.639509999999999926e-02
6.433660000000000423e+01 1.628220000000000015e-02
6.483660000000000423e+01 1.616940000000000044e-02
6.533650000000000091e+01 1.605660000000000073e-02
6.583650000000000091e+01 1.594380000000000103e-02
6.633650000000000091e+01 1.583110000000000073e-02
6.683650000000000091e+01 1.571840000000000043e-02
6.733650000000000091e+01 1.560579999999999953e-02
6.783650000000000091e+01 1.549329999999999978e-02
6.833650000000000091e+01 1.538089999999999943e-02
6.883650000000000091e+01 1.526860000000000023e-02
6.933639999999999759e+01 1.515640000000000043e-02
6.983639999999999759e+01 1.504430000000000003e-02
7.033639999999999759e+01 1.493240000000000019e-02
7.083639999999999759e+01 1.482059999999999975e-02
7.133639999999999759e+01 1.470899999999999985e-02
7.183639999999999759e+01 1.459749999999999936e-02
7.233639999999999759e+01 1.448630000000000057e-02
7.283629999999999427e+01 1.437519999999999944e-02
7.333629999999999427e+01 1.426430000000000059e-02
7.383629999999999427e+01 1.415369999999999996e-02
7.433629999999999427e+01 1.404329999999999988e-02
7.483629999999999427e+01 1.393310000000000035e-02
7.533629999999999427e+01 1.382320000000000076e-02
7.583620000000000516e+01 1.371350000000000000e-02
7.633620000000000516e+01 1.360420000000000032e-02
7.683620000000000516e+01 1.349509999999999946e-02
7.733620000000000516e+01 1.338630000000000028e-02
7.783620000000000516e+01 1.327779999999999933e-02
7.833620000000000516e+01 1.316960000000000006e-02
7.883610000000000184e+01 1.306180000000000015e-02
7.933610000000000184e+01 1.295430000000000019e-02
7.983610000000000184e+01 1.284719999999999959e-02
8.033610000000000184e+01 1.274040000000000068e-02
8.083610000000000184e+01 1.263389999999999999e-02
8.133599999999999852e+01 1.252789999999999980e-02
8.183599999999999852e+01 1.242230000000000070e-02
8.233599999999999852e+01 1.231699999999999982e-02
8.283599999999999852e+01 1.221219999999999944e-02
8.333599999999999852e+01 1.210770000000000075e-02
8.383589999999999520e+01 1.200370000000000083e-02
8.433589999999999520e+01 1.190019999999999967e-02
8.483589999999999520e+01 1.179700000000000019e-02
8.533589999999999520e+01 1.169440000000000063e-02
8.583589999999999520e+01 1.159220000000000042e-02
8.633580000000000609e+01 1.149039999999999957e-02
8.683580000000000609e+01 1.138920000000000037e-02
8.733580000000000609e+01 1.128840000000000052e-02
8.783580000000000609e+01 1.118809999999999943e-02
8.833580000000000609e+01 1.108830000000000059e-02
8.883570000000000277e+01 1.098909999999999991e-02
8.933570000000000277e+01 1.089030000000000033e-02
8.983570000000000277e+01 1.079199999999999951e-02
9.033570000000000277e+01 1.069430000000000033e-02
9.083559999999999945e+01 1.059719999999999933e-02
9.133559999999999945e+01 1.050049999999999942e-02
9.183559999999999945e+01 1.040439999999999941e-02
9.233559999999999945e+01 1.030889999999999931e-02
9.283559999999999945e+01 1.021400000000000086e-02
9.333549999999999613e+01 1.011989999999999938e-02
9.365550000000000352e+01 1.005990000000000009e-02
9.381550000000000011e+01 1.002989999999999958e-02
9.389549999999999841e+01 1.001499999999999960e-02
9.393550000000000466e+01 1.000750000000000077e-02
9.397549999999999670e+01 1.000000000000000021e-02
9.401550000000000296e+01 9.992559999999999290e-03
9.405549999999999500e+01 9.985080000000000344e-03
9.413549999999999329e+01 9.970150000000000540e-03
9.429550000000000409e+01 9.940310000000000812e-03
9.461549999999999727e+01 9.880750000000000643e-03
9.511549999999999727e+01 9.788079999999999350e-03
9.561539999999999395e+01 9.696170000000000483e-03
9.611539999999999395e+01 9.604959999999999193e-03
9.661539999999999395e+01 9.514339999999999603e-03
9.711539999999999395e+01 9.424319999999999919e-03
9.761530000000000484e+01 9.334890000000000201e-03
9.811530000000000484e+01 9.246070000000000330e-03
9.861530000000000484e+01 9.157850000000000365e-03
9.911530000000000484e+01 9.070240000000000247e-03
9.961530000000000484e+01 8.983230000000000035e-03
1.001149999999999949e+02 8.896849999999999550e-03
1.006149999999999949e+02 8.811070000000000707e-03
1.011149999999999949e+02 8.725909999999999916e-03
1.016149999999999949e+02 8.641380000000000589e-03
1.021149999999999949e+02 8.557459999999999373e-03
1.026149999999999949e+02 8.474159999999999679e-03
1.031149999999999949e+02 8.391489999999999713e-03
1.036149999999999949e+02 8.309439999999999535e-03
1.041149999999999949e+02 8.228009999999999144e-03
1.046149999999999949e+02 8.147220000000000156e-03
1.051149999999999949e+02 8.067039999999999281e-03
1.056149999999999949e+02 7.987499999999999808e-03
1.061149999999999949e+02 7.908580000000000124e-03
1.066149999999999949e+02 7.830290000000000167e-03
1.071149999999999949e+02 7.752629999999999938e-03
1.076149999999999949e+02 7.675590000000000364e-03
1.081149999999999949e+02 7.599179999999999650e-03
1.086149999999999949e+02 7.523389999999999592e-03
1.091149999999999949e+02 7.448230000000000128e-03
1.096149999999999949e+02 7.373689999999999585e-03
1.101149999999999949e+02 7.299779999999999637e-03
1.106149999999999949e+02 7.226490000000000344e-03
1.111149999999999949e+02 7.153819999999999971e-03
1.116149999999999949e+02 7.081770000000000252e-03
1.121149999999999949e+02 7.010340000000000321e-03
1.126149999999999949e+02 6.939520000000000237e-03
1.131149999999999949e+02 6.869319999999999940e-03
1.136149999999999949e+02 6.799730000000000357e-03
1.141149999999999949e+02 6.730749999999999754e-03
1.146149999999999949e+02 6.662379999999999865e-03
1.151149999999999949e+02 6.594619999999999822e-03
1.156149999999999949e+02 6.527459999999999686e-03
1.161149999999999949e+02 6.460900000000000323e-03
1.166149999999999949e+02 6.394949999999999940e-03
1.171149999999999949e+02 6.329590000000000390e-03
1.176149999999999949e+02 6.264819999999999937e-03
1.181149999999999949e+02 6.200650000000000259e-03
1.186149999999999949e+02 6.137059999999999738e-03
1.191149999999999949e+02 6.074069999999999990e-03
1.196140000000000043e+02 6.011650000000000327e-03
1.201140000000000043e+02 5.949819999999999762e-03
1.206140000000000043e+02 5.888560000000000148e-03
1.211140000000000043e+02 5.827879999999999693e-03
1.216140000000000043e+02 5.767760000000000248e-03
1.221140000000000043e+02 5.708219999999999961e-03
1.226140000000000043e+02 5.649239999999999817e-03
1.231140000000000043e+02 5.590819999999999818e-03
1.236140000000000043e+02 5.532959999999999962e-03
1.241140000000000043e+02 5.475650000000000309e-03
1.246140000000000043e+02 5.418889999999999992e-03
1.251140000000000043e+02 5.362679999999999877e-03
1.256140000000000043e+02 5.307010000000000026e-03
1.261140000000000043e+02 5.251890000000000377e-03
1.266140000000000043e+02 5.197300000000000184e-03
1.271140000000000043e+02 5.143240000000000312e-03
1.276140000000000043e+02 5.089709999999999894e-03
1.281140000000000043e+02 5.036709999999999798e-03
1.286140000000000043e+02 4.984230000000000084e-03
1.291140000000000043e+02 4.932259999999999943e-03
1.296140000000000043e+02 4.880810000000000183e-03
1.301140000000000043e+02 4.829879999999999937e-03
1.306140000000000043e+02 4.779440000000000251e-03
1.311140000000000043e+02 4.729510000000000138e-03
1.316140000000000043e+02 4.680079999999999657e-03
1.321140000000000043e+02 4.631139999999999736e-03
1.326140000000000043e+02 4.582690000000000374e-03
1.331140000000000043e+02 4.534739999999999778e-03
1.336140000000000043e+02 4.487259999999999860e-03
1.341140000000000043e+02 4.440259999999999693e-03
1.346140000000000043e+02 4.393740000000000145e-03
1.351140000000000043e+02 4.347690000000000408e-03
1.356140000000000043e+02 4.302109999999999615e-03
1.361140000000000043e+02 4.256990000000000426e-03
1.366140000000000043e+02 4.212330000000000241e-03
1.371140000000000043e+02 4.168119999999999985e-03
1.376140000000000043e+02 4.124369999999999599e-03
1.381140000000000043e+02 4.081060000000000069e-03
1.386140000000000043e+02 4.038199999999999602e-03
1.391140000000000043e+02 3.995779999999999992e-03
1.396140000000000043e+02 3.953800000000000370e-03
1.401140000000000043e+02 3.912249999999999929e-03
1.406140000000000043e+02 3.871120000000000030e-03
1.411140000000000043e+02 3.830420000000000179e-03
1.416140000000000043e+02 3.790149999999999943e-03
1.421140000000000043e+02 3.750289999999999874e-03
1.426140000000000043e+02 3.710839999999999972e-03
1.431140000000000043e+02 3.671799999999999804e-03
1.436140000000000043e+02 3.633169999999999802e-03
1.441140000000000043e+02 3.594940000000000028e-03
1.446140000000000043e+02 3.557110000000000046e-03
1.451140000000000043e+02 3.519669999999999917e-03
1.456140000000000043e+02 3.482620000000000073e-03
1.461140000000000043e+02 3.445960000000000082e-03
1.466140000000000043e+02 3.409680000000000002e-03
1.471140000000000043e+02 3.373790000000000209e-03
1.476140000000000043e+02 3.338260000000000012e-03
1.481140000000000043e+02 3.303120000000000101e-03
1.486140000000000043e+02 3.268339999999999787e-03
1.491140000000000043e+02 3.233919999999999937e-03
1.496140000000000043e+02 3.199870000000000058e-03
1.501140000000000043e+02 3.166169999999999835e-03
1.506140000000000043e+02 3.132830000000000076e-03
1.511140000000000043e+02 3.099839999999999974e-03
1.516140000000000043e+02 3.067199999999999961e-03
1.521140000000000043e+02 3.034900000000000098e-03
1.526140000000000043e+02 3.002949999999999890e-03
1.531140000000000043e+02 2.971329999999999891e-03
1.536140000000000043e+02 2.940040000000000101e-03
1.541140000000000043e+02 2.909090000000000027e-03
1.546140000000000043e+02 2.878459999999999786e-03
1.551140000000000043e+02 2.848160000000000188e-03
1.556140000000000043e+02 2.818179999999999991e-03
1.561140000000000043e+02 2.788510000000000121e-03
1.566140000000000043e+02 2.759160000000000085e-03
1.571140000000000043e+02 2.730129999999999883e-03
1.576140000000000043e+02 2.701400000000000069e-03
1.581140000000000043e+02 2.672970000000000207e-03
1.586140000000000043e+02 2.644849999999999805e-03
1.591140000000000043e+02 2.617019999999999850e-03
1.596140000000000043e+02 2.589489999999999847e-03
1.601140000000000043e+02 2.562249999999999858e-03
1.606140000000000043e+02 2.535309999999999821e-03
1.611140000000000043e+02 2.508639999999999915e-03
1.616140000000000043e+02 2.482269999999999963e-03
1.621140000000000043e+02 2.456170000000000141e-03
1.626140000000000043e+02 2.430349999999999958e-03
1.631140000000000043e+02 2.404809999999999847e-03
1.636140000000000043e+02 2.379529999999999926e-03
1.641140000000000043e+02 2.354530000000000078e-03
1.646140000000000043e+02 2.329789999999999986e-03
1.651140000000000043e+02 2.305320000000000025e-03
1.656140000000000043e+02 2.281109999999999822e-03
1.661140000000000043e+02 2.257149999999999868e-03
1.666140000000000043e+02 2.233450000000000105e-03
1.671140000000000043e+02 2.210000000000000159e-03
1.676140000000000043e+02 2.186809999999999969e-03
1.681140000000000043e+02 2.163860000000000089e-03
1.686140000000000043e+02 2.141150000000000084e-03
1.691140000000000043e+02 2.118689999999999896e-03
1.696140000000000043e+02 2.096460000000000077e-03
1.701140000000000043e+02 2.074480000000000074e-03
1.706140000000000043e+02 2.052730000000000006e-03
1.711140000000000043e+02 2.031209999999999873e-03
1.716140000000000043e+02 2.009910000000000169e-03
1.721140000000000043e+02 1.988849999999999906e-03
1.726140000000000043e+02 1.968010000000000072e-03
1.731140000000000043e+02 1.947399999999999956e-03
1.736140000000000043e+02 1.926999999999999894e-03
1.741140000000000043e+02 1.906820000000000043e-03
1.746140000000000043e+02 1.886859999999999970e-03
1.751140000000000043e+02 1.867100000000000010e-03
1.756140000000000043e+02 1.847560000000000044e-03
1.761140000000000043e+02 1.828229999999999916e-03
1.766140000000000043e+02 1.809099999999999901e-03
1.771140000000000043e+02 1.790179999999999940e-03
1.776140000000000043e+02 1.771460000000000092e-03
1.781140000000000043e+02 1.752939999999999924e-03
1.786140000000000043e+02 1.734620000000000085e-03
1.791140000000000043e+02 1.716489999999999986e-03
1.796140000000000043e+02 1.698560000000000000e-03
1.801140000000000043e+02 1.680810000000000030e-03
1.806140000000000043e+02 1.663259999999999956e-03
1.811140000000000043e+02 1.645889999999999896e-03
1.816140000000000043e+02 1.628710000000000010e-03
1.821140000000000043e+02 1.611709999999999922e-03
1.826140000000000043e+02 1.594890000000000066e-03
1.831140000000000043e+02 1.578250000000000009e-03
1.836140000000000043e+02 1.561789999999999966e-03
1.841140000000000043e+02 1.545499999999999999e-03
1.846140000000000043e+02 1.529390000000000046e-03
1.851140000000000043e+02 1.513440000000000011e-03
1.856140000000000043e+02 1.497669999999999991e-03
1.861140000000000043e+02 1.482070000000000045e-03
1.866140000000000043e+02 1.466630000000000017e-03
1.871140000000000043e+02 1.451349999999999906e-03
1.876140000000000043e+02 1.436240000000000086e-03
1.881140000000000043e+02 1.421289999999999967e-03
1.886140000000000043e+02 1.406499999999999981e-03
1.891140000000000043e+02 1.391859999999999972e-03
1.896140000000000043e+02 1.377380000000000097e-03
1.901140000000000043e+02 1.363059999999999923e-03
1.906140000000000043e+02 1.348880000000000001e-03
1.911140000000000043e+02 1.334859999999999996e-03
1.916140000000000043e+02 1.320980000000000027e-03
1.916140000000000043e+02 1.320980000000000027e-03
1.916539999999999964e+02 1.320030000000000031e-03
1.916939999999999884e+02 1.318930000000000059e-03
1.917740000000000009e+02 1.316719999999999956e-03
1.919339999999999975e+02 1.312320000000000066e-03
1.922539999999999907e+02 1.303539999999999950e-03
1.927539999999999907e+02 1.289919999999999956e-03
1.932539999999999907e+02 1.276500000000000074e-03
1.937539999999999907e+02 1.263250000000000050e-03
1.942539999999999907e+02 1.250129999999999904e-03
1.947539999999999907e+02 1.237159999999999952e-03
1.952539999999999907e+02 1.224320000000000096e-03
1.957539999999999907e+02 1.211620000000000058e-03
1.962539999999999907e+02 1.199049999999999899e-03
1.967539999999999907e+02 1.186610000000000052e-03
1.972539999999999907e+02 1.174310000000000024e-03
1.977539999999999907e+02 1.162140000000000091e-03
1.982539999999999907e+02 1.150100000000000037e-03
1.987539999999999907e+02 1.138179999999999921e-03
1.992539999999999907e+02 1.126389999999999900e-03
1.997539999999999907e+02 1.114729999999999974e-03
2.002539999999999907e+02 1.103180000000000046e-03
2.007539999999999907e+02 1.091759999999999996e-03
2.012539999999999907e+02 1.080470000000000041e-03
2.017539999999999907e+02 1.069290000000000084e-03
2.022539999999999907e+02 1.058219999999999907e-03
2.027539999999999907e+02 1.047280000000000042e-03
2.032539999999999907e+02 1.036449999999999958e-03
2.037539999999999907e+02 1.025740000000000028e-03
2.042539999999999907e+02 1.015129999999999939e-03
2.047539999999999907e+02 1.004640000000000003e-03
2.052539999999999907e+02 9.942650000000000359e-04
2.057539999999999907e+02 9.839950000000000953e-04
2.062539999999999907e+02 9.738340000000000277e-04
2.067539999999999907e+02 9.637790000000000029e-04
2.072539999999999907e+02 9.538310000000000365e-04
2.077539999999999907e+02 9.439869999999999728e-04
2.082539999999999907e+02 9.342480000000000446e-04
2.087539999999999907e+02 9.246099999999999718e-04
2.092539999999999907e+02 9.150739999999999872e-04
2.097539999999999907e+02 9.056389999999999666e-04
2.102539999999999907e+02 8.963019999999999711e-04
2.107539999999999907e+02 8.870640000000000166e-04
2.112539999999999907e+02 8.779239999999999787e-04
2.117539999999999907e+02 8.688790000000000272e-04
2.122539999999999907e+02 8.599290000000000536e-04
2.127539999999999907e+02 8.510730000000000421e-04
2.132539999999999907e+02 8.423109999999999929e-04
2.137539999999999907e+02 8.336399999999999670e-04
2.142539999999999907e+02 8.250599999999999644e-04
2.147539999999999907e+02 8.165709999999999852e-04
2.152539999999999907e+02 8.081699999999999821e-04
2.157539999999999907e+02 7.998579999999999709e-04
2.162539999999999907e+02 7.916320000000000127e-04
2.167539999999999907e+02 7.834930000000000149e-04
2.172539999999999907e+02 7.754399999999999618e-04
2.177539999999999907e+02 7.674710000000000386e-04
2.182539999999999907e+02 7.595850000000000128e-04
2.187539999999999907e+02 7.517819999999999928e-04
2.192539999999999907e+02 7.440599999999999471e-04
2.197539999999999907e+02 7.364189999999999842e-04
2.202539999999999907e+02 7.288589999999999956e-04
2.207539999999999907e+02 7.213770000000000425e-04
2.212539999999999907e+02 7.139740000000000322e-04
2.217539999999999907e+02 7.066480000000000417e-04
2.222539999999999907e+02 6.993979999999999468e-04
2.227539999999999907e+02 6.922249999999999801e-04
2.232539999999999907e+02 6.851259999999999859e-04
2.237539999999999907e+02 6.781019999999999799e-04
2.242539999999999907e+02 6.711500000000000235e-04
2.247539999999999907e+02 6.642720000000000395e-04
2.252539999999999907e+02 6.574649999999999809e-04
2.257539999999999907e+02 6.507289999999999559e-04
2.262539999999999907e+02 6.440639999999999647e-04
2.267539999999999907e+02 6.374679999999999756e-04
2.272539999999999907e+02 6.309409999999999888e-04
2.277539999999999907e+02 6.244809999999999727e-04
2.282539999999999907e+02 6.180890000000000516e-04
2.287539999999999907e+02 6.117639999999999927e-04
2.292539999999999907e+02 6.055049999999999972e-04
2.297539999999999907e+02 5.993110000000000494e-04
2.302539999999999907e+02 5.931810000000000251e-04
2.307539999999999907e+02 5.871150000000000327e-04
2.312539999999999907e+02 5.811119999999999480e-04
2.317539999999999907e+02 5.751719999999999880e-04
2.322539999999999907e+02 5.692930000000000126e-04
2.327539999999999907e+02 5.634750000000000219e-04
2.332539999999999907e+02 5.577180000000000158e-04
2.337539999999999907e+02 5.520209999999999787e-04
2.342539999999999907e+02 5.463830000000000032e-04
2.347539999999999907e+02 5.408029999999999652e-04
2.352539999999999907e+02 5.352819999999999887e-04
2.357539999999999907e+02 5.298180000000000424e-04
2.362539999999999907e+02 5.244100000000000020e-04
2.367539999999999907e+02 5.190589999999999917e-04
2.372539999999999907e+02 5.137629999999999801e-04
2.377539999999999907e+02 5.085219999999999671e-04
2.382539999999999907e+02 5.033350000000000454e-04
2.387539999999999907e+02 4.982019999999999981e-04
2.392539999999999907e+02 4.931220000000000265e-04
2.397539999999999907e+02 4.880950000000000219e-04
2.402539999999999907e+02 4.831200000000000229e-04
2.407539999999999907e+02 4.781960000000000138e-04
2.412539999999999907e+02 4.733240000000000103e-04
2.417539999999999907e+02 4.685019999999999810e-04
2.422539999999999907e+02 4.637299999999999799e-04
2.427539999999999907e+02 4.590069999999999914e-04
2.432539999999999907e+02 4.543330000000000155e-04
2.437539999999999907e+02 4.497069999999999822e-04
2.442539999999999907e+02 4.451289999999999999e-04
2.447539999999999907e+02 4.405979999999999988e-04
2.452539999999999907e+02 4.361149999999999944e-04
2.457539999999999907e+02 4.316769999999999939e-04
2.462539999999999907e+02 4.272859999999999744e-04
2.467539999999999907e+02 4.229389999999999972e-04
2.472539999999999907e+02 4.186379999999999854e-04
2.477539999999999907e+02 4.143810000000000158e-04
2.482539999999999907e+02 4.101679999999999801e-04
2.487539999999999907e+02 4.059980000000000251e-04
2.492539999999999907e+02 4.018709999999999882e-04
2.497539999999999907e+02 3.977869999999999778e-04
2.502539999999999907e+02 3.937449999999999783e-04
2.507539999999999907e+02 3.897449999999999895e-04
2.512539999999999907e+02 3.857859999999999957e-04
2.517539999999999907e+02 3.818679999999999969e-04
2.522539999999999907e+02 3.779899999999999775e-04
2.527539999999999907e+02 3.741519999999999915e-04
2.532539999999999907e+02 3.703530000000000233e-04
2.537539999999999907e+02 3.665939999999999802e-04
2.542539999999999907e+02 3.628729999999999933e-04
2.547539999999999907e+02 3.591900000000000084e-04
2.552539999999999907e+02 3.555459999999999871e-04
2.557539999999999907e+02 3.519390000000000062e-04
2.562540000000000191e+02 3.483690000000000116e-04
2.567540000000000191e+02 3.448349999999999875e-04
2.572540000000000191e+02 3.413380000000000038e-04
2.577540000000000191e+02 3.378769999999999907e-04
2.582540000000000191e+02 3.344509999999999866e-04
2.587540000000000191e+02 3.310610000000000072e-04
2.592540000000000191e+02 3.277059999999999826e-04
2.597540000000000191e+02 3.243839999999999896e-04
2.602540000000000191e+02 3.210970000000000057e-04
2.607540000000000191e+02 3.178440000000000150e-04
2.612540000000000191e+02 3.146240000000000018e-04
2.617540000000000191e+02 3.114370000000000202e-04
2.622540000000000191e+02 3.082830000000000162e-04
2.627540000000000191e+02 3.051609999999999739e-04
2.632540000000000191e+02 3.020710000000000018e-04
2.637540000000000191e+02 2.990129999999999915e-04
2.642540000000000191e+02 2.959859999999999813e-04
2.647540000000000191e+02 2.929909999999999871e-04
2.652540000000000191e+02 2.900250000000000159e-04
2.657540000000000191e+02 2.870910000000000063e-04
2.662540000000000191e+02 2.841860000000000198e-04
2.667540000000000191e+02 2.813110000000000176e-04
2.672540000000000191e+02 2.784649999999999842e-04
2.677540000000000191e+02 2.756489999999999895e-04
2.682540000000000191e+02 2.728610000000000020e-04
2.687540000000000191e+02 2.701019999999999832e-04
2.692540000000000191e+02 2.673710000000000257e-04
2.697540000000000191e+02 2.646680000000000213e-04
2.702540000000000191e+02 2.619930000000000240e-04
2.707540000000000191e+02 2.593450000000000182e-04
2.712540000000000191e+02 2.567240000000000038e-04
2.717540000000000191e+02 2.541299999999999809e-04
2.722540000000000191e+02 2.515619999999999879e-04
2.727540000000000191e+02 2.490209999999999863e-04
2.732540000000000191e+02 2.465049999999999989e-04
2.737540000000000191e+02 2.440160000000000029e-04
2.742540000000000191e+02 2.415510000000000053e-04
2.747540000000000191e+02 2.391120000000000105e-04
2.752540000000000191e+02 2.366980000000000028e-04
2.757540000000000191e+02 2.343079999999999935e-04
2.762540000000000191e+02 2.319429999999999983e-04
2.767540000000000191e+02 2.296020000000000016e-04
2.772540000000000191e+02 2.272839999999999876e-04
2.777540000000000191e+02 2.249909999999999877e-04
2.782540000000000191e+02 2.227200000000000089e-04
2.787540000000000191e+02 2.204730000000000014e-04
2.792540000000000191e+02 2.182490000000000038e-04
2.797540000000000191e+02 2.160470000000000001e-04
2.802540000000000191e+02 2.138680000000000062e-04
2.807540000000000191e+02 2.117110000000000064e-04
2.812540000000000191e+02 2.095760000000000006e-04
2.817540000000000191e+02 2.074629999999999888e-04
2.822540000000000191e+02 2.053710000000000095e-04
2.827540000000000191e+02 2.033009999999999971e-04
2.832540000000000191e+02 2.012519999999999901e-04
2.837540000000000191e+02 1.992229999999999999e-04
2.842540000000000191e+02 1.972149999999999880e-04
2.847540000000000191e+02 1.952280000000000085e-04
2.852540000000000191e+02 1.932609999999999916e-04
2.857540000000000191e+02 1.913130000000000028e-04
2.862540000000000191e+02 1.893859999999999923e-04
2.867540000000000191e+02 1.874780000000000099e-04
2.872540000000000191e+02 1.855899999999999900e-04
2.877540000000000191e+02 1.837200000000000096e-04
2.882540000000000191e+02 1.818699999999999917e-04
2.887540000000000191e+02 1.800390000000000020e-04
2.892540000000000191e+02 1.782259999999999975e-04
2.892540000000000191e+02 1.782259999999999975e-04
2.892939999999999827e+02 1.780999999999999923e-04
2.893340000000000032e+02 1.779560000000000018e-04
2.894139999999999873e+02 1.776679999999999937e-04
2.895740000000000123e+02 1.770920000000000046e-04
2.898940000000000055e+02 1.759449999999999968e-04
2.903940000000000055e+02 1.741640000000000083e-04
2.908940000000000055e+02 1.724080000000000068e-04
2.913940000000000055e+02 1.706730000000000107e-04
2.918940000000000055e+02 1.689550000000000112e-04
2.923940000000000055e+02 1.672549999999999970e-04
2.928940000000000055e+02 1.655720000000000065e-04
2.933940000000000055e+02 1.639060000000000126e-04
2.938940000000000055e+02 1.622569999999999883e-04
2.943940000000000055e+02 1.606239999999999990e-04
2.948940000000000055e+02 1.590080000000000063e-04
2.953940000000000055e+02 1.574090000000000103e-04
2.958940000000000055e+02 1.558259999999999951e-04
2.963940000000000055e+02 1.542589999999999879e-04
2.968940000000000055e+02 1.527079999999999887e-04
2.973940000000000055e+02 1.511720000000000088e-04
2.978940000000000055e+02 1.496520000000000098e-04
2.983940000000000055e+02 1.481479999999999917e-04
2.988940000000000055e+02 1.466580000000000043e-04
2.993940000000000055e+02 1.451839999999999977e-04
2.998940000000000055e+02 1.437250000000000105e-04
3.003940000000000055e+02 1.422799999999999998e-04
3.008940000000000055e+02 1.408500000000000084e-04
3.013940000000000055e+02 1.394350000000000092e-04
3.018940000000000055e+02 1.380339999999999866e-04
3.023940000000000055e+02 1.366469999999999946e-04
3.028940000000000055e+02 1.352740000000000062e-04
3.033940000000000055e+02 1.339149999999999943e-04
3.038940000000000055e+02 1.325700000000000131e-04
3.043940000000000055e+02 1.312379999999999927e-04
3.048940000000000055e+02 1.299200000000000029e-04
3.053940000000000055e+02 1.286150000000000010e-04
3.058940000000000055e+02 1.273240000000000027e-04
3.063940000000000055e+02 1.260450000000000036e-04
3.068940000000000055e+02 1.247800000000000081e-04
3.073940000000000055e+02 1.235270000000000118e-04
3.078940000000000055e+02 1.222870000000000033e-04
3.083940000000000055e+02 1.210589999999999941e-04
3.088940000000000055e+02 1.198439999999999998e-04
3.093940000000000055e+02 1.186410000000000047e-04
3.098940000000000055e+02 1.174499999999999953e-04
3.103940000000000055e+02 1.162709999999999986e-04
3.108940000000000055e+02 1.151050000000000033e-04
3.113940000000000055e+02 1.139500000000000051e-04
3.118940000000000055e+02 1.128060000000000038e-04
3.123940000000000055e+02 1.116740000000000018e-04
3.128940000000000055e+02 1.105539999999999990e-04
3.133940000000000055e+02 1.094450000000000067e-04
3.138940000000000055e+02 1.083469999999999979e-04
3.143940000000000055e+02 1.072599999999999997e-04
3.148940000000000055e+02 1.061839999999999984e-04
3.153940000000000055e+02 1.051189999999999942e-04
3.158940000000000055e+02 1.040650000000000006e-04
3.163940000000000055e+02 1.030210000000000018e-04
3.168940000000000055e+02 1.019880000000000000e-04
3.173940000000000055e+02 1.009659999999999952e-04
3.178940000000000055e+02 9.995330000000000404e-05
3.183940000000000055e+02 9.895119999999999545e-05
3.188940000000000055e+02 9.795909999999999525e-05
3.193940000000000055e+02 9.697709999999999685e-05
3.198940000000000055e+02 9.600499999999999984e-05
3.203940000000000055e+02 9.504269999999999722e-05
3.208940000000000055e+02 9.409000000000000208e-05
3.213940000000000055e+02 9.314699999999999434e-05
3.218940000000000055e+02 9.221350000000000065e-05
3.223940000000000055e+02 9.128940000000000047e-05
3.228940000000000055e+02 9.037460000000000035e-05
3.233940000000000055e+02 8.946899999999999330e-05
3.238940000000000055e+02 8.857260000000000643e-05
3.243940000000000055e+02 8.768519999999999863e-05
3.248940000000000055e+02 8.680670000000000356e-05
3.253940000000000055e+02 8.593700000000000069e-05
3.258940000000000055e+02 8.507619999999999701e-05
3.263940000000000055e+02 8.422399999999999863e-05
3.268940000000000055e+02 8.338029999999999856e-05
3.273940000000000055e+02 8.254520000000000379e-05
3.278940000000000055e+02 8.171850000000000034e-05
3.283940000000000055e+02 8.090009999999999476e-05
3.288940000000000055e+02 8.008989999999999360e-05
3.293940000000000055e+02 7.928789999999999688e-05
3.298940000000000055e+02 7.849390000000000414e-05
3.303940000000000055e+02 7.770799999999999529e-05
3.308940000000000055e+02 7.692990000000000353e-05
3.313940000000000055e+02 7.615969999999999522e-05
3.318940000000000055e+02 7.539730000000000401e-05
3.323940000000000055e+02 7.464250000000000236e-05
3.328940000000000055e+02 7.389530000000000382e-05
3.333940000000000055e+02 7.315560000000000140e-05
3.338940000000000055e+02 7.242330000000000165e-05
3.343940000000000055e+02 7.169840000000000458e-05
3.348940000000000055e+02 7.098080000000000318e-05
3.353940000000000055e+02 7.027040000000000402e-05
3.358940000000000055e+02 6.956719999999999354e-05
3.363940000000000055e+02 6.887099999999999841e-05
3.368940000000000055e+02 6.818189999999999852e-05
3.373940000000000055e+02 6.749959999999999999e-05
3.378940000000000055e+02 6.682419999999999625e-05
3.383940000000000055e+02 6.615559999999999388e-05
3.388940000000000055e+02 6.549369999999999942e-05
3.393940000000000055e+02 6.483849999999999932e-05
3.398940000000000055e+02 6.418990000000000015e-05
3.403940000000000055e+02 6.354770000000000145e-05
3.408940000000000055e+02 6.291199999999999668e-05
3.413940000000000055e+02 6.228270000000000594e-05
3.418940000000000055e+02 6.165980000000000213e-05
3.423940000000000055e+02 6.104309999999999836e-05
3.428940000000000055e+02 6.043250000000000119e-05
3.433940000000000055e+02 5.982809999999999729e-05
3.438940000000000055e+02 5.922979999999999998e-05
3.443940000000000055e+02 5.863750000000000228e-05
3.448940000000000055e+02 5.805109999999999719e-05
3.453940000000000055e+02 5.747059999999999826e-05
3.458940000000000055e+02 5.689599999999999871e-05
3.463940000000000055e+02 5.632709999999999811e-05
3.468940000000000055e+02 5.576390000000000323e-05
3.473940000000000055e+02 5.520640000000000052e-05
3.478940000000000055e+02 5.465450000000000332e-05
3.483940000000000055e+02 5.410809999999999784e-05
3.488940000000000055e+02 5.356719999999999765e-05
3.493940000000000055e+02 5.303170000000000252e-05
3.498940000000000055e+02 5.250159999999999891e-05
3.503940000000000055e+02 5.197680000000000014e-05
3.508940000000000055e+02 5.145729999999999944e-05
3.513940000000000055e+02 5.094300000000000336e-05
3.518940000000000055e+02 5.043379999999999814e-05
3.523940000000000055e+02 4.992979999999999755e-05
3.528940000000000055e+02 4.943080000000000114e-05
3.533940000000000055e+02 4.893680000000000214e-05
3.538940000000000055e+02 4.844770000000000033e-05
3.543940000000000055e+02 4.796360000000000272e-05
3.548940000000000055e+02 4.748430000000000207e-05
3.553940000000000055e+02 4.700989999999999862e-05
3.558940000000000055e+02 4.654019999999999869e-05
3.563940000000000055e+02 4.607520000000000230e-05
3.568940000000000055e+02 4.561480000000000244e-05
3.573940000000000055e+02 4.515909999999999933e-05
3.578940000000000055e+02 4.470789999999999931e-05
3.583940000000000055e+02 4.426130000000000261e-05
3.588940000000000055e+02 4.381910000000000199e-05
3.593940000000000055e+02 4.338139999999999770e-05
3.598940000000000055e+02 4.294800000000000283e-05
3.603940000000000055e+02 4.251899999999999728e-05
3.608940000000000055e+02 4.209430000000000116e-05
3.613940000000000055e+02 4.167390000000000092e-05
3.618940000000000055e+02 4.125770000000000311e-05
3.623940000000000055e+02 4.084560000000000073e-05
3.628940000000000055e+02 4.043770000000000079e-05
3.633940000000000055e+02 4.003380000000000285e-05
3.638940000000000055e+02 3.963400000000000034e-05
3.643940000000000055e+02 3.923819999999999983e-05
3.648940000000000055e+02 3.884640000000000131e-05
3.653940000000000055e+02 3.845839999999999757e-05
3.658940000000000055e+02 3.807440000000000260e-05
3.663940000000000055e+02 3.769420000000000241e-05
3.668940000000000055e+02 3.731789999999999722e-05
3.673940000000000055e+02 3.694530000000000015e-05
3.678940000000000055e+02 3.657639999999999763e-05
3.683940000000000055e+02 3.621120000000000323e-05
3.688940000000000055e+02 3.584970000000000338e-05
3.693940000000000055e+02 3.549179999999999788e-05
3.698940000000000055e+02 3.513740000000000006e-05
3.703940000000000055e+02 3.478669999999999679e-05
3.708940000000000055e+02 3.443940000000000098e-05
3.713940000000000055e+02 3.409559999999999929e-05
3.718940000000000055e+02 3.375529999999999850e-05
3.723940000000000055e+02 3.341829999999999817e-05
3.728940000000000055e+02 3.308469999999999852e-05
3.733940000000000055e+02 3.275449999999999954e-05
3.738940000000000055e+02 3.242760000000000103e-05
3.743940000000000055e+02 3.210390000000000276e-05
3.748940000000000055e+02 3.178349999999999817e-05
3.753940000000000055e+02 3.146630000000000060e-05
3.758940000000000055e+02 3.115220000000000304e-05
3.763940000000000055e+02 3.084139999999999918e-05
3.768940000000000055e+02 3.053360000000000189e-05
3.773940000000000055e+02 3.022890000000000123e-05
3.778940000000000055e+02 2.992720000000000037e-05
3.783940000000000055e+02 2.962859999999999954e-05
3.788940000000000055e+02 2.933290000000000168e-05
3.793940000000000055e+02 2.904020000000000023e-05
3.798940000000000055e+02 2.875039999999999836e-05
3.803940000000000055e+02 2.846359999999999968e-05
3.808940000000000055e+02 2.817960000000000037e-05
3.813940000000000055e+02 2.789840000000000042e-05
3.818940000000000055e+02 2.761999999999999983e-05
3.823940000000000055e+02 2.734449999999999883e-05
3.828940000000000055e+02 2.707170000000000035e-05
3.833940000000000055e+02 2.680160000000000103e-05
3.838940000000000055e+02 2.653420000000000084e-05
3.843940000000000055e+02 2.626949999999999980e-05
3.848940000000000055e+02 2.600740000000000107e-05
3.853940000000000055e+02 2.574800000000000149e-05
3.858940000000000055e+02 2.549110000000000061e-05
3.863940000000000055e+02 2.523679999999999866e-05
3.868940000000000055e+02 2.498509999999999902e-05
3.868940000000000055e+02 2.498509999999999902e-05
3.869340000000000259e+02 2.496760000000000130e-05
3.869739999999999895e+02 2.494760000000000150e-05
3.870539999999999736e+02 2.490759999999999849e-05
3.872139999999999986e+02 2.482759999999999926e-05
3.875339999999999918e+02 2.466829999999999894e-05
3.880339999999999918e+02 2.442089999999999856e-05
3.885339999999999918e+02 2.417689999999999886e-05
3.890339999999999918e+02 2.393579999999999875e-05
3.895339999999999918e+02 2.369700000000000029e-05
3.900339999999999918e+02 2.346070000000000054e-05
3.905339999999999918e+02 2.322669999999999905e-05
3.910339999999999918e+02 2.299499999999999922e-05
3.915339999999999918e+02 2.276570000000000126e-05
3.920339999999999918e+02 2.253860000000000135e-05
3.925339999999999918e+02 2.231389999999999993e-05
3.930339999999999918e+02 2.209129999999999972e-05
3.935339999999999918e+02 2.187100000000000117e-05
3.940339999999999918e+02 2.165290000000000067e-05
3.945339999999999918e+02 2.143700000000000160e-05
3.950339999999999918e+02 2.122320000000000036e-05
3.955339999999999918e+02 2.101160000000000056e-05
3.960339999999999918e+02 2.080209999999999858e-05
3.965339999999999918e+02 2.059460000000000099e-05
3.970339999999999918e+02 2.038930000000000145e-05
3.975339999999999918e+02 2.018599999999999952e-05
3.980339999999999918e+02 1.998469999999999858e-05
3.985339999999999918e+02 1.978549999999999886e-05
3.990339999999999918e+02 1.958819999999999992e-05
3.995339999999999918e+02 1.939289999999999859e-05
4.000339999999999918e+02 1.919950000000000142e-05
4.005339999999999918e+02 1.900809999999999848e-05
4.010339999999999918e+02 1.881859999999999970e-05
4.015339999999999918e+02 1.863099999999999831e-05
4.020339999999999918e+02 1.844520000000000087e-05
4.025339999999999918e+02 1.826130000000000082e-05
4.030339999999999918e+02 1.807930000000000154e-05
4.035339999999999918e+02 1.789909999999999944e-05
4.040339999999999918e+02 1.772060000000000106e-05
4.045339999999999918e+02 1.754400000000000008e-05
4.050339999999999918e+02 1.736909999999999943e-05
4.055339999999999918e+02 1.719589999999999913e-05
4.060339999999999918e+02 1.702449999999999938e-05
4.065339999999999918e+02 1.685479999999999997e-05
4.070339999999999918e+02 1.668680000000000090e-05
4.075339999999999918e+02 1.652049999999999878e-05
4.080339999999999918e+02 1.635580000000000017e-05
4.085339999999999918e+02 1.619279999999999851e-05
4.090339999999999918e+02 1.603140000000000036e-05
4.095339999999999918e+02 1.587159999999999895e-05
4.100339999999999918e+02 1.571340000000000104e-05
4.105339999999999918e+02 1.555679999999999986e-05
4.110339999999999918e+02 1.540169999999999858e-05
4.115339999999999918e+02 1.524820000000000082e-05
4.120339999999999918e+02 1.509619999999999956e-05
4.125339999999999918e+02 1.494580000000000012e-05
4.130339999999999918e+02 1.479680000000000036e-05
4.135339999999999918e+02 1.464940000000000072e-05
4.140339999999999918e+02 1.450340000000000076e-05
4.145339999999999918e+02 1.435880000000000049e-05
4.150339999999999918e+02 1.421570000000000011e-05
4.155339999999999918e+02 1.407409999999999964e-05
4.160339999999999918e+02 1.393380000000000032e-05
4.165339999999999918e+02 1.379499999999999921e-05
4.170339999999999918e+02 1.365749999999999926e-05
4.175339999999999918e+02 1.352140000000000068e-05
4.180339999999999918e+02 1.338659999999999987e-05
4.185339999999999918e+02 1.325330000000000065e-05
4.190339999999999918e+02 1.312120000000000068e-05
4.195339999999999918e+02 1.299040000000000017e-05
4.200339999999999918e+02 1.286099999999999934e-05
4.205339999999999918e+02 1.273279999999999945e-05
4.210339999999999918e+02 1.260599999999999925e-05
4.215339999999999918e+02 1.248039999999999997e-05
4.220339999999999918e+02 1.235599999999999994e-05
4.225339999999999918e+02 1.223289999999999938e-05
4.230339999999999918e+02 1.211099999999999975e-05
4.235339999999999918e+02 1.199029999999999936e-05
4.240339999999999918e+02 1.187090000000000013e-05
4.245339999999999918e+02 1.175259999999999993e-05
4.250339999999999918e+02 1.163550000000000066e-05
4.255339999999999918e+02 1.151960000000000063e-05
4.260339999999999918e+02 1.140479999999999963e-05
4.265339999999999918e+02 1.129119999999999957e-05
4.270339999999999918e+02 1.117870000000000022e-05
4.275339999999999918e+02 1.106729999999999990e-05
4.280339999999999918e+02 1.095710000000000051e-05
4.285339999999999918e+02 1.084789999999999993e-05
4.290339999999999918e+02 1.073980000000000007e-05
4.295339999999999918e+02 1.063279999999999923e-05
4.300339999999999918e+02 1.052690000000000080e-05
4.305339999999999918e+02 1.042199999999999949e-05
4.310339999999999918e+02 1.031820000000000058e-05
4.315339999999999918e+02 1.021540000000000048e-05
4.320339999999999918e+02 1.011359999999999919e-05
4.325339999999999918e+02 1.001290000000000030e-05
4.330339999999999918e+02 9.913150000000000116e-06
4.335339999999999918e+02 9.814400000000000427e-06
4.340339999999999918e+02 9.716640000000000536e-06
4.345339999999999918e+02 9.619840000000000040e-06
4.350339999999999918e+02 9.524020000000000337e-06
4.355339999999999918e+02 9.429149999999999329e-06
4.360339999999999918e+02 9.335219999999999705e-06
4.365339999999999918e+02 9.242240000000000470e-06
4.370339999999999918e+02 9.150170000000000520e-06
4.375339999999999918e+02 9.059029999999999559e-06
4.380339999999999918e+02 8.968799999999999578e-06
4.385339999999999918e+02 8.879459999999999176e-06
4.390339999999999918e+02 8.791020000000000748e-06
4.395339999999999918e+02 8.703450000000000501e-06
4.400339999999999918e+02 8.616769999999999833e-06
4.405339999999999918e+02 8.530939999999999335e-06
4.410339999999999918e+02 8.445969999999999707e-06
4.415339999999999918e+02 8.361850000000000248e-06
4.420339999999999918e+02 8.278559999999999559e-06
4.425339999999999918e+02 8.196110000000000035e-06
4.430339999999999918e+02 8.114480000000000277e-06
4.435339999999999918e+02 8.033659999999999583e-06
4.440339999999999918e+02 7.953649999999999650e-06
4.445339999999999918e+02 7.874430000000000771e-06
4.450339999999999918e+02 7.795999999999999558e-06
4.455339999999999918e+02 7.718359999999999400e-06
4.460339999999999918e+02 7.641490000000000592e-06
4.465339999999999918e+02 7.565389999999999745e-06
4.470339999999999918e+02 7.490039999999999696e-06
4.475339999999999918e+02 7.415450000000000296e-06
4.480339999999999918e+02 7.341600000000000148e-06
4.485339999999999918e+02 7.268480000000000245e-06
4.490339999999999918e+02 7.196089999999999740e-06
4.495339999999999918e+02 7.124430000000000328e-06
4.500339999999999918e+02 7.053479999999999762e-06
4.505339999999999918e+02 6.983239999999999737e-06
4.510339999999999918e+02 6.913689999999999700e-06
4.515339999999999918e+02 6.844840000000000351e-06
4.520339999999999918e+02 6.776680000000000143e-06
4.525339999999999918e+02 6.709190000000000218e-06
4.530339999999999918e+02 6.642379999999999582e-06
4.535339999999999918e+02 6.576230000000000224e-06
4.540339999999999918e+02 6.510750000000000302e-06
4.545339999999999918e+02 6.445910000000000258e-06
4.550339999999999918e+02 6.381719999999999946e-06
4.555339999999999918e+02 6.318170000000000360e-06
4.560339999999999918e+02 6.255259999999999805e-06
4.565339999999999918e+02 6.192970000000000271e-06
4.570339999999999918e+02 6.131300000000000064e-06
4.575339999999999918e+02 6.070250000000000030e-06
4.580339999999999918e+02 6.009799999999999618e-06
4.585339999999999918e+02 5.949960000000000374e-06
4.590339999999999918e+02 5.890710000000000052e-06
4.595339999999999918e+02 5.832050000000000345e-06
4.600339999999999918e+02 5.773980000000000408e-06
4.605339999999999918e+02 5.716490000000000388e-06
4.610339999999999918e+02 5.659569999999999585e-06
4.615339999999999918e+02 5.603209999999999840e-06
4.620339999999999918e+02 5.547420000000000159e-06
4.625339999999999918e+02 5.492189999999999842e-06
4.630339999999999918e+02 5.437500000000000032e-06
4.635339999999999918e+02 5.383359999999999734e-06
4.640339999999999918e+02 5.329759999999999942e-06
4.645339999999999918e+02 5.276689999999999957e-06
4.650339999999999918e+02 5.224149999999999779e-06
4.655339999999999918e+02 5.172140000000000255e-06
4.660339999999999918e+02 5.120639999999999986e-06
4.665339999999999918e+02 5.069649999999999818e-06
4.670339999999999918e+02 5.019179999999999605e-06
4.675339999999999918e+02 4.969199999999999789e-06
4.680339999999999918e+02 4.919730000000000075e-06
4.685339999999999918e+02 4.870749999999999910e-06
4.690339999999999918e+02 4.822250000000000290e-06
4.695339999999999918e+02 4.774240000000000219e-06
4.700339999999999918e+02 4.726709999999999846e-06
4.705339999999999918e+02 4.679650000000000164e-06
4.710339999999999918e+02 4.633049999999999628e-06
4.715339999999999918e+02 4.586929999999999636e-06
4.720339999999999918e+02 4.541259999999999783e-06
4.725339999999999918e+02 4.496049999999999923e-06
4.730339999999999918e+02 4.451280000000000350e-06
4.735339999999999918e+02 4.406969999999999922e-06
4.740339999999999918e+02 4.363089999999999929e-06
4.745339999999999918e+02 4.319650000000000223e-06
4.750339999999999918e+02 4.276649999999999957e-06
4.755339999999999918e+02 4.234070000000000273e-06
4.760339999999999918e+02 4.191920000000000177e-06
4.765339999999999918e+02 4.150189999999999816e-06
4.770339999999999918e+02 4.108870000000000184e-06
4.775339999999999918e+02 4.067959999999999588e-06
4.780339999999999918e+02 4.027459999999999722e-06
4.785339999999999918e+02 3.987369999999999738e-06
4.790339999999999918e+02 3.947669999999999932e-06
4.795339999999999918e+02 3.908370000000000156e-06
4.800339999999999918e+02 3.869459999999999710e-06
4.805339999999999918e+02 3.830940000000000289e-06
4.810339999999999918e+02 3.792799999999999922e-06
4.815339999999999918e+02 3.755050000000000157e-06
4.820339999999999918e+02 3.717660000000000164e-06
4.825339999999999918e+02 3.680650000000000073e-06
4.830339999999999918e+02 3.644010000000000031e-06
4.835339999999999918e+02 3.607740000000000037e-06
4.840339999999999918e+02 3.571819999999999965e-06
4.845339999999999918e+02 3.536269999999999941e-06
4.845339999999999918e+02 3.536269999999999941e-06
4.845740000000000123e+02 3.533790000000000093e-06
4.846139999999999759e+02 3.530959999999999902e-06
4.846940000000000168e+02 3.525309999999999795e-06
4.848539999999999850e+02 3.514019999999999857e-06
4.851739999999999782e+02 3.491509999999999797e-06
4.856739999999999782e+02 3.456579999999999946e-06
4.861739999999999782e+02 3.422110000000000088e-06
4.866739999999999782e+02 3.388039999999999837e-06
4.871739999999999782e+02 3.354310000000000077e-06
4.876739999999999782e+02 3.320919999999999961e-06
4.881739999999999782e+02 3.287860000000000061e-06
4.886739999999999782e+02 3.255129999999999952e-06
4.891739999999999782e+02 3.222730000000000059e-06
4.896739999999999782e+02 3.190650000000000106e-06
4.901739999999999782e+02 3.158890000000000091e-06
4.906739999999999782e+02 3.127440000000000164e-06
4.911739999999999782e+02 3.096310000000000175e-06
4.916739999999999782e+02 3.065489999999999850e-06
4.921739999999999782e+02 3.034970000000000183e-06
4.926739999999999782e+02 3.004760000000000180e-06
4.931739999999999782e+02 2.974849999999999986e-06
4.936739999999999782e+02 2.945240000000000028e-06
4.941739999999999782e+02 2.915920000000000027e-06
4.946739999999999782e+02 2.886899999999999837e-06
4.951739999999999782e+02 2.858160000000000177e-06
4.956739999999999782e+02 2.829710000000000051e-06
4.961739999999999782e+02 2.801540000000000031e-06
4.966739999999999782e+02 2.773659999999999970e-06
4.971739999999999782e+02 2.746050000000000161e-06
4.976739999999999782e+02 2.718720000000000035e-06
4.981739999999999782e+02 2.691649999999999886e-06
4.986739999999999782e+02 2.664859999999999842e-06
4.991739999999999782e+02 2.638340000000000052e-06
4.996739999999999782e+02 2.612069999999999963e-06
5.001739999999999782e+02 2.586070000000000128e-06
5.006739999999999782e+02 2.560329999999999845e-06
5.011739999999999782e+02 2.534849999999999964e-06
5.016739999999999782e+02 2.509620000000000207e-06
5.021739999999999782e+02 2.484640000000000152e-06
5.026739999999999782e+02 2.459909999999999797e-06
5.031739999999999782e+02 2.435420000000000138e-06
5.036739999999999782e+02 2.411180000000000181e-06
5.041739999999999782e+02 2.387180000000000072e-06
5.046739999999999782e+02 2.363419999999999811e-06
5.051739999999999782e+02 2.339899999999999823e-06
5.056739999999999782e+02 2.316609999999999831e-06
5.061739999999999782e+02 2.293549999999999835e-06
5.066739999999999782e+02 2.270719999999999835e-06
5.071739999999999782e+02 2.248119999999999831e-06
5.076739999999999782e+02 2.225739999999999971e-06
5.081739999999999782e+02 2.203590000000000107e-06
5.086739999999999782e+02 2.181650000000000110e-06
5.091739999999999782e+02 2.159940000000000110e-06
5.096739999999999782e+02 2.138439999999999977e-06
5.101739999999999782e+02 2.117159999999999987e-06
5.106739999999999782e+02 2.096089999999999865e-06
5.111739999999999782e+02 2.075220000000000182e-06
5.116739999999999782e+02 2.054569999999999795e-06
5.121739999999999782e+02 2.034119999999999847e-06
5.126739999999999782e+02 2.013869999999999914e-06
5.131739999999999782e+02 1.993829999999999848e-06
5.136739999999999782e+02 1.973979999999999945e-06
5.141739999999999782e+02 1.954339999999999910e-06
5.146739999999999782e+02 1.934890000000000037e-06
5.151739999999999782e+02 1.915629999999999902e-06
5.156739999999999782e+02 1.896559999999999931e-06
5.161739999999999782e+02 1.877689999999999974e-06
5.166739999999999782e+02 1.858999999999999904e-06
5.171739999999999782e+02 1.840489999999999932e-06
5.176739999999999782e+02 1.822179999999999976e-06
5.181739999999999782e+02 1.804040000000000053e-06
5.186739999999999782e+02 1.786090000000000081e-06
5.191739999999999782e+02 1.768309999999999931e-06
5.196739999999999782e+02 1.750710000000000091e-06
5.201739999999999782e+02 1.733289999999999925e-06
5.206739999999999782e+02 1.716029999999999942e-06
5.211739999999999782e+02 1.698959999999999908e-06
5.216739999999999782e+02 1.682050000000000057e-06
5.221739999999999782e+02 1.665310000000000027e-06
5.226739999999999782e+02 1.648729999999999968e-06
5.231739999999999782e+02 1.632319999999999942e-06
5.236739999999999782e+02 1.616079999999999950e-06
5.241739999999999782e+02 1.599990000000000075e-06
5.246739999999999782e+02 1.584070000000000023e-06
5.251739999999999782e+02 1.568300000000000087e-06
5.256739999999999782e+02 1.552689999999999910e-06
5.261739999999999782e+02 1.537239999999999914e-06
5.266739999999999782e+02 1.521940000000000035e-06
5.271739999999999782e+02 1.506799999999999914e-06
5.276739999999999782e+02 1.491800000000000057e-06
5.281739999999999782e+02 1.476949999999999894e-06
5.286739999999999782e+02 1.462250000000000061e-06
5.291739999999999782e+02 1.447699999999999920e-06
5.296739999999999782e+02 1.433290000000000045e-06
5.301739999999999782e+02 1.419030000000000075e-06
5.306739999999999782e+02 1.404909999999999946e-06
5.311739999999999782e+02 1.390920000000000017e-06
5.316739999999999782e+02 1.377079999999999993e-06
5.321739999999999782e+02 1.363380000000000023e-06
5.326739999999999782e+02 1.349810000000000041e-06
5.331739999999999782e+02 1.336370000000000048e-06
5.336739999999999782e+02 1.323069999999999896e-06
5.341739999999999782e+02 1.309910000000000008e-06
5.346739999999999782e+02 1.296870000000000045e-06
5.351739999999999782e+02 1.283960000000000070e-06
5.356739999999999782e+02 1.271180000000000084e-06
5.361739999999999782e+02 1.258530000000000087e-06
5.366739999999999782e+02 1.246010000000000078e-06
5.371739999999999782e+02 1.233609999999999993e-06
5.376739999999999782e+02 1.221330000000000045e-06
5.381739999999999782e+02 1.209180000000000085e-06
5.386739999999999782e+02 1.197139999999999985e-06
5.391739999999999782e+02 1.185230000000000085e-06
5.396739999999999782e+02 1.173430000000000046e-06
5.401739999999999782e+02 1.161759999999999995e-06
5.406739999999999782e+02 1.150189999999999952e-06
5.411739999999999782e+02 1.138749999999999897e-06
5.416739999999999782e+02 1.127419999999999914e-06
5.421739999999999782e+02 1.116200000000000003e-06
5.426739999999999782e+02 1.105089999999999951e-06
5.431739999999999782e+02 1.094089999999999972e-06
5.436739999999999782e+02 1.083200000000000064e-06
5.441739999999999782e+02 1.072420000000000017e-06
5.446739999999999782e+02 1.061750000000000041e-06
5.451739999999999782e+02 1.051180000000000073e-06
5.456739999999999782e+02 1.040719999999999965e-06
5.461739999999999782e+02 1.030360000000000076e-06
5.466739999999999782e+02 1.020110000000000047e-06
5.471739999999999782e+02 1.009960000000000025e-06
5.476739999999999782e+02 9.999079999999999563e-07
5.481739999999999782e+02 9.899569999999999223e-07
5.486739999999999782e+02 9.801050000000000800e-07
5.491739999999999782e+02 9.703509999999999782e-07
5.496739999999999782e+02 9.606950000000000405e-07
5.501739999999999782e+02 9.511339999999999723e-07
5.506739999999999782e+02 9.416690000000000130e-07
5.511739999999999782e+02 9.322980000000000014e-07
5.516739999999999782e+02 9.230200000000000159e-07
5.521739999999999782e+02 9.138340000000000288e-07
5.526739999999999782e+02 9.047400000000000401e-07
5.531739999999999782e+02 8.957370000000000223e-07
5.536739999999999782e+02 8.868230000000000260e-07
5.541739999999999782e+02 8.779970000000000236e-07
5.546739999999999782e+02 8.692600000000000427e-07
5.551739999999999782e+02 8.606090000000000005e-07
5.556739999999999782e+02 8.520450000000000305e-07
5.561739999999999782e+02 8.435659999999999716e-07
5.566739999999999782e+02 8.351710000000000079e-07
5.571739999999999782e+02 8.268600000000000336e-07
5.576739999999999782e+02 8.186320000000000211e-07
5.581739999999999782e+02 8.104850000000000210e-07
5.586739999999999782e+02 8.024190000000000333e-07
5.591739999999999782e+02 7.944339999999999522e-07
5.596739999999999782e+02 7.865289999999999618e-07
5.601739999999999782e+02 7.787009999999999793e-07
5.606739999999999782e+02 7.709519999999999541e-07
5.611739999999999782e+02 7.632800000000000426e-07
5.616739999999999782e+02 7.556850000000000332e-07
5.621739999999999782e+02 7.481639999999999488e-07
5.626739999999999782e+02 7.407189999999999507e-07
5.631739999999999782e+02 7.333479999999999834e-07
5.636739999999999782e+02 7.260500000000000196e-07
5.641739999999999782e+02 7.188249999999999533e-07
5.646739999999999782e+02 7.116719999999999685e-07
5.651739999999999782e+02 7.045900000000000379e-07
5.656739999999999782e+02 6.975780000000000278e-07
5.661739999999999782e+02 6.906360000000000441e-07
5.666739999999999782e+02 6.837639999999999810e-07
5.671739999999999782e+02 6.769589999999999673e-07
5.676739999999999782e+02 6.702229999999999526e-07
5.681739999999999782e+02 6.635529999999999597e-07
5.686739999999999782e+02 6.569500000000000163e-07
5.691739999999999782e+02 6.504129999999999889e-07
5.696739999999999782e+02 6.439400000000000341e-07
5.701739999999999782e+02 6.375319999999999677e-07
5.706739999999999782e+02 6.311879999999999739e-07
5.711739999999999782e+02 6.249070000000000251e-07
5.716739999999999782e+02 6.186879999999999877e-07
5.721739999999999782e+02 6.125319999999999953e-07
5.726739999999999782e+02 6.064359999999999651e-07
5.731739999999999782e+02 6.004010000000000305e-07
5.736739999999999782e+02 5.944269999999999798e-07
5.741739999999999782e+02 5.885119999999999695e-07
5.746739999999999782e+02 5.826549999999999721e-07
5.751739999999999782e+02 5.768570000000000150e-07
5.756739999999999782e+02 5.711169999999999650e-07
5.761739999999999782e+02 5.654340000000000060e-07
5.766739999999999782e+02 5.598070000000000046e-07
5.771739999999999782e+02 5.542359999999999609e-07
5.776739999999999782e+02 5.487209999999999807e-07
5.781739999999999782e+02 5.432610000000000363e-07
5.786739999999999782e+02 5.378549999999999944e-07
5.791739999999999782e+02 5.325020000000000391e-07
5.796739999999999782e+02 5.272029999999999861e-07
5.801739999999999782e+02 5.219570000000000197e-07
5.806739999999999782e+02 5.167630000000000064e-07
5.811739999999999782e+02 5.116210000000000521e-07
5.816739999999999782e+02 5.065300000000000233e-07
5.821739999999999782e+02 5.014889999999999982e-07
5.821739999999999782e+02 5.014889999999999982e-07
5.822140000000000555e+02 5.011389999999999719e-07
5.822540000000000191e+02 5.007380000000000201e-07
5.823339999999999463e+02 4.999360000000000107e-07
5.824940000000000282e+02 4.983359999999999964e-07
5.828139999999999645e+02 4.951450000000000044e-07
5.833139999999999645e+02 4.901930000000000008e-07
5.838139999999999645e+02 4.853059999999999915e-07
5.843139999999999645e+02 4.804769999999999951e-07
5.848139999999999645e+02 4.756950000000000254e-07
5.853139999999999645e+02 4.709619999999999790e-07
5.858139999999999645e+02 4.662749999999999847e-07
5.863139999999999645e+02 4.616350000000000173e-07
5.868139999999999645e+02 4.570420000000000238e-07
5.873139999999999645e+02 4.524940000000000018e-07
5.878139999999999645e+02 4.479910000000000045e-07
5.883139999999999645e+02 4.435329999999999787e-07
5.888139999999999645e+02 4.391190000000000028e-07
5.893139999999999645e+02 4.347499999999999986e-07
5.898139999999999645e+02 4.304240000000000166e-07
5.903139999999999645e+02 4.261410000000000040e-07
5.908139999999999645e+02 4.218999999999999861e-07
5.913139999999999645e+02 4.177019999999999905e-07
5.918139999999999645e+02 4.135450000000000148e-07
5.923139999999999645e+02 4.094299999999999810e-07
5.928139999999999645e+02 4.053560000000000201e-07
5.933139999999999645e+02 4.013219999999999986e-07
5.938139999999999645e+02 3.973289999999999972e-07
5.943139999999999645e+02 3.933750000000000136e-07
5.948139999999999645e+02 3.894610000000000223e-07
5.953139999999999645e+02 3.855850000000000212e-07
5.958139999999999645e+02 3.817479999999999850e-07
5.963139999999999645e+02 3.779500000000000194e-07
5.968139999999999645e+02 3.741890000000000163e-07
5.973139999999999645e+02 3.704649999999999758e-07
5.978139999999999645e+02 3.667789999999999784e-07
5.983139999999999645e+02 3.631290000000000219e-07
5.988139999999999645e+02 3.595159999999999749e-07
5.993139999999999645e+02 3.559379999999999941e-07
5.998139999999999645e+02 3.523960000000000011e-07
6.003139999999999645e+02 3.488899999999999961e-07
6.008139999999999645e+02 3.454179999999999766e-07
6.013139999999999645e+02 3.419810000000000233e-07
6.018139999999999645e+02 3.385780000000000027e-07
6.023139999999999645e+02 3.352090000000000207e-07
6.028139999999999645e+02 3.318729999999999966e-07
6.033139999999999645e+02 3.285710000000000111e-07
6.038139999999999645e+02 3.253010000000000090e-07
6.043139999999999645e+02 3.220640000000000178e-07
6.048139999999999645e+02 3.188590000000000099e-07
6.053139999999999645e+02 3.156870000000000130e-07
6.058139999999999645e+02 3.125449999999999972e-07
6.063139999999999645e+02 3.094350000000000176e-07
6.068139999999999645e+02 3.063559999999999938e-07
6.073139999999999645e+02 3.033079999999999787e-07
6.078139999999999645e+02 3.002899999999999976e-07
6.083139999999999645e+02 2.973010000000000229e-07
6.088139999999999645e+02 2.943430000000000040e-07
6.093139999999999645e+02 2.914139999999999915e-07
6.098139999999999645e+02 2.885139999999999853e-07
6.103139999999999645e+02 2.856440000000000133e-07
6.108139999999999645e+02 2.828009999999999924e-07
6.113139999999999645e+02 2.799869999999999779e-07
6.118139999999999645e+02 2.772009999999999952e-07
6.123139999999999645e+02 2.744429999999999912e-07
6.128139999999999645e+02 2.717119999999999915e-07
6.133139999999999645e+02 2.690079999999999958e-07
6.138139999999999645e+02 2.663310000000000044e-07
6.143139999999999645e+02 2.636810000000000170e-07
6.148139999999999645e+02 2.610570000000000062e-07
6.153139999999999645e+02 2.584599999999999996e-07
6.158139999999999645e+02 2.558879999999999948e-07
6.163139999999999645e+02 2.533420000000000195e-07
6.168139999999999645e+02 2.508209999999999932e-07
6.173139999999999645e+02 2.483250000000000217e-07
6.178139999999999645e+02 2.458539999999999991e-07
6.183139999999999645e+02 2.434070000000000037e-07
6.188139999999999645e+02 2.409850000000000102e-07
6.193139999999999645e+02 2.385869999999999910e-07
6.198139999999999645e+02 2.362129999999999990e-07
6.203139999999999645e+02 2.338630000000000077e-07
6.208139999999999645e+02 2.315359999999999896e-07
6.213139999999999645e+02 2.292319999999999975e-07
6.218139999999999645e+02 2.269510000000000051e-07
6.223139999999999645e+02 2.246930000000000123e-07
6.228139999999999645e+02 2.224569999999999915e-07
6.233139999999999645e+02 2.202429999999999956e-07
6.238139999999999645e+02 2.180519999999999993e-07
6.243139999999999645e+02 2.158820000000000004e-07
6.248139999999999645e+02 2.137340000000000000e-07
6.253139999999999645e+02 2.116069999999999969e-07
6.258139999999999645e+02 2.095009999999999911e-07
6.263139999999999645e+02 2.074170000000000103e-07
6.268139999999999645e+02 2.053529999999999992e-07
6.273139999999999645e+02 2.033100000000000120e-07
6.278139999999999645e+02 2.012859999999999933e-07
6.283139999999999645e+02 1.992839999999999996e-07
6.288139999999999645e+02 1.973010000000000010e-07
6.293139999999999645e+02 1.953369999999999974e-07
6.298139999999999645e+02 1.933939999999999912e-07
6.303139999999999645e+02 1.914690000000000054e-07
6.308139999999999645e+02 1.895639999999999894e-07
6.313139999999999645e+02 1.876779999999999948e-07
6.318139999999999645e+02 1.858099999999999942e-07
6.323139999999999645e+02 1.839609999999999887e-07
6.328139999999999645e+02 1.821310000000000048e-07
6.333139999999999645e+02 1.803189999999999883e-07
6.338139999999999645e+02 1.785239999999999911e-07
6.343139999999999645e+02 1.767479999999999889e-07
6.348139999999999645e+02 1.749890000000000061e-07
6.353139999999999645e+02 1.732479999999999907e-07
6.358139999999999645e+02 1.715239999999999946e-07
6.363139999999999645e+02 1.698169999999999913e-07
6.368139999999999645e+02 1.681280000000000084e-07
6.373139999999999645e+02 1.664549999999999907e-07
6.378139999999999645e+02 1.647979999999999911e-07
6.383139999999999645e+02 1.631580000000000108e-07
6.388139999999999645e+02 1.615349999999999969e-07
6.393139999999999645e+02 1.599280000000000011e-07
6.398139999999999645e+02 1.583359999999999959e-07
6.403139999999999645e+02 1.567610000000000099e-07
6.408139999999999645e+02 1.552009999999999880e-07
6.413139999999999645e+02 1.536570000000000107e-07
6.418139999999999645e+02 1.521279999999999974e-07
6.423139999999999645e+02 1.506140000000000012e-07
6.428139999999999645e+02 1.491149999999999955e-07
6.433139999999999645e+02 1.476310000000000069e-07
6.438139999999999645e+02 1.461620000000000087e-07
6.443139999999999645e+02 1.447080000000000011e-07
6.448139999999999645e+02 1.432680000000000094e-07
6.453139999999999645e+02 1.418430000000000082e-07
6.458139999999999645e+02 1.404309999999999953e-07
6.463139999999999645e+02 1.390339999999999994e-07
6.468139999999999645e+02 1.376499999999999918e-07
6.473139999999999645e+02 1.362810000000000012e-07
6.478139999999999645e+02 1.349249999999999988e-07
6.483139999999999645e+02 1.335820000000000112e-07
6.488139999999999645e+02 1.322530000000000130e-07
6.493139999999999645e+02 1.309370000000000031e-07
6.498139999999999645e+02 1.296340000000000079e-07
6.503139999999999645e+02 1.283440000000000010e-07
6.508139999999999645e+02 1.270670000000000088e-07
6.513139999999999645e+02 1.258030000000000049e-07
6.518139999999999645e+02 1.245509999999999881e-07
6.523139999999999645e+02 1.233120000000000126e-07
6.528139999999999645e+02 1.220849999999999977e-07
6.533139999999999645e+02 1.208699999999999964e-07
6.538139999999999645e+02 1.196670000000000087e-07
6.543139999999999645e+02 1.184759999999999950e-07
6.548139999999999645e+02 1.172969999999999948e-07
6.553139999999999645e+02 1.161299999999999950e-07
6.558139999999999645e+02 1.149749999999999956e-07
6.563139999999999645e+02 1.138309999999999954e-07
6.568139999999999645e+02 1.126979999999999944e-07
6.573139999999999645e+02 1.115769999999999939e-07
6.578139999999999645e+02 1.104660000000000046e-07
6.583139999999999645e+02 1.093670000000000025e-07
6.588139999999999645e+02 1.082789999999999997e-07
6.593139999999999645e+02 1.072019999999999960e-07
6.598139999999999645e+02 1.061350000000000038e-07
6.603139999999999645e+02 1.050789999999999975e-07
6.608139999999999645e+02 1.040330000000000025e-07
6.613139999999999645e+02 1.029979999999999936e-07
6.618139999999999645e+02 1.019729999999999960e-07
6.623139999999999645e+02 1.009589999999999976e-07
6.628139999999999645e+02 9.995399999999999625e-08
6.633139999999999645e+02 9.895940000000000136e-08
6.638139999999999645e+02 9.797469999999999917e-08
6.643139999999999645e+02 9.699979999999999750e-08
6.648139999999999645e+02 9.603469999999999636e-08
6.653139999999999645e+02 9.507910000000000598e-08
6.658139999999999645e+02 9.413299999999999992e-08
6.663139999999999645e+02 9.319640000000000462e-08
6.668139999999999645e+02 9.226900000000000387e-08
6.673139999999999645e+02 9.135090000000000308e-08
6.678139999999999645e+02 9.044190000000000467e-08
6.683139999999999645e+02 8.954199999999999540e-08
6.688139999999999645e+02 8.865100000000000416e-08
6.693139999999999645e+02 8.776890000000000449e-08
6.698139999999999645e+02 8.689560000000000421e-08
6.703139999999999645e+02 8.603099999999999791e-08
6.708139999999999645e+02 8.517490000000000125e-08
6.713139999999999645e+02 8.432740000000000640e-08
6.718139999999999645e+02 8.348830000000000254e-08
6.723139999999999645e+02 8.265760000000000292e-08
6.728139999999999645e+02 8.183509999999999671e-08
6.733139999999999645e+02 8.102079999999999716e-08
6.738139999999999645e+02 8.021459999999999884e-08
6.743139999999999645e+02 7.941650000000000178e-08
6.748139999999999645e+02 7.862629999999999514e-08
6.753139999999999645e+02 7.784389999999999999e-08
6.758139999999999645e+02 7.706930000000000310e-08
6.763139999999999645e+02 7.630250000000000446e-08
6.768139999999999645e+02 7.554320000000000110e-08
6.773139999999999645e+02 7.479149999999999841e-08
6.778139999999999645e+02 7.404730000000000423e-08
6.783139999999999645e+02 7.331060000000000531e-08
