1.668629999999999995e+02 4.147590000000000304e-02
1.668679999999999950e+02 4.148049999999999654e-02
1.668700000000000045e+02 4.148269999999999735e-02
1.668720000000000141e+02 4.148419999999999885e-02
1.668729999999999905e+02 4.148500000000000104e-02
1.668739999999999952e+02 4.148609999999999798e-02
1.668739999999999952e+02 4.148650000000000254e-02
1.668750000000000000e+02 4.148670000000000135e-02
1.668890000000000100e+02 4.149939999999999879e-02
1.668870000000000005e+02 4.149739999999999679e-02
1.668859999999999957e+02 4.149699999999999916e-02
1.668830000000000098e+02 4.149459999999999954e-02
1.668820000000000050e+02 4.149350000000000260e-02
1.668810000000000002e+02 4.149280000000000329e-02
1.668789999999999907e+02 4.149030000000000079e-02
1.668770000000000095e+02 4.148890000000000217e-02
1.668760000000000048e+02 4.148809999999999998e-02
1.668760000000000048e+02 4.148770000000000235e-02
1.668750000000000000e+02 4.148749999999999660e-02
1.668729999999999905e+02 4.148530000000000273e-02
1.668760000000000048e+02 4.148820000000000285e-02
1.668810000000000002e+02 4.149209999999999704e-02
1.668870000000000005e+02 4.149780000000000135e-02
1.668870000000000005e+02 4.149749999999999966e-02
1.668859999999999957e+02 4.149710000000000204e-02
1.668859999999999957e+02 4.149690000000000323e-02
1.668859999999999957e+02 4.149660000000000154e-02
1.668849999999999909e+02 4.149629999999999985e-02
1.668839999999999861e+02 4.149470000000000242e-02
1.668830000000000098e+02 4.149429999999999785e-02
1.668830000000000098e+02 4.149400000000000310e-02
1.668830000000000098e+02 4.149459999999999954e-02
1.668839999999999861e+02 4.149490000000000123e-02
1.668839999999999861e+02 4.149499999999999716e-02
1.668839999999999861e+02 4.149510000000000004e-02
1.668839999999999861e+02 4.149510000000000004e-02
1.668839999999999861e+02 4.149510000000000004e-02
1.668839999999999861e+02 4.149520000000000292e-02
1.668839999999999861e+02 4.149540000000000173e-02
1.668839999999999861e+02 4.149540000000000173e-02
1.668839999999999861e+02 4.149540000000000173e-02
1.668839999999999861e+02 4.149529999999999885e-02
1.668839999999999861e+02 4.149529999999999885e-02
1.668859999999999957e+02 4.149730000000000085e-02
1.668870000000000005e+02 4.149819999999999898e-02
1.668859999999999957e+02 4.149690000000000323e-02
1.668849999999999909e+02 4.149640000000000273e-02
1.668849999999999909e+02 4.149610000000000104e-02
1.668849999999999909e+02 4.149570000000000342e-02
1.668839999999999861e+02 4.149540000000000173e-02
1.668839999999999861e+02 4.149540000000000173e-02
1.668839999999999861e+02 4.149520000000000292e-02
1.668859999999999957e+02 4.149710000000000204e-02
1.668880000000000052e+02 4.149859999999999660e-02
1.668930000000000007e+02 4.150299999999999823e-02
1.669029999999999916e+02 4.151250000000000079e-02
1.669149999999999920e+02 4.152259999999999979e-02
1.669389999999999930e+02 4.154429999999999928e-02
1.669629999999999939e+02 4.156660000000000216e-02
1.670130000000000052e+02 4.161170000000000146e-02
1.670629999999999882e+02 4.165699999999999958e-02
1.671090000000000089e+02 4.169830000000000064e-02
1.671390000000000100e+02 4.172599999999999920e-02
1.671949999999999932e+02 4.177630000000000232e-02
1.672450000000000045e+02 4.182229999999999975e-02
1.673360000000000127e+02 4.190610000000000168e-02
1.674190000000000111e+02 4.198269999999999780e-02
1.675709999999999980e+02 4.212280000000000191e-02
1.678460000000000036e+02 4.238019999999999982e-02
1.680949999999999989e+02 4.261729999999999685e-02
1.685949999999999989e+02 4.310039999999999705e-02
1.690949999999999989e+02 4.359509999999999774e-02
1.695949999999999989e+02 4.410139999999999894e-02
1.700949999999999989e+02 4.461939999999999656e-02
1.705949999999999989e+02 4.514900000000000163e-02
1.710949999999999989e+02 4.569020000000000026e-02
1.715949999999999989e+02 4.624310000000000226e-02
1.720949999999999989e+02 4.680759999999999782e-02
1.725949999999999989e+02 4.738379999999999675e-02
1.730949999999999989e+02 4.797160000000000313e-02
1.735949999999999989e+02 4.857109999999999900e-02
1.740949999999999989e+02 4.918240000000000112e-02
1.745949999999999989e+02 4.980539999999999967e-02
1.750949999999999989e+02 5.044019999999999754e-02
1.755949999999999989e+02 5.108680000000000165e-02
1.760949999999999989e+02 5.174519999999999814e-02
1.765949999999999989e+02 5.241559999999999969e-02
1.770949999999999989e+02 5.309780000000000055e-02
1.775949999999999989e+02 5.379199999999999954e-02
1.780949999999999989e+02 5.449819999999999665e-02
1.785949999999999989e+02 5.521650000000000169e-02
1.790949999999999989e+02 5.594690000000000080e-02
1.795949999999999989e+02 5.668929999999999803e-02
1.800949999999999989e+02 5.744400000000000200e-02
1.805949999999999989e+02 5.821090000000000292e-02
1.810949999999999989e+02 5.899000000000000077e-02
1.815949999999999989e+02 5.978150000000000130e-02
1.820949999999999989e+02 6.058530000000000165e-02
1.825949999999999989e+02 6.140149999999999775e-02
1.830949999999999989e+02 6.223010000000000347e-02
1.835949999999999989e+02 6.307129999999999681e-02
1.840949999999999989e+02 6.392490000000000672e-02
1.845949999999999989e+02 6.479119999999999324e-02
1.850949999999999989e+02 6.567009999999999514e-02
1.855949999999999989e+02 6.656159999999999854e-02
1.860939999999999941e+02 6.746580000000000632e-02
1.865939999999999941e+02 6.838279999999999359e-02
1.870939999999999941e+02 6.931260000000000199e-02
1.875939999999999941e+02 7.025520000000000376e-02
1.880939999999999941e+02 7.121059999999999890e-02
1.885939999999999941e+02 7.217899999999999316e-02
1.890939999999999941e+02 7.316029999999999756e-02
1.895939999999999941e+02 7.415449999999999819e-02
1.900939999999999941e+02 7.516180000000000083e-02
1.905939999999999941e+02 7.618210000000000259e-02
1.910939999999999941e+02 7.721550000000000635e-02
1.915939999999999941e+02 7.826199999999999823e-02
1.920939999999999941e+02 7.932169999999999499e-02
1.925939999999999941e+02 8.039440000000000475e-02
1.930939999999999941e+02 8.148039999999999450e-02
1.935939999999999941e+02 8.257960000000000300e-02
1.940939999999999941e+02 8.369200000000000250e-02
1.945939999999999941e+02 8.481760000000000688e-02
1.950939999999999941e+02 8.595659999999999412e-02
1.955939999999999941e+02 8.710880000000000012e-02
1.960939999999999941e+02 8.827429999999999999e-02
1.965939999999999941e+02 8.945319999999999661e-02
1.970939999999999941e+02 9.064540000000000097e-02
1.975939999999999941e+02 9.185100000000000209e-02
1.980939999999999941e+02 9.306989999999999708e-02
1.985939999999999941e+02 9.430220000000000269e-02
1.990939999999999941e+02 9.554780000000000217e-02
1.995939999999999941e+02 9.680690000000000128e-02
2.000939999999999941e+02 9.807939999999999714e-02
2.005939999999999941e+02 9.936520000000000075e-02
2.010939999999999941e+02 1.006640000000000035e-01
2.015939999999999941e+02 1.019769999999999982e-01
2.020939999999999941e+02 1.033030000000000059e-01
2.025939999999999941e+02 1.046429999999999999e-01
2.030939999999999941e+02 1.059950000000000059e-01
2.035939999999999941e+02 1.073619999999999991e-01
2.040939999999999941e+02 1.087410000000000043e-01
2.045939999999999941e+02 1.101339999999999958e-01
2.050939999999999941e+02 1.115410000000000013e-01
2.055939999999999941e+02 1.129600000000000048e-01
2.060939999999999941e+02 1.143939999999999957e-01
2.065939999999999941e+02 1.158399999999999985e-01
2.070939999999999941e+02 1.173000000000000015e-01
2.075939999999999941e+02 1.187730000000000036e-01
2.080939999999999941e+02 1.202590000000000048e-01
2.085939999999999941e+02 1.217590000000000061e-01
2.090939999999999941e+02 1.232720000000000066e-01
2.095939999999999941e+02 1.247980000000000061e-01
2.100939999999999941e+02 1.263370000000000049e-01
2.105939999999999941e+02 1.278900000000000037e-01
2.110939999999999941e+02 1.294559999999999877e-01
2.115939999999999941e+02 1.310350000000000126e-01
2.120939999999999941e+02 1.326269999999999949e-01
2.125939999999999941e+02 1.342319999999999902e-01
2.130939999999999941e+02 1.358499999999999985e-01
2.135939999999999941e+02 1.374819999999999931e-01
2.140939999999999941e+02 1.391259999999999997e-01
2.145939999999999941e+02 1.407839999999999925e-01
2.149139999999999873e+02 1.418510000000000049e-01
2.150740000000000123e+02 1.423870000000000136e-01
2.151539999999999964e+02 1.426560000000000050e-01
2.151939999999999884e+02 1.427900000000000003e-01
2.152139999999999986e+02 1.428570000000000118e-01
2.152139999999999986e+02 1.428570000000000118e-01
2.152340000000000089e+02 1.429239999999999955e-01
2.152740000000000009e+02 1.430589999999999917e-01
2.153540000000000134e+02 1.433280000000000109e-01
2.155140000000000100e+02 1.438679999999999959e-01
2.158340000000000032e+02 1.449499999999999955e-01
2.163340000000000032e+02 1.466530000000000056e-01
2.168340000000000032e+02 1.483690000000000009e-01
2.173340000000000032e+02 1.500970000000000082e-01
2.178340000000000032e+02 1.518380000000000007e-01
2.183340000000000032e+02 1.535930000000000073e-01
2.188340000000000032e+02 1.553589999999999971e-01
2.193340000000000032e+02 1.571390000000000009e-01
2.198340000000000032e+02 1.589319999999999899e-01
2.203340000000000032e+02 1.607369999999999910e-01
2.208340000000000032e+02 1.625550000000000050e-01
2.213340000000000032e+02 1.643850000000000033e-01
2.218340000000000032e+02 1.662279999999999869e-01
2.223340000000000032e+02 1.680840000000000112e-01
2.228340000000000032e+02 1.699519999999999920e-01
2.233340000000000032e+02 1.718330000000000135e-01
2.238340000000000032e+02 1.737259999999999915e-01
2.243340000000000032e+02 1.756320000000000103e-01
2.248340000000000032e+02 1.775500000000000134e-01
2.253340000000000032e+02 1.794810000000000016e-01
2.258340000000000032e+02 1.814240000000000019e-01
2.263340000000000032e+02 1.833799999999999875e-01
2.268340000000000032e+02 1.853470000000000117e-01
2.273340000000000032e+02 1.873269999999999935e-01
2.278340000000000032e+02 1.893199999999999883e-01
2.283340000000000032e+02 1.913239999999999941e-01
2.288340000000000032e+02 1.933410000000000128e-01
2.293340000000000032e+02 1.953699999999999881e-01
2.298340000000000032e+02 1.974110000000000031e-01
2.303340000000000032e+02 1.994640000000000024e-01
2.308340000000000032e+02 2.015299999999999869e-01
2.313340000000000032e+02 2.036070000000000102e-01
2.318340000000000032e+02 2.056969999999999910e-01
2.323340000000000032e+02 2.077980000000000105e-01
2.328340000000000032e+02 2.099119999999999875e-01
2.333340000000000032e+02 2.120370000000000033e-01
2.338340000000000032e+02 2.141750000000000043e-01
2.343340000000000032e+02 2.163239999999999885e-01
2.348340000000000032e+02 2.184850000000000125e-01
2.353340000000000032e+02 2.206579999999999930e-01
2.358340000000000032e+02 2.228430000000000133e-01
2.363340000000000032e+02 2.250399999999999900e-01
2.368340000000000032e+02 2.272480000000000055e-01
2.373340000000000032e+02 2.294680000000000053e-01
2.378340000000000032e+02 2.316999999999999893e-01
2.383340000000000032e+02 2.339440000000000131e-01
2.388340000000000032e+02 2.361989999999999923e-01
2.393340000000000032e+02 2.384660000000000113e-01
2.398340000000000032e+02 2.407449999999999868e-01
2.403340000000000032e+02 2.430350000000000010e-01
2.408340000000000032e+02 2.453369999999999995e-01
2.413340000000000032e+02 2.476500000000000090e-01
2.418340000000000032e+02 2.499750000000000028e-01
2.423340000000000032e+02 2.523110000000000075e-01
2.428340000000000032e+02 2.546590000000000242e-01
2.433340000000000032e+02 2.570180000000000242e-01
2.438340000000000032e+02 2.593889999999999807e-01
2.443340000000000032e+02 2.617720000000000047e-01
2.448340000000000032e+02 2.641649999999999832e-01
2.453340000000000032e+02 2.665699999999999736e-01
2.458340000000000032e+02 2.689869999999999761e-01
2.463340000000000032e+02 2.714139999999999886e-01
2.468340000000000032e+02 2.738530000000000131e-01
2.473340000000000032e+02 2.763039999999999941e-01
2.478340000000000032e+02 2.787660000000000138e-01
2.483340000000000032e+02 2.812390000000000168e-01
2.488340000000000032e+02 2.837230000000000030e-01
2.493340000000000032e+02 2.862179999999999724e-01
2.498340000000000032e+02 2.887250000000000094e-01
2.503340000000000032e+02 2.912429999999999741e-01
2.508340000000000032e+02 2.937719999999999776e-01
2.513340000000000032e+02 2.963120000000000198e-01
2.518340000000000032e+02 2.988629999999999898e-01
2.523340000000000032e+02 3.014260000000000272e-01
2.528340000000000032e+02 3.039990000000000192e-01
2.533340000000000032e+02 3.065840000000000232e-01
2.538340000000000032e+02 3.091789999999999816e-01
2.543340000000000032e+02 3.117860000000000076e-01
2.548340000000000032e+02 3.144040000000000168e-01
2.553340000000000032e+02 3.170330000000000092e-01
2.558340000000000032e+02 3.196729999999999849e-01
2.563340000000000032e+02 3.223239999999999994e-01
2.568340000000000032e+02 3.249859999999999971e-01
2.573340000000000032e+02 3.276589999999999780e-01
2.578340000000000032e+02 3.303429999999999978e-01
2.583340000000000032e+02 3.330380000000000007e-01
2.588340000000000032e+02 3.357430000000000136e-01
2.593340000000000032e+02 3.384599999999999831e-01
2.598340000000000032e+02 3.411879999999999913e-01
2.603340000000000032e+02 3.439269999999999827e-01
2.608340000000000032e+02 3.466759999999999842e-01
2.613340000000000032e+02 3.494369999999999976e-01
2.618340000000000032e+02 3.522080000000000211e-01
2.623340000000000032e+02 3.549900000000000277e-01
2.628340000000000032e+02 3.577830000000000177e-01
2.633330000000000268e+02 3.605860000000000176e-01
2.638330000000000268e+02 3.634009999999999740e-01
2.643330000000000268e+02 3.662270000000000247e-01
2.648330000000000268e+02 3.690629999999999744e-01
2.653330000000000268e+02 3.719100000000000183e-01
2.658330000000000268e+02 3.747679999999999900e-01
2.663330000000000268e+02 3.776370000000000005e-01
2.668330000000000268e+02 3.805169999999999941e-01
2.673330000000000268e+02 3.834069999999999978e-01
2.678330000000000268e+02 3.863079999999999847e-01
2.683330000000000268e+02 3.892189999999999817e-01
2.688330000000000268e+02 3.921430000000000193e-01
2.693330000000000268e+02 3.950759999999999827e-01
2.698330000000000268e+02 3.980199999999999849e-01
2.703330000000000268e+02 4.009750000000000258e-01
2.708330000000000268e+02 4.039409999999999945e-01
2.713330000000000268e+02 4.069169999999999732e-01
2.718330000000000268e+02 4.099050000000000193e-01
2.723330000000000268e+02 4.129030000000000200e-01
2.728330000000000268e+02 4.159109999999999752e-01
2.733330000000000268e+02 4.189309999999999978e-01
2.738330000000000268e+02 4.219609999999999750e-01
2.743330000000000268e+02 4.250010000000000177e-01
2.748330000000000268e+02 4.280519999999999881e-01
2.753330000000000268e+02 4.311139999999999972e-01
2.758330000000000268e+02 4.341869999999999896e-01
2.763330000000000268e+02 4.372690000000000188e-01
2.768330000000000268e+02 4.403630000000000044e-01
2.773330000000000268e+02 4.434679999999999733e-01
2.778330000000000268e+02 4.465830000000000077e-01
2.783330000000000268e+02 4.497090000000000254e-01
2.788330000000000268e+02 4.528460000000000263e-01
2.793330000000000268e+02 4.559920000000000084e-01
2.798330000000000268e+02 4.591500000000000026e-01
2.803330000000000268e+02 4.623189999999999800e-01
2.808330000000000268e+02 4.654980000000000229e-01
2.813330000000000268e+02 4.686879999999999935e-01
2.818330000000000268e+02 4.718890000000000029e-01
2.823330000000000268e+02 4.750989999999999935e-01
2.828330000000000268e+02 4.783209999999999962e-01
2.833330000000000268e+02 4.815539999999999821e-01
2.838330000000000268e+02 4.847960000000000047e-01
2.843330000000000268e+02 4.880499999999999838e-01
2.848330000000000268e+02 4.913150000000000017e-01
2.853330000000000268e+02 4.945890000000000009e-01
2.858330000000000268e+02 4.978750000000000120e-01
2.863330000000000268e+02 5.011719999999999509e-01
2.868330000000000268e+02 5.044710000000000027e-01
2.873330000000000268e+02 5.077890000000000459e-01
2.878330000000000268e+02 5.111179999999999612e-01
2.883330000000000268e+02 5.144560000000000244e-01
2.888330000000000268e+02 5.178059999999999885e-01
2.893330000000000268e+02 5.211670000000000469e-01
2.898330000000000268e+02 5.245370000000000310e-01
2.903330000000000268e+02 5.279199999999999449e-01
2.908330000000000268e+02 5.313130000000000353e-01
2.913330000000000268e+02 5.347150000000000514e-01
2.918330000000000268e+02 5.381299999999999972e-01
2.923330000000000268e+02 5.415560000000000374e-01
2.928330000000000268e+02 5.449910000000000032e-01
2.933330000000000268e+02 5.484379999999999811e-01
2.938330000000000268e+02 5.518950000000000244e-01
2.943330000000000268e+02 5.553630000000000511e-01
2.948330000000000268e+02 5.588419999999999499e-01
2.953330000000000268e+02 5.623320000000000540e-01
2.958330000000000268e+02 5.658330000000000304e-01
2.963330000000000268e+02 5.693449999999999900e-01
2.968330000000000268e+02 5.728670000000000151e-01
2.973330000000000268e+02 5.764019999999999699e-01
2.978330000000000268e+02 5.799459999999999615e-01
2.983330000000000268e+02 5.835010000000000474e-01
2.988330000000000268e+02 5.870699999999999807e-01
2.993330000000000268e+02 5.906460000000000043e-01
2.998330000000000268e+02 5.942340000000000400e-01
3.003330000000000268e+02 5.978329999999999478e-01
3.008330000000000268e+02 6.014429999999999499e-01
3.013330000000000268e+02 6.050630000000000175e-01
3.018330000000000268e+02 6.086939999999999573e-01
3.023330000000000268e+02 6.123359999999999914e-01
3.028330000000000268e+02 6.159890000000000088e-01
3.033330000000000268e+02 6.196559999999999846e-01
3.038330000000000268e+02 6.233319999999999972e-01
3.043330000000000268e+02 6.270179999999999643e-01
3.048330000000000268e+02 6.307169999999999721e-01
3.053330000000000268e+02 6.344250000000000167e-01
3.058330000000000268e+02 6.381449999999999623e-01
3.063330000000000268e+02 6.418679999999999941e-01
3.068330000000000268e+02 6.456100000000000172e-01
3.073330000000000268e+02 6.493630000000000235e-01
3.078330000000000268e+02 6.531270000000000131e-01
3.083330000000000268e+02 6.569019999999999859e-01
3.088319999999999936e+02 6.606880000000000530e-01
3.093319999999999936e+02 6.644799999999999596e-01
3.098319999999999936e+02 6.682879999999999932e-01
3.103319999999999936e+02 6.721080000000000387e-01
3.108319999999999936e+02 6.759399999999999853e-01
3.113319999999999936e+02 6.797830000000000261e-01
3.118319999999999936e+02 6.836360000000000214e-01
3.123319999999999936e+02 6.874959999999999960e-01
3.128319999999999936e+02 6.913719999999999866e-01
3.128319999999999936e+02 6.913719999999999866e-01
3.128519999999999754e+02 6.915270000000000028e-01
3.128820000000000050e+02 6.917600000000000415e-01
3.129420000000000073e+02 6.922249999999999792e-01
3.130319999999999823e+02 6.929250000000000131e-01
3.131669999999999732e+02 6.939750000000000085e-01
3.134370000000000118e+02 6.960739999999999705e-01
3.138419999999999845e+02 6.992319999999999647e-01
3.143419999999999845e+02 7.031429999999999625e-01
3.148419999999999845e+02 7.070640000000000258e-01
3.153419999999999845e+02 7.109969999999999901e-01
3.158419999999999845e+02 7.149419999999999664e-01
3.163419999999999845e+02 7.188989999999999547e-01
3.168419999999999845e+02 7.228660000000000085e-01
3.173419999999999845e+02 7.268449999999999633e-01
3.178419999999999845e+02 7.308329999999999549e-01
3.183419999999999845e+02 7.348350000000000160e-01
3.188419999999999845e+02 7.388479999999999492e-01
3.193419999999999845e+02 7.428719999999999768e-01
3.198419999999999845e+02 7.469090000000000451e-01
3.203419999999999845e+02 7.509569999999999856e-01
3.208419999999999845e+02 7.550189999999999957e-01
3.213419999999999845e+02 7.590909999999999602e-01
3.218419999999999845e+02 7.631740000000000190e-01
3.223419999999999845e+02 7.672639999999999461e-01
3.228419999999999845e+02 7.713710000000000289e-01
3.233419999999999845e+02 7.754900000000000126e-01
3.238419999999999845e+02 7.796189999999999509e-01
3.243419999999999845e+02 7.837610000000000410e-01
3.248419999999999845e+02 7.879159999999999497e-01
3.253419999999999845e+02 7.920779999999999488e-01
3.258419999999999845e+02 7.962559999999999638e-01
3.263419999999999845e+02 8.004459999999999908e-01
3.268419999999999845e+02 8.046520000000000339e-01
3.273419999999999845e+02 8.088659999999999739e-01
3.278419999999999845e+02 8.130920000000000369e-01
3.283419999999999845e+02 8.173200000000000465e-01
3.288419999999999845e+02 8.215700000000000225e-01
3.293419999999999845e+02 8.258320000000000105e-01
3.298419999999999845e+02 8.300790000000000113e-01
3.303419999999999845e+02 8.343650000000000233e-01
3.308419999999999845e+02 8.386630000000000473e-01
3.313419999999999845e+02 8.430429999999999868e-01
3.318419999999999845e+02 8.473659999999999526e-01
3.323419999999999845e+02 8.517019999999999591e-01
3.328419999999999845e+02 8.560039999999999871e-01
3.333419999999999845e+02 8.603640000000000176e-01
3.338419999999999845e+02 8.647359999999999491e-01
3.343419999999999845e+02 8.691529999999999534e-01
3.348419999999999845e+02 8.735509999999999664e-01
3.353419999999999845e+02 8.779599999999999627e-01
3.358419999999999845e+02 8.823769999999999669e-01
3.363419999999999845e+02 8.868120000000000447e-01
3.368419999999999845e+02 8.912590000000000234e-01
3.373419999999999845e+02 8.956969999999999654e-01
3.378419999999999845e+02 9.001689999999999969e-01
3.383410000000000082e+02 9.046539999999999582e-01
3.388410000000000082e+02 9.091350000000000264e-01
3.393410000000000082e+02 9.136450000000000404e-01
3.398410000000000082e+02 9.181679999999999842e-01
3.403410000000000082e+02 9.226900000000000102e-01
3.408410000000000082e+02 9.272380000000000067e-01
3.413410000000000082e+02 9.317990000000000439e-01
3.418410000000000082e+02 9.364069999999999894e-01
3.423410000000000082e+02 9.409939999999999971e-01
3.428410000000000082e+02 9.455940000000000456e-01
3.433410000000000082e+02 9.501969999999999583e-01
3.438410000000000082e+02 9.548229999999999773e-01
3.443410000000000082e+02 9.594620000000000370e-01
3.448410000000000082e+02 9.641239999999999810e-01
3.453410000000000082e+02 9.687890000000000112e-01
3.458410000000000082e+02 9.734680000000000000e-01
3.463410000000000082e+02 9.781330000000000302e-01
3.468410000000000082e+02 9.828369999999999607e-01
3.473410000000000082e+02 9.875549999999999606e-01
3.478410000000000082e+02 9.923140000000000294e-01
3.483410000000000082e+02 9.970579999999999998e-01
3.488410000000000082e+02 1.001819999999999933e+00
3.493410000000000082e+02 1.006590000000000096e+00
3.498410000000000082e+02 1.011379999999999946e+00
3.503410000000000082e+02 1.016180000000000083e+00
3.508410000000000082e+02 1.020969999999999933e+00
3.513410000000000082e+02 1.025789999999999980e+00
3.518410000000000082e+02 1.030629999999999935e+00
3.523410000000000082e+02 1.035449999999999982e+00
3.528410000000000082e+02 1.040319999999999911e+00
3.533410000000000082e+02 1.045190000000000063e+00
3.538410000000000082e+02 1.050100000000000033e+00
3.543410000000000082e+02 1.055010000000000003e+00
3.548410000000000082e+02 1.059930000000000039e+00
3.553410000000000082e+02 1.064840000000000009e+00
3.558410000000000082e+02 1.069790000000000019e+00
3.563410000000000082e+02 1.074750000000000094e+00
3.568410000000000082e+02 1.079709999999999948e+00
3.573410000000000082e+02 1.084699999999999998e+00
3.578410000000000082e+02 1.089699999999999891e+00
3.583410000000000082e+02 1.094759999999999955e+00
3.588410000000000082e+02 1.099790000000000045e+00
3.593410000000000082e+02 1.104829999999999979e+00
3.598410000000000082e+02 1.109890000000000043e+00
3.603399999999999750e+02 1.114959999999999951e+00
3.608399999999999750e+02 1.120049999999999990e+00
3.613399999999999750e+02 1.125140000000000029e+00
3.618399999999999750e+02 1.130260000000000042e+00
3.623399999999999750e+02 1.135380000000000056e+00
3.628399999999999750e+02 1.140500000000000069e+00
3.633399999999999750e+02 1.145659999999999901e+00
3.638399999999999750e+02 1.150830000000000020e+00
3.643399999999999750e+02 1.155999999999999917e+00
3.648399999999999750e+02 1.161200000000000010e+00
3.653399999999999750e+02 1.166409999999999947e+00
3.658399999999999750e+02 1.171669999999999989e+00
3.663399999999999750e+02 1.176919999999999966e+00
3.668399999999999750e+02 1.182169999999999943e+00
3.673399999999999750e+02 1.187440000000000051e+00
3.678399999999999750e+02 1.192730000000000068e+00
3.683399999999999750e+02 1.198029999999999928e+00
3.688399999999999750e+02 1.203379999999999894e+00
3.693399999999999750e+02 1.208709999999999951e+00
3.698399999999999750e+02 1.214059999999999917e+00
3.703399999999999750e+02 1.219510000000000094e+00
3.708399999999999750e+02 1.224879999999999969e+00
3.713399999999999750e+02 1.230269999999999975e+00
3.718399999999999750e+02 1.235729999999999995e+00
3.723399999999999750e+02 1.241149999999999975e+00
3.728399999999999750e+02 1.246580000000000021e+00
3.733399999999999750e+02 1.252040000000000042e+00
3.738399999999999750e+02 1.257500000000000062e+00
3.743399999999999750e+02 1.262979999999999992e+00
3.748399999999999750e+02 1.268459999999999921e+00
3.753399999999999750e+02 1.273959999999999981e+00
3.758399999999999750e+02 1.279479999999999951e+00
3.763399999999999750e+02 1.285009999999999986e+00
3.768399999999999750e+02 1.290559999999999929e+00
3.773399999999999750e+02 1.296119999999999939e+00
3.778389999999999986e+02 1.301679999999999948e+00
3.783389999999999986e+02 1.307269999999999932e+00
3.788389999999999986e+02 1.312880000000000047e+00
3.793389999999999986e+02 1.318529999999999980e+00
3.798389999999999986e+02 1.324170000000000069e+00
3.803389999999999986e+02 1.329830000000000068e+00
3.808389999999999986e+02 1.335509999999999975e+00
3.813389999999999986e+02 1.341199999999999948e+00
3.818389999999999986e+02 1.346899999999999986e+00
3.823389999999999986e+02 1.352640000000000065e+00
3.828389999999999986e+02 1.358370000000000077e+00
3.833389999999999986e+02 1.364119999999999999e+00
3.838389999999999986e+02 1.369879999999999987e+00
3.843389999999999986e+02 1.375660000000000105e+00
3.848389999999999986e+02 1.381450000000000067e+00
3.853389999999999986e+02 1.387270000000000003e+00
3.858389999999999986e+02 1.393100000000000005e+00
3.863389999999999986e+02 1.398940000000000072e+00
3.868389999999999986e+02 1.404770000000000074e+00
3.873389999999999986e+02 1.410639999999999894e+00
3.878389999999999986e+02 1.416520000000000001e+00
3.883389999999999986e+02 1.422439999999999927e+00
3.888389999999999986e+02 1.428360000000000074e+00
3.893389999999999986e+02 1.434290000000000065e+00
3.898389999999999986e+02 1.440199999999999925e+00
3.903389999999999986e+02 1.446159999999999890e+00
3.908389999999999986e+02 1.452129999999999921e+00
3.913389999999999986e+02 1.458169999999999966e+00
3.918389999999999986e+02 1.464180000000000037e+00
3.923389999999999986e+02 1.470199999999999951e+00
3.928380000000000223e+02 1.476220000000000088e+00
3.933380000000000223e+02 1.482269999999999976e+00
3.938380000000000223e+02 1.488339999999999996e+00
3.943380000000000223e+02 1.494450000000000056e+00
3.948380000000000223e+02 1.500550000000000050e+00
3.953380000000000223e+02 1.506669999999999954e+00
3.958380000000000223e+02 1.512790000000000079e+00
3.963380000000000223e+02 1.518929999999999891e+00
3.968380000000000223e+02 1.525090000000000057e+00
3.973380000000000223e+02 1.531300000000000106e+00
3.978380000000000223e+02 1.537490000000000023e+00
3.983380000000000223e+02 1.543700000000000072e+00
3.988380000000000223e+02 1.549909999999999899e+00
3.993380000000000223e+02 1.556149999999999922e+00
3.998380000000000223e+02 1.562400000000000011e+00
4.003380000000000223e+02 1.568699999999999983e+00
4.008380000000000223e+02 1.574989999999999890e+00
4.013380000000000223e+02 1.581290000000000084e+00
4.018380000000000223e+02 1.587569999999999926e+00
4.023380000000000223e+02 1.593909999999999938e+00
4.028380000000000223e+02 1.600260000000000016e+00
4.033380000000000223e+02 1.606640000000000068e+00
4.038380000000000223e+02 1.613019999999999898e+00
4.043380000000000223e+02 1.619420000000000082e+00
4.048380000000000223e+02 1.625820000000000043e+00
4.053369999999999891e+02 1.632249999999999979e+00
4.058369999999999891e+02 1.638689999999999980e+00
4.063369999999999891e+02 1.645140000000000047e+00
4.068369999999999891e+02 1.651610000000000023e+00
4.073369999999999891e+02 1.658099999999999907e+00
4.078369999999999891e+02 1.664630000000000054e+00
4.083369999999999891e+02 1.671149999999999913e+00
4.088369999999999891e+02 1.677689999999999904e+00
4.093369999999999891e+02 1.684229999999999894e+00
4.098369999999999891e+02 1.690800000000000081e+00
4.098369999999999891e+02 1.690800000000000081e+00
4.098570000000000277e+02 1.691060000000000008e+00
4.098870000000000005e+02 1.691459999999999964e+00
4.099320000000000164e+02 1.692050000000000054e+00
4.100000000000000000e+02 1.692939999999999889e+00
4.101009999999999991e+02 1.694269999999999943e+00
4.103029999999999973e+02 1.696939999999999893e+00
4.106070000000000277e+02 1.700949999999999962e+00
4.110629999999999882e+02 1.706970000000000098e+00
4.115629999999999882e+02 1.713600000000000012e+00
4.120629999999999882e+02 1.720239999999999991e+00
4.125620000000000118e+02 1.726890000000000036e+00
4.130620000000000118e+02 1.733549999999999924e+00
4.135620000000000118e+02 1.740240000000000009e+00
4.140620000000000118e+02 1.746939999999999937e+00
4.145620000000000118e+02 1.753659999999999997e+00
4.150620000000000118e+02 1.760399999999999965e+00
4.155620000000000118e+02 1.767149999999999999e+00
4.160620000000000118e+02 1.773910000000000098e+00
4.165620000000000118e+02 1.780690000000000106e+00
4.170620000000000118e+02 1.787490000000000023e+00
4.175620000000000118e+02 1.794289999999999941e+00
4.180620000000000118e+02 1.801120000000000054e+00
4.185620000000000118e+02 1.807970000000000077e+00
4.190620000000000118e+02 1.814840000000000009e+00
4.195620000000000118e+02 1.821709999999999940e+00
4.200620000000000118e+02 1.828600000000000003e+00
4.205620000000000118e+02 1.835460000000000091e+00
4.210620000000000118e+02 1.842379999999999907e+00
4.215620000000000118e+02 1.849320000000000075e+00
4.220620000000000118e+02 1.856349999999999945e+00
4.225620000000000118e+02 1.863320000000000087e+00
4.230620000000000118e+02 1.870309999999999917e+00
4.235609999999999786e+02 1.877289999999999903e+00
4.240609999999999786e+02 1.884309999999999929e+00
4.245609999999999786e+02 1.891350000000000087e+00
4.250609999999999786e+02 1.898349999999999982e+00
4.255609999999999786e+02 1.905419999999999892e+00
4.260609999999999786e+02 1.912500000000000089e+00
4.265609999999999786e+02 1.919620000000000104e+00
4.270609999999999786e+02 1.926739999999999897e+00
4.275609999999999786e+02 1.933869999999999978e+00
4.280609999999999786e+02 1.941009999999999902e+00
4.285609999999999786e+02 1.948169999999999957e+00
4.290609999999999786e+02 1.955349999999999921e+00
4.295609999999999786e+02 1.962539999999999951e+00
4.300609999999999786e+02 1.969749999999999890e+00
4.305609999999999786e+02 1.976969999999999894e+00
4.310609999999999786e+02 1.984229999999999938e+00
4.315609999999999786e+02 1.991489999999999982e+00
4.320609999999999786e+02 1.998760000000000092e+00
4.325609999999999786e+02 2.005990000000000162e+00
4.330600000000000023e+02 2.013290000000000024e+00
4.335600000000000023e+02 2.020610000000000017e+00
4.340600000000000023e+02 2.028020000000000156e+00
4.345600000000000023e+02 2.035369999999999902e+00
4.350600000000000023e+02 2.042739999999999778e+00
4.355600000000000023e+02 2.050120000000000164e+00
4.360600000000000023e+02 2.057519999999999794e+00
4.365600000000000023e+02 2.064929999999999932e+00
4.370600000000000023e+02 2.072360000000000202e+00
4.375600000000000023e+02 2.079810000000000159e+00
4.380600000000000023e+02 2.087270000000000181e+00
4.385600000000000023e+02 2.094710000000000072e+00
4.390600000000000023e+02 2.102209999999999912e+00
4.395600000000000023e+02 2.109719999999999818e+00
4.400600000000000023e+02 2.117309999999999803e+00
4.405600000000000023e+02 2.124849999999999905e+00
4.410600000000000023e+02 2.132410000000000139e+00
4.415600000000000023e+02 2.139930000000000110e+00
4.420590000000000259e+02 2.147530000000000161e+00
4.425590000000000259e+02 2.155130000000000212e+00
4.430590000000000259e+02 2.162790000000000212e+00
4.435590000000000259e+02 2.170430000000000081e+00
4.440590000000000259e+02 2.178090000000000082e+00
4.445590000000000259e+02 2.185700000000000198e+00
4.450590000000000259e+02 2.193379999999999885e+00
4.455590000000000259e+02 2.201090000000000213e+00
4.460590000000000259e+02 2.208889999999999798e+00
4.465590000000000259e+02 2.216629999999999878e+00
4.470590000000000259e+02 2.224380000000000024e+00
4.475590000000000259e+02 2.232000000000000206e+00
4.480590000000000259e+02 2.239790000000000170e+00
4.485590000000000259e+02 2.247590000000000199e+00
4.490590000000000259e+02 2.255529999999999813e+00
4.495590000000000259e+02 2.263370000000000104e+00
4.500590000000000259e+02 2.271209999999999951e+00
4.505579999999999927e+02 2.278999999999999915e+00
4.510579999999999927e+02 2.286869999999999958e+00
4.515579999999999927e+02 2.294770000000000199e+00
4.520579999999999927e+02 2.302729999999999944e+00
4.525579999999999927e+02 2.310659999999999936e+00
4.530579999999999927e+02 2.318599999999999994e+00
4.535579999999999927e+02 2.326519999999999921e+00
4.540579999999999927e+02 2.334490000000000176e+00
4.545579999999999927e+02 2.342480000000000118e+00
4.550579999999999927e+02 2.350530000000000008e+00
4.555579999999999927e+02 2.358550000000000146e+00
4.560579999999999927e+02 2.366589999999999971e+00
4.565579999999999927e+02 2.374600000000000044e+00
4.570579999999999927e+02 2.382670000000000066e+00
4.575579999999999927e+02 2.390760000000000218e+00
4.580579999999999927e+02 2.398880000000000123e+00
4.585570000000000164e+02 2.407000000000000028e+00
4.590570000000000164e+02 2.415129999999999999e+00
4.595570000000000164e+02 2.423189999999999955e+00
4.600570000000000164e+02 2.431360000000000188e+00
4.605570000000000164e+02 2.439540000000000042e+00
4.610570000000000164e+02 2.447839999999999794e+00
4.615570000000000164e+02 2.456059999999999910e+00
4.620570000000000164e+02 2.464290000000000092e+00
4.625570000000000164e+02 2.472459999999999880e+00
4.630570000000000164e+02 2.480719999999999814e+00
4.635570000000000164e+02 2.488999999999999879e+00
4.640570000000000164e+02 2.497329999999999828e+00
4.645570000000000164e+02 2.505640000000000089e+00
4.650570000000000164e+02 2.513970000000000038e+00
4.655570000000000164e+02 2.522240000000000038e+00
4.660559999999999832e+02 2.530600000000000183e+00
4.665559999999999832e+02 2.538969999999999949e+00
4.670559999999999832e+02 2.547419999999999796e+00
4.675559999999999832e+02 2.555820000000000203e+00
4.680559999999999832e+02 2.564239999999999853e+00
4.685559999999999832e+02 2.572620000000000129e+00
4.690559999999999832e+02 2.581069999999999975e+00
4.695559999999999832e+02 2.589539999999999953e+00
4.700559999999999832e+02 2.598050000000000193e+00
4.705559999999999832e+02 2.606549999999999923e+00
4.710559999999999832e+02 2.615069999999999784e+00
4.715559999999999832e+02 2.623540000000000205e+00
4.720559999999999832e+02 2.632089999999999819e+00
4.725559999999999832e+02 2.640660000000000007e+00
4.730550000000000068e+02 2.649230000000000196e+00
4.735550000000000068e+02 2.657830000000000137e+00
4.740550000000000068e+02 2.666440000000000143e+00
4.745550000000000068e+02 2.675030000000000019e+00
4.750550000000000068e+02 2.683670000000000222e+00
4.755550000000000068e+02 2.692330000000000112e+00
4.760550000000000068e+02 2.700979999999999936e+00
4.765550000000000068e+02 2.709670000000000023e+00
4.770550000000000068e+02 2.718379999999999797e+00
4.775550000000000068e+02 2.727079999999999949e+00
4.780550000000000068e+02 2.735819999999999919e+00
4.785550000000000068e+02 2.744569999999999954e+00
4.790550000000000068e+02 2.753379999999999939e+00
4.795539999999999736e+02 2.762169999999999792e+00
4.800539999999999736e+02 2.770989999999999842e+00
4.805539999999999736e+02 2.779830000000000023e+00
4.810539999999999736e+02 2.788670000000000204e+00
4.815539999999999736e+02 2.797520000000000007e+00
4.820539999999999736e+02 2.806290000000000173e+00
4.825539999999999736e+02 2.815179999999999794e+00
4.830539999999999736e+02 2.824079999999999924e+00
4.835539999999999736e+02 2.833009999999999806e+00
4.840539999999999736e+02 2.841940000000000133e+00
4.845539999999999736e+02 2.850890000000000146e+00
4.850539999999999736e+02 2.859760000000000080e+00
4.855539999999999736e+02 2.868739999999999846e+00
4.860529999999999973e+02 2.877740000000000187e+00
4.865529999999999973e+02 2.886709999999999887e+00
4.870529999999999973e+02 2.895739999999999981e+00
4.875529999999999973e+02 2.904790000000000205e+00
4.880529999999999973e+02 2.913800000000000168e+00
4.885529999999999973e+02 2.922880000000000145e+00
4.890529999999999973e+02 2.931970000000000187e+00
4.895529999999999973e+02 2.941019999999999968e+00
4.900529999999999973e+02 2.950140000000000207e+00
4.905529999999999973e+02 2.959280000000000133e+00
4.910529999999999973e+02 2.968360000000000110e+00
4.915529999999999973e+02 2.977529999999999788e+00
4.920520000000000209e+02 2.986709999999999976e+00
4.925520000000000209e+02 2.995849999999999902e+00
4.930520000000000209e+02 3.005059999999999842e+00
4.935520000000000209e+02 3.014289999999999914e+00
4.940520000000000209e+02 3.023600000000000065e+00
4.945520000000000209e+02 3.032859999999999889e+00
4.950520000000000209e+02 3.042139999999999844e+00
4.955520000000000209e+02 3.051330000000000098e+00
4.960520000000000209e+02 3.060630000000000184e+00
4.965520000000000209e+02 3.069960000000000022e+00
4.970520000000000209e+02 3.079250000000000043e+00
4.975509999999999877e+02 3.088610000000000078e+00
4.980509999999999877e+02 3.097980000000000178e+00
4.985509999999999877e+02 3.107369999999999965e+00
4.990509999999999877e+02 3.116779999999999884e+00
4.995509999999999877e+02 3.126199999999999868e+00
5.000509999999999877e+02 3.135520000000000085e+00
5.005509999999999877e+02 3.144979999999999887e+00
5.010509999999999877e+02 3.154450000000000198e+00
5.015509999999999877e+02 3.163829999999999920e+00
5.020509999999999877e+02 3.173329999999999984e+00
5.025509999999999877e+02 3.182850000000000179e+00
5.030509999999999877e+02 3.192390000000000061e+00
5.035500000000000114e+02 3.201940000000000008e+00
5.040500000000000114e+02 3.211500000000000021e+00
5.045500000000000114e+02 3.221900000000000208e+00
5.050500000000000114e+02 3.231510000000000105e+00
5.055500000000000114e+02 3.241120000000000001e+00
5.060500000000000114e+02 3.250210000000000043e+00
5.065500000000000114e+02 3.259860000000000202e+00
