215.214 0 0 2 2 2
215.214 0 0 2 2 2
215.214 0 0 2 2 2
215.214 0 0 2 2 2
215.214 0 0 2 2 2
215.214 0.5 0.5 2 2 2
215.194 0.500107 0.500107 2 2 2
215.154 0.500322 0.500322 2 2 2
215.074 0.500753 0.500753 2 2 2
214.914 0.501616 0.501616 2 2 2
214.674 0.502916 0.502916 2 2 2
214.194 0.505536 0.505536 2 2 2
213.694 0.508293 0.508293 2 2 2
213.194 0.511078 0.511078 2 2 2
212.694 0.513891 0.513891 2 2 2
212.194 0.516734 0.516734 2 2 2
211.694 0.519605 0.519605 2 2 2
211.194 0.522505 0.522505 2 2 2
210.694 0.525435 0.525435 2 2 2
210.194 0.528395 0.528395 2 2 2
209.694 0.531384 0.531384 2 2 2
209.194 0.534404 0.534404 2 2 2
208.694 0.537453 0.537453 2 2 2
208.194 0.540533 0.540533 2 2 2
207.694 0.543644 0.543644 2 2 2
207.194 0.546785 0.546785 2 2 2
206.694 0.549957 0.549957 2 2 2
206.194 0.553161 0.553161 2 2 2
205.694 0.556395 0.556395 2 2 2
205.194 0.559661 0.559661 2 2 2
204.694 0.562959 0.562959 2 2 2
204.194 0.566288 0.566288 2 2 2
203.694 0.569649 0.569649 2 2 2
203.194 0.573043 0.573043 2 2 2
202.694 0.576469 0.576469 2 2 2
202.194 0.579927 0.579927 2 2 2
201.694 0.583417 0.583417 2 2 2
201.194 0.58694 0.58694 2 2 2
200.694 0.590496 0.590496 2 2 2
200.194 0.594085 0.594085 2 2 2
199.695 0.597707 0.597707 2 2 2
199.195 0.601362 0.601362 2 2 2
198.695 0.60505 0.60505 2 2 2
198.195 0.608772 0.608772 2 2 2
197.695 0.612526 0.612526 2 2 2
197.195 0.616315 0.616315 2 2 2
196.695 0.620137 0.620137 2 2 2
196.195 0.623992 0.623992 2 2 2
195.695 0.627882 0.627882 2 2 2
195.195 0.631805 0.631805 2 2 2
194.695 0.635761 0.635761 2 2 2
194.195 0.639752 0.639752 2 2 2
193.695 0.643776 0.643776 2 2 2
193.195 0.647835 0.647835 2 2 2
192.695 0.651927 0.651927 2 2 2
192.195 0.656052 0.656052 2 2 2
191.695 0.660212 0.660212 2 2 2
191.195 0.664406 0.664406 2 2 2
190.695 0.668633 0.668633 2 2 2
190.195 0.672893 0.672893 2 2 2
189.695 0.677188 0.677188 2 2 2
189.195 0.681516 0.681516 2 2 2
188.695 0.685877 0.685877 2 2 2
188.195 0.690272 0.690272 2 2 2
187.695 0.6947 0.6947 2 2 2
187.195 0.69916 0.69916 2 2 2
186.695 0.703654 0.703654 2 2 2
186.195 0.708181 0.708181 2 2 2
185.695 0.71274 0.71274 2 2 2
185.195 0.717331 0.717331 2 2 2
184.695 0.721954 0.721954 2 2 2
184.195 0.72661 0.72661 2 2 2
183.695 0.731297 0.731297 2 2 2
183.195 0.736015 0.736015 2 2 2
182.695 0.740764 0.740764 2 2 2
182.195 0.745544 0.745544 2 2 2
181.695 0.750354 0.750354 2 2 2
181.195 0.755194 0.755194 2 2 2
180.695 0.760064 0.760064 2 2 2
180.195 0.764963 0.764963 2 2 2
179.695 0.76989 0.76989 2 2 2
179.196 0.774846 0.774846 2 2 2
178.696 0.77983 0.77983 2 2 2
178.196 0.784841 0.784841 2 2 2
177.696 0.789878 0.789878 2 2 2
177.196 0.794942 0.794942 2 2 2
176.696 0.800031 0.800031 2 2 2
176.196 0.805145 0.805145 2 2 2
175.696 0.810283 0.810283 2 2 2
175.196 0.815444 0.815444 2 2 2
174.696 0.820628 0.820628 2 2 2
174.196 0.825834 0.825834 2 2 2
173.696 0.831061 0.831061 2 2 2
173.196 0.836308 0.836308 2 2 2
172.696 0.841574 0.841574 2 2 2
172.196 0.846859 0.846859 2 2 2
171.696 0.852161 0.852161 2 2 2
171.196 0.857479 0.857479 2 2 2
170.696 0.862812 0.862812 2 2 2
170.196 0.868159 0.868159 2 2 2
169.696 0.873519 0.873519 2 2 2
169.196 0.87889 0.87889 2 2 2
168.696 0.884271 0.884271 2 2 2
168.196 0.889661 0.889661 2 2 2
167.697 0.895058 0.895058 2 2 2
167.197 0.900461 0.900461 2 2 2
166.697 0.905869 0.905869 2 2 2
166.197 0.911278 0.911278 2 2 2
165.697 0.916688 0.916688 2 2 2
165.197 0.922097 0.922097 2 2 2
164.697 0.927503 0.927503 2 2 2
164.447 0.930205 0.930205 2 2 2
164.172 0.933174 0.933174 2 2 2
164.021 0.934806 0.934806 2 2 2
163.938 0.935703 0.935703 2 2 2
163.846 0.93669 0.93669 2 2 2
163.746 0.937774 0.937774 2 2 2
163.645 0.938858 0.938858 2 2 2
163.545 0.939939 0.939939 2 2 2
163.495 0.940475 0.940475 2 2 2
163.469 0.940761 0.940761 2 2 2
163.444 0.941027 0.941027 2 2 2
163.433 0.94115 0.94115 2 2 2
163.431 0.941173 0.941173 2 2 2
163.429 0.941194 0.941194 2 2 2
163.426 0.941225 0.941225 2 2 2
163.423 0.941251 0.941251 2 2 2
163.421 0.941277 0.941277 2 2 2
163.417 0.941323 0.941323 2 2 2
163.411 0.941379 0.941379 2 2 2
163.402 0.941478 0.941478 2 2 2
163.393 0.941576 0.941576 2 2 2
163.386 0.941656 0.941656 2 2 2
163.379 0.941723 0.941723 2 2 2
163.376 0.941763 0.941763 2 2 2
163.384 0.941675 0.941675 2 2 2
163.418 0.941312 0.941312 2 2 2
163.426 0.941225 0.941225 2 2 2
163.431 0.941167 0.941167 2 2 2
163.439 0.941078 0.941078 2 2 2
163.443 0.941039 0.941039 2 2 2
163.445 0.941019 0.941019 2 2 2
163.447 0.940997 0.940997 2 2 2
163.449 0.940976 0.940976 2 2 2
163.451 0.940956 0.940956 2 2 2
163.452 0.940937 0.940937 2 2 2
163.455 0.940909 0.940909 2 2 2
163.457 0.940885 0.940885 2 2 2
163.459 0.940862 0.940862 2 2 2
163.463 0.940826 0.940826 2 2 2
163.468 0.940772 0.940772 2 2 2
163.478 0.940659 0.940659 2 2 2
163.483 0.940603 0.940603 2 2 2
163.489 0.940545 0.940545 2 2 2
163.494 0.940488 0.940488 2 2 2
163.505 0.940372 0.940372 2 2 2
163.516 0.940255 0.940255 2 2 2
163.528 0.940127 0.940127 2 2 2
163.541 0.939984 0.939984 2 2 2
163.561 0.939771 0.939771 2 2 2
163.581 0.939556 0.939556 2 2 2
163.603 0.93932 0.93932 2 2 2
163.635 0.938965 0.938965 2 2 2
163.672 0.938574 0.938574 2 2 2
163.712 0.938144 0.938144 2 2 2
163.755 0.937671 0.937671 2 2 2
163.804 0.93715 0.93715 2 2 2
163.876 0.936368 0.936368 2 2 2
163.956 0.935508 0.935508 2 2 2
164.044 0.934562 0.934562 2 2 2
164.175 0.933141 0.933141 2 2 2
164.32 0.931578 0.931578 2 2 2
164.479 0.929858 0.929858 2 2 2
164.654 0.927965 0.927965 2 2 2
164.917 0.925125 0.925125 2 2 2
165.206 0.921999 0.921999 2 2 2
165.524 0.918559 0.918559 2 2 2
166.001 0.913398 0.913398 2 2 2
166.501 0.907988 0.907988 2 2 2
167.001 0.90258 0.90258 2 2 2
167.501 0.897175 0.897175 2 2 2
168.001 0.891775 0.891775 2 2 2
168.5 0.886382 0.886382 2 2 2
169 0.880998 0.880998 2 2 2
169.5 0.875622 0.875622 2 2 2
170 0.870258 0.870258 2 2 2
170.5 0.864906 0.864906 2 2 2
171 0.859567 0.859567 2 2 2
171.5 0.854243 0.854243 2 2 2
172 0.848935 0.848935 2 2 2
172.5 0.843643 0.843643 2 2 2
173 0.838369 0.838369 2 2 2
173.5 0.833115 0.833115 2 2 2
174 0.82788 0.82788 2 2 2
174.5 0.822666 0.822666 2 2 2
175 0.817473 0.817473 2 2 2
175.5 0.812302 0.812302 2 2 2
176 0.807155 0.807155 2 2 2
176.5 0.802032 0.802032 2 2 2
177 0.796933 0.796933 2 2 2
177.5 0.791859 0.791859 2 2 2
178 0.786811 0.786811 2 2 2
178.5 0.78179 0.78179 2 2 2
179 0.776796 0.776796 2 2 2
179.5 0.771829 0.771829 2 2 2
215.214 0.771829 0.771829 2 3 2
215.214 0.771829 0.771829 2 3 2
215.214 0.771829 0.771829 2 3 2
215.214 0.771829 0.771829 2 3 2
215.214 0.771829 0.771829 2 3 2
215.214 0.5 0.5 2 3 2
215.234 0.499893 0.499893 2 3 2
215.274 0.499678 0.499678 2 3 2
215.354 0.499249 0.499249 2 3 2
215.514 0.498394 0.498394 2 3 2
215.754 0.497116 0.497116 2 3 2
216.234 0.494579 0.494579 2 3 2
216.734 0.491964 0.491964 2 3 2
217.234 0.489375 0.489375 2 3 2
217.734 0.486814 0.486814 2 3 2
218.234 0.484279 0.484279 2 3 2
218.734 0.48177 0.48177 2 3 2
219.234 0.479288 0.479288 2 3 2
219.734 0.476832 0.476832 2 3 2
220.234 0.474401 0.474401 2 3 2
220.734 0.471996 0.471996 2 3 2
221.234 0.469617 0.469617 2 3 2
221.734 0.467262 0.467262 2 3 2
222.234 0.464933 0.464933 2 3 2
222.734 0.462628 0.462628 2 3 2
223.234 0.460348 0.460348 2 3 2
223.734 0.458092 0.458092 2 3 2
224.234 0.45586 0.45586 2 3 2
224.734 0.453652 0.453652 2 3 2
225.234 0.451467 0.451467 2 3 2
225.734 0.449306 0.449306 2 3 2
226.234 0.447168 0.447168 2 3 2
226.734 0.445053 0.445053 2 3 2
227.234 0.442961 0.442961 2 3 2
227.734 0.440891 0.440891 2 3 2
228.234 0.438843 0.438843 2 3 2
228.734 0.436818 0.436818 2 3 2
229.234 0.434815 0.434815 2 3 2
229.734 0.432833 0.432833 2 3 2
230.234 0.430873 0.430873 2 3 2
230.734 0.428933 0.428933 2 3 2
231.234 0.427015 0.427015 2 3 2
231.734 0.425118 0.425118 2 3 2
232.234 0.423242 0.423242 2 3 2
232.734 0.421385 0.421385 2 3 2
233.234 0.41955 0.41955 2 3 2
233.734 0.417734 0.417734 2 3 2
234.234 0.415937 0.415937 2 3 2
234.734 0.414161 0.414161 2 3 2
235.234 0.412404 0.412404 2 3 2
235.734 0.410666 0.410666 2 3 2
236.234 0.408947 0.408947 2 3 2
236.734 0.407247 0.407247 2 3 2
237.234 0.405566 0.405566 2 3 2
237.734 0.403903 0.403903 2 3 2
238.234 0.402258 0.402258 2 3 2
238.734 0.400631 0.400631 2 3 2
239.234 0.399022 0.399022 2 3 2
239.734 0.397431 0.397431 2 3 2
240.234 0.395857 0.395857 2 3 2
240.734 0.394301 0.394301 2 3 2
241.234 0.392762 0.392762 2 3 2
241.734 0.391239 0.391239 2 3 2
242.234 0.389733 0.389733 2 3 2
242.734 0.388244 0.388244 2 3 2
243.234 0.386772 0.386772 2 3 2
243.734 0.385315 0.385315 2 3 2
244.234 0.383875 0.383875 2 3 2
244.734 0.38245 0.38245 2 3 2
245.234 0.381041 0.381041 2 3 2
245.734 0.379648 0.379648 2 3 2
246.234 0.378269 0.378269 2 3 2
246.734 0.376906 0.376906 2 3 2
247.234 0.375558 0.375558 2 3 2
247.734 0.374225 0.374225 2 3 2
248.234 0.372906 0.372906 2 3 2
248.734 0.371602 0.371602 2 3 2
249.234 0.370313 0.370313 2 3 2
249.734 0.369037 0.369037 2 3 2
250.234 0.367776 0.367776 2 3 2
250.734 0.366528 0.366528 2 3 2
251.234 0.365294 0.365294 2 3 2
251.734 0.364074 0.364074 2 3 2
252.234 0.362867 0.362867 2 3 2
252.734 0.361673 0.361673 2 3 2
253.234 0.360493 0.360493 2 3 2
253.734 0.359325 0.359325 2 3 2
254.234 0.35817 0.35817 2 3 2
254.734 0.357028 0.357028 2 3 2
255.234 0.355898 0.355898 2 3 2
255.734 0.354781 0.354781 2 3 2
256.234 0.353676 0.353676 2 3 2
256.734 0.352583 0.352583 2 3 2
257.234 0.351502 0.351502 2 3 2
257.734 0.350433 0.350433 2 3 2
258.234 0.349375 0.349375 2 3 2
258.734 0.348329 0.348329 2 3 2
259.234 0.347295 0.347295 2 3 2
259.734 0.346271 0.346271 2 3 2
260.234 0.345259 0.345259 2 3 2
260.734 0.344258 0.344258 2 3 2
261.234 0.343268 0.343268 2 3 2
261.734 0.342289 0.342289 2 3 2
262.234 0.34132 0.34132 2 3 2
262.734 0.340362 0.340362 2 3 2
263.234 0.339414 0.339414 2 3 2
263.734 0.338477 0.338477 2 3 2
264.234 0.337549 0.337549 2 3 2
264.734 0.336632 0.336632 2 3 2
265.234 0.335725 0.335725 2 3 2
265.734 0.334827 0.334827 2 3 2
266.234 0.333939 0.333939 2 3 2
266.734 0.333061 0.333061 2 3 2
267.234 0.332192 0.332192 2 3 2
267.734 0.331333 0.331333 2 3 2
268.234 0.330483 0.330483 2 3 2
268.734 0.329642 0.329642 2 3 2
269.234 0.32881 0.32881 2 3 2
269.734 0.327987 0.327987 2 3 2
270.234 0.327173 0.327173 2 3 2
270.734 0.326367 0.326367 2 3 2
271.234 0.325571 0.325571 2 3 2
271.734 0.324783 0.324783 2 3 2
272.234 0.324003 0.324003 2 3 2
272.734 0.323231 0.323231 2 3 2
273.234 0.322468 0.322468 2 3 2
273.734 0.321713 0.321713 2 3 2
274.234 0.320966 0.320966 2 3 2
274.734 0.320227 0.320227 2 3 2
275.234 0.319496 0.319496 2 3 2
275.734 0.318772 0.318772 2 3 2
276.234 0.318058 0.318058 2 3 2
276.734 0.31735 0.31735 2 3 2
277.234 0.316649 0.316649 2 3 2
277.734 0.315957 0.315957 2 3 2
278.234 0.315271 0.315271 2 3 2
278.734 0.314592 0.314592 2 3 2
279.234 0.313921 0.313921 2 3 2
279.734 0.313256 0.313256 2 3 2
280.234 0.312599 0.312599 2 3 2
280.734 0.311949 0.311949 2 3 2
281.234 0.311305 0.311305 2 3 2
281.734 0.310668 0.310668 2 3 2
282.234 0.310037 0.310037 2 3 2
282.734 0.309413 0.309413 2 3 2
283.234 0.308796 0.308796 2 3 2
283.734 0.308187 0.308187 2 3 2
284.234 0.307582 0.307582 2 3 2
284.734 0.306984 0.306984 2 3 2
285.234 0.306392 0.306392 2 3 2
285.734 0.305806 0.305806 2 3 2
286.234 0.305226 0.305226 2 3 2
286.734 0.304652 0.304652 2 3 2
287.234 0.304084 0.304084 2 3 2
287.734 0.303521 0.303521 2 3 2
288.234 0.302966 0.302966 2 3 2
288.734 0.302415 0.302415 2 3 2
289.234 0.30187 0.30187 2 3 2
289.734 0.301329 0.301329 2 3 2
290.234 0.300795 0.300795 2 3 2
290.734 0.300267 0.300267 2 3 2
291.234 0.299741 0.299741 2 3 2
291.734 0.299223 0.299223 2 3 2
292.234 0.298711 0.298711 2 3 2
292.734 0.298201 0.298201 2 3 2
293.234 0.297699 0.297699 2 3 2
293.734 0.297202 0.297202 2 3 2
294.234 0.29671 0.29671 2 3 2
294.734 0.296223 0.296223 2 3 2
295.234 0.295741 0.295741 2 3 2
295.734 0.295264 0.295264 2 3 2
296.234 0.294791 0.294791 2 3 2
296.734 0.294323 0.294323 2 3 2
297.234 0.293861 0.293861 2 3 2
297.734 0.293402 0.293402 2 3 2
298.234 0.292948 0.292948 2 3 2
298.734 0.2925 0.2925 2 3 2
299.234 0.292055 0.292055 2 3 2
299.734 0.291615 0.291615 2 3 2
300.234 0.291178 0.291178 2 3 2
300.734 0.290746 0.290746 2 3 2
301.234 0.290319 0.290319 2 3 2
301.734 0.289896 0.289896 2 3 2
302.234 0.289477 0.289477 2 3 2
302.734 0.289062 0.289062 2 3 2
303.234 0.288651 0.288651 2 3 2
303.734 0.288244 0.288244 2 3 2
304.234 0.287842 0.287842 2 3 2
304.734 0.287442 0.287442 2 3 2
305.234 0.287047 0.287047 2 3 2
305.734 0.286656 0.286656 2 3 2
306.234 0.28627 0.28627 2 3 2
306.734 0.285886 0.285886 2 3 2
307.234 0.285507 0.285507 2 3 2
307.734 0.285134 0.285134 2 3 2
308.234 0.284762 0.284762 2 3 2
308.734 0.284393 0.284393 2 3 2
309.234 0.284024 0.284024 2 3 2
309.734 0.283662 0.283662 2 3 2
310.234 0.283304 0.283304 2 3 2
310.734 0.282947 0.282947 2 3 2
311.234 0.282596 0.282596 2 3 2
311.734 0.282248 0.282248 2 3 2
312.234 0.281903 0.281903 2 3 2
312.734 0.281562 0.281562 2 3 2
312.734 0.281562 0.281562 2 3 2
312.754 0.281548 0.281548 2 3 2
312.784 0.281528 0.281528 2 3 2
312.829 0.281496 0.281496 2 3 2
312.896 0.28145 0.28145 2 3 2
312.997 0.281382 0.281382 2 3 2
313.149 0.28128 0.28128 2 3 2
313.377 0.281126 0.281126 2 3 2
313.719 0.280898 0.280898 2 3 2
314.219 0.280566 0.280566 2 3 2
314.719 0.280237 0.280237 2 3 2
315.219 0.279912 0.279912 2 3 2
315.719 0.279589 0.279589 2 3 2
316.219 0.279269 0.279269 2 3 2
316.719 0.278953 0.278953 2 3 2
317.219 0.278639 0.278639 2 3 2
317.719 0.278329 0.278329 2 3 2
318.219 0.278021 0.278021 2 3 2
318.719 0.277715 0.277715 2 3 2
319.219 0.277413 0.277413 2 3 2
319.719 0.277114 0.277114 2 3 2
320.219 0.276818 0.276818 2 3 2
320.719 0.276524 0.276524 2 3 2
321.219 0.276233 0.276233 2 3 2
321.719 0.275945 0.275945 2 3 2
322.219 0.275659 0.275659 2 3 2
322.719 0.275376 0.275376 2 3 2
323.219 0.275096 0.275096 2 3 2
323.719 0.274818 0.274818 2 3 2
324.219 0.274543 0.274543 2 3 2
324.719 0.27427 0.27427 2 3 2
325.219 0.274 0.274 2 3 2
325.719 0.273732 0.273732 2 3 2
326.219 0.273467 0.273467 2 3 2
326.719 0.273204 0.273204 2 3 2
327.219 0.272944 0.272944 2 3 2
327.719 0.272686 0.272686 2 3 2
328.219 0.272431 0.272431 2 3 2
328.719 0.272177 0.272177 2 3 2
329.219 0.271924 0.271924 2 3 2
329.719 0.271675 0.271675 2 3 2
330.219 0.271429 0.271429 2 3 2
330.719 0.271185 0.271185 2 3 2
331.219 0.270942 0.270942 2 3 2
331.719 0.270702 0.270702 2 3 2
332.219 0.270463 0.270463 2 3 2
332.719 0.270227 0.270227 2 3 2
333.219 0.269993 0.269993 2 3 2
333.719 0.269761 0.269761 2 3 2
334.219 0.269532 0.269532 2 3 2
334.719 0.269304 0.269304 2 3 2
335.219 0.269074 0.269074 2 3 2
335.719 0.26885 0.26885 2 3 2
336.219 0.268628 0.268628 2 3 2
336.719 0.268411 0.268411 2 3 2
337.219 0.268193 0.268193 2 3 2
337.719 0.267978 0.267978 2 3 2
338.219 0.267764 0.267764 2 3 2
338.719 0.267552 0.267552 2 3 2
339.219 0.267341 0.267341 2 3 2
339.719 0.267131 0.267131 2 3 2
340.219 0.266924 0.266924 2 3 2
340.719 0.266719 0.266719 2 3 2
341.219 0.266517 0.266517 2 3 2
341.719 0.266315 0.266315 2 3 2
342.219 0.266116 0.266116 2 3 2
342.719 0.265916 0.265916 2 3 2
343.219 0.26572 0.26572 2 3 2
343.719 0.265525 0.265525 2 3 2
344.219 0.265333 0.265333 2 3 2
344.719 0.265142 0.265142 2 3 2
345.219 0.264952 0.264952 2 3 2
345.719 0.264763 0.264763 2 3 2
346.219 0.264576 0.264576 2 3 2
346.719 0.264391 0.264391 2 3 2
347.219 0.264211 0.264211 2 3 2
347.719 0.264029 0.264029 2 3 2
348.219 0.263849 0.263849 2 3 2
348.719 0.263668 0.263668 2 3 2
349.219 0.263491 0.263491 2 3 2
349.719 0.263316 0.263316 2 3 2
350.219 0.26314 0.26314 2 3 2
350.719 0.262968 0.262968 2 3 2
351.219 0.262796 0.262796 2 3 2
351.719 0.262627 0.262627 2 3 2
352.219 0.262459 0.262459 2 3 2
352.719 0.262292 0.262292 2 3 2
353.219 0.262126 0.262126 2 3 2
353.719 0.261962 0.261962 2 3 2
354.219 0.261799 0.261799 2 3 2
354.719 0.261635 0.261635 2 3 2
355.219 0.261475 0.261475 2 3 2
355.719 0.261316 0.261316 2 3 2
356.219 0.261159 0.261159 2 3 2
356.719 0.261003 0.261003 2 3 2
357.219 0.260848 0.260848 2 3 2
357.719 0.260701 0.260701 2 3 2
358.219 0.260548 0.260548 2 3 2
358.719 0.260397 0.260397 2 3 2
359.219 0.260241 0.260241 2 3 2
359.719 0.260093 0.260093 2 3 2
360.219 0.259945 0.259945 2 3 2
360.719 0.259802 0.259802 2 3 2
361.219 0.259657 0.259657 2 3 2
361.719 0.259512 0.259512 2 3 2
362.219 0.25937 0.25937 2 3 2
362.719 0.259228 0.259228 2 3 2
363.219 0.259088 0.259088 2 3 2
363.719 0.258949 0.258949 2 3 2
364.219 0.258811 0.258811 2 3 2
364.719 0.258673 0.258673 2 3 2
365.219 0.258535 0.258535 2 3 2
365.719 0.2584 0.2584 2 3 2
366.219 0.258266 0.258266 2 3 2
366.719 0.258131 0.258131 2 3 2
367.219 0.257999 0.257999 2 3 2
367.719 0.257868 0.257868 2 3 2
368.219 0.257737 0.257737 2 3 2
368.719 0.257608 0.257608 2 3 2
369.219 0.257481 0.257481 2 3 2
369.719 0.257354 0.257354 2 3 2
370.219 0.257229 0.257229 2 3 2
370.719 0.257104 0.257104 2 3 2
371.219 0.256981 0.256981 2 3 2
371.719 0.256858 0.256858 2 3 2
372.219 0.256736 0.256736 2 3 2
372.719 0.256614 0.256614 2 3 2
373.219 0.256494 0.256494 2 3 2
373.719 0.256375 0.256375 2 3 2
374.219 0.256256 0.256256 2 3 2
374.719 0.256139 0.256139 2 3 2
375.219 0.256023 0.256023 2 3 2
375.719 0.255908 0.255908 2 3 2
376.219 0.255793 0.255793 2 3 2
376.719 0.25568 0.25568 2 3 2
377.219 0.255566 0.255566 2 3 2
377.719 0.255454 0.255454 2 3 2
378.219 0.255343 0.255343 2 3 2
378.719 0.255233 0.255233 2 3 2
379.219 0.255123 0.255123 2 3 2
379.719 0.255015 0.255015 2 3 2
380.219 0.254908 0.254908 2 3 2
380.719 0.254802 0.254802 2 3 2
381.219 0.254696 0.254696 2 3 2
381.719 0.254594 0.254594 2 3 2
382.219 0.25449 0.25449 2 3 2
382.719 0.254386 0.254386 2 3 2
383.219 0.254282 0.254282 2 3 2
383.719 0.25418 0.25418 2 3 2
384.219 0.254078 0.254078 2 3 2
384.719 0.253975 0.253975 2 3 2
385.219 0.253875 0.253875 2 3 2
385.719 0.253776 0.253776 2 3 2
386.219 0.253681 0.253681 2 3 2
386.719 0.253584 0.253584 2 3 2
387.219 0.253487 0.253487 2 3 2
387.719 0.253394 0.253394 2 3 2
388.219 0.253298 0.253298 2 3 2
388.719 0.253204 0.253204 2 3 2
389.219 0.253108 0.253108 2 3 2
389.719 0.253015 0.253015 2 3 2
390.219 0.252922 0.252922 2 3 2
390.719 0.252833 0.252833 2 3 2
391.219 0.252741 0.252741 2 3 2
391.719 0.252651 0.252651 2 3 2
392.219 0.252564 0.252564 2 3 2
392.719 0.252475 0.252475 2 3 2
393.219 0.252386 0.252386 2 3 2
393.719 0.252298 0.252298 2 3 2
394.219 0.252211 0.252211 2 3 2
394.719 0.252125 0.252125 2 3 2
395.219 0.252038 0.252038 2 3 2
395.719 0.251952 0.251952 2 3 2
396.219 0.251868 0.251868 2 3 2
396.719 0.251783 0.251783 2 3 2
397.219 0.251699 0.251699 2 3 2
397.719 0.251616 0.251616 2 3 2
398.219 0.251536 0.251536 2 3 2
398.719 0.251455 0.251455 2 3 2
399.219 0.251374 0.251374 2 3 2
399.719 0.251295 0.251295 2 3 2
400.219 0.251215 0.251215 2 3 2
400.719 0.251136 0.251136 2 3 2
401.219 0.251059 0.251059 2 3 2
401.719 0.250981 0.250981 2 3 2
402.219 0.250904 0.250904 2 3 2
402.719 0.250829 0.250829 2 3 2
403.219 0.250753 0.250753 2 3 2
403.719 0.250677 0.250677 2 3 2
404.219 0.250603 0.250603 2 3 2
404.719 0.250528 0.250528 2 3 2
405.219 0.250454 0.250454 2 3 2
405.719 0.250383 0.250383 2 3 2
406.219 0.25031 0.25031 2 3 2
406.719 0.250238 0.250238 2 3 2
407.219 0.25017 0.25017 2 3 2
407.719 0.250098 0.250098 2 3 2
408.219 0.250027 0.250027 2 3 2
408.719 0.249954 0.249954 2 3 2
409.219 0.249884 0.249884 2 3 2
409.219 0.249884 0.249884 2 3 2
409.239 0.249881 0.249881 2 3 2
409.269 0.249877 0.249877 2 3 2
409.314 0.249874 0.249874 2 3 2
409.364 0.249867 0.249867 2 3 2
409.419 0.249859 0.249859 2 3 2
409.5 0.249842 0.249842 2 3 2
409.59 0.249829 0.249829 2 3 2
409.725 0.249811 0.249811 2 3 2
409.927 0.249798 0.249798 2 3 2
410.151 0.249767 0.249767 2 3 2
410.395 0.249733 0.249733 2 3 2
410.762 0.249668 0.249668 2 3 2
411.166 0.249613 0.249613 2 3 2
411.61 0.249553 0.249553 2 3 2
412.108 0.249493 0.249493 2 3 2
412.61 0.249426 0.249426 2 3 2
413.109 0.24936 0.24936 2 3 2
413.608 0.249285 0.249285 2 3 2
414.108 0.249219 0.249219 2 3 2
414.607 0.249155 0.249155 2 3 2
415.106 0.249103 0.249103 2 3 2
415.607 0.249039 0.249039 2 3 2
416.107 0.248975 0.248975 2 3 2
416.608 0.248894 0.248894 2 3 2
417.114 0.248831 0.248831 2 3 2
417.614 0.248769 0.248769 2 3 2
418.113 0.248721 0.248721 2 3 2
418.614 0.24866 0.24866 2 3 2
419.114 0.248599 0.248599 2 3 2
419.614 0.248528 0.248528 2 3 2
420.114 0.248469 0.248469 2 3 2
420.614 0.248409 0.248409 2 3 2
421.114 0.248362 0.248362 2 3 2
421.614 0.248303 0.248303 2 3 2
422.114 0.248245 0.248245 2 3 2
422.614 0.24818 0.24818 2 3 2
423.114 0.248123 0.248123 2 3 2
423.614 0.248066 0.248066 2 3 2
424.114 0.248003 0.248003 2 3 2
424.614 0.247947 0.247947 2 3 2
425.114 0.247891 0.247891 2 3 2
425.614 0.247841 0.247841 2 3 2
426.114 0.247786 0.247786 2 3 2
426.614 0.247732 0.247732 2 3 2
427.114 0.247671 0.247671 2 3 2
427.614 0.247618 0.247618 2 3 2
428.114 0.247564 0.247564 2 3 2
428.614 0.247521 0.247521 2 3 2
429.114 0.247468 0.247468 2 3 2
429.614 0.247416 0.247416 2 3 2
430.114 0.247364 0.247364 2 3 2
430.614 0.247312 0.247312 2 3 2
431.114 0.247261 0.247261 2 3 2
431.614 0.247202 0.247202 2 3 2
432.114 0.247152 0.247152 2 3 2
432.614 0.247101 0.247101 2 3 2
433.114 0.247048 0.247048 2 3 2
433.614 0.246999 0.246999 2 3 2
434.114 0.24695 0.24695 2 3 2
434.614 0.246901 0.246901 2 3 2
435.114 0.246853 0.246853 2 3 2
435.614 0.246805 0.246805 2 3 2
436.114 0.246756 0.246756 2 3 2
436.614 0.246708 0.246708 2 3 2
437.114 0.246661 0.246661 2 3 2
437.614 0.246613 0.246613 2 3 2
438.114 0.246566 0.246566 2 3 2
438.614 0.24652 0.24652 2 3 2
439.114 0.246472 0.246472 2 3 2
439.614 0.246426 0.246426 2 3 2
440.114 0.246381 0.246381 2 3 2
440.614 0.246335 0.246335 2 3 2
441.114 0.24629 0.24629 2 3 2
441.614 0.246246 0.246246 2 3 2
442.114 0.246201 0.246201 2 3 2
442.614 0.246157 0.246157 2 3 2
443.114 0.246114 0.246114 2 3 2
443.614 0.24607 0.24607 2 3 2
444.114 0.246027 0.246027 2 3 2
444.614 0.245984 0.245984 2 3 2
445.114 0.245941 0.245941 2 3 2
445.614 0.245899 0.245899 2 3 2
446.114 0.245858 0.245858 2 3 2
446.614 0.245816 0.245816 2 3 2
447.114 0.245774 0.245774 2 3 2
447.614 0.245733 0.245733 2 3 2
448.114 0.245692 0.245692 2 3 2
448.614 0.245652 0.245652 2 3 2
449.114 0.245612 0.245612 2 3 2
449.614 0.245571 0.245571 2 3 2
450.114 0.245532 0.245532 2 3 2
450.614 0.245493 0.245493 2 3 2
451.114 0.245453 0.245453 2 3 2
451.614 0.245414 0.245414 2 3 2
452.114 0.245376 0.245376 2 3 2
452.614 0.245337 0.245337 2 3 2
453.114 0.245299 0.245299 2 3 2
453.614 0.245261 0.245261 2 3 2
454.114 0.245224 0.245224 2 3 2
454.614 0.245186 0.245186 2 3 2
455.114 0.245149 0.245149 2 3 2
455.614 0.245112 0.245112 2 3 2
456.114 0.245076 0.245076 2 3 2
456.614 0.24504 0.24504 2 3 2
457.114 0.245003 0.245003 2 3 2
457.614 0.244967 0.244967 2 3 2
458.114 0.244932 0.244932 2 3 2
458.614 0.244896 0.244896 2 3 2
459.114 0.244861 0.244861 2 3 2
459.614 0.244826 0.244826 2 3 2
460.114 0.244792 0.244792 2 3 2
460.614 0.244757 0.244757 2 3 2
461.114 0.244723 0.244723 2 3 2
461.614 0.244689 0.244689 2 3 2
462.114 0.244655 0.244655 2 3 2
462.614 0.244622 0.244622 2 3 2
463.114 0.244588 0.244588 2 3 2
463.614 0.244555 0.244555 2 3 2
464.114 0.244523 0.244523 2 3 2
464.614 0.24449 0.24449 2 3 2
465.114 0.244458 0.244458 2 3 2
465.614 0.244425 0.244425 2 3 2
466.114 0.244393 0.244393 2 3 2
466.614 0.244362 0.244362 2 3 2
467.114 0.24433 0.24433 2 3 2
467.614 0.244299 0.244299 2 3 2
468.114 0.244268 0.244268 2 3 2
468.614 0.244237 0.244237 2 3 2
469.114 0.244206 0.244206 2 3 2
469.614 0.244176 0.244176 2 3 2
470.114 0.244146 0.244146 2 3 2
470.614 0.244116 0.244116 2 3 2
471.114 0.244087 0.244087 2 3 2
471.614 0.244057 0.244057 2 3 2
472.114 0.244028 0.244028 2 3 2
472.614 0.243999 0.243999 2 3 2
473.114 0.24397 0.24397 2 3 2
473.614 0.243943 0.243943 2 3 2
474.114 0.243915 0.243915 2 3 2
474.614 0.243886 0.243886 2 3 2
475.114 0.243867 0.243867 2 3 2
475.614 0.243839 0.243839 2 3 2
476.114 0.243811 0.243811 2 3 2
476.614 0.243801 0.243801 2 3 2
477.114 0.243771 0.243771 2 3 2
477.614 0.243741 0.243741 2 3 2
478.114 0.243688 0.243688 2 3 2
478.614 0.243661 0.243661 2 3 2
479.114 0.243635 0.243635 2 3 2
479.614 0.243637 0.243637 2 3 2
480.114 0.24361 0.24361 2 3 2
480.614 0.243584 0.243584 2 3 2
481.114 0.243545 0.243545 2 3 2
481.614 0.243519 0.243519 2 3 2
482.114 0.243493 0.243493 2 3 2
482.614 0.243465 0.243465 2 3 2
483.114 0.243439 0.243439 2 3 2
483.614 0.243414 0.243414 2 3 2
484.114 0.243391 0.243391 2 3 2
484.614 0.243366 0.243366 2 3 2
485.114 0.243341 0.243341 2 3 2
485.614 0.243325 0.243325 2 3 2
486.114 0.2433 0.2433 2 3 2
486.614 0.243276 0.243276 2 3 2
487.114 0.243224 0.243224 2 3 2
487.614 0.243201 0.243201 2 3 2
488.114 0.243178 0.243178 2 3 2
488.614 0.243186 0.243186 2 3 2
489.114 0.243162 0.243162 2 3 2
489.614 0.243137 0.243137 2 3 2
490.114 0.243108 0.243108 2 3 2
490.614 0.243085 0.243085 2 3 2
491.114 0.243061 0.243061 2 3 2
491.614 0.243033 0.243033 2 3 2
492.114 0.24301 0.24301 2 3 2
492.614 0.242987 0.242987 2 3 2
493.114 0.242965 0.242965 2 3 2
493.614 0.242943 0.242943 2 3 2
494.114 0.242921 0.242921 2 3 2
494.614 0.242898 0.242898 2 3 2
495.114 0.242876 0.242876 2 3 2
495.614 0.242855 0.242855 2 3 2
496.114 0.242817 0.242817 2 3 2
496.614 0.242792 0.242792 2 3 2
497.114 0.242771 0.242771 2 3 2
497.614 0.242766 0.242766 2 3 2
498.114 0.242745 0.242745 2 3 2
498.614 0.242725 0.242725 2 3 2
499.114 0.242697 0.242697 2 3 2
499.614 0.242678 0.242678 2 3 2
500.114 0.242659 0.242659 2 3 2
500.614 0.242639 0.242639 2 3 2
501.114 0.242619 0.242619 2 3 2
501.614 0.242599 0.242599 2 3 2
502.114 0.242598 0.242598 2 3 2
502.614 0.242576 0.242576 2 3 2
503.114 0.242554 0.242554 2 3 2
503.614 0.242543 0.242543 2 3 2
504.114 0.242523 0.242523 2 3 2
504.114 0.242523 0.242523 2 3 2
504.134 0.242522 0.242522 2 3 2
504.164 0.242521 0.242521 2 3 2
504.209 0.242514 0.242514 2 3 2
504.259 0.242512 0.242512 2 3 2
504.333 0.242509 0.242509 2 3 2
504.482 0.242492 0.242492 2 3 2
504.645 0.242483 0.242483 2 3 2
504.825 0.242473 0.242473 2 3 2
505.094 0.242448 0.242448 2 3 2
505.498 0.242435 0.242435 2 3 2
505.943 0.242421 0.242421 2 3 2
506.443 0.242433 0.242433 2 3 2
506.943 0.242411 0.242411 2 3 2
507.443 0.242389 0.242389 2 3 2
507.943 0.242376 0.242376 2 3 2
508.443 0.242357 0.242357 2 3 2
508.943 0.242338 0.242338 2 3 2
509.443 0.242307 0.242307 2 3 2
509.943 0.242288 0.242288 2 3 2
510.443 0.242269 0.242269 2 3 2
510.943 0.242262 0.242262 2 3 2
511.443 0.242245 0.242245 2 3 2
511.943 0.242228 0.242228 2 3 2
512.443 0.2422 0.2422 2 3 2
512.943 0.242183 0.242183 2 3 2
513.443 0.242165 0.242165 2 3 2
513.943 0.242152 0.242152 2 3 2
514.443 0.242136 0.242136 2 3 2
514.943 0.242119 0.242119 2 3 2
515.443 0.242132 0.242132 2 3 2
515.943 0.242108 0.242108 2 3 2
516.443 0.242083 0.242083 2 3 2
516.943 0.242058 0.242058 2 3 2
517.443 0.242041 0.242041 2 3 2
517.943 0.242025 0.242025 2 3 2
518.443 0.241996 0.241996 2 3 2
518.943 0.241984 0.241984 2 3 2
519.443 0.241971 0.241971 2 3 2
519.943 0.241957 0.241957 2 3 2
520.443 0.241941 0.241941 2 3 2
520.943 0.241926 0.241926 2 3 2
521.443 0.241901 0.241901 2 3 2
521.943 0.241886 0.241886 2 3 2
522.443 0.241872 0.241872 2 3 2
522.943 0.241884 0.241884 2 3 2
523.443 0.241866 0.241866 2 3 2
523.943 0.241848 0.241848 2 3 2
524.443 0.24184 0.24184 2 3 2
524.943 0.241825 0.241825 2 3 2
525.443 0.24181 0.24181 2 3 2
525.943 0.241784 0.241784 2 3 2
526.443 0.241769 0.241769 2 3 2
526.943 0.241754 0.241754 2 3 2
527.443 0.241737 0.241737 2 3 2
527.943 0.241723 0.241723 2 3 2
528.443 0.241709 0.241709 2 3 2
528.943 0.241688 0.241688 2 3 2
529.443 0.241674 0.241674 2 3 2
529.943 0.24166 0.24166 2 3 2
530.443 0.241639 0.241639 2 3 2
530.943 0.241625 0.241625 2 3 2
531.443 0.241612 0.241612 2 3 2
531.943 0.241618 0.241618 2 3 2
532.443 0.241605 0.241605 2 3 2
532.943 0.241592 0.241592 2 3 2
533.443 0.241544 0.241544 2 3 2
533.943 0.241544 0.241544 2 3 2
534.443 0.241542 0.241542 2 3 2
534.943 0.241526 0.241526 2 3 2
535.443 0.241518 0.241518 2 3 2
535.943 0.241509 0.241509 2 3 2
536.443 0.241493 0.241493 2 3 2
536.943 0.241482 0.241482 2 3 2
537.443 0.241471 0.241471 2 3 2
537.943 0.241456 0.241456 2 3 2
538.443 0.241441 0.241441 2 3 2
538.943 0.241428 0.241428 2 3 2
539.443 0.241455 0.241455 2 3 2
539.943 0.241442 0.241442 2 3 2
540.443 0.24143 0.24143 2 3 2
540.943 0.241404 0.241404 2 3 2
541.443 0.241393 0.241393 2 3 2
541.943 0.241381 0.241381 2 3 2
542.443 0.241359 0.241359 2 3 2
542.943 0.241346 0.241346 2 3 2
543.443 0.241334 0.241334 2 3 2
543.943 0.241326 0.241326 2 3 2
544.443 0.241314 0.241314 2 3 2
544.943 0.241303 0.241303 2 3 2
545.443 0.241234 0.241234 2 3 2
545.943 0.241229 0.241229 2 3 2
546.443 0.241245 0.241245 2 3 2
546.943 0.241262 0.241262 2 3 2
547.443 0.241251 0.241251 2 3 2
547.943 0.24124 0.24124 2 3 2
548.443 0.241227 0.241227 2 3 2
548.943 0.241216 0.241216 2 3 2
549.443 0.241205 0.241205 2 3 2
549.943 0.241181 0.241181 2 3 2
550.443 0.241175 0.241175 2 3 2
550.943 0.241168 0.241168 2 3 2
551.443 0.241149 0.241149 2 3 2
551.943 0.241143 0.241143 2 3 2
552.443 0.241136 0.241136 2 3 2
552.943 0.241119 0.241119 2 3 2
553.443 0.241109 0.241109 2 3 2
553.943 0.241101 0.241101 2 3 2
554.443 0.241137 0.241137 2 3 2
554.943 0.241127 0.241127 2 3 2
555.443 0.241117 0.241117 2 3 2
555.943 0.241088 0.241088 2 3 2
556.443 0.241078 0.241078 2 3 2
556.943 0.241069 0.241069 2 3 2
557.443 0.241043 0.241043 2 3 2
557.943 0.241032 0.241032 2 3 2
558.443 0.241022 0.241022 2 3 2
558.943 0.241006 0.241006 2 3 2
559.443 0.240996 0.240996 2 3 2
559.943 0.240987 0.240987 2 3 2
560.443 0.240995 0.240995 2 3 2
560.943 0.240986 0.240986 2 3 2
561.443 0.240977 0.240977 2 3 2
561.943 0.240968 0.240968 2 3 2
562.443 0.240953 0.240953 2 3 2
562.943 0.240936 0.240936 2 3 2
563.443 0.240953 0.240953 2 3 2
563.943 0.240943 0.240943 2 3 2
564.443 0.240932 0.240932 2 3 2
564.943 0.240911 0.240911 2 3 2
565.443 0.240901 0.240901 2 3 2
565.943 0.24089 0.24089 2 3 2
566.443 0.240893 0.240893 2 3 2
566.943 0.240885 0.240885 2 3 2
567.443 0.240877 0.240877 2 3 2
567.943 0.240845 0.240845 2 3 2
568.443 0.240837 0.240837 2 3 2
568.943 0.240828 0.240828 2 3 2
569.443 0.240821 0.240821 2 3 2
569.943 0.240813 0.240813 2 3 2
570.443 0.240805 0.240805 2 3 2
570.943 0.240802 0.240802 2 3 2
571.443 0.240794 0.240794 2 3 2
571.943 0.240786 0.240786 2 3 2
572.443 0.240774 0.240774 2 3 2
572.943 0.240766 0.240766 2 3 2
573.443 0.240758 0.240758 2 3 2
573.943 0.240748 0.240748 2 3 2
574.443 0.24074 0.24074 2 3 2
574.943 0.240733 0.240733 2 3 2
575.443 0.240722 0.240722 2 3 2
575.943 0.240715 0.240715 2 3 2
576.443 0.240708 0.240708 2 3 2
576.943 0.240697 0.240697 2 3 2
577.443 0.24069 0.24069 2 3 2
577.943 0.240684 0.240684 2 3 2
578.443 0.240674 0.240674 2 3 2
578.943 0.240667 0.240667 2 3 2
579.443 0.240661 0.240661 2 3 2
579.943 0.240651 0.240651 2 3 2
580.443 0.240645 0.240645 2 3 2
580.943 0.240639 0.240639 2 3 2
581.443 0.24063 0.24063 2 3 2
581.943 0.240624 0.240624 2 3 2
582.443 0.240618 0.240618 2 3 2
582.943 0.240661 0.240661 2 3 2
583.443 0.240655 0.240655 2 3 2
583.943 0.240649 0.240649 2 3 2
584.443 0.240595 0.240595 2 3 2
584.943 0.240583 0.240583 2 3 2
585.443 0.240582 0.240582 2 3 2
585.943 0.240662 0.240662 2 3 2
586.443 0.240647 0.240647 2 3 2
586.943 0.240632 0.240632 2 3 2
587.443 0.24059 0.24059 2 3 2
587.943 0.240581 0.240581 2 3 2
588.443 0.240573 0.240573 2 3 2
588.943 0.240556 0.240556 2 3 2
589.443 0.24055 0.24055 2 3 2
589.943 0.240544 0.240544 2 3 2
590.443 0.240537 0.240537 2 3 2
590.943 0.240531 0.240531 2 3 2
591.443 0.240526 0.240526 2 3 2
591.943 0.240511 0.240511 2 3 2
592.443 0.240505 0.240505 2 3 2
592.943 0.2405 0.2405 2 3 2
593.443 0.240525 0.240525 2 3 2
593.943 0.24052 0.24052 2 3 2
594.443 0.240515 0.240515 2 3 2
594.943 0.240584 0.240584 2 3 2
595.443 0.240564 0.240564 2 3 2
595.943 0.24054 0.24054 2 3 2
596.443 0.240471 0.240471 2 3 2
596.943 0.240464 0.240464 2 3 2
597.443 0.240456 0.240456 2 3 2
597.943 0.240456 0.240456 2 3 2
598.443 0.24045 0.24045 2 3 2
598.943 0.240445 0.240445 2 3 2
599.443 0.240427 0.240427 2 3 2
599.943 0.240422 0.240422 2 3 2
