1.702019999999999982e+02 2.246369999999999964e-02
1.702429999999999950e+02 2.245120000000000102e-02
1.702839999999999918e+02 2.243869999999999892e-02
1.703120000000000118e+02 2.243020000000000083e-02
1.703369999999999891e+02 2.242260000000000086e-02
1.703830000000000098e+02 2.240870000000000015e-02
1.704240000000000066e+02 2.239599999999999924e-02
1.705070000000000050e+02 2.237060000000000090e-02
1.705829999999999984e+02 2.234749999999999931e-02
1.707199999999999989e+02 2.230539999999999953e-02
1.708449999999999989e+02 2.226720000000000088e-02
1.710949999999999989e+02 2.219039999999999901e-02
1.715949999999999989e+02 2.203650000000000053e-02
1.720949999999999989e+02 2.188199999999999867e-02
1.725949999999999989e+02 2.172690000000000038e-02
1.730949999999999989e+02 2.157130000000000158e-02
1.735949999999999989e+02 2.141530000000000170e-02
1.740949999999999989e+02 2.125900000000000012e-02
1.745949999999999989e+02 2.110240000000000032e-02
1.750949999999999989e+02 2.094560000000000172e-02
1.755949999999999989e+02 2.078850000000000142e-02
1.760949999999999989e+02 2.063140000000000113e-02
1.765949999999999989e+02 2.047420000000000143e-02
1.770949999999999989e+02 2.031700000000000172e-02
1.775949999999999989e+02 2.015969999999999915e-02
1.780949999999999989e+02 2.000259999999999885e-02
1.785949999999999989e+02 1.984549999999999856e-02
1.790949999999999989e+02 1.968860000000000054e-02
1.795949999999999989e+02 1.953190000000000134e-02
1.800949999999999989e+02 1.937530000000000155e-02
1.805949999999999989e+02 1.921909999999999938e-02
1.810949999999999989e+02 1.906309999999999949e-02
1.815949999999999989e+02 1.890740000000000129e-02
1.820949999999999989e+02 1.875210000000000071e-02
1.825949999999999989e+02 1.859709999999999835e-02
1.830939999999999941e+02 1.844259999999999997e-02
1.835939999999999941e+02 1.828849999999999920e-02
1.840939999999999941e+02 1.813479999999999953e-02
1.845939999999999941e+02 1.798160000000000036e-02
1.850939999999999941e+02 1.782890000000000169e-02
1.855939999999999941e+02 1.767670000000000005e-02
1.860939999999999941e+02 1.752509999999999832e-02
1.865939999999999941e+02 1.737400000000000055e-02
1.870939999999999941e+02 1.722359999999999863e-02
1.875939999999999941e+02 1.707370000000000068e-02
1.880939999999999941e+02 1.692439999999999917e-02
1.885939999999999941e+02 1.677580000000000043e-02
1.890939999999999941e+02 1.662780000000000161e-02
1.895939999999999941e+02 1.648049999999999862e-02
1.900939999999999941e+02 1.633389999999999842e-02
1.905939999999999941e+02 1.618790000000000159e-02
1.910939999999999941e+02 1.604270000000000002e-02
1.915939999999999941e+02 1.589820000000000122e-02
1.920939999999999941e+02 1.575439999999999827e-02
1.925939999999999941e+02 1.561139999999999924e-02
1.930939999999999941e+02 1.546909999999999952e-02
1.935939999999999941e+02 1.532750000000000085e-02
1.940939999999999941e+02 1.518680000000000030e-02
1.945939999999999941e+02 1.504680000000000080e-02
1.950939999999999941e+02 1.490760000000000002e-02
1.955939999999999941e+02 1.476919999999999969e-02
1.960939999999999941e+02 1.463150000000000041e-02
1.965939999999999941e+02 1.449469999999999925e-02
1.970939999999999941e+02 1.435870000000000028e-02
1.975939999999999941e+02 1.422359999999999944e-02
1.980939999999999941e+02 1.408919999999999964e-02
1.985939999999999941e+02 1.395569999999999970e-02
1.990939999999999941e+02 1.382300000000000022e-02
1.995939999999999941e+02 1.369120000000000059e-02
2.000939999999999941e+02 1.356010000000000028e-02
2.005939999999999941e+02 1.342999999999999923e-02
2.010939999999999941e+02 1.330059999999999923e-02
2.015939999999999941e+02 1.317220000000000023e-02
2.020939999999999941e+02 1.304450000000000054e-02
2.025939999999999941e+02 1.291780000000000012e-02
2.030939999999999941e+02 1.279180000000000074e-02
2.035939999999999941e+02 1.266680000000000063e-02
2.040939999999999941e+02 1.254259999999999924e-02
2.045939999999999941e+02 1.241920000000000003e-02
2.050939999999999941e+02 1.229670000000000069e-02
2.055939999999999941e+02 1.217509999999999946e-02
2.060939999999999941e+02 1.205430000000000043e-02
2.065939999999999941e+02 1.193439999999999952e-02
2.070939999999999941e+02 1.181530000000000080e-02
2.075939999999999941e+02 1.169710000000000021e-02
2.080939999999999941e+02 1.157970000000000006e-02
2.085939999999999941e+02 1.146319999999999978e-02
2.090939999999999941e+02 1.134749999999999995e-02
2.095939999999999941e+02 1.123269999999999998e-02
2.100939999999999941e+02 1.111879999999999986e-02
2.105939999999999941e+02 1.100570000000000020e-02
2.110939999999999941e+02 1.089339999999999926e-02
2.115939999999999941e+02 1.078190000000000051e-02
2.120939999999999941e+02 1.067139999999999929e-02
2.125939999999999941e+02 1.056160000000000085e-02
2.130939999999999941e+02 1.045270000000000053e-02
2.135939999999999941e+02 1.034460000000000067e-02
2.140939999999999941e+02 1.023729999999999953e-02
2.145939999999999941e+02 1.013089999999999997e-02
2.149139999999999873e+02 1.006319999999999958e-02
2.150740000000000123e+02 1.002940000000000081e-02
2.151539999999999964e+02 1.001259999999999997e-02
2.151939999999999884e+02 1.000419999999999955e-02
2.152139999999999986e+02 1.000000000000000021e-02
2.152139999999999986e+02 1.000000000000000021e-02
2.152340000000000089e+02 9.995800000000000865e-03
2.152740000000000009e+02 9.987400000000000444e-03
2.153540000000000134e+02 9.970629999999999424e-03
2.155140000000000100e+02 9.937130000000000615e-03
2.158340000000000032e+02 9.870399999999999660e-03
2.163340000000000032e+02 9.766789999999999153e-03
2.168340000000000032e+02 9.663980000000000833e-03
2.173340000000000032e+02 9.561979999999999438e-03
2.178340000000000032e+02 9.460770000000000290e-03
2.183340000000000032e+02 9.360359999999999861e-03
2.188340000000000032e+02 9.260739999999999944e-03
2.193340000000000032e+02 9.161900000000000599e-03
2.198340000000000032e+02 9.063840000000000091e-03
2.203340000000000032e+02 8.966560000000000155e-03
2.208340000000000032e+02 8.870050000000000850e-03
2.213340000000000032e+02 8.774310000000000442e-03
2.218340000000000032e+02 8.679330000000000725e-03
2.223340000000000032e+02 8.585109999999999963e-03
2.228340000000000032e+02 8.491639999999999952e-03
2.233340000000000032e+02 8.398920000000000691e-03
2.238340000000000032e+02 8.306940000000000504e-03
2.243340000000000032e+02 8.215699999999999392e-03
2.248340000000000032e+02 8.125179999999999209e-03
2.253340000000000032e+02 8.035399999999999834e-03
2.258340000000000032e+02 7.946339999999999654e-03
2.263340000000000032e+02 7.857990000000000461e-03
2.268340000000000032e+02 7.770349999999999653e-03
2.273340000000000032e+02 7.683429999999999774e-03
2.278340000000000032e+02 7.597200000000000134e-03
2.283340000000000032e+02 7.511669999999999806e-03
2.288340000000000032e+02 7.426829999999999717e-03
2.293340000000000032e+02 7.342669999999999926e-03
2.298340000000000032e+02 7.259200000000000375e-03
2.303340000000000032e+02 7.176400000000000313e-03
2.308340000000000032e+02 7.094269999999999743e-03
2.313340000000000032e+02 7.012799999999999589e-03
2.318340000000000032e+02 6.931989999999999853e-03
2.323340000000000032e+02 6.851829999999999726e-03
2.328340000000000032e+02 6.772330000000000017e-03
2.333340000000000032e+02 6.693469999999999975e-03
2.338340000000000032e+02 6.615239999999999662e-03
2.343340000000000032e+02 6.537659999999999826e-03
2.348340000000000032e+02 6.460689999999999836e-03
2.353340000000000032e+02 6.384349999999999574e-03
2.358340000000000032e+02 6.308629999999999967e-03
2.363340000000000032e+02 6.233520000000000207e-03
2.368340000000000032e+02 6.159010000000000352e-03
2.373340000000000032e+02 6.085110000000000345e-03
2.378340000000000032e+02 6.011810000000000244e-03
2.383340000000000032e+02 5.939090000000000168e-03
2.388340000000000032e+02 5.866979999999999938e-03
2.393340000000000032e+02 5.795439999999999793e-03
2.398340000000000032e+02 5.724479999999999673e-03
2.403340000000000032e+02 5.654069999999999756e-03
2.408340000000000032e+02 5.584249999999999804e-03
2.413340000000000032e+02 5.514989999999999996e-03
2.418340000000000032e+02 5.446280000000000392e-03
2.423340000000000032e+02 5.378140000000000004e-03
2.428340000000000032e+02 5.310549999999999819e-03
2.433340000000000032e+02 5.243509999999999838e-03
2.438340000000000032e+02 5.177010000000000119e-03
2.443340000000000032e+02 5.111049999999999795e-03
2.448340000000000032e+02 5.045680000000000304e-03
2.453340000000000032e+02 4.980789999999999697e-03
2.458340000000000032e+02 4.916440000000000220e-03
2.463340000000000032e+02 4.852859999999999639e-03
2.468340000000000032e+02 4.789559999999999998e-03
2.473340000000000032e+02 4.726789999999999811e-03
2.478340000000000032e+02 4.664620000000000398e-03
2.483340000000000032e+02 4.602870000000000225e-03
2.488340000000000032e+02 4.541640000000000434e-03
2.493340000000000032e+02 4.480920000000000215e-03
2.498340000000000032e+02 4.420699999999999630e-03
2.503340000000000032e+02 4.360980000000000412e-03
2.508340000000000032e+02 4.301669999999999626e-03
2.513340000000000032e+02 4.242939999999999733e-03
2.518340000000000032e+02 4.184720000000000280e-03
2.523340000000000032e+02 4.126989999999999652e-03
2.528340000000000032e+02 4.069760000000000391e-03
2.533340000000000032e+02 4.013010000000000015e-03
2.538340000000000032e+02 3.957040000000000210e-03
2.543340000000000032e+02 3.901289999999999966e-03
2.548340000000000032e+02 3.846019999999999908e-03
2.553340000000000032e+02 3.790910000000000200e-03
2.558340000000000032e+02 3.736600000000000078e-03
2.563340000000000032e+02 3.682780000000000081e-03
2.568340000000000032e+02 3.629820000000000182e-03
2.573340000000000032e+02 3.576980000000000003e-03
2.578340000000000032e+02 3.524629999999999951e-03
2.583340000000000032e+02 3.472049999999999963e-03
2.588340000000000032e+02 3.420639999999999965e-03
2.593340000000000032e+02 3.369710000000000153e-03
2.598340000000000032e+02 3.319020000000000217e-03
2.603340000000000032e+02 3.269039999999999967e-03
2.608340000000000032e+02 3.219539999999999902e-03
2.613340000000000032e+02 3.170179999999999873e-03
2.618340000000000032e+02 3.121650000000000119e-03
2.623340000000000032e+02 3.073610000000000057e-03
2.628340000000000032e+02 3.026249999999999860e-03
2.633340000000000032e+02 2.979209999999999931e-03
2.638340000000000032e+02 2.932670000000000068e-03
2.643340000000000032e+02 2.887409999999999977e-03
2.648340000000000032e+02 2.841950000000000205e-03
2.653340000000000032e+02 2.797009999999999948e-03
2.658340000000000032e+02 2.752600000000000012e-03
2.663340000000000032e+02 2.708669999999999828e-03
2.668340000000000032e+02 2.665250000000000084e-03
2.673340000000000032e+02 2.623120000000000052e-03
2.678340000000000032e+02 2.580779999999999966e-03
2.683340000000000032e+02 2.538949999999999887e-03
2.688340000000000032e+02 2.497619999999999875e-03
2.693340000000000032e+02 2.456809999999999810e-03
2.698340000000000032e+02 2.416530000000000067e-03
2.703340000000000032e+02 2.377150000000000183e-03
2.708340000000000032e+02 2.337930000000000216e-03
2.713340000000000032e+02 2.299240000000000138e-03
2.718340000000000032e+02 2.261829999999999830e-03
2.723340000000000032e+02 2.224269999999999980e-03
2.728340000000000032e+02 2.187240000000000018e-03
2.733340000000000032e+02 2.153019999999999847e-03
2.738340000000000032e+02 2.117289999999999971e-03
2.743340000000000032e+02 2.082130000000000179e-03
2.748340000000000032e+02 2.058640000000000036e-03
2.753340000000000032e+02 2.025550000000000093e-03
2.758340000000000032e+02 1.993099999999999820e-03
2.763340000000000032e+02 1.957430000000000021e-03
2.768340000000000032e+02 1.925929999999999960e-03
2.773340000000000032e+02 1.895090000000000099e-03
2.778340000000000032e+02 1.910360000000000053e-03
2.783340000000000032e+02 1.883750000000000008e-03
2.788340000000000032e+02 1.857909999999999943e-03
2.793340000000000032e+02 1.801000000000000083e-03
2.798340000000000032e+02 1.774799999999999989e-03
2.803340000000000032e+02 1.749329999999999895e-03
2.808340000000000032e+02 1.795259999999999911e-03
2.813340000000000032e+02 1.774439999999999958e-03
2.818340000000000032e+02 1.754260000000000107e-03
2.823340000000000032e+02 1.720119999999999896e-03
2.828340000000000032e+02 1.700640000000000008e-03
2.833340000000000032e+02 1.681820000000000103e-03
2.838340000000000032e+02 1.689919999999999920e-03
2.843340000000000032e+02 1.672770000000000073e-03
2.848340000000000032e+02 1.656160000000000054e-03
2.853340000000000032e+02 1.635610000000000015e-03
2.858340000000000032e+02 1.619599999999999903e-03
2.863340000000000032e+02 1.604090000000000073e-03
2.868340000000000032e+02 1.592520000000000047e-03
2.873340000000000032e+02 1.577669999999999984e-03
2.878340000000000032e+02 1.563240000000000029e-03
2.883340000000000032e+02 1.498159999999999900e-03
2.888340000000000032e+02 1.481890000000000030e-03
2.893340000000000032e+02 1.465939999999999995e-03
2.893340000000000032e+02 1.465939999999999995e-03
