2.660679999999999978e+01 1.023140000000000022e-01
2.667510000000000048e+01 1.020790000000000031e-01
2.673720000000000141e+01 1.018649999999999972e-01
2.686250000000000071e+01 1.014300000000000063e-01
2.698679999999999879e+01 1.010069999999999996e-01
2.723620000000000019e+01 1.001640000000000030e-01
2.748580000000000112e+01 9.932739999999999625e-02
2.773539999999999850e+01 9.850090000000000234e-02
2.798519999999999897e+01 9.768229999999999968e-02
2.848479999999999990e+01 9.607079999999999786e-02
2.898450000000000060e+01 9.449100000000000554e-02
2.948430000000000106e+01 9.294439999999999646e-02
2.998420000000000130e+01 9.143080000000000651e-02
3.048400000000000176e+01 8.995140000000000080e-02
3.098389999999999844e+01 8.850500000000000034e-02
3.148389999999999844e+01 8.709119999999999362e-02
3.198379999999999868e+01 8.571040000000000603e-02
3.248369999999999891e+01 8.436169999999999780e-02
3.298369999999999891e+01 8.304519999999999957e-02
3.348360000000000269e+01 8.175899999999999834e-02
3.398360000000000269e+01 8.050350000000000561e-02
3.448360000000000269e+01 7.927850000000000175e-02
3.498349999999999937e+01 7.808239999999999625e-02
3.548349999999999937e+01 7.691530000000000589e-02
3.598349999999999937e+01 7.577620000000000189e-02
3.648349999999999937e+01 7.466490000000000626e-02
3.698340000000000316e+01 7.358049999999999313e-02
3.748340000000000316e+01 7.252210000000000600e-02
3.798340000000000316e+01 7.148949999999999749e-02
3.848340000000000316e+01 7.048179999999999723e-02
3.898340000000000316e+01 6.949819999999999609e-02
3.948340000000000316e+01 6.853829999999999645e-02
3.998329999999999984e+01 6.760120000000000018e-02
4.048329999999999984e+01 6.668620000000000103e-02
4.098329999999999984e+01 6.579290000000000138e-02
4.148329999999999984e+01 6.492069999999999785e-02
4.198329999999999984e+01 6.406900000000000095e-02
4.248329999999999984e+01 6.323689999999999867e-02
4.298329999999999984e+01 6.242400000000000032e-02
4.348329999999999984e+01 6.162979999999999847e-02
4.398329999999999984e+01 6.085360000000000075e-02
4.448329999999999984e+01 6.009500000000000258e-02
4.498329999999999984e+01 5.935349999999999654e-02
4.548319999999999652e+01 5.862860000000000293e-02
4.598319999999999652e+01 5.791969999999999758e-02
4.648319999999999652e+01 5.722630000000000078e-02
4.698340000000000316e+01 5.654780000000000223e-02
4.748780000000000001e+01 5.587849999999999762e-02
4.798780000000000001e+01 5.522919999999999913e-02
4.847720000000000340e+01 5.460720000000000157e-02
4.897480000000000189e+01 5.398789999999999839e-02
4.947440000000000282e+01 5.337920000000000165e-02
4.997420000000000329e+01 5.278279999999999778e-02
5.047420000000000329e+01 5.219859999999999778e-02
5.097409999999999997e+01 5.162629999999999997e-02
5.147409999999999997e+01 5.106549999999999978e-02
5.197409999999999997e+01 5.051610000000000128e-02
5.247409999999999997e+01 4.997759999999999703e-02
5.297409999999999997e+01 4.944980000000000209e-02
5.347409999999999997e+01 4.893229999999999802e-02
5.397409999999999997e+01 4.842489999999999989e-02
5.447409999999999997e+01 4.792720000000000313e-02
5.497409999999999997e+01 4.743909999999999794e-02
5.547409999999999997e+01 4.696020000000000055e-02
5.597409999999999997e+01 4.649040000000000117e-02
5.647409999999999997e+01 4.602930000000000216e-02
5.697409999999999997e+01 4.557680000000000065e-02
5.747409999999999997e+01 4.513249999999999901e-02
5.797409999999999997e+01 4.469630000000000131e-02
5.847409999999999997e+01 4.426809999999999773e-02
5.897409999999999997e+01 4.384740000000000165e-02
5.947409999999999997e+01 4.343430000000000207e-02
5.997409999999999997e+01 4.302840000000000137e-02
6.047409999999999997e+01 4.262959999999999666e-02
6.097409999999999997e+01 4.223779999999999896e-02
6.147409999999999997e+01 4.185259999999999675e-02
6.197409999999999997e+01 4.147409999999999985e-02
6.247409999999999997e+01 4.110189999999999677e-02
6.297409999999999997e+01 4.073600000000000138e-02
6.347409999999999997e+01 4.037620000000000098e-02
6.397409999999999997e+01 4.002239999999999964e-02
6.447410000000000707e+01 3.967430000000000262e-02
6.497410000000000707e+01 3.933190000000000297e-02
6.547410000000000707e+01 3.899509999999999782e-02
6.597410000000000707e+01 3.866359999999999936e-02
6.647410000000000707e+01 3.833749999999999658e-02
6.697410000000000707e+01 3.801639999999999880e-02
6.747410000000000707e+01 3.770040000000000197e-02
6.797410000000000707e+01 3.738930000000000031e-02
6.847410000000000707e+01 3.708310000000000078e-02
6.897410000000000707e+01 3.678150000000000169e-02
6.947410000000000707e+01 3.648450000000000304e-02
6.997410000000000707e+01 3.619200000000000195e-02
7.047410000000000707e+01 3.590390000000000248e-02
7.097410000000000707e+01 3.562010000000000176e-02
7.147410000000000707e+01 3.534040000000000098e-02
7.197410000000000707e+01 3.506490000000000301e-02
7.247410000000000707e+01 3.479340000000000210e-02
7.297410000000000707e+01 3.452580000000000232e-02
7.347410000000000707e+01 3.426209999999999672e-02
7.397410000000000707e+01 3.400210000000000038e-02
7.447410000000000707e+01 3.374590000000000228e-02
7.497410000000000707e+01 3.349320000000000075e-02
7.547410000000000707e+01 3.324409999999999865e-02
7.597410000000000707e+01 3.299839999999999718e-02
7.647410000000000707e+01 3.275610000000000327e-02
7.697410000000000707e+01 3.251720000000000305e-02
7.747410000000000707e+01 3.228149999999999770e-02
7.797410000000000707e+01 3.204889999999999822e-02
7.847410000000000707e+01 3.181960000000000344e-02
7.897410000000000707e+01 3.159320000000000184e-02
7.947410000000000707e+01 3.136989999999999917e-02
7.997410000000000707e+01 3.114950000000000011e-02
8.047410000000000707e+01 3.093200000000000116e-02
8.097410000000000707e+01 3.071739999999999887e-02
8.147410000000000707e+01 3.050550000000000136e-02
8.197410000000000707e+01 3.029630000000000170e-02
8.247410000000000707e+01 3.008979999999999988e-02
8.297410000000000707e+01 2.988599999999999937e-02
8.347410000000000707e+01 2.968470000000000136e-02
8.397410000000000707e+01 2.948589999999999892e-02
8.447410000000000707e+01 2.928959999999999897e-02
8.497410000000000707e+01 2.909569999999999865e-02
8.547410000000000707e+01 2.890430000000000083e-02
8.597410000000000707e+01 2.871510000000000035e-02
8.647410000000000707e+01 2.852829999999999949e-02
8.697410000000000707e+01 2.834369999999999945e-02
8.747410000000000707e+01 2.816139999999999963e-02
8.797410000000000707e+01 2.798120000000000121e-02
8.847410000000000707e+01 2.780320000000000014e-02
8.897410000000000707e+01 2.762720000000000106e-02
8.947410000000000707e+01 2.745339999999999933e-02
8.997410000000000707e+01 2.728159999999999960e-02
9.047410000000000707e+01 2.711169999999999899e-02
9.097410000000000707e+01 2.694389999999999979e-02
9.147410000000000707e+01 2.677790000000000031e-02
9.197410000000000707e+01 2.661389999999999936e-02
9.247410000000000707e+01 2.645170000000000160e-02
9.297410000000000707e+01 2.629139999999999949e-02
9.347410000000000707e+01 2.613280000000000117e-02
9.397410000000000707e+01 2.597599999999999909e-02
9.447410000000000707e+01 2.582100000000000020e-02
9.497410000000000707e+01 2.566770000000000163e-02
9.547410000000000707e+01 2.551600000000000049e-02
9.597410000000000707e+01 2.536609999999999907e-02
9.647410000000000707e+01 2.521769999999999914e-02
9.697410000000000707e+01 2.507099999999999954e-02
9.747410000000000707e+01 2.492580000000000143e-02
9.797410000000000707e+01 2.478220000000000076e-02
9.847410000000000707e+01 2.464010000000000158e-02
9.897410000000000707e+01 2.449959999999999985e-02
9.947410000000000707e+01 2.436050000000000021e-02
9.997410000000000707e+01 2.422279999999999919e-02
1.004740000000000038e+02 2.408669999999999908e-02
1.009740000000000038e+02 2.395190000000000166e-02
1.014740000000000038e+02 2.381849999999999939e-02
1.019740000000000038e+02 2.368649999999999922e-02
1.024740000000000038e+02 2.355579999999999827e-02
1.029740000000000038e+02 2.342649999999999941e-02
1.034740000000000038e+02 2.329849999999999977e-02
1.039740000000000038e+02 2.317169999999999994e-02
1.044740000000000038e+02 2.304629999999999873e-02
1.049740000000000038e+02 2.292200000000000140e-02
1.054740000000000038e+02 2.279909999999999923e-02
1.059740000000000038e+02 2.267730000000000093e-02
1.064740000000000038e+02 2.255669999999999897e-02
1.069740000000000038e+02 2.243739999999999971e-02
1.074740000000000038e+02 2.231910000000000144e-02
1.079740000000000038e+02 2.220209999999999892e-02
1.084740000000000038e+02 2.208610000000000087e-02
1.089740000000000038e+02 2.197129999999999916e-02
1.094740000000000038e+02 2.185749999999999846e-02
1.099740000000000038e+02 2.174490000000000103e-02
1.104740000000000038e+02 2.163330000000000114e-02
1.109740000000000038e+02 2.152280000000000165e-02
1.114740000000000038e+02 2.141329999999999970e-02
1.119740000000000038e+02 2.130479999999999874e-02
1.124740000000000038e+02 2.119729999999999878e-02
1.129740000000000038e+02 2.109089999999999923e-02
1.134740000000000038e+02 2.098540000000000127e-02
1.139740000000000038e+02 2.088090000000000085e-02
1.144740000000000038e+02 2.077729999999999855e-02
1.149740000000000038e+02 2.067470000000000072e-02
1.154740000000000038e+02 2.057300000000000101e-02
1.159740000000000038e+02 2.047219999999999943e-02
1.164740000000000038e+02 2.037239999999999884e-02
1.169740000000000038e+02 2.027340000000000045e-02
1.172939999999999969e+02 2.021049999999999930e-02
1.174539999999999935e+02 2.017920000000000130e-02
1.175340000000000060e+02 2.016360000000000027e-02
1.175739999999999981e+02 2.015580000000000149e-02
1.175939999999999941e+02 2.015190000000000037e-02
1.190939999999999941e+02 1.986339999999999981e-02
1.195939999999999941e+02 1.976889999999999897e-02
1.200939999999999941e+02 1.967520000000000033e-02
1.205939999999999941e+02 1.958239999999999981e-02
1.210939999999999941e+02 1.949029999999999860e-02
1.215939999999999941e+02 1.939909999999999898e-02
1.220939999999999941e+02 1.930859999999999868e-02
1.225939999999999941e+02 1.921890000000000057e-02
1.230939999999999941e+02 1.912989999999999829e-02
1.235939999999999941e+02 1.904170000000000168e-02
1.240939999999999941e+02 1.895430000000000031e-02
1.245939999999999941e+02 1.886760000000000173e-02
1.250939999999999941e+02 1.878159999999999899e-02
1.255939999999999941e+02 1.869629999999999903e-02
1.260939999999999941e+02 1.861169999999999838e-02
1.265939999999999941e+02 1.852780000000000052e-02
1.270939999999999941e+02 1.844459999999999850e-02
1.275939999999999941e+02 1.836209999999999926e-02
1.280939999999999941e+02 1.828029999999999933e-02
1.285939999999999941e+02 1.819909999999999931e-02
1.290939999999999941e+02 1.811859999999999860e-02
1.295939999999999941e+02 1.803880000000000067e-02
1.300939999999999941e+02 1.795959999999999918e-02
1.305939999999999941e+02 1.788100000000000106e-02
1.310939999999999941e+02 1.780299999999999938e-02
1.315939999999999941e+02 1.772570000000000048e-02
1.320939999999999941e+02 1.764889999999999862e-02
1.325939999999999941e+02 1.757279999999999953e-02
1.330939999999999941e+02 1.749730000000000035e-02
1.335939999999999941e+02 1.742230000000000167e-02
1.340939999999999941e+02 1.734799999999999884e-02
1.345939999999999941e+02 1.727419999999999997e-02
1.350939999999999941e+02 1.720100000000000101e-02
1.355939999999999941e+02 1.712829999999999908e-02
1.360939999999999941e+02 1.705620000000000053e-02
1.365939999999999941e+02 1.698469999999999841e-02
1.370939999999999941e+02 1.691370000000000026e-02
1.375939999999999941e+02 1.684329999999999855e-02
1.380939999999999941e+02 1.677330000000000140e-02
1.385939999999999941e+02 1.670390000000000069e-02
1.390939999999999941e+02 1.663509999999999989e-02
1.395939999999999941e+02 1.656670000000000018e-02
1.400939999999999941e+02 1.649880000000000096e-02
1.405939999999999941e+02 1.643150000000000166e-02
1.410939999999999941e+02 1.636469999999999939e-02
1.415939999999999941e+02 1.629830000000000167e-02
1.420939999999999941e+02 1.623240000000000099e-02
1.425939999999999941e+02 1.616700000000000081e-02
1.430939999999999941e+02 1.610210000000000113e-02
1.435939999999999941e+02 1.603769999999999848e-02
1.440939999999999941e+02 1.597370000000000040e-02
1.445939999999999941e+02 1.591019999999999934e-02
1.450939999999999941e+02 1.584709999999999938e-02
1.455939999999999941e+02 1.578449999999999992e-02
1.460939999999999941e+02 1.572240000000000096e-02
1.465939999999999941e+02 1.566069999999999962e-02
1.470939999999999941e+02 1.559939999999999938e-02
1.475939999999999941e+02 1.553859999999999963e-02
1.480939999999999941e+02 1.547809999999999984e-02
1.485939999999999941e+02 1.541810000000000055e-02
1.490939999999999941e+02 1.535860000000000003e-02
1.495939999999999941e+02 1.529939999999999946e-02
1.500939999999999941e+02 1.524069999999999939e-02
1.505939999999999941e+02 1.518229999999999927e-02
1.510939999999999941e+02 1.512439999999999965e-02
1.515939999999999941e+02 1.506689999999999939e-02
1.520939999999999941e+02 1.500970000000000082e-02
1.525939999999999941e+02 1.495299999999999928e-02
1.530939999999999941e+02 1.489659999999999943e-02
1.535939999999999941e+02 1.484060000000000067e-02
1.540939999999999941e+02 1.478499999999999953e-02
1.545939999999999941e+02 1.472979999999999949e-02
1.550939999999999941e+02 1.467489999999999940e-02
1.555939999999999941e+02 1.462049999999999982e-02
1.560939999999999941e+02 1.456630000000000077e-02
1.565939999999999941e+02 1.451260000000000050e-02
1.570939999999999941e+02 1.445920000000000018e-02
1.575939999999999941e+02 1.440609999999999981e-02
1.580939999999999941e+02 1.435340000000000053e-02
1.585939999999999941e+02 1.430099999999999948e-02
1.590939999999999941e+02 1.424899999999999951e-02
1.595939999999999941e+02 1.419740000000000064e-02
1.600939999999999941e+02 1.414600000000000059e-02
1.605939999999999941e+02 1.409499999999999989e-02
1.610939999999999941e+02 1.404429999999999915e-02
1.615939999999999941e+02 1.399399999999999950e-02
1.620939999999999941e+02 1.394399999999999980e-02
1.625939999999999941e+02 1.389430000000000005e-02
1.630939999999999941e+02 1.384490000000000026e-02
1.635939999999999941e+02 1.379580000000000042e-02
1.640939999999999941e+02 1.374709999999999994e-02
1.645939999999999941e+02 1.369860000000000001e-02
1.650939999999999941e+02 1.365049999999999944e-02
1.655939999999999941e+02 1.360259999999999941e-02
1.660939999999999941e+02 1.355510000000000048e-02
1.665939999999999941e+02 1.350780000000000036e-02
1.670939999999999941e+02 1.346089999999999960e-02
1.675939999999999941e+02 1.341419999999999939e-02
1.680939999999999941e+02 1.336790000000000027e-02
1.685939999999999941e+02 1.332179999999999996e-02
1.690939999999999941e+02 1.327599999999999961e-02
1.695939999999999941e+02 1.323049999999999921e-02
1.700939999999999941e+02 1.318530000000000049e-02
1.705939999999999941e+02 1.314030000000000059e-02
1.710939999999999941e+02 1.309560000000000064e-02
1.715939999999999941e+02 1.305120000000000065e-02
1.720939999999999941e+02 1.300710000000000061e-02
1.725939999999999941e+02 1.296319999999999938e-02
1.730939999999999941e+02 1.291959999999999983e-02
1.735939999999999941e+02 1.287620000000000084e-02
1.740939999999999941e+02 1.283310000000000006e-02
1.745939999999999941e+02 1.279029999999999924e-02
1.750939999999999941e+02 1.274770000000000070e-02
1.755939999999999941e+02 1.270540000000000037e-02
1.760939999999999941e+02 1.266330000000000060e-02
1.765939999999999941e+02 1.262150000000000077e-02
1.770939999999999941e+02 1.257989999999999976e-02
1.775939999999999941e+02 1.253860000000000044e-02
1.780939999999999941e+02 1.249749999999999993e-02
1.785939999999999941e+02 1.245659999999999996e-02
1.790939999999999941e+02 1.241599999999999995e-02
1.795939999999999941e+02 1.237560000000000049e-02
1.800939999999999941e+02 1.233549999999999924e-02
1.805939999999999941e+02 1.229560000000000028e-02
1.810939999999999941e+02 1.225590000000000013e-02
1.815939999999999941e+02 1.221640000000000052e-02
1.820939999999999941e+02 1.217719999999999914e-02
1.825939999999999941e+02 1.213820000000000003e-02
1.830939999999999941e+02 1.209939999999999974e-02
1.835939999999999941e+02 1.206079999999999999e-02
1.840939999999999941e+02 1.202250000000000020e-02
1.845939999999999941e+02 1.198439999999999922e-02
1.850939999999999941e+02 1.194639999999999938e-02
1.855939999999999941e+02 1.190869999999999949e-02
1.860939999999999941e+02 1.187129999999999956e-02
1.865939999999999941e+02 1.183400000000000077e-02
1.870939999999999941e+02 1.179690000000000079e-02
1.875939999999999941e+02 1.175999999999999962e-02
1.880939999999999941e+02 1.172340000000000014e-02
1.885939999999999941e+02 1.168690000000000007e-02
1.890939999999999941e+02 1.165069999999999995e-02
1.895939999999999941e+02 1.161459999999999923e-02
1.900939999999999941e+02 1.157870000000000080e-02
1.905939999999999941e+02 1.154310000000000058e-02
1.910939999999999941e+02 1.150759999999999977e-02
1.915939999999999941e+02 1.147229999999999951e-02
1.920939999999999941e+02 1.143719999999999980e-02
1.925939999999999941e+02 1.140230000000000063e-02
1.930939999999999941e+02 1.136760000000000027e-02
1.935939999999999941e+02 1.133310000000000047e-02
1.940939999999999941e+02 1.129879999999999947e-02
1.945939999999999941e+02 1.126459999999999961e-02
1.950939999999999941e+02 1.123069999999999971e-02
1.955939999999999941e+02 1.119689999999999921e-02
1.960939999999999941e+02 1.116329999999999927e-02
1.965939999999999941e+02 1.112980000000000046e-02
1.970939999999999941e+02 1.109659999999999987e-02
1.975939999999999941e+02 1.106350000000000042e-02
1.980939999999999941e+02 1.103059999999999978e-02
1.985939999999999941e+02 1.099789999999999969e-02
1.990939999999999941e+02 1.096530000000000074e-02
1.995939999999999941e+02 1.093290000000000060e-02
2.000939999999999941e+02 1.090069999999999928e-02
2.005939999999999941e+02 1.086860000000000083e-02
2.010939999999999941e+02 1.083680000000000060e-02
2.015939999999999941e+02 1.080500000000000037e-02
2.020939999999999941e+02 1.077350000000000009e-02
2.025939999999999941e+02 1.074209999999999922e-02
2.030939999999999941e+02 1.071090000000000063e-02
2.035939999999999941e+02 1.067979999999999971e-02
2.040939999999999941e+02 1.064889999999999934e-02
2.045939999999999941e+02 1.061810000000000011e-02
2.050939999999999941e+02 1.058749999999999969e-02
2.055939999999999941e+02 1.055709999999999982e-02
2.060939999999999941e+02 1.052679999999999935e-02
2.065939999999999941e+02 1.049660000000000003e-02
2.070939999999999941e+02 1.046659999999999952e-02
2.075939999999999941e+02 1.043679999999999955e-02
2.080939999999999941e+02 1.040710000000000073e-02
2.085939999999999941e+02 1.037760000000000071e-02
2.090939999999999941e+02 1.034820000000000011e-02
2.095939999999999941e+02 1.031900000000000005e-02
2.100939999999999941e+02 1.028989999999999939e-02
2.105939999999999941e+02 1.026089999999999988e-02
2.110939999999999941e+02 1.023209999999999918e-02
2.115939999999999941e+02 1.020339999999999962e-02
2.120939999999999941e+02 1.017490000000000061e-02
2.125939999999999941e+02 1.014649999999999927e-02
2.130939999999999941e+02 1.011830000000000021e-02
2.135939999999999941e+02 1.009009999999999942e-02
2.140939999999999941e+02 1.006220000000000031e-02
2.145939999999999941e+02 1.003429999999999947e-02
2.149139999999999873e+02 1.001660000000000050e-02
2.150740000000000123e+02 1.000769999999999958e-02
2.151539999999999964e+02 1.000329999999999969e-02
2.151939999999999884e+02 1.000110000000000061e-02
2.152139999999999986e+02 1.000000000000000021e-02
2.152139999999999986e+02 1.000000000000000021e-02
2.152340000000000089e+02 9.998899999999999802e-03
2.152740000000000009e+02 9.996690000000000784e-03
2.153540000000000134e+02 9.992279999999999218e-03
2.155140000000000100e+02 9.983459999999999557e-03
2.158340000000000032e+02 9.965869999999999937e-03
2.163340000000000032e+02 9.938499999999999418e-03
2.168340000000000032e+02 9.911259999999999862e-03
2.173340000000000032e+02 9.884149999999999534e-03
2.178340000000000032e+02 9.857170000000000168e-03
2.183340000000000032e+02 9.830320000000000030e-03
2.188340000000000032e+02 9.803600000000000855e-03
2.193340000000000032e+02 9.776999999999999233e-03
2.198340000000000032e+02 9.750530000000000308e-03
2.203340000000000032e+02 9.724190000000000611e-03
2.208340000000000032e+02 9.697970000000000201e-03
2.213340000000000032e+02 9.671870000000000814e-03
2.218340000000000032e+02 9.645900000000000654e-03
2.223340000000000032e+02 9.620049999999999782e-03
2.228340000000000032e+02 9.594319999999999932e-03
2.233340000000000032e+02 9.568709999999999369e-03
2.238340000000000032e+02 9.543219999999999828e-03
2.243340000000000032e+02 9.517839999999999634e-03
2.248340000000000032e+02 9.492590000000000403e-03
2.253340000000000032e+02 9.467450000000000518e-03
2.258340000000000032e+02 9.442429999999999921e-03
2.263340000000000032e+02 9.417530000000000345e-03
2.268340000000000032e+02 9.392740000000000117e-03
2.273340000000000032e+02 9.368059999999999235e-03
2.278340000000000032e+02 9.343489999999999435e-03
2.283340000000000032e+02 9.319040000000000656e-03
2.288340000000000032e+02 9.294699999999999490e-03
2.293340000000000032e+02 9.270469999999999405e-03
2.298340000000000032e+02 9.246350000000000402e-03
2.303340000000000032e+02 9.222340000000000745e-03
2.308340000000000032e+02 9.198440000000000435e-03
2.313340000000000032e+02 9.174649999999999472e-03
2.318340000000000032e+02 9.150959999999999650e-03
2.323340000000000032e+02 9.127379999999999174e-03
2.328340000000000032e+02 9.103909999999999780e-03
2.333340000000000032e+02 9.080539999999999792e-03
2.338340000000000032e+02 9.057269999999999210e-03
2.343340000000000032e+02 9.034109999999999710e-03
2.348340000000000032e+02 9.011049999999999616e-03
2.353340000000000032e+02 8.988100000000000603e-03
2.358340000000000032e+02 8.965239999999999321e-03
2.363340000000000032e+02 8.942490000000000855e-03
2.368340000000000032e+02 8.919840000000000060e-03
2.373340000000000032e+02 8.897280000000000466e-03
2.378340000000000032e+02 8.874830000000000219e-03
2.383340000000000032e+02 8.852469999999999437e-03
2.388340000000000032e+02 8.830209999999999795e-03
2.393340000000000032e+02 8.808049999999999560e-03
2.398340000000000032e+02 8.785990000000000466e-03
2.403340000000000032e+02 8.764020000000000837e-03
2.408340000000000032e+02 8.742150000000000615e-03
2.413340000000000032e+02 8.720369999999999858e-03
2.418340000000000032e+02 8.698680000000000301e-03
2.423340000000000032e+02 8.677090000000000150e-03
2.428340000000000032e+02 8.655589999999999465e-03
2.433340000000000032e+02 8.634189999999999920e-03
2.438340000000000032e+02 8.612879999999999842e-03
2.443340000000000032e+02 8.591649999999999288e-03
2.448340000000000032e+02 8.570519999999999874e-03
2.453340000000000032e+02 8.549479999999999927e-03
2.458340000000000032e+02 8.528519999999999504e-03
2.463340000000000032e+02 8.507660000000000222e-03
2.468340000000000032e+02 8.486880000000000465e-03
2.473340000000000032e+02 8.466190000000000174e-03
2.478340000000000032e+02 8.445589999999999348e-03
2.483340000000000032e+02 8.425079999999999722e-03
2.488340000000000032e+02 8.404649999999999621e-03
2.493340000000000032e+02 8.384310000000000720e-03
2.498340000000000032e+02 8.364049999999999610e-03
2.503340000000000032e+02 8.343879999999999700e-03
2.508340000000000032e+02 8.323789999999999314e-03
2.513340000000000032e+02 8.303780000000000189e-03
2.518340000000000032e+02 8.283860000000000529e-03
2.523340000000000032e+02 8.264020000000000393e-03
2.528340000000000032e+02 8.244259999999999783e-03
2.533340000000000032e+02 8.224580000000000432e-03
2.538340000000000032e+02 8.204990000000000547e-03
2.543340000000000032e+02 8.185470000000000246e-03
2.548340000000000032e+02 8.166039999999999410e-03
2.553340000000000032e+02 8.146679999999999894e-03
2.558340000000000032e+02 8.127399999999999902e-03
2.563340000000000032e+02 8.108209999999999376e-03
2.568340000000000032e+02 8.089090000000000169e-03
2.573340000000000032e+02 8.070050000000000487e-03
2.578340000000000032e+02 8.051080000000000389e-03
2.583340000000000032e+02 8.032189999999999816e-03
2.588340000000000032e+02 8.013380000000000503e-03
2.593340000000000032e+02 7.994640000000000774e-03
2.598340000000000032e+02 7.975980000000000569e-03
2.603340000000000032e+02 7.957399999999999890e-03
2.608340000000000032e+02 7.938890000000000530e-03
2.613340000000000032e+02 7.920450000000000754e-03
2.618340000000000032e+02 7.902090000000000503e-03
2.623340000000000032e+02 7.883799999999999836e-03
2.628340000000000032e+02 7.865580000000000488e-03
2.633340000000000032e+02 7.847430000000000724e-03
2.638340000000000032e+02 7.829360000000000486e-03
2.643340000000000032e+02 7.811359999999999831e-03
2.648340000000000032e+02 7.793419999999999688e-03
2.653340000000000032e+02 7.775559999999999937e-03
2.658340000000000032e+02 7.757769999999999770e-03
2.663340000000000032e+02 7.740050000000000055e-03
2.668340000000000032e+02 7.722399999999999924e-03
2.673340000000000032e+02 7.704820000000000245e-03
2.678340000000000032e+02 7.687310000000000150e-03
2.683340000000000032e+02 7.669859999999999699e-03
2.688340000000000032e+02 7.652489999999999640e-03
2.693340000000000032e+02 7.635180000000000092e-03
2.698340000000000032e+02 7.617930000000000187e-03
2.703340000000000032e+02 7.600759999999999808e-03
2.708340000000000032e+02 7.583649999999999940e-03
2.713340000000000032e+02 7.566599999999999715e-03
2.718340000000000032e+02 7.549629999999999883e-03
2.723340000000000032e+02 7.532709999999999753e-03
2.728340000000000032e+02 7.515870000000000016e-03
2.733340000000000032e+02 7.499079999999999982e-03
2.738340000000000032e+02 7.482360000000000400e-03
2.743340000000000032e+02 7.465710000000000401e-03
2.748340000000000032e+02 7.449110000000000106e-03
2.753340000000000032e+02 7.432590000000000204e-03
2.758340000000000032e+02 7.416120000000000004e-03
2.763340000000000032e+02 7.399710000000000315e-03
2.768340000000000032e+02 7.383370000000000211e-03
2.773340000000000032e+02 7.367089999999999750e-03
2.778340000000000032e+02 7.350869999999999800e-03
2.783340000000000032e+02 7.334710000000000361e-03
2.788340000000000032e+02 7.318619999999999640e-03
2.793340000000000032e+02 7.302580000000000356e-03
2.798340000000000032e+02 7.286599999999999848e-03
2.803340000000000032e+02 7.270679999999999851e-03
2.808340000000000032e+02 7.254820000000000366e-03
2.813340000000000032e+02 7.239019999999999656e-03
2.818340000000000032e+02 7.223280000000000325e-03
2.823340000000000032e+02 7.207599999999999771e-03
2.828340000000000032e+02 7.191979999999999727e-03
2.833340000000000032e+02 7.176410000000000254e-03
2.838340000000000032e+02 7.160900000000000425e-03
2.843340000000000032e+02 7.145450000000000239e-03
2.848340000000000032e+02 7.130049999999999756e-03
2.853340000000000032e+02 7.114709999999999784e-03
2.858340000000000032e+02 7.099430000000000324e-03
2.863340000000000032e+02 7.084199999999999699e-03
2.868340000000000032e+02 7.069029999999999585e-03
2.873340000000000032e+02 7.053910000000000041e-03
2.878340000000000032e+02 7.038850000000000141e-03
2.883340000000000032e+02 7.023849999999999885e-03
2.888340000000000032e+02 7.008890000000000259e-03
2.893340000000000032e+02 6.993990000000000276e-03
2.898340000000000032e+02 6.979149999999999937e-03
2.903340000000000032e+02 6.964360000000000168e-03
2.908340000000000032e+02 6.949620000000000103e-03
2.913340000000000032e+02 6.934939999999999681e-03
2.918340000000000032e+02 6.920299999999999889e-03
2.923340000000000032e+02 6.905719999999999741e-03
2.928340000000000032e+02 6.891200000000000103e-03
2.933340000000000032e+02 6.876720000000000228e-03
2.938340000000000032e+02 6.862299999999999997e-03
2.943340000000000032e+02 6.847920000000000396e-03
2.948340000000000032e+02 6.833599999999999570e-03
2.953340000000000032e+02 6.819330000000000183e-03
2.958340000000000032e+02 6.805109999999999632e-03
2.963340000000000032e+02 6.790939999999999650e-03
2.968340000000000032e+02 6.776820000000000239e-03
2.973340000000000032e+02 6.762749999999999664e-03
2.978340000000000032e+02 6.748729999999999660e-03
2.983340000000000032e+02 6.734750000000000285e-03
2.988340000000000032e+02 6.720829999999999686e-03
2.993340000000000032e+02 6.706959999999999658e-03
2.998340000000000032e+02 6.693130000000000260e-03
3.003340000000000032e+02 6.679349999999999697e-03
3.008340000000000032e+02 6.665619999999999705e-03
3.013340000000000032e+02 6.651940000000000283e-03
3.018340000000000032e+02 6.638309999999999697e-03
3.023340000000000032e+02 6.624719999999999741e-03
3.028340000000000032e+02 6.611180000000000355e-03
3.033340000000000032e+02 6.597689999999999805e-03
3.038340000000000032e+02 6.584239999999999884e-03
3.043340000000000032e+02 6.570839999999999667e-03
3.048340000000000032e+02 6.557480000000000080e-03
3.053340000000000032e+02 6.544170000000000195e-03
3.058340000000000032e+02 6.530910000000000014e-03
3.063340000000000032e+02 6.517689999999999595e-03
3.068340000000000032e+02 6.504519999999999746e-03
3.073340000000000032e+02 6.491389999999999660e-03
3.078340000000000032e+02 6.478310000000000145e-03
3.083340000000000032e+02 6.465270000000000392e-03
3.088340000000000032e+02 6.452270000000000401e-03
3.093340000000000032e+02 6.439320000000000113e-03
3.098340000000000032e+02 6.426420000000000396e-03
3.103340000000000032e+02 6.413549999999999633e-03
3.108340000000000032e+02 6.400730000000000308e-03
3.113340000000000032e+02 6.387959999999999819e-03
3.118340000000000032e+02 6.375220000000000019e-03
3.123340000000000032e+02 6.362529999999999922e-03
3.128340000000000032e+02 6.349879999999999587e-03
3.128340000000000032e+02 6.349879999999999587e-03
3.128539999999999850e+02 6.349379999999999954e-03
3.128940000000000055e+02 6.348369999999999881e-03
3.129739999999999895e+02 6.346349999999999734e-03
3.131340000000000146e+02 6.342310000000000308e-03
3.134540000000000077e+02 6.334260000000000411e-03
3.139540000000000077e+02 6.321700000000000409e-03
3.144540000000000077e+02 6.309190000000000111e-03
3.149540000000000077e+02 6.296719999999999574e-03
3.154540000000000077e+02 6.284289999999999668e-03
3.159540000000000077e+02 6.271900000000000391e-03
3.164540000000000077e+02 6.259559999999999950e-03
3.169540000000000077e+02 6.247250000000000199e-03
3.174540000000000077e+02 6.234980000000000210e-03
3.179540000000000077e+02 6.222759999999999923e-03
3.184540000000000077e+02 6.210570000000000326e-03
3.189540000000000077e+02 6.198430000000000432e-03
3.194540000000000077e+02 6.186320000000000360e-03
3.199540000000000077e+02 6.174259999999999991e-03
3.204540000000000077e+02 6.162230000000000311e-03
3.209540000000000077e+02 6.150240000000000394e-03
3.214540000000000077e+02 6.138300000000000180e-03
3.219540000000000077e+02 6.126389999999999787e-03
3.224540000000000077e+02 6.114520000000000025e-03
3.229540000000000077e+02 6.102690000000000024e-03
3.234540000000000077e+02 6.090889999999999846e-03
3.239540000000000077e+02 6.079140000000000238e-03
3.244540000000000077e+02 6.067419999999999584e-03
3.249540000000000077e+02 6.055740000000000428e-03
3.254540000000000077e+02 6.044100000000000167e-03
3.259540000000000077e+02 6.032499999999999668e-03
3.264540000000000077e+02 6.020929999999999858e-03
3.269540000000000077e+02 6.009399999999999811e-03
3.274540000000000077e+02 5.997910000000000394e-03
3.279540000000000077e+02 5.986449999999999931e-03
3.284540000000000077e+02 5.975030000000000098e-03
3.289540000000000077e+02 5.963650000000000027e-03
3.294540000000000077e+02 5.952299999999999779e-03
3.299540000000000077e+02 5.940990000000000160e-03
3.304540000000000077e+02 5.929720000000000303e-03
3.309540000000000077e+02 5.918480000000000268e-03
3.314540000000000077e+02 5.907270000000000056e-03
3.319540000000000077e+02 5.896099999999999605e-03
3.324540000000000077e+02 5.884969999999999785e-03
3.329540000000000077e+02 5.873869999999999786e-03
3.334540000000000077e+02 5.862810000000000417e-03
3.339540000000000077e+02 5.851780000000000002e-03
3.344540000000000077e+02 5.840790000000000218e-03
3.349540000000000077e+02 5.829830000000000255e-03
3.354540000000000077e+02 5.818900000000000114e-03
3.359540000000000077e+02 5.808009999999999735e-03
3.364540000000000077e+02 5.797150000000000046e-03
3.369540000000000077e+02 5.786330000000000119e-03
3.374540000000000077e+02 5.775540000000000014e-03
3.379540000000000077e+02 5.764789999999999671e-03
3.384540000000000077e+02 5.754060000000000077e-03
3.389540000000000077e+02 5.743370000000000246e-03
3.394540000000000077e+02 5.732720000000000177e-03
3.399540000000000077e+02 5.722089999999999989e-03
3.404540000000000077e+02 5.711500000000000431e-03
3.409540000000000077e+02 5.700939999999999827e-03
3.414540000000000077e+02 5.690419999999999853e-03
3.419540000000000077e+02 5.679919999999999761e-03
3.424540000000000077e+02 5.669460000000000298e-03
3.429540000000000077e+02 5.659029999999999790e-03
3.434540000000000077e+02 5.648639999999999911e-03
3.439540000000000077e+02 5.638269999999999914e-03
3.444540000000000077e+02 5.627939999999999679e-03
3.449540000000000077e+02 5.617630000000000193e-03
3.454540000000000077e+02 5.607359999999999602e-03
3.459540000000000077e+02 5.597119999999999700e-03
3.464540000000000077e+02 5.586909999999999620e-03
3.469540000000000077e+02 5.576730000000000229e-03
3.474540000000000077e+02 5.566589999999999733e-03
3.479540000000000077e+02 5.556469999999999985e-03
3.484540000000000077e+02 5.546380000000000060e-03
3.489540000000000077e+02 5.536319999999999956e-03
3.494540000000000077e+02 5.526299999999999615e-03
3.499540000000000077e+02 5.516300000000000023e-03
3.504540000000000077e+02 5.506340000000000193e-03
3.509540000000000077e+02 5.496400000000000244e-03
3.514540000000000077e+02 5.486490000000000117e-03
3.519540000000000077e+02 5.476619999999999752e-03
3.524540000000000077e+02 5.466770000000000136e-03
3.529540000000000077e+02 5.456950000000000342e-03
3.534540000000000077e+02 5.447160000000000370e-03
3.539540000000000077e+02 5.437400000000000219e-03
3.544540000000000077e+02 5.427669999999999891e-03
3.549540000000000077e+02 5.417970000000000251e-03
3.554540000000000077e+02 5.408289999999999625e-03
3.559540000000000077e+02 5.398649999999999630e-03
3.564540000000000077e+02 5.389030000000000382e-03
3.569540000000000077e+02 5.379440000000000090e-03
3.574540000000000077e+02 5.369879999999999619e-03
3.579540000000000077e+02 5.360349999999999837e-03
3.584540000000000077e+02 5.350849999999999877e-03
3.589540000000000077e+02 5.341369999999999799e-03
3.594540000000000077e+02 5.331920000000000409e-03
3.599540000000000077e+02 5.322499999999999974e-03
3.604540000000000077e+02 5.313100000000000288e-03
3.609540000000000077e+02 5.303740000000000364e-03
3.614540000000000077e+02 5.294400000000000321e-03
3.619540000000000077e+02 5.285090000000000100e-03
3.624540000000000077e+02 5.275799999999999761e-03
3.629540000000000077e+02 5.266540000000000110e-03
3.634540000000000077e+02 5.257310000000000282e-03
3.639540000000000077e+02 5.248100000000000334e-03
3.644540000000000077e+02 5.238930000000000149e-03
3.649540000000000077e+02 5.229769999999999905e-03
3.654540000000000077e+02 5.220650000000000290e-03
3.659540000000000077e+02 5.211549999999999690e-03
3.664540000000000077e+02 5.202469999999999838e-03
3.669540000000000077e+02 5.193429999999999748e-03
3.674540000000000077e+02 5.184410000000000407e-03
3.679540000000000077e+02 5.175410000000000080e-03
3.684540000000000077e+02 5.166439999999999574e-03
3.689540000000000077e+02 5.157489999999999818e-03
3.694540000000000077e+02 5.148569999999999883e-03
3.699540000000000077e+02 5.139679999999999770e-03
3.704540000000000077e+02 5.130810000000000405e-03
3.709540000000000077e+02 5.121969999999999995e-03
3.714540000000000077e+02 5.113150000000000334e-03
3.719540000000000077e+02 5.104359999999999627e-03
3.724540000000000077e+02 5.095589999999999668e-03
3.729540000000000077e+02 5.086839999999999591e-03
3.734540000000000077e+02 5.078120000000000203e-03
3.739540000000000077e+02 5.069429999999999770e-03
3.744540000000000077e+02 5.060760000000000085e-03
3.749540000000000077e+02 5.052110000000000281e-03
3.754540000000000077e+02 5.043490000000000299e-03
3.759540000000000077e+02 5.034890000000000199e-03
3.764540000000000077e+02 5.026319999999999920e-03
3.769540000000000077e+02 5.017770000000000390e-03
3.774540000000000077e+02 5.009239999999999873e-03
3.779540000000000077e+02 5.000740000000000046e-03
3.784540000000000077e+02 4.992260000000000100e-03
3.789540000000000077e+02 4.983800000000000036e-03
3.794540000000000077e+02 4.975369999999999793e-03
3.799540000000000077e+02 4.966960000000000298e-03
3.804540000000000077e+02 4.958569999999999818e-03
3.809540000000000077e+02 4.950210000000000027e-03
3.814540000000000077e+02 4.941870000000000117e-03
3.819540000000000077e+02 4.933560000000000029e-03
3.824540000000000077e+02 4.925259999999999881e-03
3.829540000000000077e+02 4.916990000000000423e-03
3.834540000000000077e+02 4.908739999999999978e-03
3.839540000000000077e+02 4.900520000000000223e-03
3.844540000000000077e+02 4.892310000000000408e-03
3.849540000000000077e+02 4.884130000000000416e-03
3.854540000000000077e+02 4.875980000000000245e-03
3.859540000000000077e+02 4.867840000000000014e-03
3.864540000000000077e+02 4.859729999999999606e-03
3.869540000000000077e+02 4.851630000000000005e-03
3.874540000000000077e+02 4.843560000000000226e-03
3.879540000000000077e+02 4.835510000000000329e-03
3.884540000000000077e+02 4.827490000000000253e-03
3.889540000000000077e+02 4.819480000000000118e-03
3.894540000000000077e+02 4.811499999999999805e-03
3.899540000000000077e+02 4.803540000000000240e-03
3.904540000000000077e+02 4.795599999999999689e-03
3.909540000000000077e+02 4.787679999999999887e-03
3.914540000000000077e+02 4.779779999999999966e-03
3.919540000000000077e+02 4.771909999999999867e-03
3.924540000000000077e+02 4.764049999999999709e-03
3.929540000000000077e+02 4.756220000000000239e-03
3.934540000000000077e+02 4.748399999999999843e-03
3.939540000000000077e+02 4.740610000000000136e-03
3.944540000000000077e+02 4.732840000000000311e-03
3.949540000000000077e+02 4.725090000000000366e-03
3.954540000000000077e+02 4.717360000000000303e-03
3.959540000000000077e+02 4.709650000000000121e-03
3.964540000000000077e+02 4.701959999999999820e-03
3.969540000000000077e+02 4.694290000000000268e-03
3.974540000000000077e+02 4.686639999999999730e-03
3.979540000000000077e+02 4.679009999999999940e-03
3.984540000000000077e+02 4.671409999999999972e-03
3.989540000000000077e+02 4.663819999999999945e-03
3.994540000000000077e+02 4.656249999999999799e-03
3.999540000000000077e+02 4.648700000000000401e-03
4.004540000000000077e+02 4.641170000000000018e-03
4.009540000000000077e+02 4.633660000000000383e-03
4.014540000000000077e+02 4.626169999999999762e-03
4.019540000000000077e+02 4.618699999999999889e-03
4.024540000000000077e+02 4.611249999999999898e-03
4.029540000000000077e+02 4.603819999999999787e-03
4.034540000000000077e+02 4.596410000000000426e-03
4.039540000000000077e+02 4.589020000000000078e-03
4.044540000000000077e+02 4.581649999999999612e-03
4.049540000000000077e+02 4.574299999999999894e-03
4.054540000000000077e+02 4.566960000000000117e-03
4.059540000000000077e+02 4.559650000000000161e-03
4.064540000000000077e+02 4.552350000000000146e-03
4.069540000000000077e+02 4.545070000000000013e-03
4.074540000000000077e+02 4.537809999999999760e-03
4.079540000000000077e+02 4.530570000000000257e-03
4.084540000000000077e+02 4.523349999999999767e-03
4.089540000000000077e+02 4.516150000000000025e-03
4.094540000000000077e+02 4.508960000000000225e-03
4.099540000000000077e+02 4.501800000000000246e-03
4.104540000000000077e+02 4.494650000000000208e-03
4.104540000000000077e+02 4.494650000000000208e-03
4.104739999999999895e+02 4.494370000000000136e-03
4.105140000000000100e+02 4.493800000000000051e-03
4.105939999999999941e+02 4.492649999999999942e-03
4.107540000000000191e+02 4.490369999999999605e-03
4.110740000000000123e+02 4.485809999999999798e-03
4.115740000000000123e+02 4.478710000000000330e-03
4.120740000000000123e+02 4.471619999999999935e-03
4.125740000000000123e+02 4.464550000000000289e-03
4.130740000000000123e+02 4.457499999999999657e-03
4.135740000000000123e+02 4.450459999999999833e-03
4.140740000000000123e+02 4.443449999999999830e-03
4.145740000000000123e+02 4.436449999999999769e-03
4.150740000000000123e+02 4.429469999999999588e-03
4.155740000000000123e+02 4.422500000000000216e-03
4.160740000000000123e+02 4.415559999999999798e-03
4.165740000000000123e+02 4.408630000000000188e-03
4.170740000000000123e+02 4.401719999999999591e-03
4.175740000000000123e+02 4.394829999999999744e-03
4.180740000000000123e+02 4.387949999999999837e-03
4.185740000000000123e+02 4.381089999999999811e-03
4.190740000000000123e+02 4.374249999999999666e-03
4.195740000000000123e+02 4.367430000000000270e-03
4.200740000000000123e+02 4.360619999999999948e-03
4.205740000000000123e+02 4.353830000000000373e-03
4.210740000000000123e+02 4.347059999999999813e-03
4.215740000000000123e+02 4.340300000000000061e-03
4.220740000000000123e+02 4.333560000000000190e-03
4.225740000000000123e+02 4.326840000000000200e-03
4.230740000000000123e+02 4.320130000000000151e-03
4.235740000000000123e+02 4.313449999999999923e-03
4.240740000000000123e+02 4.306769999999999696e-03
4.245740000000000123e+02 4.300120000000000157e-03
4.250740000000000123e+02 4.293479999999999693e-03
4.255740000000000123e+02 4.286850000000000036e-03
4.260740000000000123e+02 4.280250000000000200e-03
4.265740000000000123e+02 4.273660000000000306e-03
4.270740000000000123e+02 4.267080000000000352e-03
4.275740000000000123e+02 4.260530000000000220e-03
4.280740000000000123e+02 4.253980000000000088e-03
4.285740000000000123e+02 4.247459999999999777e-03
4.290740000000000123e+02 4.240950000000000275e-03
4.295740000000000123e+02 4.234459999999999787e-03
4.300740000000000123e+02 4.227980000000000106e-03
4.305740000000000123e+02 4.221520000000000307e-03
4.310740000000000123e+02 4.215069999999999581e-03
4.315740000000000123e+02 4.208639999999999604e-03
4.320740000000000123e+02 4.202230000000000375e-03
4.325740000000000123e+02 4.195830000000000219e-03
4.330740000000000123e+02 4.189440000000000004e-03
4.335740000000000123e+02 4.183079999999999611e-03
4.340740000000000123e+02 4.176720000000000085e-03
4.345740000000000123e+02 4.170390000000000381e-03
4.350740000000000123e+02 4.164059999999999810e-03
4.355740000000000123e+02 4.157759999999999928e-03
4.360740000000000123e+02 4.151469999999999987e-03
4.365740000000000123e+02 4.145189999999999986e-03
4.370740000000000123e+02 4.138929999999999866e-03
4.375740000000000123e+02 4.132679999999999687e-03
4.380740000000000123e+02 4.126450000000000257e-03
4.385740000000000123e+02 4.120239999999999840e-03
4.390740000000000123e+02 4.114040000000000231e-03
4.395740000000000123e+02 4.107849999999999696e-03
4.400740000000000123e+02 4.101679999999999909e-03
4.405740000000000123e+02 4.095520000000000063e-03
4.410740000000000123e+02 4.089380000000000098e-03
4.415740000000000123e+02 4.083260000000000015e-03
4.420740000000000123e+02 4.077139999999999931e-03
4.425740000000000123e+02 4.071049999999999669e-03
4.430740000000000123e+02 4.064960000000000274e-03
4.435740000000000123e+02 4.058889999999999894e-03
4.440740000000000123e+02 4.052840000000000262e-03
4.445740000000000123e+02 4.046799999999999703e-03
4.450740000000000123e+02 4.040769999999999952e-03
4.455740000000000123e+02 4.034760000000000082e-03
4.460740000000000123e+02 4.028760000000000153e-03
4.465740000000000123e+02 4.022780000000000106e-03
4.470740000000000123e+02 4.016809999999999999e-03
4.475740000000000123e+02 4.010859999999999773e-03
4.480740000000000123e+02 4.004910000000000414e-03
4.485740000000000123e+02 3.998990000000000010e-03
4.490740000000000123e+02 3.993069999999999606e-03
4.495740000000000123e+02 3.987179999999999891e-03
4.500740000000000123e+02 3.981290000000000176e-03
4.505740000000000123e+02 3.975420000000000342e-03
4.510740000000000123e+02 3.969559999999999582e-03
4.515740000000000123e+02 3.963719999999999570e-03
4.520740000000000123e+02 3.957890000000000366e-03
4.525740000000000123e+02 3.952070000000000236e-03
4.530740000000000123e+02 3.946260000000000046e-03
4.535740000000000123e+02 3.940469999999999737e-03
4.540740000000000123e+02 3.934700000000000177e-03
4.545740000000000123e+02 3.928929999999999749e-03
4.550740000000000123e+02 3.923180000000000070e-03
4.555740000000000123e+02 3.917450000000000272e-03
4.560740000000000123e+02 3.911730000000000415e-03
4.565740000000000123e+02 3.906020000000000065e-03
4.570740000000000123e+02 3.900320000000000089e-03
4.575740000000000123e+02 3.894630000000000054e-03
4.580740000000000123e+02 3.888959999999999900e-03
4.585740000000000123e+02 3.883310000000000060e-03
4.590740000000000123e+02 3.877659999999999788e-03
4.595740000000000123e+02 3.872029999999999830e-03
4.600740000000000123e+02 3.866409999999999812e-03
4.605740000000000123e+02 3.860810000000000110e-03
4.610740000000000123e+02 3.855209999999999974e-03
4.615740000000000123e+02 3.849630000000000152e-03
4.620740000000000123e+02 3.844059999999999838e-03
4.625740000000000123e+02 3.838509999999999839e-03
4.630740000000000123e+02 3.832970000000000214e-03
4.635740000000000123e+02 3.827440000000000096e-03
4.640740000000000123e+02 3.821919999999999918e-03
4.645740000000000123e+02 3.816420000000000055e-03
4.650740000000000123e+02 3.810920000000000193e-03
4.655740000000000123e+02 3.805440000000000211e-03
4.660740000000000123e+02 3.799980000000000111e-03
4.665740000000000123e+02 3.794520000000000011e-03
4.670740000000000123e+02 3.789079999999999792e-03
4.675740000000000123e+02 3.783649999999999947e-03
4.680740000000000123e+02 3.778230000000000043e-03
4.685740000000000123e+02 3.772830000000000020e-03
4.690740000000000123e+02 3.767429999999999998e-03
4.695740000000000123e+02 3.762049999999999856e-03
4.700740000000000123e+02 3.756680000000000089e-03
4.705740000000000123e+02 3.751319999999999828e-03
4.710740000000000123e+02 3.745979999999999883e-03
4.715740000000000123e+02 3.740649999999999878e-03
4.720740000000000123e+02 3.735319999999999873e-03
4.725740000000000123e+02 3.730010000000000183e-03
4.730740000000000123e+02 3.724719999999999941e-03
4.735740000000000123e+02 3.719430000000000132e-03
4.740740000000000123e+02 3.714160000000000204e-03
4.745740000000000123e+02 3.708889999999999843e-03
4.750740000000000123e+02 3.703639999999999797e-03
4.755740000000000123e+02 3.698400000000000125e-03
4.760740000000000123e+02 3.693179999999999900e-03
4.765740000000000123e+02 3.687960000000000110e-03
4.770740000000000123e+02 3.682760000000000200e-03
4.775740000000000123e+02 3.677559999999999857e-03
4.780740000000000123e+02 3.672379999999999829e-03
4.785740000000000123e+02 3.667210000000000174e-03
4.790740000000000123e+02 3.662050000000000027e-03
4.795740000000000123e+02 3.656910000000000195e-03
4.800740000000000123e+02 3.651769999999999929e-03
4.805740000000000123e+02 3.646649999999999978e-03
4.810740000000000123e+02 3.641530000000000027e-03
4.815740000000000123e+02 3.636429999999999958e-03
4.820740000000000123e+02 3.631339999999999828e-03
4.825740000000000123e+02 3.626260000000000074e-03
4.830740000000000123e+02 3.621189999999999826e-03
4.835740000000000123e+02 3.616129999999999952e-03
4.840740000000000123e+02 3.611089999999999960e-03
4.845740000000000123e+02 3.606049999999999967e-03
4.850740000000000123e+02 3.601029999999999856e-03
4.855740000000000123e+02 3.596010000000000179e-03
4.860740000000000123e+02 3.591009999999999949e-03
4.865740000000000123e+02 3.586020000000000093e-03
4.870740000000000123e+02 3.581040000000000178e-03
4.875740000000000123e+02 3.576059999999999829e-03
4.880740000000000123e+02 3.571110000000000170e-03
4.885740000000000123e+02 3.566160000000000076e-03
4.890740000000000123e+02 3.561219999999999924e-03
4.895740000000000123e+02 3.556290000000000145e-03
4.900740000000000123e+02 3.551369999999999874e-03
4.905740000000000123e+02 3.546469999999999918e-03
4.910740000000000123e+02 3.541569999999999961e-03
4.915740000000000123e+02 3.536689999999999886e-03
4.920740000000000123e+02 3.531809999999999811e-03
4.925740000000000123e+02 3.526950000000000050e-03
4.930740000000000123e+02 3.522089999999999856e-03
4.935740000000000123e+02 3.517249999999999977e-03
4.940740000000000123e+02 3.512420000000000039e-03
4.945740000000000123e+02 3.507590000000000100e-03
4.950740000000000123e+02 3.502780000000000043e-03
4.955740000000000123e+02 3.497979999999999926e-03
4.960740000000000123e+02 3.493190000000000184e-03
4.965740000000000123e+02 3.488400000000000008e-03
4.970740000000000123e+02 3.483630000000000147e-03
4.975740000000000123e+02 3.478869999999999792e-03
4.980740000000000123e+02 3.474119999999999812e-03
4.985740000000000123e+02 3.469380000000000207e-03
4.990740000000000123e+02 3.464650000000000108e-03
4.995740000000000123e+02 3.459920000000000009e-03
5.000740000000000123e+02 3.455209999999999792e-03
5.005740000000000123e+02 3.450509999999999949e-03
5.010740000000000123e+02 3.445820000000000046e-03
5.015740000000000123e+02 3.441140000000000084e-03
5.020740000000000123e+02 3.436470000000000063e-03
5.025740000000000123e+02 3.431800000000000041e-03
5.030740000000000123e+02 3.427149999999999901e-03
5.035740000000000123e+02 3.422510000000000135e-03
5.040740000000000123e+02 3.417879999999999877e-03
5.045740000000000123e+02 3.413250000000000051e-03
5.050740000000000123e+02 3.408640000000000107e-03
5.055740000000000123e+02 3.404030000000000163e-03
5.060740000000000123e+02 3.399440000000000101e-03
5.065740000000000123e+02 3.394859999999999978e-03
5.070740000000000123e+02 3.390279999999999856e-03
5.075740000000000123e+02 3.385720000000000049e-03
5.080740000000000123e+02 3.381159999999999808e-03
5.080740000000000123e+02 3.381159999999999808e-03
5.080939999999999941e+02 3.380980000000000010e-03
5.081340000000000146e+02 3.380610000000000039e-03
5.082139999999999986e+02 3.379889999999999978e-03
5.083740000000000236e+02 3.378429999999999975e-03
5.086940000000000168e+02 3.375519999999999909e-03
5.091940000000000168e+02 3.370989999999999924e-03
5.096940000000000168e+02 3.366459999999999939e-03
5.101940000000000168e+02 3.361949999999999834e-03
5.106940000000000168e+02 3.357440000000000164e-03
5.111940000000000168e+02 3.352940000000000000e-03
5.116940000000000168e+02 3.348450000000000211e-03
5.121939999999999600e+02 3.343979999999999869e-03
5.126939999999999600e+02 3.339509999999999961e-03
5.131939999999999600e+02 3.335040000000000053e-03
5.136939999999999600e+02 3.330590000000000026e-03
5.141939999999999600e+02 3.326149999999999940e-03
5.146939999999999600e+02 3.321719999999999794e-03
5.151939999999999600e+02 3.317290000000000082e-03
5.156939999999999600e+02 3.312879999999999818e-03
5.161939999999999600e+02 3.308469999999999987e-03
5.166939999999999600e+02 3.304080000000000038e-03
5.171939999999999600e+02 3.299690000000000088e-03
5.176939999999999600e+02 3.295310000000000079e-03
5.181939999999999600e+02 3.290940000000000011e-03
5.186939999999999600e+02 3.286579999999999883e-03
5.191939999999999600e+02 3.282230000000000130e-03
5.196939999999999600e+02 3.277879999999999943e-03
5.201939999999999600e+02 3.273550000000000071e-03
5.206939999999999600e+02 3.269220000000000199e-03
5.211939999999999600e+02 3.264910000000000208e-03
5.216939999999999600e+02 3.260599999999999783e-03
5.221939999999999600e+02 3.256300000000000167e-03
5.226939999999999600e+02 3.252010000000000057e-03
5.231939999999999600e+02 3.247729999999999888e-03
5.236939999999999600e+02 3.243450000000000152e-03
5.241939999999999600e+02 3.239189999999999865e-03
5.246939999999999600e+02 3.234930000000000010e-03
5.251939999999999600e+02 3.230680000000000097e-03
5.256939999999999600e+02 3.226450000000000064e-03
5.261939999999999600e+02 3.222210000000000091e-03
5.266939999999999600e+02 3.217990000000000000e-03
5.271939999999999600e+02 3.213779999999999849e-03
5.276939999999999600e+02 3.209570000000000131e-03
5.281939999999999600e+02 3.205379999999999861e-03
5.286939999999999600e+02 3.201190000000000025e-03
5.291939999999999600e+02 3.197010000000000129e-03
5.296939999999999600e+02 3.192840000000000174e-03
5.301939999999999600e+02 3.188669999999999786e-03
5.306939999999999600e+02 3.184520000000000146e-03
5.311939999999999600e+02 3.180370000000000072e-03
5.316939999999999600e+02 3.176229999999999939e-03
5.321939999999999600e+02 3.172100000000000180e-03
5.326939999999999600e+02 3.167979999999999928e-03
5.331939999999999600e+02 3.163870000000000050e-03
5.336939999999999600e+02 3.159760000000000173e-03
5.341939999999999600e+02 3.155659999999999802e-03
5.346939999999999600e+02 3.151569999999999806e-03
5.351939999999999600e+02 3.147490000000000183e-03
5.356939999999999600e+02 3.143420000000000068e-03
5.361939999999999600e+02 3.139349999999999953e-03
5.366939999999999600e+02 3.135300000000000153e-03
5.371939999999999600e+02 3.131249999999999919e-03
5.376939999999999600e+02 3.127210000000000059e-03
5.381939999999999600e+02 3.123170000000000199e-03
5.386939999999999600e+02 3.119149999999999787e-03
5.391939999999999600e+02 3.115129999999999809e-03
5.396939999999999600e+02 3.111120000000000205e-03
5.401939999999999600e+02 3.107120000000000107e-03
5.406939999999999600e+02 3.103120000000000010e-03
5.411939999999999600e+02 3.099139999999999794e-03
5.416939999999999600e+02 3.095160000000000012e-03
5.421939999999999600e+02 3.091190000000000170e-03
5.426939999999999600e+02 3.087229999999999835e-03
5.431939999999999600e+02 3.083269999999999934e-03
5.436939999999999600e+02 3.079319999999999974e-03
5.441939999999999600e+02 3.075379999999999954e-03
5.446939999999999600e+02 3.071449999999999875e-03
5.451939999999999600e+02 3.067530000000000170e-03
5.456939999999999600e+02 3.063610000000000031e-03
5.461939999999999600e+02 3.059699999999999833e-03
5.466939999999999600e+02 3.055800000000000009e-03
5.471939999999999600e+02 3.051900000000000186e-03
5.476939999999999600e+02 3.048019999999999809e-03
5.481939999999999600e+02 3.044139999999999867e-03
5.486939999999999600e+02 3.040269999999999865e-03
5.491939999999999600e+02 3.036399999999999863e-03
5.496939999999999600e+02 3.032539999999999802e-03
5.501939999999999600e+02 3.028690000000000115e-03
5.506939999999999600e+02 3.024849999999999935e-03
5.511939999999999600e+02 3.021020000000000129e-03
5.516939999999999600e+02 3.017189999999999889e-03
5.521939999999999600e+02 3.013370000000000024e-03
5.526939999999999600e+02 3.009560000000000100e-03
5.531939999999999600e+02 3.005750000000000175e-03
5.536939999999999600e+02 3.001950000000000191e-03
5.541939999999999600e+02 2.998160000000000148e-03
5.546939999999999600e+02 2.994380000000000045e-03
5.551939999999999600e+02 2.990599999999999942e-03
5.556939999999999600e+02 2.986830000000000214e-03
5.561939999999999600e+02 2.983069999999999992e-03
5.566939999999999600e+02 2.979320000000000145e-03
5.571939999999999600e+02 2.975569999999999864e-03
5.576939999999999600e+02 2.971829999999999958e-03
5.581939999999999600e+02 2.968099999999999992e-03
5.586939999999999600e+02 2.964370000000000026e-03
5.591939999999999600e+02 2.960650000000000000e-03
5.596939999999999600e+02 2.956939999999999916e-03
5.601939999999999600e+02 2.953229999999999831e-03
5.606939999999999600e+02 2.949530000000000120e-03
5.611939999999999600e+02 2.945839999999999917e-03
5.616939999999999600e+02 2.942160000000000088e-03
5.621939999999999600e+02 2.938479999999999825e-03
5.626939999999999600e+02 2.934809999999999936e-03
5.631939999999999600e+02 2.931149999999999988e-03
5.636939999999999600e+02 2.927490000000000040e-03
5.641939999999999600e+02 2.923840000000000033e-03
5.646939999999999600e+02 2.920199999999999966e-03
5.651939999999999600e+02 2.916559999999999899e-03
5.656939999999999600e+02 2.912930000000000207e-03
5.661939999999999600e+02 2.909310000000000021e-03
5.666939999999999600e+02 2.905689999999999835e-03
5.671939999999999600e+02 2.902080000000000024e-03
5.676939999999999600e+02 2.898480000000000154e-03
5.681939999999999600e+02 2.894879999999999849e-03
5.686939999999999600e+02 2.891289999999999919e-03
5.691939999999999600e+02 2.887709999999999930e-03
5.696939999999999600e+02 2.884139999999999881e-03
5.701939999999999600e+02 2.880569999999999832e-03
5.706939999999999600e+02 2.876999999999999783e-03
5.711939999999999600e+02 2.873450000000000049e-03
5.716939999999999600e+02 2.869899999999999882e-03
5.721939999999999600e+02 2.866360000000000088e-03
5.726939999999999600e+02 2.862819999999999861e-03
5.731939999999999600e+02 2.859290000000000009e-03
5.736939999999999600e+02 2.855770000000000097e-03
5.741939999999999600e+02 2.852250000000000184e-03
5.746939999999999600e+02 2.848740000000000213e-03
5.751939999999999600e+02 2.845240000000000182e-03
5.756939999999999600e+02 2.841740000000000151e-03
5.761939999999999600e+02 2.838250000000000061e-03
5.766939999999999600e+02 2.834759999999999971e-03
5.771939999999999600e+02 2.831290000000000195e-03
5.776939999999999600e+02 2.827810000000000046e-03
5.781939999999999600e+02 2.824350000000000211e-03
5.786939999999999600e+02 2.820889999999999943e-03
5.791939999999999600e+02 2.817440000000000049e-03
5.796939999999999600e+02 2.813990000000000154e-03
5.801939999999999600e+02 2.810550000000000201e-03
5.806939999999999600e+02 2.807120000000000188e-03
5.811939999999999600e+02 2.803690000000000175e-03
5.816939999999999600e+02 2.800270000000000103e-03
5.821939999999999600e+02 2.796850000000000031e-03
5.826939999999999600e+02 2.793449999999999839e-03
5.831939999999999600e+02 2.790040000000000141e-03
5.836939999999999600e+02 2.786649999999999891e-03
5.841939999999999600e+02 2.783260000000000074e-03
5.846939999999999600e+02 2.779869999999999824e-03
5.851939999999999600e+02 2.776489999999999948e-03
5.856939999999999600e+02 2.773120000000000012e-03
5.861939999999999600e+02 2.769760000000000017e-03
5.866939999999999600e+02 2.766400000000000022e-03
5.871939999999999600e+02 2.763040000000000027e-03
5.876939999999999600e+02 2.759689999999999973e-03
5.881939999999999600e+02 2.756349999999999859e-03
5.886939999999999600e+02 2.753020000000000120e-03
5.891939999999999600e+02 2.749689999999999947e-03
5.896939999999999600e+02 2.746360000000000207e-03
5.901939999999999600e+02 2.743049999999999915e-03
5.906939999999999600e+02 2.739740000000000057e-03
5.911939999999999600e+02 2.736430000000000199e-03
5.916939999999999600e+02 2.733129999999999848e-03
5.921939999999999600e+02 2.729839999999999871e-03
5.926939999999999600e+02 2.726549999999999894e-03
5.931939999999999600e+02 2.723269999999999857e-03
5.936939999999999600e+02 2.719989999999999821e-03
5.941939999999999600e+02 2.716720000000000159e-03
5.946939999999999600e+02 2.713450000000000063e-03
5.951939999999999600e+02 2.710189999999999908e-03
5.956939999999999600e+02 2.706940000000000127e-03
5.961939999999999600e+02 2.703689999999999913e-03
5.966939999999999600e+02 2.700450000000000073e-03
5.971939999999999600e+02 2.697220000000000173e-03
5.976939999999999600e+02 2.693989999999999840e-03
5.981939999999999600e+02 2.690759999999999940e-03
5.986939999999999600e+02 2.687539999999999981e-03
5.991939999999999600e+02 2.684329999999999963e-03
5.996939999999999600e+02 2.681119999999999944e-03
6.001939999999999600e+02 2.677919999999999866e-03
6.006939999999999600e+02 2.674730000000000163e-03
6.011939999999999600e+02 2.671540000000000026e-03
6.016939999999999600e+02 2.668349999999999889e-03
6.021939999999999600e+02 2.665170000000000126e-03
6.026939999999999600e+02 2.661999999999999870e-03
6.031939999999999600e+02 2.658830000000000048e-03
6.036939999999999600e+02 2.655670000000000166e-03
6.041939999999999600e+02 2.652509999999999851e-03
6.046939999999999600e+02 2.649359999999999910e-03
6.051939999999999600e+02 2.646209999999999968e-03
6.056939999999999600e+02 2.643069999999999968e-03
