50 0.170335 0.170335 2 1 0
50.04 0.170399 0.170399 1 1 0
50.08 0.170462 0.170462 1 1 0
50.16 0.170589 0.170589 1 1 0
50.32 0.170844 0.170844 1 1 0
50.64 0.171356 0.171356 1 1 0
51.14 0.172165 0.172165 1 1 0
51.64 0.172982 0.172982 1 1 0
52.14 0.173809 0.173809 1 1 0
52.64 0.174646 0.174646 1 1 0
53.14 0.175493 0.175493 1 1 0
53.64 0.176349 0.176349 1 1 0
54.14 0.177215 0.177215 1 1 0
54.64 0.178092 0.178092 1 1 0
55.14 0.178978 0.178978 1 1 0
55.64 0.179875 0.179875 1 1 0
56.1399 0.180782 0.180782 1 1 0
56.6399 0.1817 0.1817 1 1 0
57.1399 0.182628 0.182628 1 1 0
57.6399 0.183567 0.183567 1 1 0
58.1399 0.184516 0.184516 1 1 0
58.6399 0.185476 0.185476 1 1 0
59.1399 0.186448 0.186448 1 1 0
59.6399 0.18743 0.18743 1 1 0
60.1399 0.188424 0.188424 1 1 0
60.6399 0.189429 0.189429 1 1 0
61.1399 0.190445 0.190445 1 1 0
61.6399 0.191472 0.191472 1 1 0
62.1399 0.192512 0.192512 1 1 0
62.6399 0.193563 0.193563 1 1 0
63.1399 0.194625 0.194625 1 1 0
63.6399 0.1957 0.1957 1 1 0
64.1399 0.196786 0.196786 1 1 0
64.6399 0.197885 0.197885 1 1 0
65.1399 0.198995 0.198995 1 1 0
65.6399 0.200118 0.200118 1 1 0
66.1398 0.201253 0.201253 1 1 0
66.6398 0.2024 0.2024 1 1 0
67.1398 0.20356 0.20356 1 1 0
67.6398 0.204733 0.204733 1 1 0
68.1398 0.205918 0.205918 1 1 0
68.6398 0.207116 0.207116 1 1 0
69.1398 0.208327 0.208327 1 1 0
69.6398 0.20955 0.20955 1 1 0
70.1398 0.210787 0.210787 1 1 0
70.6398 0.212036 0.212036 1 1 0
71.1398 0.213299 0.213299 1 1 0
71.6398 0.214575 0.214575 1 1 0
72.1398 0.215864 0.215864 1 1 0
72.6398 0.217167 0.217167 1 1 0
73.1398 0.218482 0.218482 1 1 0
73.6398 0.219812 0.219812 1 1 0
74.1398 0.221155 0.221155 1 1 0
74.6398 0.222511 0.222511 1 1 0
75.1398 0.223881 0.223881 1 1 0
75.6397 0.225265 0.225265 1 1 0
76.1397 0.226662 0.226662 1 1 0
76.6397 0.228073 0.228073 1 1 0
77.1397 0.229498 0.229498 1 1 0
77.6397 0.230937 0.230937 1 1 0
78.1397 0.23239 0.23239 1 1 0
78.6397 0.233857 0.233857 1 1 0
79.1397 0.235338 0.235338 1 1 0
79.6397 0.236833 0.236833 1 1 0
80.1397 0.238342 0.238342 1 1 0
80.6397 0.239865 0.239865 1 1 0
81.1397 0.241402 0.241402 1 1 0
81.6397 0.242953 0.242953 1 1 0
82.1397 0.244518 0.244518 1 1 0
82.6397 0.246098 0.246098 1 1 0
83.1397 0.247692 0.247692 1 1 0
83.6397 0.2493 0.2493 1 1 0
84.1396 0.250922 0.250922 1 1 0
84.6396 0.252558 0.252558 1 1 0
85.1396 0.254209 0.254209 1 1 0
85.6396 0.255874 0.255874 1 1 0
86.1396 0.257553 0.257553 1 1 0
86.6396 0.259246 0.259246 1 1 0
87.1396 0.260954 0.260954 1 1 0
87.6396 0.262676 0.262676 1 1 0
88.1396 0.264412 0.264412 1 1 0
88.6396 0.266162 0.266162 1 1 0
89.1396 0.267926 0.267926 1 1 0
89.6396 0.269704 0.269704 1 1 0
90.1396 0.271497 0.271497 1 1 0
90.6396 0.273303 0.273303 1 1 0
91.1396 0.275124 0.275124 1 1 0
91.6396 0.276959 0.276959 1 1 0
92.1396 0.278807 0.278807 1 1 0
92.6395 0.28067 0.28067 1 1 0
93.1395 0.282546 0.282546 1 1 0
93.6395 0.284436 0.284436 1 1 0
94.1395 0.28634 0.28634 1 1 0
94.6395 0.288258 0.288258 1 1 0
95.1395 0.290189 0.290189 1 1 0
95.6395 0.292134 0.292134 1 1 0
96.1395 0.294092 0.294092 1 1 0
96.6395 0.296064 0.296064 1 1 0
97.1395 0.29805 0.29805 1 1 0
97.6395 0.300048 0.300048 1 1 0
98.1395 0.30206 0.30206 1 1 0
98.6395 0.304085 0.304085 1 1 0
99.1395 0.306124 0.306124 1 1 0
99.6395 0.308175 0.308175 1 1 0
100.139 0.310239 0.310239 1 1 0
100.639 0.312316 0.312316 1 1 0
101.139 0.314406 0.314406 1 1 0
101.639 0.316508 0.316508 1 1 0
102.139 0.318623 0.318623 1 1 0
102.639 0.320751 0.320751 1 1 0
103.139 0.32289 0.32289 1 1 0
103.639 0.325042 0.325042 1 1 0
104.139 0.327207 0.327207 1 1 0
104.639 0.329383 0.329383 1 1 0
105.139 0.331571 0.331571 1 1 0
105.639 0.333771 0.333771 1 1 0
106.139 0.335983 0.335983 1 1 0
106.639 0.338206 0.338206 1 1 0
107.139 0.340441 0.340441 1 1 0
107.639 0.342687 0.342687 1 1 0
108.139 0.344944 0.344944 1 1 0
108.639 0.347212 0.347212 1 1 0
109.139 0.349492 0.349492 1 1 0
109.639 0.351782 0.351782 1 1 0
110.139 0.354083 0.354083 1 1 0
110.639 0.356394 0.356394 1 1 0
111.139 0.358716 0.358716 1 1 0
111.639 0.361048 0.361048 1 1 0
112.139 0.36339 0.36339 1 1 0
112.639 0.365742 0.365742 1 1 0
113.139 0.368104 0.368104 1 1 0
113.639 0.370475 0.370475 1 1 0
114.139 0.372857 0.372857 1 1 0
114.639 0.375247 0.375247 1 1 0
115.139 0.377647 0.377647 1 1 0
115.639 0.380056 0.380056 1 1 0
116.139 0.382473 0.382473 1 1 0
116.639 0.3849 0.3849 1 1 0
117.139 0.387335 0.387335 1 1 0
117.639 0.389779 0.389779 1 1 0
118.139 0.39223 0.39223 1 1 0
118.639 0.39469 0.39469 1 1 0
119.139 0.397158 0.397158 1 1 0
119.639 0.399634 0.399634 1 1 0
120.139 0.402117 0.402117 1 1 0
120.639 0.404608 0.404608 1 1 0
121.139 0.407105 0.407105 1 1 0
121.639 0.40961 0.40961 1 1 0
122.139 0.412122 0.412122 1 1 0
122.639 0.414641 0.414641 1 1 0
123.139 0.417166 0.417166 1 1 0
123.639 0.419698 0.419698 1 1 0
124.139 0.422236 0.422236 1 1 0
124.639 0.42478 0.42478 1 1 0
125.139 0.42733 0.42733 1 1 0
125.639 0.429885 0.429885 1 1 0
126.139 0.432446 0.432446 1 1 0
126.639 0.435012 0.435012 1 1 0
127.139 0.437584 0.437584 1 1 0
127.639 0.44016 0.44016 1 1 0
128.139 0.442741 0.442741 1 1 0
128.639 0.445327 0.445327 1 1 0
129.139 0.447917 0.447917 1 1 0
129.639 0.450512 0.450512 1 1 0
130.139 0.45311 0.45311 1 1 0
130.639 0.455713 0.455713 1 1 0
131.139 0.458319 0.458319 1 1 0
131.639 0.460928 0.460928 1 1 0
132.139 0.463541 0.463541 1 1 0
132.639 0.466157 0.466157 1 1 0
133.139 0.468776 0.468776 1 1 0
133.639 0.471398 0.471398 1 1 0
134.139 0.474022 0.474022 1 1 0
134.639 0.476649 0.476649 1 1 0
135.139 0.479278 0.479278 1 1 0
135.639 0.481909 0.481909 1 1 0
136.139 0.484542 0.484542 1 1 0
136.639 0.487176 0.487176 1 1 0
137.139 0.489812 0.489812 1 1 0
137.639 0.49245 0.49245 1 1 0
138.139 0.495088 0.495088 1 1 0
138.639 0.497727 0.497727 1 1 0
139.139 0.500367 0.500367 1 1 0
139.639 0.503008 0.503008 1 1 0
140.139 0.505649 0.505649 1 1 0
140.639 0.50829 0.50829 1 1 0
141.139 0.510932 0.510932 1 1 0
141.639 0.513573 0.513573 1 1 0
142.139 0.516213 0.516213 1 1 0
142.639 0.518854 0.518854 1 1 0
143.139 0.521493 0.521493 1 1 0
143.639 0.524132 0.524132 1 1 0
144.139 0.52677 0.52677 1 1 0
144.639 0.529406 0.529406 1 1 0
145.139 0.532041 0.532041 1 1 0
145.639 0.534675 0.534675 1 1 0
146.139 0.537307 0.537307 1 1 0
146.639 0.539937 0.539937 1 1 0
147.139 0.542565 0.542565 1 1 0
147.639 0.54519 0.54519 1 1 0
147.639 0.54519 0.54519 2 1 0
147.679 0.5454 0.5454 1 1 0
147.719 0.54561 0.54561 1 1 0
147.799 0.54603 0.54603 1 1 0
147.959 0.54687 0.54687 1 1 0
148.279 0.548548 0.548548 1 1 0
148.779 0.551168 0.551168 1 1 0
149.279 0.553785 0.553785 1 1 0
149.779 0.556399 0.556399 1 1 0
150.279 0.559011 0.559011 1 1 0
150.779 0.561619 0.561619 1 1 0
151.279 0.564223 0.564223 1 1 0
151.779 0.566824 0.566824 1 1 0
152.279 0.569421 0.569421 1 1 0
152.779 0.572015 0.572015 1 1 0
153.279 0.574604 0.574604 1 1 0
153.779 0.577189 0.577189 1 1 0
154.279 0.57977 0.57977 1 1 0
154.779 0.582346 0.582346 1 1 0
155.279 0.584918 0.584918 1 1 0
155.779 0.587485 0.587485 1 1 0
156.279 0.590047 0.590047 1 1 0
156.779 0.592604 0.592604 1 1 0
157.279 0.595155 0.595155 1 1 0
157.779 0.597702 0.597702 1 1 0
158.231 0.6 0.6 1 1 0
158.731 0.602535 0.602535 2 1 0
159.231 0.605065 0.605065 2 1 0
159.731 0.60759 0.60759 2 1 0
160.231 0.610108 0.610108 2 1 0
160.731 0.61262 0.61262 2 1 0
161.231 0.615125 0.615125 2 1 0
161.731 0.617625 0.617625 2 1 0
162.231 0.620118 0.620118 2 1 0
162.731 0.622604 0.622604 2 1 0
163.231 0.625083 0.625083 2 1 0
163.731 0.627556 0.627556 2 1 0
164.231 0.630021 0.630021 2 1 0
164.731 0.63248 0.63248 2 1 0
165.231 0.634931 0.634931 2 1 0
165.731 0.637375 0.637375 2 1 0
166.231 0.639811 0.639811 2 1 0
166.731 0.64224 0.64224 2 1 0
167.231 0.644661 0.644661 2 1 0
167.731 0.647074 0.647074 2 1 0
168.231 0.64948 0.64948 2 1 0
168.731 0.651877 0.651877 2 1 0
169.231 0.654267 0.654267 2 1 0
169.731 0.656648 0.656648 2 1 0
170.231 0.659021 0.659021 2 1 0
170.731 0.661385 0.661385 2 1 0
171.231 0.663741 0.663741 2 1 0
171.731 0.666089 0.666089 2 1 0
172.231 0.668428 0.668428 2 1 0
172.731 0.670758 0.670758 2 1 0
173.231 0.67308 0.67308 2 1 0
173.731 0.675392 0.675392 2 1 0
174.231 0.677696 0.677696 2 1 0
174.731 0.67999 0.67999 2 1 0
175.231 0.682276 0.682276 2 1 0
175.731 0.684552 0.684552 2 1 0
176.231 0.686819 0.686819 2 1 0
176.731 0.689076 0.689076 2 1 0
177.231 0.691324 0.691324 2 1 0
177.731 0.693563 0.693563 2 1 0
178.231 0.695792 0.695792 2 1 0
178.731 0.698011 0.698011 2 1 0
179.23 0.700221 0.700221 2 1 0
179.73 0.702421 0.702421 2 1 0
180.23 0.704612 0.704612 2 1 0
180.73 0.706792 0.706792 2 1 0
181.23 0.708962 0.708962 2 1 0
181.73 0.711123 0.711123 2 1 0
182.23 0.713273 0.713273 2 1 0
182.73 0.715414 0.715414 2 1 0
183.23 0.717544 0.717544 2 1 0
183.73 0.719664 0.719664 2 1 0
184.23 0.721774 0.721774 2 1 0
184.73 0.723874 0.723874 2 1 0
185.23 0.725964 0.725964 2 1 0
185.73 0.728043 0.728043 2 1 0
186.23 0.730111 0.730111 2 1 0
186.73 0.73217 0.73217 2 1 0
187.23 0.734218 0.734218 2 1 0
187.73 0.736255 0.736255 2 1 0
188.23 0.738282 0.738282 2 1 0
188.73 0.740298 0.740298 2 1 0
189.23 0.742304 0.742304 2 1 0
189.73 0.7443 0.7443 2 1 0
190.23 0.746284 0.746284 2 1 0
190.73 0.748258 0.748258 2 1 0
191.23 0.750222 0.750222 2 1 0
191.73 0.752174 0.752174 2 1 0
192.23 0.754116 0.754116 2 1 0
192.73 0.756047 0.756047 2 1 0
193.23 0.757968 0.757968 2 1 0
193.73 0.759878 0.759878 2 1 0
194.23 0.761777 0.761777 2 1 0
194.73 0.763665 0.763665 2 1 0
195.23 0.765542 0.765542 2 1 0
195.73 0.767409 0.767409 2 1 0
196.23 0.769265 0.769265 2 1 0
196.73 0.77111 0.77111 2 1 0
197.23 0.772944 0.772944 2 1 0
197.73 0.774768 0.774768 2 1 0
198.23 0.77658 0.77658 2 1 0
198.73 0.778382 0.778382 2 1 0
199.23 0.780173 0.780173 2 1 0
199.73 0.781953 0.781953 2 1 0
200.23 0.783723 0.783723 2 1 0
200.73 0.785481 0.785481 2 1 0
201.23 0.787229 0.787229 2 1 0
201.73 0.788966 0.788966 2 1 0
202.23 0.790692 0.790692 2 1 0
202.73 0.792408 0.792408 2 1 0
203.23 0.794112 0.794112 2 1 0
203.73 0.795806 0.795806 2 1 0
204.23 0.797489 0.797489 2 1 0
204.73 0.799162 0.799162 2 1 0
205.23 0.800823 0.800823 2 1 0
205.73 0.802474 0.802474 2 1 0
206.23 0.804114 0.804114 2 1 0
206.73 0.805744 0.805744 2 1 0
207.23 0.807363 0.807363 2 1 0
207.73 0.808971 0.808971 2 1 0
208.23 0.810569 0.810569 2 1 0
208.73 0.812156 0.812156 2 1 0
209.23 0.813732 0.813732 2 1 0
209.73 0.815298 0.815298 2 1 0
210.23 0.816854 0.816854 2 1 0
210.73 0.818399 0.818399 2 1 0
211.23 0.819933 0.819933 2 1 0
211.73 0.821457 0.821457 2 1 0
212.23 0.82297 0.82297 2 1 0
212.73 0.824474 0.824474 2 1 0
213.23 0.825966 0.825966 2 1 0
213.73 0.827449 0.827449 2 1 0
214.23 0.828921 0.828921 2 1 0
214.73 0.830382 0.830382 2 1 0
215.23 0.831834 0.831834 2 1 0
215.73 0.833275 0.833275 2 1 0
216.23 0.834706 0.834706 2 1 0
216.73 0.836127 0.836127 2 1 0
217.23 0.837538 0.837538 2 1 0
217.73 0.838939 0.838939 2 1 0
218.23 0.84033 0.84033 2 1 0
218.73 0.84171 0.84171 2 1 0
219.23 0.843081 0.843081 2 1 0
219.73 0.844442 0.844442 2 1 0
220.23 0.845793 0.845793 2 1 0
220.73 0.847133 0.847133 2 1 0
221.23 0.848465 0.848465 2 1 0
221.73 0.849786 0.849786 2 1 0
222.23 0.851097 0.851097 2 1 0
222.73 0.852399 0.852399 2 1 0
223.23 0.853692 0.853692 2 1 0
223.73 0.854974 0.854974 2 1 0
224.23 0.856247 0.856247 2 1 0
224.73 0.85751 0.85751 2 1 0
225.23 0.858764 0.858764 2 1 0
225.73 0.860009 0.860009 2 1 0
226.23 0.861244 0.861244 2 1 0
226.73 0.862469 0.862469 2 1 0
227.23 0.863686 0.863686 2 1 0
227.73 0.864893 0.864893 2 1 0
228.23 0.86609 0.86609 2 1 0
228.73 0.867279 0.867279 2 1 0
229.23 0.868458 0.868458 2 1 0
229.73 0.869628 0.869628 2 1 0
230.23 0.87079 0.87079 2 1 0
230.73 0.871942 0.871942 2 1 0
231.23 0.873085 0.873085 2 1 0
231.73 0.874219 0.874219 2 1 0
232.23 0.875344 0.875344 2 1 0
232.73 0.876461 0.876461 2 1 0
233.23 0.877569 0.877569 2 1 0
233.73 0.878668 0.878668 2 1 0
234.23 0.879758 0.879758 2 1 0
234.73 0.880839 0.880839 2 1 0
235.23 0.881912 0.881912 2 1 0
235.73 0.882977 0.882977 2 1 0
236.23 0.884033 0.884033 2 1 0
236.73 0.88508 0.88508 2 1 0
237.23 0.886119 0.886119 2 1 0
237.73 0.88715 0.88715 2 1 0
238.23 0.888172 0.888172 2 1 0
238.73 0.889186 0.889186 2 1 0
239.23 0.890192 0.890192 2 1 0
239.73 0.891189 0.891189 2 1 0
240.23 0.892179 0.892179 2 1 0
240.73 0.89316 0.89316 2 1 0
241.23 0.894134 0.894134 2 1 0
241.73 0.895099 0.895099 2 1 0
242.23 0.896057 0.896057 2 1 0
242.73 0.897006 0.897006 2 1 0
243.23 0.897948 0.897948 2 1 0
243.73 0.898882 0.898882 2 1 0
244.23 0.899808 0.899808 2 1 0
244.73 0.900727 0.900727 2 1 0
245.23 0.901638 0.901638 2 1 0
158.231 0.6 0.6 2 2 0
154.313 0.6 0.6 2 2 0
154.295 0.6 0.6 2 2 0
154.289 0.6 0.6 2 2 0
154.279 0.6 0.6 2 2 0
154.259 0.6 0.6 2 2 0
154.219 0.6 0.6 2 2 0
154.139 0.6 0.6 2 2 0
153.979 0.6 0.6 2 2 0
153.659 0.6 0.6 2 2 0
153.159 0.6 0.6 2 2 0
152.659 0.6 0.6 2 2 0
152.159 0.6 0.6 2 2 0
151.659 0.6 0.6 2 2 0
151.159 0.6 0.6 2 2 0
150.659 0.6 0.6 2 2 0
150.159 0.6 0.6 2 2 0
149.659 0.6 0.6 2 2 0
149.159 0.6 0.6 2 2 0
148.659 0.6 0.6 2 2 0
148.159 0.6 0.6 2 2 0
147.659 0.6 0.6 2 2 0
147.159 0.6 0.6 2 2 0
146.659 0.6 0.6 2 2 0
146.159 0.6 0.6 2 2 0
145.659 0.6 0.6 2 2 0
145.159 0.6 0.6 2 2 0
144.659 0.6 0.6 2 2 0
144.159 0.6 0.6 2 2 0
143.659 0.6 0.6 2 2 0
143.159 0.6 0.6 2 2 0
142.659 0.6 0.6 2 2 0
142.159 0.6 0.6 2 2 0
141.659 0.6 0.6 2 2 0
141.159 0.6 0.6 2 2 0
140.659 0.6 0.6 2 2 0
140.159 0.6 0.6 2 2 0
139.659 0.6 0.6 2 2 0
139.159 0.6 0.6 2 2 0
138.659 0.6 0.6 2 2 0
138.159 0.6 0.6 2 2 0
137.659 0.6 0.6 2 2 0
137.159 0.6 0.6 2 2 0
136.659 0.6 0.6 2 2 0
136.159 0.6 0.6 2 2 0
135.659 0.6 0.6 2 2 0
135.159 0.6 0.6 2 2 0
134.659 0.6 0.6 2 2 0
134.159 0.6 0.6 2 2 0
133.659 0.6 0.6 2 2 0
133.159 0.6 0.6 2 2 0
132.659 0.6 0.6 2 2 0
132.159 0.6 0.6 2 2 0
131.659 0.6 0.6 2 2 0
131.159 0.6 0.6 2 2 0
130.659 0.6 0.6 2 2 0
130.159 0.6 0.6 2 2 0
129.659 0.6 0.6 2 2 0
129.159 0.6 0.6 2 2 0
128.659 0.6 0.6 2 2 0
128.159 0.6 0.6 2 2 0
127.659 0.6 0.6 2 2 0
127.159 0.6 0.6 2 2 0
126.659 0.6 0.6 2 2 0
126.159 0.6 0.6 2 2 0
125.659 0.6 0.6 2 2 0
125.159 0.6 0.6 2 2 0
124.659 0.6 0.6 2 2 0
124.159 0.6 0.6 2 2 0
123.659 0.6 0.6 2 2 0
123.159 0.6 0.6 2 2 0
122.659 0.6 0.6 2 2 0
122.159 0.6 0.6 2 2 0
121.659 0.6 0.6 2 2 0
121.159 0.6 0.6 2 2 0
120.659 0.6 0.6 2 2 0
120.159 0.6 0.6 2 2 0
119.659 0.6 0.6 2 2 0
119.159 0.6 0.6 2 2 0
118.659 0.6 0.6 2 2 0
118.159 0.6 0.6 2 2 0
117.659 0.6 0.6 2 2 0
117.159 0.6 0.6 2 2 0
116.659 0.6 0.6 2 2 0
116.159 0.6 0.6 2 2 0
115.659 0.6 0.6 2 2 0
115.159 0.6 0.6 2 2 0
114.659 0.6 0.6 2 2 0
114.159 0.6 0.6 2 2 0
113.659 0.6 0.6 2 2 0
113.159 0.6 0.6 2 2 0
112.659 0.6 0.6 2 2 0
112.159 0.6 0.6 2 2 0
111.659 0.6 0.6 2 2 0
111.159 0.6 0.6 2 2 0
110.659 0.6 0.6 2 2 0
110.159 0.6 0.6 2 2 0
109.659 0.6 0.6 2 2 0
109.159 0.6 0.6 2 2 0
108.659 0.6 0.6 2 2 0
108.159 0.6 0.6 2 2 0
107.659 0.6 0.6 2 2 0
107.159 0.6 0.6 2 2 0
106.659 0.6 0.6 2 2 0
106.159 0.6 0.6 2 2 0
105.659 0.6 0.6 2 2 0
105.159 0.6 0.6 2 2 0
104.659 0.6 0.6 2 2 0
104.159 0.6 0.6 2 2 0
103.659 0.6 0.6 2 2 0
103.159 0.6 0.6 2 2 0
102.659 0.6 0.6 2 2 0
102.159 0.6 0.6 2 2 0
101.659 0.6 0.6 2 2 0
101.159 0.6 0.6 2 2 0
100.659 0.6 0.6 2 2 0
100.159 0.6 0.6 2 2 0
99.6592 0.6 0.6 2 2 0
99.1592 0.6 0.6 2 2 0
98.6592 0.6 0.6 2 2 0
98.1592 0.6 0.6 2 2 0
97.6592 0.6 0.6 2 2 0
97.1592 0.6 0.6 2 2 0
96.6592 0.6 0.6 2 2 0
96.1592 0.6 0.6 2 2 0
95.6592 0.6 0.6 2 2 0
95.1592 0.6 0.6 2 2 0
94.6592 0.6 0.6 2 2 0
94.1592 0.6 0.6 2 2 0
93.6592 0.6 0.6 2 2 0
93.1592 0.6 0.6 2 2 0
92.6592 0.6 0.6 2 2 0
92.1592 0.6 0.6 2 2 0
91.6592 0.6 0.6 2 2 0
91.1592 0.6 0.6 2 2 0
90.6592 0.6 0.6 2 2 0
90.1592 0.6 0.6 2 2 0
89.6592 0.6 0.6 2 2 0
89.1592 0.6 0.6 2 2 0
88.6592 0.6 0.6 2 2 0
88.1592 0.6 0.6 2 2 0
87.6592 0.6 0.6 2 2 0
87.1592 0.6 0.6 2 2 0
86.6592 0.6 0.6 2 2 0
86.1592 0.6 0.6 2 2 0
85.6592 0.6 0.6 2 2 0
85.1592 0.6 0.6 2 2 0
84.6592 0.6 0.6 2 2 0
84.1592 0.6 0.6 2 2 0
83.6592 0.6 0.6 2 2 0
83.1592 0.6 0.6 2 2 0
82.6592 0.6 0.6 2 2 0
82.1592 0.6 0.6 2 2 0
81.6592 0.6 0.6 2 2 0
81.1592 0.6 0.6 2 2 0
80.6592 0.6 0.6 2 2 0
80.1592 0.6 0.6 2 2 0
79.6592 0.6 0.6 2 2 0
79.1592 0.6 0.6 2 2 0
78.6592 0.6 0.6 2 2 0
78.1592 0.6 0.6 2 2 0
77.6592 0.6 0.6 2 2 0
77.1592 0.6 0.6 2 2 0
76.6592 0.6 0.6 2 2 0
76.1592 0.6 0.6 2 2 0
75.6592 0.6 0.6 2 2 0
75.1592 0.6 0.6 2 2 0
74.6592 0.6 0.6 2 2 0
74.1592 0.6 0.6 2 2 0
73.6592 0.6 0.6 2 2 0
73.1592 0.6 0.6 2 2 0
72.6592 0.6 0.6 2 2 0
72.1592 0.6 0.6 2 2 0
71.6592 0.6 0.6 2 2 0
71.1592 0.6 0.6 2 2 0
70.6592 0.6 0.6 2 2 0
70.1592 0.6 0.6 2 2 0
69.6592 0.6 0.6 2 2 0
69.1592 0.6 0.6 2 2 0
68.6592 0.6 0.6 2 2 0
68.1592 0.6 0.6 2 2 0
67.6593 0.6 0.6 2 2 0
67.1593 0.6 0.6 2 2 0
66.6593 0.6 0.6 2 2 0
66.1593 0.6 0.6 2 2 0
65.6593 0.6 0.6 2 2 0
65.1593 0.6 0.6 2 2 0
64.6593 0.6 0.6 2 2 0
64.1593 0.6 0.6 2 2 0
63.6593 0.6 0.6 2 2 0
63.1593 0.6 0.6 2 2 0
62.6593 0.6 0.6 2 2 0
62.1593 0.6 0.6 2 2 0
61.6593 0.6 0.6 2 2 0
61.1593 0.6 0.6 2 2 0
60.6593 0.6 0.6 2 2 0
60.1593 0.6 0.6 2 2 0
59.6593 0.6 0.6 2 2 0
59.1593 0.6 0.6 2 2 0
58.6593 0.6 0.6 2 2 0
158.231 0.6 0.6 2 2 0
162.147 0.6 0.6 2 2 0
162.165 0.6 0.6 1 2 0
162.171 0.6 0.6 1 2 0
162.181 0.6 0.6 1 2 0
162.201 0.6 0.6 1 2 0
162.241 0.6 0.6 1 2 0
162.321 0.6 0.6 1 2 0
162.481 0.6 0.6 1 2 0
162.801 0.6 0.6 1 2 0
163.301 0.6 0.6 1 2 0
163.801 0.6 0.6 1 2 0
164.301 0.6 0.6 1 2 0
164.801 0.6 0.6 1 2 0
165.301 0.6 0.6 1 2 0
165.801 0.6 0.6 1 2 0
166.301 0.6 0.6 1 2 0
166.801 0.6 0.6 1 2 0
167.301 0.6 0.6 1 2 0
167.801 0.6 0.6 1 2 0
168.301 0.6 0.6 1 2 0
168.801 0.6 0.6 1 2 0
169.301 0.6 0.6 1 2 0
169.801 0.6 0.6 1 2 0
170.301 0.6 0.6 1 2 0
170.801 0.6 0.6 1 2 0
171.301 0.6 0.6 1 2 0
171.801 0.6 0.6 1 2 0
172.301 0.6 0.6 1 2 0
172.801 0.6 0.6 1 2 0
173.301 0.6 0.6 1 2 0
173.801 0.6 0.6 1 2 0
174.301 0.6 0.6 1 2 0
174.801 0.6 0.6 1 2 0
175.301 0.6 0.6 1 2 0
175.801 0.6 0.6 1 2 0
176.301 0.6 0.6 1 2 0
176.801 0.6 0.6 1 2 0
177.301 0.6 0.6 1 2 0
177.801 0.6 0.6 1 2 0
178.301 0.6 0.6 1 2 0
178.801 0.6 0.6 1 2 0
179.301 0.6 0.6 1 2 0
179.801 0.6 0.6 1 2 0
180.301 0.6 0.6 1 2 0
180.801 0.6 0.6 1 2 0
181.301 0.6 0.6 1 2 0
181.801 0.6 0.6 1 2 0
182.301 0.6 0.6 1 2 0
182.801 0.6 0.6 1 2 0
183.301 0.6 0.6 1 2 0
183.801 0.6 0.6 1 2 0
184.301 0.6 0.6 1 2 0
184.801 0.6 0.6 1 2 0
185.301 0.6 0.6 1 2 0
185.801 0.6 0.6 1 2 0
186.301 0.6 0.6 1 2 0
186.801 0.6 0.6 1 2 0
187.301 0.6 0.6 1 2 0
187.801 0.6 0.6 1 2 0
188.301 0.6 0.6 1 2 0
188.801 0.6 0.6 1 2 0
189.301 0.6 0.6 1 2 0
189.801 0.6 0.6 1 2 0
190.301 0.6 0.6 1 2 0
190.801 0.6 0.6 1 2 0
191.301 0.6 0.6 1 2 0
191.801 0.6 0.6 1 2 0
192.301 0.6 0.6 1 2 0
192.801 0.6 0.6 1 2 0
193.301 0.6 0.6 1 2 0
193.801 0.6 0.6 1 2 0
194.301 0.6 0.6 1 2 0
194.801 0.6 0.6 1 2 0
195.301 0.6 0.6 1 2 0
195.801 0.6 0.6 1 2 0
196.301 0.6 0.6 1 2 0
196.801 0.6 0.6 1 2 0
197.301 0.6 0.6 1 2 0
197.801 0.6 0.6 1 2 0
198.301 0.6 0.6 1 2 0
198.801 0.6 0.6 1 2 0
199.301 0.6 0.6 1 2 0
199.801 0.6 0.6 1 2 0
200.301 0.6 0.6 1 2 0
200.801 0.6 0.6 1 2 0
201.301 0.6 0.6 1 2 0
201.801 0.6 0.6 1 2 0
202.301 0.6 0.6 1 2 0
202.801 0.6 0.6 1 2 0
203.301 0.6 0.6 1 2 0
203.801 0.6 0.6 1 2 0
204.301 0.6 0.6 1 2 0
204.801 0.6 0.6 1 2 0
205.301 0.6 0.6 1 2 0
205.801 0.6 0.6 1 2 0
206.301 0.6 0.6 1 2 0
206.801 0.6 0.6 1 2 0
207.301 0.6 0.6 1 2 0
207.801 0.6 0.6 1 2 0
208.301 0.6 0.6 1 2 0
208.801 0.6 0.6 1 2 0
209.301 0.6 0.6 1 2 0
209.801 0.6 0.6 1 2 0
210.301 0.6 0.6 1 2 0
210.801 0.6 0.6 1 2 0
211.301 0.6 0.6 1 2 0
211.801 0.6 0.6 1 2 0
212.301 0.6 0.6 1 2 0
212.801 0.6 0.6 1 2 0
213.301 0.6 0.6 1 2 0
213.801 0.6 0.6 1 2 0
214.301 0.6 0.6 1 2 0
214.801 0.6 0.6 1 2 0
215.301 0.6 0.6 1 2 0
215.801 0.6 0.6 1 2 0
216.301 0.6 0.6 1 2 0
216.801 0.6 0.6 1 2 0
217.301 0.6 0.6 1 2 0
217.801 0.6 0.6 1 2 0
218.301 0.6 0.6 1 2 0
218.801 0.6 0.6 1 2 0
219.301 0.6 0.6 1 2 0
219.801 0.6 0.6 1 2 0
220.301 0.6 0.6 1 2 0
220.801 0.6 0.6 1 2 0
221.301 0.6 0.6 1 2 0
221.801 0.6 0.6 1 2 0
222.301 0.6 0.6 1 2 0
222.801 0.6 0.6 1 2 0
223.301 0.6 0.6 1 2 0
223.801 0.6 0.6 1 2 0
224.301 0.6 0.6 1 2 0
224.801 0.6 0.6 1 2 0
225.301 0.6 0.6 1 2 0
225.801 0.6 0.6 1 2 0
226.301 0.6 0.6 1 2 0
226.801 0.6 0.6 1 2 0
227.301 0.6 0.6 1 2 0
227.801 0.6 0.6 1 2 0
228.301 0.6 0.6 1 2 0
228.801 0.6 0.6 1 2 0
229.301 0.6 0.6 1 2 0
229.801 0.6 0.6 1 2 0
230.301 0.6 0.6 1 2 0
230.801 0.6 0.6 1 2 0
231.301 0.6 0.6 1 2 0
231.801 0.6 0.6 1 2 0
232.301 0.6 0.6 1 2 0
232.801 0.6 0.6 1 2 0
233.301 0.6 0.6 1 2 0
233.801 0.6 0.6 1 2 0
234.301 0.6 0.6 1 2 0
234.801 0.6 0.6 1 2 0
235.301 0.6 0.6 1 2 0
235.801 0.6 0.6 1 2 0
236.301 0.6 0.6 1 2 0
236.801 0.6 0.6 1 2 0
237.301 0.6 0.6 1 2 0
237.801 0.6 0.6 1 2 0
238.301 0.6 0.6 1 2 0
238.801 0.6 0.6 1 2 0
239.301 0.6 0.6 1 2 0
239.801 0.6 0.6 1 2 0
240.301 0.6 0.6 1 2 0
240.801 0.6 0.6 1 2 0
241.301 0.6 0.6 1 2 0
241.801 0.6 0.6 1 2 0
242.301 0.6 0.6 1 2 0
242.801 0.6 0.6 1 2 0
243.301 0.6 0.6 1 2 0
243.801 0.6 0.6 1 2 0
244.301 0.6 0.6 1 2 0
244.801 0.6 0.6 1 2 0
245.301 0.6 0.6 1 2 0
245.801 0.6 0.6 1 2 0
246.301 0.6 0.6 1 2 0
246.801 0.6 0.6 1 2 0
247.301 0.6 0.6 1 2 0
247.801 0.6 0.6 1 2 0
248.301 0.6 0.6 1 2 0
248.801 0.6 0.6 1 2 0
249.301 0.6 0.6 1 2 0
249.801 0.6 0.6 1 2 0
250.301 0.6 0.6 1 2 0
250.801 0.6 0.6 1 2 0
251.301 0.6 0.6 1 2 0
251.801 0.6 0.6 1 2 0
252.301 0.6 0.6 1 2 0
252.801 0.6 0.6 1 2 0
253.301 0.6 0.6 1 2 0
253.801 0.6 0.6 1 2 0
254.301 0.6 0.6 1 2 0
254.801 0.6 0.6 1 2 0
255.301 0.6 0.6 1 2 0
255.801 0.6 0.6 1 2 0
256.301 0.6 0.6 1 2 0
256.801 0.6 0.6 1 2 0
257.301 0.6 0.6 1 2 0
257.801 0.6 0.6 1 2 0
245.23 0.901638 0.901638 2 1 0
245.27 0.90171 0.90171 2 1 0
245.31 0.901783 0.901783 2 1 0
245.39 0.901928 0.901928 2 1 0
245.55 0.902217 0.902217 2 1 0
245.87 0.902793 0.902793 2 1 0
246.37 0.903686 0.903686 2 1 0
246.87 0.904572 0.904572 2 1 0
247.37 0.905451 0.905451 2 1 0
247.87 0.906322 0.906322 2 1 0
248.37 0.907187 0.907187 2 1 0
248.87 0.908043 0.908043 2 1 0
249.37 0.908893 0.908893 2 1 0
249.87 0.909735 0.909735 2 1 0
250.37 0.91057 0.91057 2 1 0
250.87 0.911398 0.911398 2 1 0
251.37 0.912219 0.912219 2 1 0
251.87 0.913033 0.913033 2 1 0
252.37 0.91384 0.91384 2 1 0
252.87 0.91464 0.91464 2 1 0
253.37 0.915434 0.915434 2 1 0
253.87 0.91622 0.91622 2 1 0
254.37 0.917 0.917 2 1 0
254.87 0.917773 0.917773 2 1 0
255.37 0.918539 0.918539 2 1 0
255.87 0.919299 0.919299 2 1 0
256.37 0.920052 0.920052 2 1 0
256.87 0.920799 0.920799 2 1 0
257.37 0.921539 0.921539 2 1 0
257.87 0.922273 0.922273 2 1 0
258.37 0.923 0.923 2 1 0
258.87 0.923721 0.923721 2 1 0
259.37 0.924436 0.924436 2 1 0
259.87 0.925144 0.925144 2 1 0
260.37 0.925846 0.925846 2 1 0
260.87 0.926543 0.926543 2 1 0
261.37 0.927233 0.927233 2 1 0
261.87 0.927916 0.927916 2 1 0
262.37 0.928594 0.928594 2 1 0
262.87 0.929266 0.929266 2 1 0
263.37 0.929932 0.929932 2 1 0
263.87 0.930592 0.930592 2 1 0
264.37 0.931247 0.931247 2 1 0
264.87 0.931895 0.931895 2 1 0
265.37 0.932538 0.932538 2 1 0
265.87 0.933175 0.933175 2 1 0
266.37 0.933806 0.933806 2 1 0
266.87 0.934432 0.934432 2 1 0
267.37 0.935052 0.935052 2 1 0
267.87 0.935667 0.935667 2 1 0
268.37 0.936276 0.936276 2 1 0
268.87 0.93688 0.93688 2 1 0
269.37 0.937478 0.937478 2 1 0
269.87 0.938071 0.938071 2 1 0
270.37 0.938658 0.938658 2 1 0
270.87 0.939241 0.939241 2 1 0
271.37 0.939818 0.939818 2 1 0
271.87 0.94039 0.94039 2 1 0
272.37 0.940956 0.940956 2 1 0
272.87 0.941518 0.941518 2 1 0
273.37 0.942074 0.942074 2 1 0
273.87 0.942626 0.942626 2 1 0
274.37 0.943172 0.943172 2 1 0
274.87 0.943714 0.943714 2 1 0
275.37 0.94425 0.94425 2 1 0
275.87 0.944782 0.944782 2 1 0
276.37 0.945309 0.945309 2 1 0
276.87 0.945831 0.945831 2 1 0
277.37 0.946349 0.946349 2 1 0
277.87 0.946861 0.946861 2 1 0
278.37 0.947369 0.947369 2 1 0
278.87 0.947873 0.947873 2 1 0
279.37 0.948371 0.948371 2 1 0
279.87 0.948865 0.948865 2 1 0
280.37 0.949355 0.949355 2 1 0
280.87 0.94984 0.94984 2 1 0
281.37 0.950321 0.950321 2 1 0
281.87 0.950797 0.950797 2 1 0
282.37 0.951269 0.951269 2 1 0
282.87 0.951737 0.951737 2 1 0
283.37 0.9522 0.9522 2 1 0
283.87 0.952659 0.952659 2 1 0
284.37 0.953114 0.953114 2 1 0
284.87 0.953564 0.953564 2 1 0
285.37 0.954011 0.954011 2 1 0
285.87 0.954453 0.954453 2 1 0
286.37 0.954891 0.954891 2 1 0
286.87 0.955325 0.955325 2 1 0
287.37 0.955755 0.955755 2 1 0
287.87 0.956181 0.956181 2 1 0
288.37 0.956603 0.956603 2 1 0
288.87 0.957022 0.957022 2 1 0
289.37 0.957436 0.957436 2 1 0
289.87 0.957846 0.957846 2 1 0
290.37 0.958253 0.958253 2 1 0
290.87 0.958656 0.958656 2 1 0
291.37 0.959055 0.959055 2 1 0
291.87 0.95945 0.95945 2 1 0
292.37 0.959842 0.959842 2 1 0
292.87 0.96023 0.96023 2 1 0
293.37 0.960615 0.960615 2 1 0
293.87 0.960995 0.960995 2 1 0
294.37 0.961373 0.961373 2 1 0
294.87 0.961746 0.961746 2 1 0
295.37 0.962117 0.962117 2 1 0
295.87 0.962483 0.962483 2 1 0
296.37 0.962847 0.962847 2 1 0
296.87 0.963206 0.963206 2 1 0
297.37 0.963563 0.963563 2 1 0
297.87 0.963916 0.963916 2 1 0
298.37 0.964266 0.964266 2 1 0
298.87 0.964612 0.964612 2 1 0
299.37 0.964956 0.964956 2 1 0
299.87 0.965296 0.965296 2 1 0
300.37 0.965632 0.965632 2 1 0
300.87 0.965966 0.965966 2 1 0
301.37 0.966297 0.966297 2 1 0
301.87 0.966624 0.966624 2 1 0
302.37 0.966948 0.966948 2 1 0
302.87 0.967269 0.967269 2 1 0
303.37 0.967588 0.967588 2 1 0
303.87 0.967903 0.967903 2 1 0
304.37 0.968215 0.968215 2 1 0
304.87 0.968524 0.968524 2 1 0
305.37 0.96883 0.96883 2 1 0
305.87 0.969134 0.969134 2 1 0
306.37 0.969434 0.969434 2 1 0
306.87 0.969732 0.969732 2 1 0
307.37 0.970027 0.970027 2 1 0
307.87 0.970319 0.970319 2 1 0
308.37 0.970608 0.970608 2 1 0
308.87 0.970894 0.970894 2 1 0
309.37 0.971178 0.971178 2 1 0
309.87 0.971459 0.971459 2 1 0
310.37 0.971737 0.971737 2 1 0
310.87 0.972013 0.972013 2 1 0
311.37 0.972286 0.972286 2 1 0
311.87 0.972557 0.972557 2 1 0
312.37 0.972824 0.972824 2 1 0
312.87 0.97309 0.97309 2 1 0
313.37 0.973352 0.973352 2 1 0
313.87 0.973613 0.973613 2 1 0
314.37 0.973871 0.973871 2 1 0
314.87 0.974126 0.974126 2 1 0
315.37 0.974379 0.974379 2 1 0
315.87 0.974629 0.974629 2 1 0
316.37 0.974877 0.974877 2 1 0
316.87 0.975123 0.975123 2 1 0
317.37 0.975366 0.975366 2 1 0
317.87 0.975607 0.975607 2 1 0
318.37 0.975846 0.975846 2 1 0
318.87 0.976082 0.976082 2 1 0
319.37 0.976316 0.976316 2 1 0
319.87 0.976548 0.976548 2 1 0
320.37 0.976778 0.976778 2 1 0
320.87 0.977005 0.977005 2 1 0
321.37 0.97723 0.97723 2 1 0
321.87 0.977453 0.977453 2 1 0
322.37 0.977674 0.977674 2 1 0
322.87 0.977893 0.977893 2 1 0
323.37 0.97811 0.97811 2 1 0
323.87 0.978324 0.978324 2 1 0
324.37 0.978537 0.978537 2 1 0
324.87 0.978747 0.978747 2 1 0
325.37 0.978956 0.978956 2 1 0
325.87 0.979162 0.979162 2 1 0
326.37 0.979367 0.979367 2 1 0
326.87 0.979569 0.979569 2 1 0
327.37 0.979769 0.979769 2 1 0
327.87 0.979968 0.979968 2 1 0
328.37 0.980165 0.980165 2 1 0
328.87 0.980359 0.980359 2 1 0
329.37 0.980552 0.980552 2 1 0
329.87 0.980743 0.980743 2 1 0
330.37 0.980932 0.980932 2 1 0
330.87 0.98112 0.98112 2 1 0
331.37 0.981305 0.981305 2 1 0
331.87 0.981489 0.981489 2 1 0
332.37 0.981671 0.981671 2 1 0
332.87 0.981851 0.981851 2 1 0
333.37 0.982029 0.982029 2 1 0
333.87 0.982206 0.982206 2 1 0
334.37 0.982381 0.982381 2 1 0
334.87 0.982554 0.982554 2 1 0
335.37 0.982726 0.982726 2 1 0
335.87 0.982896 0.982896 2 1 0
336.37 0.983064 0.983064 2 1 0
336.87 0.983231 0.983231 2 1 0
337.37 0.983396 0.983396 2 1 0
337.87 0.983559 0.983559 2 1 0
338.37 0.983721 0.983721 2 1 0
338.87 0.983881 0.983881 2 1 0
339.37 0.98404 0.98404 2 1 0
339.87 0.984197 0.984197 2 1 0
340.37 0.984353 0.984353 2 1 0
340.87 0.984507 0.984507 2 1 0
341.37 0.984659 0.984659 2 1 0
341.87 0.98481 0.98481 2 1 0
342.37 0.98496 0.98496 2 1 0
342.87 0.985108 0.985108 2 1 0
342.87 0.985108 0.985108 2 1 0
342.91 0.98512 0.98512 2 1 0
342.95 0.985132 0.985132 2 1 0
343.03 0.985155 0.985155 2 1 0
343.19 0.985202 0.985202 2 1 0
343.51 0.985296 0.985296 2 1 0
344.01 0.985441 0.985441 2 1 0
344.51 0.985584 0.985584 2 1 0
345.01 0.985726 0.985726 2 1 0
345.51 0.985867 0.985867 2 1 0
346.01 0.986006 0.986006 2 1 0
346.51 0.986144 0.986144 2 1 0
347.01 0.986281 0.986281 2 1 0
347.51 0.986416 0.986416 2 1 0
348.01 0.98655 0.98655 2 1 0
348.51 0.986683 0.986683 2 1 0
349.01 0.986814 0.986814 2 1 0
349.51 0.986944 0.986944 2 1 0
350.01 0.987073 0.987073 2 1 0
350.51 0.987201 0.987201 2 1 0
351.01 0.987327 0.987327 2 1 0
351.51 0.987452 0.987452 2 1 0
352.01 0.987576 0.987576 2 1 0
352.51 0.987699 0.987699 2 1 0
353.01 0.98782 0.98782 2 1 0
353.51 0.98794 0.98794 2 1 0
354.01 0.988059 0.988059 2 1 0
354.51 0.988177 0.988177 2 1 0
355.01 0.988294 0.988294 2 1 0
355.51 0.98841 0.98841 2 1 0
356.01 0.988524 0.988524 2 1 0
356.51 0.988638 0.988638 2 1 0
357.01 0.98875 0.98875 2 1 0
357.51 0.988861 0.988861 2 1 0
358.01 0.988971 0.988971 2 1 0
358.51 0.98908 0.98908 2 1 0
359.01 0.989188 0.989188 2 1 0
359.51 0.989295 0.989295 2 1 0
360.01 0.989401 0.989401 2 1 0
360.51 0.989505 0.989505 2 1 0
361.01 0.989609 0.989609 2 1 0
361.51 0.989712 0.989712 2 1 0
362.01 0.989813 0.989813 2 1 0
362.51 0.989914 0.989914 2 1 0
363.01 0.990014 0.990014 2 1 0
363.51 0.990113 0.990113 2 1 0
364.01 0.99021 0.99021 2 1 0
364.51 0.990307 0.990307 2 1 0
365.01 0.990403 0.990403 2 1 0
365.51 0.990498 0.990498 2 1 0
366.01 0.990592 0.990592 2 1 0
366.51 0.990685 0.990685 2 1 0
367.01 0.990777 0.990777 2 1 0
367.51 0.990868 0.990868 2 1 0
368.01 0.990959 0.990959 2 1 0
368.51 0.991048 0.991048 2 1 0
369.01 0.991137 0.991137 2 1 0
369.51 0.991225 0.991225 2 1 0
370.01 0.991311 0.991311 2 1 0
370.51 0.991397 0.991397 2 1 0
371.01 0.991483 0.991483 2 1 0
371.51 0.991567 0.991567 2 1 0
372.01 0.99165 0.99165 2 1 0
372.51 0.991733 0.991733 2 1 0
373.01 0.991815 0.991815 2 1 0
373.51 0.991896 0.991896 2 1 0
374.01 0.991976 0.991976 2 1 0
374.51 0.992056 0.992056 2 1 0
375.01 0.992134 0.992134 2 1 0
375.51 0.992212 0.992212 2 1 0
376.01 0.992289 0.992289 2 1 0
376.51 0.992366 0.992366 2 1 0
377.01 0.992441 0.992441 2 1 0
377.51 0.992516 0.992516 2 1 0
378.01 0.99259 0.99259 2 1 0
378.51 0.992664 0.992664 2 1 0
379.01 0.992736 0.992736 2 1 0
379.51 0.992808 0.992808 2 1 0
380.01 0.992879 0.992879 2 1 0
380.51 0.99295 0.99295 2 1 0
381.01 0.99302 0.99302 2 1 0
381.51 0.993089 0.993089 2 1 0
382.01 0.993158 0.993158 2 1 0
382.51 0.993225 0.993225 2 1 0
383.01 0.993292 0.993292 2 1 0
383.51 0.993359 0.993359 2 1 0
384.01 0.993425 0.993425 2 1 0
384.51 0.99349 0.99349 2 1 0
385.01 0.993554 0.993554 2 1 0
385.51 0.993618 0.993618 2 1 0
386.01 0.993682 0.993682 2 1 0
386.51 0.993744 0.993744 2 1 0
387.01 0.993806 0.993806 2 1 0
387.51 0.993868 0.993868 2 1 0
388.01 0.993928 0.993928 2 1 0
388.51 0.993989 0.993989 2 1 0
389.01 0.994048 0.994048 2 1 0
389.51 0.994107 0.994107 2 1 0
390.01 0.994166 0.994166 2 1 0
390.51 0.994224 0.994224 2 1 0
391.01 0.994281 0.994281 2 1 0
391.51 0.994338 0.994338 2 1 0
392.01 0.994394 0.994394 2 1 0
392.51 0.994449 0.994449 2 1 0
393.01 0.994504 0.994504 2 1 0
393.51 0.994559 0.994559 2 1 0
394.01 0.994613 0.994613 2 1 0
394.51 0.994666 0.994666 2 1 0
395.01 0.994719 0.994719 2 1 0
395.51 0.994772 0.994772 2 1 0
396.01 0.994823 0.994823 2 1 0
396.51 0.994875 0.994875 2 1 0
397.01 0.994926 0.994926 2 1 0
397.51 0.994976 0.994976 2 1 0
398.01 0.995026 0.995026 2 1 0
398.51 0.995075 0.995075 2 1 0
399.01 0.995124 0.995124 2 1 0
399.51 0.995172 0.995172 2 1 0
400.01 0.99522 0.99522 2 1 0
400.51 0.995268 0.995268 2 1 0
401.01 0.995315 0.995315 2 1 0
401.51 0.995361 0.995361 2 1 0
402.01 0.995407 0.995407 2 1 0
402.51 0.995453 0.995453 2 1 0
403.01 0.995498 0.995498 2 1 0
403.51 0.995543 0.995543 2 1 0
404.01 0.995587 0.995587 2 1 0
404.51 0.995631 0.995631 2 1 0
405.01 0.995674 0.995674 2 1 0
405.51 0.995717 0.995717 2 1 0
406.01 0.995759 0.995759 2 1 0
406.51 0.995802 0.995802 2 1 0
407.01 0.995843 0.995843 2 1 0
407.51 0.995885 0.995885 2 1 0
408.01 0.995925 0.995925 2 1 0
408.51 0.995966 0.995966 2 1 0
409.01 0.996006 0.996006 2 1 0
409.51 0.996046 0.996046 2 1 0
410.01 0.996085 0.996085 2 1 0
410.51 0.996124 0.996124 2 1 0
411.01 0.996162 0.996162 2 1 0
411.51 0.9962 0.9962 2 1 0
412.01 0.996238 0.996238 2 1 0
412.51 0.996275 0.996275 2 1 0
413.01 0.996312 0.996312 2 1 0
413.51 0.996349 0.996349 2 1 0
414.01 0.996385 0.996385 2 1 0
414.51 0.996421 0.996421 2 1 0
415.01 0.996457 0.996457 2 1 0
415.51 0.996492 0.996492 2 1 0
416.01 0.996527 0.996527 2 1 0
416.51 0.996561 0.996561 2 1 0
417.01 0.996595 0.996595 2 1 0
417.51 0.996629 0.996629 2 1 0
418.01 0.996663 0.996663 2 1 0
418.51 0.996696 0.996696 2 1 0
419.01 0.996729 0.996729 2 1 0
419.51 0.996761 0.996761 2 1 0
420.01 0.996793 0.996793 2 1 0
420.51 0.996825 0.996825 2 1 0
421.01 0.996857 0.996857 2 1 0
421.51 0.996888 0.996888 2 1 0
422.01 0.996919 0.996919 2 1 0
422.51 0.996949 0.996949 2 1 0
423.01 0.99698 0.99698 2 1 0
423.51 0.99701 0.99701 2 1 0
424.01 0.997039 0.997039 2 1 0
424.51 0.997069 0.997069 2 1 0
425.01 0.997098 0.997098 2 1 0
425.51 0.997127 0.997127 2 1 0
426.01 0.997155 0.997155 2 1 0
426.51 0.997184 0.997184 2 1 0
427.01 0.997212 0.997212 2 1 0
427.51 0.997239 0.997239 2 1 0
428.01 0.997267 0.997267 2 1 0
428.51 0.997294 0.997294 2 1 0
429.01 0.997321 0.997321 2 1 0
429.51 0.997347 0.997347 2 1 0
430.01 0.997374 0.997374 2 1 0
430.51 0.9974 0.9974 2 1 0
431.01 0.997426 0.997426 2 1 0
431.51 0.997451 0.997451 2 1 0
432.01 0.997477 0.997477 2 1 0
432.51 0.997502 0.997502 2 1 0
433.01 0.997526 0.997526 2 1 0
433.51 0.997551 0.997551 2 1 0
434.01 0.997575 0.997575 2 1 0
434.51 0.997599 0.997599 2 1 0
435.01 0.997623 0.997623 2 1 0
435.51 0.997647 0.997647 2 1 0
436.01 0.99767 0.99767 2 1 0
436.51 0.997693 0.997693 2 1 0
437.01 0.997716 0.997716 2 1 0
437.51 0.997739 0.997739 2 1 0
438.01 0.997762 0.997762 2 1 0
438.51 0.997784 0.997784 2 1 0
439.01 0.997806 0.997806 2 1 0
439.51 0.997828 0.997828 2 1 0
440.01 0.997849 0.997849 2 1 0
440.51 0.997871 0.997871 2 1 0
440.51 0.997871 0.997871 2 1 0
440.55 0.997872 0.997872 2 1 0
440.59 0.997874 0.997874 2 1 0
440.67 0.997877 0.997877 2 1 0
440.83 0.997884 0.997884 2 1 0
441.15 0.997898 0.997898 2 1 0
441.65 0.997919 0.997919 2 1 0
442.15 0.997939 0.997939 2 1 0
442.65 0.99796 0.99796 2 1 0
443.15 0.99798 0.99798 2 1 0
443.65 0.998 0.998 2 1 0
444.15 0.99802 0.99802 2 1 0
444.65 0.99804 0.99804 2 1 0
445.15 0.998059 0.998059 2 1 0
445.65 0.998078 0.998078 2 1 0
446.15 0.998098 0.998098 2 1 0
446.65 0.998116 0.998116 2 1 0
447.15 0.998135 0.998135 2 1 0
447.65 0.998154 0.998154 2 1 0
448.15 0.998172 0.998172 2 1 0
448.65 0.99819 0.99819 2 1 0
449.15 0.998208 0.998208 2 1 0
449.65 0.998226 0.998226 2 1 0
450.15 0.998244 0.998244 2 1 0
450.65 0.998261 0.998261 2 1 0
451.15 0.998278 0.998278 2 1 0
451.65 0.998296 0.998296 2 1 0
452.15 0.998312 0.998312 2 1 0
452.65 0.998329 0.998329 2 1 0
453.15 0.998346 0.998346 2 1 0
453.65 0.998362 0.998362 2 1 0
454.15 0.998379 0.998379 2 1 0
454.65 0.998395 0.998395 2 1 0
455.15 0.998411 0.998411 2 1 0
455.65 0.998426 0.998426 2 1 0
456.15 0.998442 0.998442 2 1 0
456.65 0.998458 0.998458 2 1 0
457.15 0.998473 0.998473 2 1 0
457.65 0.998488 0.998488 2 1 0
458.15 0.998503 0.998503 2 1 0
458.65 0.998518 0.998518 2 1 0
459.15 0.998533 0.998533 2 1 0
459.65 0.998547 0.998547 2 1 0
460.15 0.998562 0.998562 2 1 0
460.65 0.998576 0.998576 2 1 0
461.15 0.99859 0.99859 2 1 0
461.65 0.998604 0.998604 2 1 0
462.15 0.998618 0.998618 2 1 0
462.65 0.998632 0.998632 2 1 0
463.15 0.998645 0.998645 2 1 0
463.65 0.998659 0.998659 2 1 0
464.15 0.998672 0.998672 2 1 0
464.65 0.998685 0.998685 2 1 0
465.15 0.998699 0.998699 2 1 0
465.65 0.998712 0.998712 2 1 0
466.15 0.998724 0.998724 2 1 0
466.65 0.998737 0.998737 2 1 0
467.15 0.99875 0.99875 2 1 0
467.65 0.998762 0.998762 2 1 0
468.15 0.998774 0.998774 2 1 0
468.65 0.998786 0.998786 2 1 0
469.15 0.998799 0.998799 2 1 0
469.65 0.998811 0.998811 2 1 0
470.15 0.998822 0.998822 2 1 0
470.65 0.998834 0.998834 2 1 0
471.15 0.998846 0.998846 2 1 0
471.65 0.998857 0.998857 2 1 0
472.15 0.998868 0.998868 2 1 0
472.65 0.99888 0.99888 2 1 0
473.15 0.998891 0.998891 2 1 0
473.65 0.998902 0.998902 2 1 0
474.15 0.998913 0.998913 2 1 0
474.65 0.998924 0.998924 2 1 0
475.15 0.998934 0.998934 2 1 0
475.65 0.998945 0.998945 2 1 0
476.15 0.998955 0.998955 2 1 0
476.65 0.998966 0.998966 2 1 0
477.15 0.998976 0.998976 2 1 0
477.65 0.998986 0.998986 2 1 0
478.15 0.998996 0.998996 2 1 0
478.65 0.999006 0.999006 2 1 0
479.15 0.999016 0.999016 2 1 0
479.65 0.999026 0.999026 2 1 0
480.15 0.999036 0.999036 2 1 0
480.65 0.999045 0.999045 2 1 0
481.15 0.999055 0.999055 2 1 0
481.65 0.999064 0.999064 2 1 0
482.15 0.999074 0.999074 2 1 0
482.65 0.999083 0.999083 2 1 0
483.15 0.999092 0.999092 2 1 0
483.65 0.999101 0.999101 2 1 0
484.15 0.99911 0.99911 2 1 0
484.65 0.999119 0.999119 2 1 0
485.15 0.999127 0.999127 2 1 0
485.65 0.999136 0.999136 2 1 0
486.15 0.999145 0.999145 2 1 0
486.65 0.999153 0.999153 2 1 0
487.15 0.999162 0.999162 2 1 0
487.65 0.99917 0.99917 2 1 0
488.15 0.999178 0.999178 2 1 0
488.65 0.999186 0.999186 2 1 0
489.15 0.999195 0.999195 2 1 0
489.65 0.999203 0.999203 2 1 0
490.15 0.99921 0.99921 2 1 0
490.65 0.999218 0.999218 2 1 0
491.15 0.999226 0.999226 2 1 0
491.65 0.999234 0.999234 2 1 0
492.15 0.999241 0.999241 2 1 0
492.65 0.999249 0.999249 2 1 0
493.15 0.999256 0.999256 2 1 0
493.65 0.999264 0.999264 2 1 0
494.15 0.999271 0.999271 2 1 0
494.65 0.999278 0.999278 2 1 0
495.15 0.999286 0.999286 2 1 0
495.65 0.999293 0.999293 2 1 0
496.15 0.9993 0.9993 2 1 0
496.65 0.999307 0.999307 2 1 0
497.15 0.999314 0.999314 2 1 0
497.65 0.99932 0.99932 2 1 0
498.15 0.999327 0.999327 2 1 0
498.65 0.999334 0.999334 2 1 0
499.15 0.99934 0.99934 2 1 0
499.65 0.999347 0.999347 2 1 0
500.15 0.999354 0.999354 2 1 0
500.65 0.99936 0.99936 2 1 0
501.15 0.999366 0.999366 2 1 0
501.65 0.999373 0.999373 2 1 0
502.15 0.999379 0.999379 2 1 0
502.65 0.999385 0.999385 2 1 0
503.15 0.999391 0.999391 2 1 0
503.65 0.999397 0.999397 2 1 0
504.15 0.999403 0.999403 2 1 0
504.65 0.999409 0.999409 2 1 0
505.15 0.999415 0.999415 2 1 0
505.65 0.999421 0.999421 2 1 0
506.15 0.999427 0.999427 2 1 0
506.65 0.999432 0.999432 2 1 0
507.15 0.999438 0.999438 2 1 0
507.65 0.999444 0.999444 2 1 0
508.15 0.999449 0.999449 2 1 0
508.65 0.999455 0.999455 2 1 0
509.15 0.99946 0.99946 2 1 0
509.65 0.999465 0.999465 2 1 0
510.15 0.999471 0.999471 2 1 0
510.65 0.999476 0.999476 2 1 0
511.15 0.999481 0.999481 2 1 0
511.65 0.999486 0.999486 2 1 0
512.15 0.999491 0.999491 2 1 0
512.65 0.999496 0.999496 2 1 0
513.15 0.999502 0.999502 2 1 0
513.65 0.999506 0.999506 2 1 0
514.15 0.999511 0.999511 2 1 0
514.65 0.999516 0.999516 2 1 0
515.15 0.999521 0.999521 2 1 0
515.65 0.999526 0.999526 2 1 0
516.15 0.999531 0.999531 2 1 0
516.65 0.999535 0.999535 2 1 0
517.15 0.99954 0.99954 2 1 0
517.65 0.999544 0.999544 2 1 0
518.15 0.999549 0.999549 2 1 0
518.65 0.999553 0.999553 2 1 0
519.15 0.999558 0.999558 2 1 0
519.65 0.999562 0.999562 2 1 0
520.15 0.999567 0.999567 2 1 0
520.65 0.999571 0.999571 2 1 0
521.15 0.999575 0.999575 2 1 0
521.65 0.999579 0.999579 2 1 0
522.15 0.999584 0.999584 2 1 0
522.65 0.999588 0.999588 2 1 0
523.15 0.999592 0.999592 2 1 0
523.65 0.999596 0.999596 2 1 0
524.15 0.9996 0.9996 2 1 0
524.65 0.999604 0.999604 2 1 0
525.15 0.999608 0.999608 2 1 0
525.65 0.999612 0.999612 2 1 0
526.15 0.999616 0.999616 2 1 0
526.65 0.999619 0.999619 2 1 0
527.15 0.999623 0.999623 2 1 0
527.65 0.999627 0.999627 2 1 0
528.15 0.999631 0.999631 2 1 0
528.65 0.999634 0.999634 2 1 0
529.15 0.999638 0.999638 2 1 0
529.65 0.999642 0.999642 2 1 0
530.15 0.999645 0.999645 2 1 0
530.65 0.999649 0.999649 2 1 0
531.15 0.999652 0.999652 2 1 0
531.65 0.999656 0.999656 2 1 0
532.15 0.999659 0.999659 2 1 0
532.65 0.999662 0.999662 2 1 0
533.15 0.999666 0.999666 2 1 0
533.65 0.999669 0.999669 2 1 0
534.15 0.999672 0.999672 2 1 0
534.65 0.999676 0.999676 2 1 0
535.15 0.999679 0.999679 2 1 0
535.65 0.999682 0.999682 2 1 0
536.15 0.999685 0.999685 2 1 0
536.65 0.999688 0.999688 2 1 0
537.15 0.999692 0.999692 2 1 0
537.65 0.999695 0.999695 2 1 0
538.15 0.999698 0.999698 2 1 0
538.15 0.999698 0.999698 2 1 0
538.19 0.999698 0.999698 2 1 0
538.23 0.999698 0.999698 2 1 0
538.31 0.999699 0.999699 2 1 0
538.47 0.9997 0.9997 2 1 0
538.79 0.999701 0.999701 2 1 0
539.29 0.999704 0.999704 2 1 0
539.79 0.999707 0.999707 2 1 0
540.29 0.99971 0.99971 2 1 0
540.79 0.999713 0.999713 2 1 0
541.29 0.999716 0.999716 2 1 0
541.79 0.999719 0.999719 2 1 0
542.29 0.999722 0.999722 2 1 0
542.79 0.999724 0.999724 2 1 0
543.29 0.999727 0.999727 2 1 0
543.79 0.99973 0.99973 2 1 0
544.29 0.999733 0.999733 2 1 0
544.79 0.999735 0.999735 2 1 0
545.29 0.999738 0.999738 2 1 0
545.79 0.99974 0.99974 2 1 0
546.29 0.999743 0.999743 2 1 0
546.79 0.999746 0.999746 2 1 0
547.29 0.999748 0.999748 2 1 0
547.79 0.999751 0.999751 2 1 0
548.29 0.999753 0.999753 2 1 0
548.79 0.999756 0.999756 2 1 0
549.29 0.999758 0.999758 2 1 0
549.79 0.99976 0.99976 2 1 0
550.29 0.999763 0.999763 2 1 0
550.79 0.999765 0.999765 2 1 0
551.29 0.999767 0.999767 2 1 0
551.79 0.99977 0.99977 2 1 0
552.29 0.999772 0.999772 2 1 0
552.79 0.999774 0.999774 2 1 0
553.29 0.999777 0.999777 2 1 0
553.79 0.999779 0.999779 2 1 0
554.29 0.999781 0.999781 2 1 0
554.79 0.999783 0.999783 2 1 0
555.29 0.999785 0.999785 2 1 0
555.79 0.999788 0.999788 2 1 0
556.29 0.99979 0.99979 2 1 0
556.79 0.999792 0.999792 2 1 0
557.29 0.999794 0.999794 2 1 0
557.79 0.999796 0.999796 2 1 0
558.29 0.999798 0.999798 2 1 0
558.79 0.9998 0.9998 2 1 0
559.29 0.999802 0.999802 2 1 0
559.79 0.999804 0.999804 2 1 0
560.29 0.999806 0.999806 2 1 0
560.79 0.999808 0.999808 2 1 0
561.29 0.99981 0.99981 2 1 0
561.79 0.999812 0.999812 2 1 0
562.29 0.999813 0.999813 2 1 0
562.79 0.999815 0.999815 2 1 0
563.29 0.999817 0.999817 2 1 0
563.79 0.999819 0.999819 2 1 0
564.29 0.999821 0.999821 2 1 0
564.79 0.999823 0.999823 2 1 0
565.29 0.999824 0.999824 2 1 0
565.79 0.999826 0.999826 2 1 0
566.29 0.999828 0.999828 2 1 0
566.79 0.999829 0.999829 2 1 0
567.29 0.999831 0.999831 2 1 0
567.79 0.999833 0.999833 2 1 0
568.29 0.999835 0.999835 2 1 0
568.79 0.999836 0.999836 2 1 0
569.29 0.999838 0.999838 2 1 0
569.79 0.999839 0.999839 2 1 0
570.29 0.999841 0.999841 2 1 0
570.79 0.999843 0.999843 2 1 0
571.29 0.999844 0.999844 2 1 0
571.79 0.999846 0.999846 2 1 0
572.29 0.999847 0.999847 2 1 0
572.79 0.999849 0.999849 2 1 0
573.29 0.99985 0.99985 2 1 0
573.79 0.999852 0.999852 2 1 0
574.29 0.999853 0.999853 2 1 0
574.79 0.999855 0.999855 2 1 0
575.29 0.999856 0.999856 2 1 0
575.79 0.999858 0.999858 2 1 0
576.29 0.999859 0.999859 2 1 0
576.79 0.99986 0.99986 2 1 0
577.29 0.999862 0.999862 2 1 0
577.79 0.999863 0.999863 2 1 0
578.29 0.999865 0.999865 2 1 0
578.79 0.999866 0.999866 2 1 0
579.29 0.999867 0.999867 2 1 0
579.79 0.999869 0.999869 2 1 0
580.29 0.99987 0.99987 2 1 0
580.79 0.999871 0.999871 2 1 0
581.29 0.999872 0.999872 2 1 0
581.79 0.999874 0.999874 2 1 0
582.29 0.999875 0.999875 2 1 0
582.79 0.999876 0.999876 2 1 0
583.29 0.999877 0.999877 2 1 0
583.79 0.999879 0.999879 2 1 0
584.29 0.99988 0.99988 2 1 0
584.79 0.999881 0.999881 2 1 0
585.29 0.999882 0.999882 2 1 0
585.79 0.999883 0.999883 2 1 0
586.29 0.999885 0.999885 2 1 0
586.79 0.999886 0.999886 2 1 0
587.29 0.999887 0.999887 2 1 0
587.79 0.999888 0.999888 2 1 0
588.29 0.999889 0.999889 2 1 0
588.79 0.99989 0.99989 2 1 0
589.29 0.999891 0.999891 2 1 0
589.79 0.999892 0.999892 2 1 0
590.29 0.999893 0.999893 2 1 0
590.79 0.999894 0.999894 2 1 0
591.29 0.999896 0.999896 2 1 0
591.79 0.999897 0.999897 2 1 0
592.29 0.999898 0.999898 2 1 0
592.79 0.999899 0.999899 2 1 0
593.29 0.9999 0.9999 2 1 0
593.79 0.999901 0.999901 2 1 0
594.29 0.999902 0.999902 2 1 0
594.79 0.999903 0.999903 2 1 0
595.29 0.999904 0.999904 2 1 0
595.79 0.999905 0.999905 2 1 0
596.29 0.999905 0.999905 2 1 0
596.79 0.999906 0.999906 2 1 0
597.29 0.999907 0.999907 2 1 0
597.79 0.999908 0.999908 2 1 0
598.29 0.999909 0.999909 2 1 0
598.79 0.99991 0.99991 2 1 0
599.29 0.999911 0.999911 2 1 0
599.79 0.999912 0.999912 2 1 0
600.29 0.999913 0.999913 2 1 0
600.79 0.999914 0.999914 2 1 0
601.29 0.999914 0.999914 2 1 0
601.79 0.999915 0.999915 2 1 0
602.29 0.999916 0.999916 2 1 0
602.79 0.999917 0.999917 2 1 0
603.29 0.999918 0.999918 2 1 0
603.79 0.999919 0.999919 2 1 0
604.29 0.999919 0.999919 2 1 0
604.79 0.99992 0.99992 2 1 0
605.29 0.999921 0.999921 2 1 0
605.79 0.999922 0.999922 2 1 0
606.29 0.999923 0.999923 2 1 0
606.79 0.999923 0.999923 2 1 0
607.29 0.999924 0.999924 2 1 0
607.79 0.999925 0.999925 2 1 0
608.29 0.999926 0.999926 2 1 0
608.79 0.999926 0.999926 2 1 0
609.29 0.999927 0.999927 2 1 0
609.79 0.999928 0.999928 2 1 0
610.29 0.999929 0.999929 2 1 0
610.79 0.999929 0.999929 2 1 0
611.29 0.99993 0.99993 2 1 0
611.79 0.999931 0.999931 2 1 0
612.29 0.999931 0.999931 2 1 0
612.79 0.999932 0.999932 2 1 0
613.29 0.999933 0.999933 2 1 0
613.79 0.999933 0.999933 2 1 0
614.29 0.999934 0.999934 2 1 0
614.79 0.999935 0.999935 2 1 0
615.29 0.999935 0.999935 2 1 0
615.79 0.999936 0.999936 2 1 0
616.29 0.999937 0.999937 2 1 0
616.79 0.999937 0.999937 2 1 0
617.29 0.999938 0.999938 2 1 0
617.79 0.999939 0.999939 2 1 0
618.29 0.999939 0.999939 2 1 0
618.79 0.99994 0.99994 2 1 0
619.29 0.99994 0.99994 2 1 0
619.79 0.999941 0.999941 2 1 0
620.29 0.999942 0.999942 2 1 0
620.79 0.999942 0.999942 2 1 0
621.29 0.999943 0.999943 2 1 0
621.79 0.999943 0.999943 2 1 0
622.29 0.999944 0.999944 2 1 0
622.79 0.999944 0.999944 2 1 0
623.29 0.999945 0.999945 2 1 0
623.79 0.999945 0.999945 2 1 0
624.29 0.999946 0.999946 2 1 0
624.79 0.999947 0.999947 2 1 0
625.29 0.999947 0.999947 2 1 0
625.79 0.999948 0.999948 2 1 0
626.29 0.999948 0.999948 2 1 0
626.79 0.999949 0.999949 2 1 0
627.29 0.999949 0.999949 2 1 0
627.79 0.99995 0.99995 2 1 0
628.29 0.99995 0.99995 2 1 0
628.79 0.999951 0.999951 2 1 0
629.29 0.999951 0.999951 2 1 0
629.79 0.999952 0.999952 2 1 0
630.29 0.999952 0.999952 2 1 0
630.79 0.999953 0.999953 2 1 0
631.29 0.999953 0.999953 2 1 0
631.79 0.999954 0.999954 2 1 0
632.29 0.999954 0.999954 2 1 0
632.79 0.999954 0.999954 2 1 0
633.29 0.999955 0.999955 2 1 0
633.79 0.999955 0.999955 2 1 0
634.29 0.999956 0.999956 2 1 0
634.79 0.999956 0.999956 2 1 0
635.29 0.999957 0.999957 2 1 0
635.79 0.999957 0.999957 2 1 0
257.801 0.6 0.6 2 2 0
257.841 0.6 0.6 1 2 0
257.881 0.6 0.6 1 2 0
257.961 0.6 0.6 1 2 0
258.121 0.6 0.6 1 2 0
258.441 0.6 0.6 1 2 0
258.941 0.6 0.6 1 2 0
259.441 0.6 0.6 1 2 0
259.941 0.6 0.6 1 2 0
260.441 0.6 0.6 1 2 0
260.941 0.6 0.6 1 2 0
261.441 0.6 0.6 1 2 0
261.941 0.6 0.6 1 2 0
262.441 0.6 0.6 1 2 0
262.941 0.6 0.6 1 2 0
263.441 0.6 0.6 1 2 0
263.941 0.6 0.6 1 2 0
264.441 0.6 0.6 1 2 0
264.941 0.6 0.6 1 2 0
265.441 0.6 0.6 1 2 0
265.941 0.6 0.6 1 2 0
266.441 0.6 0.6 1 2 0
266.941 0.6 0.6 1 2 0
267.441 0.6 0.6 1 2 0
267.941 0.6 0.6 1 2 0
268.441 0.6 0.6 1 2 0
268.941 0.6 0.6 1 2 0
269.441 0.6 0.6 1 2 0
269.941 0.6 0.6 1 2 0
270.441 0.6 0.6 1 2 0
270.941 0.6 0.6 1 2 0
271.441 0.6 0.6 1 2 0
271.941 0.6 0.6 1 2 0
272.441 0.6 0.6 1 2 0
272.941 0.6 0.6 1 2 0
273.441 0.6 0.6 1 2 0
273.941 0.6 0.6 1 2 0
274.441 0.6 0.6 1 2 0
274.941 0.6 0.6 1 2 0
275.441 0.6 0.6 1 2 0
275.941 0.6 0.6 1 2 0
276.441 0.6 0.6 1 2 0
276.941 0.6 0.6 1 2 0
277.441 0.6 0.6 1 2 0
277.941 0.6 0.6 1 2 0
278.441 0.6 0.6 1 2 0
278.941 0.6 0.6 1 2 0
279.441 0.6 0.6 1 2 0
279.941 0.6 0.6 1 2 0
280.441 0.6 0.6 1 2 0
280.941 0.6 0.6 1 2 0
281.441 0.6 0.6 1 2 0
281.941 0.6 0.6 1 2 0
282.441 0.6 0.6 1 2 0
282.941 0.6 0.6 1 2 0
283.441 0.6 0.6 1 2 0
283.941 0.6 0.6 1 2 0
284.441 0.6 0.6 1 2 0
284.941 0.6 0.6 1 2 0
285.441 0.6 0.6 1 2 0
285.941 0.6 0.6 1 2 0
286.441 0.6 0.6 1 2 0
286.941 0.6 0.6 1 2 0
287.441 0.6 0.6 1 2 0
287.941 0.6 0.6 1 2 0
288.441 0.6 0.6 1 2 0
288.941 0.6 0.6 1 2 0
289.441 0.6 0.6 1 2 0
289.941 0.6 0.6 1 2 0
290.441 0.6 0.6 1 2 0
290.941 0.6 0.6 1 2 0
291.441 0.6 0.6 1 2 0
291.941 0.6 0.6 1 2 0
292.441 0.6 0.6 1 2 0
292.941 0.6 0.6 1 2 0
293.441 0.6 0.6 1 2 0
293.941 0.6 0.6 1 2 0
294.441 0.6 0.6 1 2 0
294.941 0.6 0.6 1 2 0
295.441 0.6 0.6 1 2 0
295.941 0.6 0.6 1 2 0
296.441 0.6 0.6 1 2 0
296.941 0.6 0.6 1 2 0
297.441 0.6 0.6 1 2 0
297.941 0.6 0.6 1 2 0
298.441 0.6 0.6 1 2 0
298.941 0.6 0.6 1 2 0
299.441 0.6 0.6 1 2 0
299.941 0.6 0.6 1 2 0
300.441 0.6 0.6 1 2 0
300.941 0.6 0.6 1 2 0
301.441 0.6 0.6 1 2 0
301.941 0.6 0.6 1 2 0
302.441 0.6 0.6 1 2 0
302.941 0.6 0.6 1 2 0
303.441 0.6 0.6 1 2 0
303.941 0.6 0.6 1 2 0
304.441 0.6 0.6 1 2 0
304.941 0.6 0.6 1 2 0
305.441 0.6 0.6 1 2 0
305.941 0.6 0.6 1 2 0
306.441 0.6 0.6 1 2 0
306.941 0.6 0.6 1 2 0
307.441 0.6 0.6 1 2 0
307.941 0.6 0.6 1 2 0
308.441 0.6 0.6 1 2 0
308.941 0.6 0.6 1 2 0
309.441 0.6 0.6 1 2 0
309.941 0.6 0.6 1 2 0
310.441 0.6 0.6 1 2 0
310.941 0.6 0.6 1 2 0
311.441 0.6 0.6 1 2 0
311.941 0.6 0.6 1 2 0
312.441 0.6 0.6 1 2 0
312.941 0.6 0.6 1 2 0
313.441 0.6 0.6 1 2 0
313.941 0.6 0.6 1 2 0
314.441 0.6 0.6 1 2 0
314.941 0.6 0.6 1 2 0
315.441 0.6 0.6 1 2 0
315.941 0.6 0.6 1 2 0
316.441 0.6 0.6 1 2 0
316.941 0.6 0.6 1 2 0
317.441 0.6 0.6 1 2 0
317.941 0.6 0.6 1 2 0
318.441 0.6 0.6 1 2 0
318.941 0.6 0.6 1 2 0
319.441 0.6 0.6 1 2 0
319.941 0.6 0.6 1 2 0
320.441 0.6 0.6 1 2 0
320.941 0.6 0.6 1 2 0
321.441 0.6 0.6 1 2 0
321.941 0.6 0.6 1 2 0
322.441 0.6 0.6 1 2 0
322.941 0.6 0.6 1 2 0
323.441 0.6 0.6 1 2 0
323.941 0.6 0.6 1 2 0
324.441 0.6 0.6 1 2 0
324.941 0.6 0.6 1 2 0
325.441 0.6 0.6 1 2 0
325.941 0.6 0.6 1 2 0
326.441 0.6 0.6 1 2 0
326.941 0.6 0.6 1 2 0
327.441 0.6 0.6 1 2 0
327.941 0.6 0.6 1 2 0
328.441 0.6 0.6 1 2 0
328.941 0.6 0.6 1 2 0
329.441 0.6 0.6 1 2 0
329.941 0.6 0.6 1 2 0
330.441 0.6 0.6 1 2 0
330.941 0.6 0.6 1 2 0
331.441 0.6 0.6 1 2 0
331.941 0.6 0.6 1 2 0
332.441 0.6 0.6 1 2 0
332.941 0.6 0.6 1 2 0
333.441 0.6 0.6 1 2 0
333.941 0.6 0.6 1 2 0
334.441 0.6 0.6 1 2 0
334.941 0.6 0.6 1 2 0
335.441 0.6 0.6 1 2 0
335.941 0.6 0.6 1 2 0
336.441 0.6 0.6 1 2 0
336.941 0.6 0.6 1 2 0
337.441 0.6 0.6 1 2 0
337.941 0.6 0.6 1 2 0
338.441 0.6 0.6 1 2 0
338.941 0.6 0.6 1 2 0
339.441 0.6 0.6 1 2 0
339.941 0.6 0.6 1 2 0
340.441 0.6 0.6 1 2 0
340.941 0.6 0.6 1 2 0
341.441 0.6 0.6 1 2 0
341.941 0.6 0.6 1 2 0
342.441 0.6 0.6 1 2 0
342.941 0.6 0.6 1 2 0
343.441 0.6 0.6 1 2 0
343.941 0.6 0.6 1 2 0
344.441 0.6 0.6 1 2 0
344.941 0.6 0.6 1 2 0
345.441 0.6 0.6 1 2 0
345.941 0.6 0.6 1 2 0
346.441 0.6 0.6 1 2 0
346.941 0.6 0.6 1 2 0
347.441 0.6 0.6 1 2 0
347.941 0.6 0.6 1 2 0
348.441 0.6 0.6 1 2 0
348.941 0.6 0.6 1 2 0
349.441 0.6 0.6 1 2 0
349.941 0.6 0.6 1 2 0
350.441 0.6 0.6 1 2 0
350.941 0.6 0.6 1 2 0
351.441 0.6 0.6 1 2 0
351.941 0.6 0.6 1 2 0
352.441 0.6 0.6 1 2 0
352.941 0.6 0.6 1 2 0
353.441 0.6 0.6 1 2 0
353.941 0.6 0.6 1 2 0
354.441 0.6 0.6 1 2 0
354.941 0.6 0.6 1 2 0
355.441 0.6 0.6 1 2 0
355.441 0.6 0.6 2 2 0
355.481 0.6 0.6 1 2 0
355.521 0.6 0.6 1 2 0
355.601 0.6 0.6 1 2 0
355.761 0.6 0.6 1 2 0
356.081 0.6 0.6 1 2 0
356.581 0.6 0.6 1 2 0
357.081 0.6 0.6 1 2 0
357.581 0.6 0.6 1 2 0
358.081 0.6 0.6 1 2 0
358.581 0.6 0.6 1 2 0
359.081 0.6 0.6 1 2 0
359.581 0.6 0.6 1 2 0
360.081 0.6 0.6 1 2 0
360.581 0.6 0.6 1 2 0
361.081 0.6 0.6 1 2 0
361.581 0.6 0.6 1 2 0
362.081 0.6 0.6 1 2 0
362.581 0.6 0.6 1 2 0
363.081 0.6 0.6 1 2 0
363.581 0.6 0.6 1 2 0
364.081 0.6 0.6 1 2 0
364.581 0.6 0.6 1 2 0
365.081 0.6 0.6 1 2 0
365.581 0.6 0.6 1 2 0
366.081 0.6 0.6 1 2 0
366.581 0.6 0.6 1 2 0
367.081 0.6 0.6 1 2 0
367.581 0.6 0.6 1 2 0
368.081 0.6 0.6 1 2 0
368.581 0.6 0.6 1 2 0
369.081 0.6 0.6 1 2 0
369.581 0.6 0.6 1 2 0
370.081 0.6 0.6 1 2 0
370.581 0.6 0.6 1 2 0
371.081 0.6 0.6 1 2 0
371.581 0.6 0.6 1 2 0
372.081 0.6 0.6 1 2 0
372.581 0.6 0.6 1 2 0
373.081 0.6 0.6 1 2 0
373.581 0.6 0.6 1 2 0
374.081 0.6 0.6 1 2 0
374.581 0.6 0.6 1 2 0
375.081 0.6 0.6 1 2 0
375.581 0.6 0.6 1 2 0
376.081 0.6 0.6 1 2 0
376.581 0.6 0.6 1 2 0
377.081 0.6 0.6 1 2 0
377.581 0.6 0.6 1 2 0
378.081 0.6 0.6 1 2 0
378.581 0.6 0.6 1 2 0
379.081 0.6 0.6 1 2 0
379.581 0.6 0.6 1 2 0
380.081 0.6 0.6 1 2 0
380.581 0.6 0.6 1 2 0
381.081 0.6 0.6 1 2 0
381.581 0.6 0.6 1 2 0
382.081 0.6 0.6 1 2 0
382.581 0.6 0.6 1 2 0
383.081 0.6 0.6 1 2 0
383.581 0.6 0.6 1 2 0
384.081 0.6 0.6 1 2 0
384.581 0.6 0.6 1 2 0
385.081 0.6 0.6 1 2 0
385.581 0.6 0.6 1 2 0
386.081 0.6 0.6 1 2 0
386.581 0.6 0.6 1 2 0
387.081 0.6 0.6 1 2 0
387.581 0.6 0.6 1 2 0
388.081 0.6 0.6 1 2 0
388.581 0.6 0.6 1 2 0
389.081 0.6 0.6 1 2 0
389.581 0.6 0.6 1 2 0
390.081 0.6 0.6 1 2 0
390.581 0.6 0.6 1 2 0
391.081 0.6 0.6 1 2 0
391.581 0.6 0.6 1 2 0
392.081 0.6 0.6 1 2 0
392.581 0.6 0.6 1 2 0
393.081 0.6 0.6 1 2 0
393.581 0.6 0.6 1 2 0
394.081 0.6 0.6 1 2 0
394.581 0.6 0.6 1 2 0
395.081 0.6 0.6 1 2 0
395.581 0.6 0.6 1 2 0
396.081 0.6 0.6 1 2 0
396.581 0.6 0.6 1 2 0
397.081 0.6 0.6 1 2 0
397.581 0.6 0.6 1 2 0
398.081 0.6 0.6 1 2 0
398.581 0.6 0.6 1 2 0
399.081 0.6 0.6 1 2 0
399.581 0.6 0.6 1 2 0
400.081 0.6 0.6 1 2 0
400.581 0.6 0.6 1 2 0
401.081 0.6 0.6 1 2 0
401.581 0.6 0.6 1 2 0
402.081 0.6 0.6 1 2 0
402.581 0.6 0.6 1 2 0
403.081 0.6 0.6 1 2 0
403.581 0.6 0.6 1 2 0
404.081 0.6 0.6 1 2 0
404.581 0.6 0.6 1 2 0
405.081 0.6 0.6 1 2 0
405.581 0.6 0.6 1 2 0
406.081 0.6 0.6 1 2 0
406.581 0.6 0.6 1 2 0
407.081 0.6 0.6 1 2 0
407.581 0.6 0.6 1 2 0
408.081 0.6 0.6 1 2 0
408.581 0.6 0.6 1 2 0
409.081 0.6 0.6 1 2 0
409.581 0.6 0.6 1 2 0
410.081 0.6 0.6 1 2 0
410.581 0.6 0.6 1 2 0
411.081 0.6 0.6 1 2 0
411.581 0.6 0.6 1 2 0
412.081 0.6 0.6 1 2 0
412.581 0.6 0.6 1 2 0
413.081 0.6 0.6 1 2 0
413.581 0.6 0.6 1 2 0
414.081 0.6 0.6 1 2 0
414.581 0.6 0.6 1 2 0
415.081 0.6 0.6 1 2 0
415.581 0.6 0.6 1 2 0
416.081 0.6 0.6 1 2 0
416.581 0.6 0.6 1 2 0
417.081 0.6 0.6 1 2 0
417.581 0.6 0.6 1 2 0
418.081 0.6 0.6 1 2 0
418.581 0.6 0.6 1 2 0
419.081 0.6 0.6 1 2 0
419.581 0.6 0.6 1 2 0
420.081 0.6 0.6 1 2 0
420.581 0.6 0.6 1 2 0
421.081 0.6 0.6 1 2 0
421.581 0.6 0.6 1 2 0
422.081 0.6 0.6 1 2 0
422.581 0.6 0.6 1 2 0
423.081 0.6 0.6 1 2 0
423.581 0.6 0.6 1 2 0
424.081 0.6 0.6 1 2 0
424.581 0.6 0.6 1 2 0
425.081 0.6 0.6 1 2 0
425.581 0.6 0.6 1 2 0
426.081 0.6 0.6 1 2 0
426.581 0.6 0.6 1 2 0
427.081 0.6 0.6 1 2 0
427.581 0.6 0.6 1 2 0
428.081 0.6 0.6 1 2 0
428.581 0.6 0.6 1 2 0
429.081 0.6 0.6 1 2 0
429.581 0.6 0.6 1 2 0
430.081 0.6 0.6 1 2 0
430.581 0.6 0.6 1 2 0
431.081 0.6 0.6 1 2 0
431.581 0.6 0.6 1 2 0
432.081 0.6 0.6 1 2 0
432.581 0.6 0.6 1 2 0
433.081 0.6 0.6 1 2 0
433.581 0.6 0.6 1 2 0
434.081 0.6 0.6 1 2 0
434.581 0.6 0.6 1 2 0
435.081 0.6 0.6 1 2 0
435.581 0.6 0.6 1 2 0
436.081 0.6 0.6 1 2 0
436.581 0.6 0.6 1 2 0
437.081 0.6 0.6 1 2 0
437.581 0.6 0.6 1 2 0
438.081 0.6 0.6 1 2 0
438.581 0.6 0.6 1 2 0
439.081 0.6 0.6 1 2 0
439.581 0.6 0.6 1 2 0
440.081 0.6 0.6 1 2 0
440.581 0.6 0.6 1 2 0
441.081 0.6 0.6 1 2 0
441.581 0.6 0.6 1 2 0
442.081 0.6 0.6 1 2 0
442.581 0.6 0.6 1 2 0
443.081 0.6 0.6 1 2 0
443.581 0.6 0.6 1 2 0
444.081 0.6 0.6 1 2 0
444.581 0.6 0.6 1 2 0
445.081 0.6 0.6 1 2 0
445.581 0.6 0.6 1 2 0
446.081 0.6 0.6 1 2 0
446.581 0.6 0.6 1 2 0
447.081 0.6 0.6 1 2 0
447.581 0.6 0.6 1 2 0
448.081 0.6 0.6 1 2 0
448.581 0.6 0.6 1 2 0
449.081 0.6 0.6 1 2 0
449.581 0.6 0.6 1 2 0
450.081 0.6 0.6 1 2 0
450.581 0.6 0.6 1 2 0
451.081 0.6 0.6 1 2 0
451.581 0.6 0.6 1 2 0
452.081 0.6 0.6 1 2 0
452.581 0.6 0.6 1 2 0
453.081 0.6 0.6 1 2 0
453.081 0.6 0.6 2 2 0
453.121 0.6 0.6 1 2 0
453.161 0.6 0.6 1 2 0
453.241 0.6 0.6 1 2 0
453.401 0.6 0.6 1 2 0
453.721 0.6 0.6 1 2 0
454.221 0.6 0.6 1 2 0
454.721 0.6 0.6 1 2 0
455.221 0.6 0.6 1 2 0
455.721 0.6 0.6 1 2 0
456.221 0.6 0.6 1 2 0
456.721 0.6 0.6 1 2 0
457.221 0.6 0.6 1 2 0
457.721 0.6 0.6 1 2 0
458.221 0.6 0.6 1 2 0
458.721 0.6 0.6 1 2 0
459.221 0.6 0.6 1 2 0
459.721 0.6 0.6 1 2 0
460.221 0.6 0.6 1 2 0
460.721 0.6 0.6 1 2 0
461.221 0.6 0.6 1 2 0
461.721 0.6 0.6 1 2 0
462.221 0.6 0.6 1 2 0
462.721 0.6 0.6 1 2 0
463.221 0.6 0.6 1 2 0
463.721 0.6 0.6 1 2 0
464.221 0.6 0.6 1 2 0
464.721 0.6 0.6 1 2 0
465.221 0.6 0.6 1 2 0
465.721 0.6 0.6 1 2 0
466.221 0.6 0.6 1 2 0
466.721 0.6 0.6 1 2 0
467.221 0.6 0.6 1 2 0
467.721 0.6 0.6 1 2 0
468.221 0.6 0.6 1 2 0
468.721 0.6 0.6 1 2 0
469.221 0.6 0.6 1 2 0
469.721 0.6 0.6 1 2 0
470.221 0.6 0.6 1 2 0
470.721 0.6 0.6 1 2 0
471.221 0.6 0.6 1 2 0
471.721 0.6 0.6 1 2 0
472.221 0.6 0.6 1 2 0
472.721 0.6 0.6 1 2 0
473.221 0.6 0.6 1 2 0
473.721 0.6 0.6 1 2 0
474.221 0.6 0.6 1 2 0
474.721 0.6 0.6 1 2 0
475.221 0.6 0.6 1 2 0
475.721 0.6 0.6 1 2 0
476.221 0.6 0.6 1 2 0
476.721 0.6 0.6 1 2 0
477.221 0.6 0.6 1 2 0
477.721 0.6 0.6 1 2 0
478.221 0.6 0.6 1 2 0
478.721 0.6 0.6 1 2 0
479.221 0.6 0.6 1 2 0
479.721 0.6 0.6 1 2 0
480.221 0.6 0.6 1 2 0
480.721 0.6 0.6 1 2 0
481.221 0.6 0.6 1 2 0
481.721 0.6 0.6 1 2 0
482.221 0.6 0.6 1 2 0
482.721 0.6 0.6 1 2 0
483.221 0.6 0.6 1 2 0
483.721 0.6 0.6 1 2 0
484.221 0.6 0.6 1 2 0
484.721 0.6 0.6 1 2 0
485.221 0.6 0.6 1 2 0
485.721 0.6 0.6 1 2 0
486.221 0.6 0.6 1 2 0
486.721 0.6 0.6 1 2 0
487.221 0.6 0.6 1 2 0
487.721 0.6 0.6 1 2 0
488.221 0.6 0.6 1 2 0
488.721 0.6 0.6 1 2 0
489.221 0.6 0.6 1 2 0
489.721 0.6 0.6 1 2 0
490.221 0.6 0.6 1 2 0
490.721 0.6 0.6 1 2 0
491.221 0.6 0.6 1 2 0
491.721 0.6 0.6 1 2 0
492.221 0.6 0.6 1 2 0
492.721 0.6 0.6 1 2 0
493.221 0.6 0.6 1 2 0
493.721 0.6 0.6 1 2 0
494.221 0.6 0.6 1 2 0
494.721 0.6 0.6 1 2 0
495.221 0.6 0.6 1 2 0
495.721 0.6 0.6 1 2 0
496.221 0.6 0.6 1 2 0
496.721 0.6 0.6 1 2 0
497.221 0.6 0.6 1 2 0
497.721 0.6 0.6 1 2 0
498.221 0.6 0.6 1 2 0
498.721 0.6 0.6 1 2 0
499.221 0.6 0.6 1 2 0
499.721 0.6 0.6 1 2 0
500.221 0.6 0.6 1 2 0
500.721 0.6 0.6 1 2 0
501.221 0.6 0.6 1 2 0
501.721 0.6 0.6 1 2 0
502.221 0.6 0.6 1 2 0
502.721 0.6 0.6 1 2 0
503.221 0.6 0.6 1 2 0
503.721 0.6 0.6 1 2 0
504.221 0.6 0.6 1 2 0
504.721 0.6 0.6 1 2 0
505.221 0.6 0.6 1 2 0
505.721 0.6 0.6 1 2 0
506.221 0.6 0.6 1 2 0
506.721 0.6 0.6 1 2 0
507.221 0.6 0.6 1 2 0
507.721 0.6 0.6 1 2 0
508.221 0.6 0.6 1 2 0
508.721 0.6 0.6 1 2 0
509.221 0.6 0.6 1 2 0
509.721 0.6 0.6 1 2 0
510.221 0.6 0.6 1 2 0
510.721 0.6 0.6 1 2 0
511.221 0.6 0.6 1 2 0
511.721 0.6 0.6 1 2 0
512.221 0.6 0.6 1 2 0
512.721 0.6 0.6 1 2 0
513.221 0.6 0.6 1 2 0
513.721 0.6 0.6 1 2 0
514.221 0.6 0.6 1 2 0
514.721 0.6 0.6 1 2 0
515.221 0.6 0.6 1 2 0
515.721 0.6 0.6 1 2 0
516.221 0.6 0.6 1 2 0
516.721 0.6 0.6 1 2 0
517.221 0.6 0.6 1 2 0
517.721 0.6 0.6 1 2 0
518.221 0.6 0.6 1 2 0
518.721 0.6 0.6 1 2 0
519.221 0.6 0.6 1 2 0
519.721 0.6 0.6 1 2 0
520.221 0.6 0.6 1 2 0
520.721 0.6 0.6 1 2 0
521.221 0.6 0.6 1 2 0
521.721 0.6 0.6 1 2 0
522.221 0.6 0.6 1 2 0
522.721 0.6 0.6 1 2 0
523.221 0.6 0.6 1 2 0
523.721 0.6 0.6 1 2 0
524.221 0.6 0.6 1 2 0
524.721 0.6 0.6 1 2 0
525.221 0.6 0.6 1 2 0
525.721 0.6 0.6 1 2 0
526.221 0.6 0.6 1 2 0
526.721 0.6 0.6 1 2 0
527.221 0.6 0.6 1 2 0
527.721 0.6 0.6 1 2 0
528.221 0.6 0.6 1 2 0
528.721 0.6 0.6 1 2 0
529.221 0.6 0.6 1 2 0
529.721 0.6 0.6 1 2 0
530.221 0.6 0.6 1 2 0
530.721 0.6 0.6 1 2 0
531.221 0.6 0.6 1 2 0
531.721 0.6 0.6 1 2 0
532.221 0.6 0.6 1 2 0
532.721 0.6 0.6 1 2 0
533.221 0.6 0.6 1 2 0
533.721 0.6 0.6 1 2 0
534.221 0.6 0.6 1 2 0
534.721 0.6 0.6 1 2 0
535.221 0.6 0.6 1 2 0
535.721 0.6 0.6 1 2 0
536.221 0.6 0.6 1 2 0
536.721 0.6 0.6 1 2 0
537.221 0.6 0.6 1 2 0
537.721 0.6 0.6 1 2 0
538.221 0.6 0.6 1 2 0
538.721 0.6 0.6 1 2 0
539.221 0.6 0.6 1 2 0
539.721 0.6 0.6 1 2 0
540.221 0.6 0.6 1 2 0
540.721 0.6 0.6 1 2 0
541.221 0.6 0.6 1 2 0
541.721 0.6 0.6 1 2 0
542.221 0.6 0.6 1 2 0
542.721 0.6 0.6 1 2 0
543.221 0.6 0.6 1 2 0
543.721 0.6 0.6 1 2 0
544.221 0.6 0.6 1 2 0
544.721 0.6 0.6 1 2 0
545.221 0.6 0.6 1 2 0
545.721 0.6 0.6 1 2 0
546.221 0.6 0.6 1 2 0
546.721 0.6 0.6 1 2 0
547.221 0.6 0.6 1 2 0
547.721 0.6 0.6 1 2 0
548.221 0.6 0.6 1 2 0
548.721 0.6 0.6 1 2 0
549.221 0.6 0.6 1 2 0
549.721 0.6 0.6 1 2 0
550.221 0.6 0.6 1 2 0
550.721 0.6 0.6 1 2 0
550.721 0.6 0.6 2 2 0
550.761 0.6 0.6 1 2 0
550.801 0.6 0.6 1 2 0
550.881 0.6 0.6 1 2 0
551.041 0.6 0.6 1 2 0
551.361 0.6 0.6 1 2 0
551.861 0.6 0.6 1 2 0
552.361 0.6 0.6 1 2 0
552.861 0.6 0.6 1 2 0
553.361 0.6 0.6 1 2 0
553.861 0.6 0.6 1 2 0
554.361 0.6 0.6 1 2 0
554.861 0.6 0.6 1 2 0
555.361 0.6 0.6 1 2 0
555.861 0.6 0.6 1 2 0
556.361 0.6 0.6 1 2 0
556.861 0.6 0.6 1 2 0
557.361 0.6 0.6 1 2 0
557.861 0.6 0.6 1 2 0
558.361 0.6 0.6 1 2 0
558.861 0.6 0.6 1 2 0
559.361 0.6 0.6 1 2 0
559.861 0.6 0.6 1 2 0
560.361 0.6 0.6 1 2 0
560.861 0.6 0.6 1 2 0
561.361 0.6 0.6 1 2 0
561.861 0.6 0.6 1 2 0
562.361 0.6 0.6 1 2 0
562.861 0.6 0.6 1 2 0
563.361 0.6 0.6 1 2 0
563.861 0.6 0.6 1 2 0
564.361 0.6 0.6 1 2 0
564.861 0.6 0.6 1 2 0
565.361 0.6 0.6 1 2 0
565.861 0.6 0.6 1 2 0
566.361 0.6 0.6 1 2 0
566.861 0.6 0.6 1 2 0
567.361 0.6 0.6 1 2 0
567.861 0.6 0.6 1 2 0
568.361 0.6 0.6 1 2 0
568.861 0.6 0.6 1 2 0
569.361 0.6 0.6 1 2 0
569.861 0.6 0.6 1 2 0
570.361 0.6 0.6 1 2 0
570.861 0.6 0.6 1 2 0
571.361 0.6 0.6 1 2 0
571.861 0.6 0.6 1 2 0
572.361 0.6 0.6 1 2 0
572.861 0.6 0.6 1 2 0
573.361 0.6 0.6 1 2 0
573.861 0.6 0.6 1 2 0
574.361 0.6 0.6 1 2 0
574.861 0.6 0.6 1 2 0
575.361 0.6 0.6 1 2 0
575.861 0.6 0.6 1 2 0
576.361 0.6 0.6 1 2 0
576.861 0.6 0.6 1 2 0
577.361 0.6 0.6 1 2 0
577.861 0.6 0.6 1 2 0
578.361 0.6 0.6 1 2 0
578.861 0.6 0.6 1 2 0
579.361 0.6 0.6 1 2 0
579.861 0.6 0.6 1 2 0
580.361 0.6 0.6 1 2 0
580.861 0.6 0.6 1 2 0
581.361 0.6 0.6 1 2 0
581.861 0.6 0.6 1 2 0
582.361 0.6 0.6 1 2 0
582.861 0.6 0.6 1 2 0
583.361 0.6 0.6 1 2 0
583.861 0.6 0.6 1 2 0
584.361 0.6 0.6 1 2 0
584.861 0.6 0.6 1 2 0
585.361 0.6 0.6 1 2 0
585.861 0.6 0.6 1 2 0
586.361 0.6 0.6 1 2 0
586.861 0.6 0.6 1 2 0
587.361 0.6 0.6 1 2 0
587.861 0.6 0.6 1 2 0
588.361 0.6 0.6 1 2 0
588.861 0.6 0.6 1 2 0
589.361 0.6 0.6 1 2 0
589.861 0.6 0.6 1 2 0
590.361 0.6 0.6 1 2 0
590.861 0.6 0.6 1 2 0
591.361 0.6 0.6 1 2 0
591.861 0.6 0.6 1 2 0
592.361 0.6 0.6 1 2 0
592.861 0.6 0.6 1 2 0
593.361 0.6 0.6 1 2 0
593.861 0.6 0.6 1 2 0
594.361 0.6 0.6 1 2 0
594.861 0.6 0.6 1 2 0
595.361 0.6 0.6 1 2 0
595.861 0.6 0.6 1 2 0
596.361 0.6 0.6 1 2 0
596.861 0.6 0.6 1 2 0
597.361 0.6 0.6 1 2 0
597.861 0.6 0.6 1 2 0
598.361 0.6 0.6 1 2 0
598.861 0.6 0.6 1 2 0
599.361 0.6 0.6 1 2 0
599.861 0.6 0.6 1 2 0
600.361 0.6 0.6 1 2 0
600.861 0.6 0.6 1 2 0
601.361 0.6 0.6 1 2 0
601.861 0.6 0.6 1 2 0
602.361 0.6 0.6 1 2 0
602.861 0.6 0.6 1 2 0
603.361 0.6 0.6 1 2 0
603.861 0.6 0.6 1 2 0
604.361 0.6 0.6 1 2 0
604.861 0.6 0.6 1 2 0
605.361 0.6 0.6 1 2 0
605.861 0.6 0.6 1 2 0
606.361 0.6 0.6 1 2 0
606.861 0.6 0.6 1 2 0
607.361 0.6 0.6 1 2 0
607.861 0.6 0.6 1 2 0
608.361 0.6 0.6 1 2 0
608.861 0.6 0.6 1 2 0
609.361 0.6 0.6 1 2 0
609.861 0.6 0.6 1 2 0
610.361 0.6 0.6 1 2 0
610.861 0.6 0.6 1 2 0
611.361 0.6 0.6 1 2 0
611.861 0.6 0.6 1 2 0
612.361 0.6 0.6 1 2 0
612.861 0.6 0.6 1 2 0
613.361 0.6 0.6 1 2 0
613.861 0.6 0.6 1 2 0
614.361 0.6 0.6 1 2 0
614.861 0.6 0.6 1 2 0
615.361 0.6 0.6 1 2 0
615.861 0.6 0.6 1 2 0
616.361 0.6 0.6 1 2 0
616.861 0.6 0.6 1 2 0
617.361 0.6 0.6 1 2 0
617.861 0.6 0.6 1 2 0
618.361 0.6 0.6 1 2 0
618.861 0.6 0.6 1 2 0
619.361 0.6 0.6 1 2 0
619.861 0.6 0.6 1 2 0
620.361 0.6 0.6 1 2 0
620.861 0.6 0.6 1 2 0
621.361 0.6 0.6 1 2 0
621.861 0.6 0.6 1 2 0
622.361 0.6 0.6 1 2 0
622.861 0.6 0.6 1 2 0
623.361 0.6 0.6 1 2 0
623.861 0.6 0.6 1 2 0
624.361 0.6 0.6 1 2 0
624.861 0.6 0.6 1 2 0
625.361 0.6 0.6 1 2 0
625.861 0.6 0.6 1 2 0
626.361 0.6 0.6 1 2 0
626.861 0.6 0.6 1 2 0
627.361 0.6 0.6 1 2 0
627.861 0.6 0.6 1 2 0
628.361 0.6 0.6 1 2 0
628.861 0.6 0.6 1 2 0
629.361 0.6 0.6 1 2 0
629.861 0.6 0.6 1 2 0
630.361 0.6 0.6 1 2 0
630.861 0.6 0.6 1 2 0
631.361 0.6 0.6 1 2 0
631.861 0.6 0.6 1 2 0
632.361 0.6 0.6 1 2 0
632.861 0.6 0.6 1 2 0
633.361 0.6 0.6 1 2 0
633.861 0.6 0.6 1 2 0
634.361 0.6 0.6 1 2 0
634.861 0.6 0.6 1 2 0
635.361 0.6 0.6 1 2 0
635.861 0.6 0.6 1 2 0
636.361 0.6 0.6 1 2 0
636.861 0.6 0.6 1 2 0
637.361 0.6 0.6 1 2 0
637.861 0.6 0.6 1 2 0
638.361 0.6 0.6 1 2 0
638.861 0.6 0.6 1 2 0
639.361 0.6 0.6 1 2 0
639.861 0.6 0.6 1 2 0
640.361 0.6 0.6 1 2 0
640.861 0.6 0.6 1 2 0
641.361 0.6 0.6 1 2 0
641.861 0.6 0.6 1 2 0
642.361 0.6 0.6 1 2 0
642.861 0.6 0.6 1 2 0
643.361 0.6 0.6 1 2 0
643.861 0.6 0.6 1 2 0
644.361 0.6 0.6 1 2 0
644.861 0.6 0.6 1 2 0
645.361 0.6 0.6 1 2 0
645.861 0.6 0.6 1 2 0
646.361 0.6 0.6 1 2 0
646.861 0.6 0.6 1 2 0
647.361 0.6 0.6 1 2 0
647.861 0.6 0.6 1 2 0
648.361 0.6 0.6 1 2 0
