68.9146 0.05 0.05 2 27 5
68.8746 0.05002 0.05002 2 27 5
68.8446 0.0500351 0.0500351 2 27 5
68.7846 0.0500652 0.0500652 2 27 5
68.6646 0.0501256 0.0501256 2 27 5
68.4246 0.0502468 0.0502468 2 27 5
67.9446 0.0504906 0.0504906 2 27 5
67.4446 0.0507489 0.0507489 2 27 5
66.9446 0.0510119 0.0510119 2 27 5
66.4446 0.0512787 0.0512787 2 27 5
65.9446 0.0515494 0.0515494 2 27 5
65.4446 0.051824 0.051824 2 27 5
64.9446 0.0521027 0.0521027 2 27 5
64.4446 0.0523854 0.0523854 2 27 5
63.9446 0.0526724 0.0526724 2 27 5
63.4446 0.0529637 0.0529637 2 27 5
62.9446 0.0532594 0.0532594 2 27 5
62.4446 0.0535596 0.0535596 2 27 5
61.9446 0.0538645 0.0538645 2 27 5
61.4446 0.054174 0.054174 2 27 5
60.9446 0.0544884 0.0544884 2 27 5
60.4446 0.0548078 0.0548078 2 27 5
59.9446 0.0551323 0.0551323 2 27 5
59.4446 0.055462 0.055462 2 27 5
58.9446 0.055797 0.055797 2 27 5
58.4446 0.0561374 0.0561374 2 27 5
57.9446 0.0564835 0.0564835 2 27 5
57.4447 0.0568354 0.0568354 2 27 5
56.9447 0.0571931 0.0571931 2 27 5
56.4447 0.0575569 0.0575569 2 27 5
55.9447 0.057927 0.057927 2 27 5
55.4447 0.0583034 0.0583034 2 27 5
54.9447 0.0586863 0.0586863 2 27 5
54.4447 0.059076 0.059076 2 27 5
53.9447 0.0594725 0.0594725 2 27 5
53.4447 0.0598762 0.0598762 2 27 5
52.9447 0.0602872 0.0602872 2 27 5
52.4447 0.0607057 0.0607057 2 27 5
51.9447 0.0611318 0.0611318 2 27 5
51.4447 0.0615659 0.0615659 2 27 5
50.9447 0.0620082 0.0620082 2 27 5
50.4447 0.0624588 0.0624588 2 27 5
49.9447 0.0629181 0.0629181 2 27 5
49.4447 0.0633863 0.0633863 2 27 5
48.9447 0.0638637 0.0638637 2 27 5
48.4447 0.0643505 0.0643505 2 27 5
47.9447 0.064847 0.064847 2 27 5
47.4447 0.0653535 0.0653535 2 27 5
46.9447 0.0658704 0.0658704 2 27 5
46.4447 0.066398 0.066398 2 27 5
45.9447 0.0669366 0.0669366 2 27 5
45.4447 0.0674866 0.0674866 2 27 5
44.9447 0.0680483 0.0680483 2 27 5
44.4447 0.0686221 0.0686221 2 27 5
43.9447 0.0692084 0.0692084 2 27 5
43.4447 0.0698078 0.0698078 2 27 5
42.9447 0.0704205 0.0704205 2 27 5
42.4447 0.071047 0.071047 2 27 5
41.9447 0.071688 0.071688 2 27 5
41.4447 0.0723438 0.0723438 2 27 5
40.9447 0.0730149 0.0730149 2 27 5
40.4447 0.0737021 0.0737021 2 27 5
39.9447 0.0744057 0.0744057 2 27 5
39.4447 0.0751266 0.0751266 2 27 5
38.9447 0.0758652 0.0758652 2 27 5
38.4447 0.0766223 0.0766223 2 27 5
37.9447 0.0773986 0.0773986 2 27 5
37.4447 0.0781949 0.0781949 2 27 5
36.9447 0.0790119 0.0790119 2 27 5
36.4447 0.0798505 0.0798505 2 27 5
35.9447 0.0807116 0.0807116 2 27 5
35.4447 0.081596 0.081596 2 27 5
34.9447 0.0825049 0.0825049 2 27 5
34.4447 0.0834392 0.0834392 2 27 5
33.9447 0.0844 0.0844 2 27 5
33.4447 0.0853885 0.0853885 2 27 5
32.9447 0.086406 0.086406 2 27 5
32.4447 0.0874537 0.0874537 2 27 5
31.9447 0.088533 0.088533 2 27 5
31.4447 0.0896455 0.0896455 2 27 5
30.9447 0.0907926 0.0907926 2 27 5
30.4447 0.0919762 0.0919762 2 27 5
29.9447 0.0931979 0.0931979 2 27 5
29.4447 0.0944597 0.0944597 2 27 5
28.9447 0.0957636 0.0957636 2 27 5
28.4447 0.0971118 0.0971118 2 27 5
27.9447 0.0985067 0.0985067 2 27 5
27.4447 0.0999506 0.0999506 2 27 5
26.9447 0.101446 0.101446 2 27 5
26.4447 0.102997 0.102997 2 27 5
25.9447 0.104605 0.104605 2 27 5
25.4447 0.106275 0.106275 2 27 5
24.9448 0.108009 0.108009 2 27 5
24.4448 0.109812 0.109812 2 27 5
23.9448 0.111688 0.111688 2 27 5
23.4448 0.113641 0.113641 2 27 5
22.9448 0.115677 0.115677 2 27 5
22.4448 0.117801 0.117801 2 27 5
21.9448 0.120018 0.120018 2 27 5
21.4448 0.122336 0.122336 2 27 5
20.9448 0.124761 0.124761 2 27 5
20.4448 0.127301 0.127301 2 27 5
19.9448 0.129965 0.129965 2 27 5
19.4448 0.132762 0.132762 2 27 5
18.9448 0.135702 0.135702 2 27 5
18.4449 0.138796 0.138796 2 27 5
17.9449 0.142058 0.142058 2 27 5
17.4449 0.145502 0.145502 2 27 5
16.9449 0.149142 0.149142 2 27 5
16.4449 0.153215 0.153215 2 27 5
15.9449 0.157326 0.157326 2 27 5
15.445 0.161697 0.161697 2 27 5
14.945 0.166353 0.166353 2 27 5
14.445 0.171324 0.171324 2 27 5
13.9451 0.176644 0.176644 2 27 5
13.4451 0.182351 0.182351 2 27 5
12.9451 0.188489 0.188489 2 27 5
12.4452 0.19511 0.19511 2 27 5
11.9452 0.202273 0.202273 2 27 5
11.4453 0.210049 0.210049 2 27 5
10.9454 0.218522 0.218522 2 27 5
10.4455 0.22779 0.22779 2 27 5
9.9456 0.237971 0.237971 2 27 5
9.44574 0.24921 0.24921 2 27 5
8.9459 0.261681 0.261681 2 27 5
8.44611 0.275602 0.275602 2 27 5
7.94636 0.291243 0.291243 2 27 5
7.44669 0.308947 0.308947 2 27 5
6.94711 0.329153 0.329153 2 27 5
6.44767 0.352436 0.352436 2 27 5
5.94842 0.379561 0.379561 2 27 5
5.44945 0.411566 0.411566 2 27 5
4.95094 0.449898 0.449898 2 27 5
4.45312 0.496629 0.496629 2 27 5
3.95649 0.554824 0.554824 2 27 5
3.46196 0.629167 0.629167 2 27 5
2.97196 0.727094 0.727094 2 27 5
2.49015 0.860492 0.860492 2 27 5
2.02675 1.04809 1.04809 2 27 5
1.60316 1.31367 1.31367 2 27 5
1.25173 1.66941 1.66941 2 27 5
0.990803 2.09586 2.09586 2 27 5
0.807148 2.56074 2.56074 2 27 5
0.676727 3.04336 3.04336 2 27 5
0.581157 3.53413 3.53413 2 27 5
0.542525 3.78124 3.78124 2 27 5
0.493213 4.1529 4.1529 2 27 5
0.439688 4.64991 4.64991 2 27 5
0.396566 5.14804 5.14804 2 27 5
0.36117 5.64684 5.64684 2 27 5
0.331452 6.14593 6.14593 2 27 5
0.306247 6.64527 6.64527 2 27 5
0.284595 7.14479 7.14479 2 27 5
0.265795 7.64443 7.64443 2 27 5
0.24932 8.14415 8.14415 2 27 5
0.234764 8.64394 8.64394 2 27 5
0.221811 9.14377 9.14377 2 27 5
0.21021 9.64363 9.64363 2 27 5
0.19976 10.1435 10.1435 2 27 5
0.190299 10.6434 10.6434 2 27 5
0.181692 11.1434 11.1434 2 27 5
0.173828 11.6433 11.6433 2 27 5
0.166617 12.1432 12.1432 2 27 5
0.159979 12.6432 12.6432 2 27 5
0.153849 13.1432 13.1432 2 27 5
0.14817 13.6431 13.6431 2 27 5
0.142896 14.1431 14.1431 2 27 5
0.137984 14.6431 14.6431 2 27 5
0.133398 15.143 15.143 2 27 5
0.129106 15.643 15.643 2 27 5
0.125082 16.143 16.143 2 27 5
0.121301 16.643 16.643 2 27 5
0.117742 17.143 17.143 2 27 5
0.114385 17.643 17.643 2 27 5
0.111214 18.143 18.143 2 27 5
0.108214 18.643 18.643 2 27 5
0.105372 19.1429 19.1429 2 27 5
0.102675 19.6429 19.6429 2 27 5
0.100112 20.1429 20.1429 2 27 5
0.0976741 20.6429 20.6429 2 27 5
0.095352 21.1429 21.1429 2 27 5
0.0930299 21.6429 21.6429 2 27 5
0.0909234 22.1429 22.1429 2 27 5
0.0889098 22.6429 22.6429 2 27 5
0.0869834 23.1429 23.1429 2 27 5
0.0851385 23.6429 23.6429 2 27 5
0.0833702 24.1429 24.1429 2 27 5
0.0816736 24.6429 24.6429 2 27 5
0.0800446 25.1429 25.1429 2 27 5
0.0784793 25.6429 25.6429 2 27 5
0.0769738 26.1429 26.1429 2 27 5
0.075525 26.6429 26.6429 2 27 5
0.0741296 27.1429 27.1429 2 27 5
0.0727847 27.6429 27.6429 2 27 5
0.0714877 28.1429 28.1429 2 27 5
0.0702361 28.6429 28.6429 2 27 5
0.0690275 29.1429 29.1429 2 27 5
0.0678597 29.6429 29.6429 2 27 5
0.0667307 30.1429 30.1429 2 27 5
0.0656386 30.6429 30.6429 2 27 5
68.9146 0.05 0.05 2 27 5
68.9546 0.0499799 0.0499799 2 27 5
68.9846 0.0499649 0.0499649 2 27 5
69.0446 0.0499348 0.0499348 2 27 5
69.1646 0.0498749 0.0498749 2 27 5
69.4046 0.0497553 0.0497553 2 27 5
69.8846 0.0495176 0.0495176 2 27 5
70.3846 0.0492742 0.0492742 2 27 5
70.8846 0.0490349 0.0490349 2 27 5
71.3846 0.0487989 0.0487989 2 27 5
71.8846 0.048566 0.048566 2 27 5
72.3846 0.0483362 0.0483362 2 27 5
72.8846 0.0481094 0.0481094 2 27 5
73.3846 0.0478855 0.0478855 2 27 5
73.8846 0.0476645 0.0476645 2 27 5
74.3846 0.0474463 0.0474463 2 27 5
74.8846 0.0472309 0.0472309 2 27 5
75.3846 0.0470182 0.0470182 2 27 5
75.8846 0.0468082 0.0468082 2 27 5
76.3846 0.0466008 0.0466008 2 27 5
76.8846 0.046396 0.046396 2 27 5
77.3846 0.0461936 0.0461936 2 27 5
77.8846 0.0459938 0.0459938 2 27 5
78.3846 0.0457963 0.0457963 2 27 5
78.8846 0.0456013 0.0456013 2 27 5
79.3846 0.0454085 0.0454085 2 27 5
79.8846 0.0452181 0.0452181 2 27 5
80.3846 0.0450299 0.0450299 2 27 5
80.8846 0.0448439 0.0448439 2 27 5
81.3846 0.0446601 0.0446601 2 27 5
81.8846 0.0444784 0.0444784 2 27 5
82.3846 0.0442988 0.0442988 2 27 5
82.8846 0.0441213 0.0441213 2 27 5
83.3846 0.0439458 0.0439458 2 27 5
83.8846 0.0437722 0.0437722 2 27 5
84.3846 0.0436007 0.0436007 2 27 5
84.8846 0.043431 0.043431 2 27 5
85.3846 0.0432632 0.0432632 2 27 5
85.8846 0.0430973 0.0430973 2 27 5
86.3846 0.0429332 0.0429332 2 27 5
86.8846 0.0427708 0.0427708 2 27 5
87.3846 0.0426103 0.0426103 2 27 5
87.8846 0.0424515 0.0424515 2 27 5
88.3846 0.0422943 0.0422943 2 27 5
88.8846 0.0421389 0.0421389 2 27 5
89.3846 0.0419851 0.0419851 2 27 5
89.8846 0.0418329 0.0418329 2 27 5
90.3846 0.0416823 0.0416823 2 27 5
90.8846 0.0415333 0.0415333 2 27 5
91.3846 0.0413858 0.0413858 2 27 5
91.8846 0.0412398 0.0412398 2 27 5
92.3846 0.0410954 0.0410954 2 27 5
92.8846 0.0409524 0.0409524 2 27 5
93.3846 0.0408108 0.0408108 2 27 5
93.8846 0.0406707 0.0406707 2 27 5
94.3846 0.040532 0.040532 2 27 5
94.8846 0.0403947 0.0403947 2 27 5
95.3846 0.0402587 0.0402587 2 27 5
95.8846 0.0401241 0.0401241 2 27 5
96.3846 0.0399908 0.0399908 2 27 5
96.8846 0.0398588 0.0398588 2 27 5
97.3846 0.039728 0.039728 2 27 5
97.8846 0.0395986 0.0395986 2 27 5
98.3846 0.0394704 0.0394704 2 27 5
98.8846 0.0393434 0.0393434 2 27 5
99.3846 0.0392176 0.0392176 2 27 5
99.8846 0.039093 0.039093 2 27 5
100.385 0.0389696 0.0389696 2 27 5
100.885 0.0388473 0.0388473 2 27 5
101.385 0.0387262 0.0387262 2 27 5
101.885 0.0386061 0.0386061 2 27 5
102.385 0.0384872 0.0384872 2 27 5
102.885 0.0383694 0.0383694 2 27 5
103.385 0.0382527 0.0382527 2 27 5
103.885 0.038137 0.038137 2 27 5
104.385 0.0380224 0.0380224 2 27 5
104.885 0.0379088 0.0379088 2 27 5
105.385 0.0377962 0.0377962 2 27 5
105.885 0.0376846 0.0376846 2 27 5
106.385 0.037574 0.037574 2 27 5
106.885 0.0374644 0.0374644 2 27 5
107.385 0.0373558 0.0373558 2 27 5
107.885 0.0372481 0.0372481 2 27 5
108.385 0.0371413 0.0371413 2 27 5
108.885 0.0370355 0.0370355 2 27 5
109.385 0.0369306 0.0369306 2 27 5
109.885 0.0368265 0.0368265 2 27 5
110.385 0.0367234 0.0367234 2 27 5
110.885 0.0366211 0.0366211 2 27 5
111.385 0.0365197 0.0365197 2 27 5
111.885 0.0364192 0.0364192 2 27 5
112.385 0.0363195 0.0363195 2 27 5
112.885 0.0362206 0.0362206 2 27 5
113.385 0.0361226 0.0361226 2 27 5
113.885 0.0360254 0.0360254 2 27 5
114.385 0.0359289 0.0359289 2 27 5
114.885 0.0358333 0.0358333 2 27 5
115.385 0.0357384 0.0357384 2 27 5
115.885 0.0356443 0.0356443 2 27 5
116.385 0.035551 0.035551 2 27 5
116.885 0.0354584 0.0354584 2 27 5
117.385 0.0353666 0.0353666 2 27 5
117.885 0.0352755 0.0352755 2 27 5
118.385 0.0351851 0.0351851 2 27 5
118.885 0.0350954 0.0350954 2 27 5
119.385 0.0350065 0.0350065 2 27 5
119.885 0.0349182 0.0349182 2 27 5
120.385 0.0348306 0.0348306 2 27 5
120.885 0.0347437 0.0347437 2 27 5
121.385 0.0346575 0.0346575 2 27 5
121.885 0.034572 0.034572 2 27 5
122.385 0.0344871 0.0344871 2 27 5
122.885 0.0344028 0.0344028 2 27 5
123.385 0.0343192 0.0343192 2 27 5
123.885 0.0342363 0.0342363 2 27 5
124.385 0.0341539 0.0341539 2 27 5
124.885 0.0340722 0.0340722 2 27 5
125.385 0.0339911 0.0339911 2 27 5
125.885 0.0339106 0.0339106 2 27 5
126.385 0.0338307 0.0338307 2 27 5
126.885 0.0337514 0.0337514 2 27 5
127.385 0.0336726 0.0336726 2 27 5
127.885 0.0335945 0.0335945 2 27 5
128.385 0.0335169 0.0335169 2 27 5
128.885 0.0334399 0.0334399 2 27 5
129.385 0.0333634 0.0333634 2 27 5
129.885 0.0332875 0.0332875 2 27 5
130.385 0.0332122 0.0332122 2 27 5
130.885 0.0331374 0.0331374 2 27 5
131.385 0.0330631 0.0330631 2 27 5
131.885 0.0329893 0.0329893 2 27 5
132.385 0.0329161 0.0329161 2 27 5
132.885 0.0328434 0.0328434 2 27 5
133.385 0.0327712 0.0327712 2 27 5
133.885 0.0326995 0.0326995 2 27 5
134.385 0.0326283 0.0326283 2 27 5
134.885 0.0325576 0.0325576 2 27 5
135.385 0.0324874 0.0324874 2 27 5
135.885 0.0324177 0.0324177 2 27 5
136.385 0.0323484 0.0323484 2 27 5
136.885 0.0322797 0.0322797 2 27 5
137.385 0.0322114 0.0322114 2 27 5
137.885 0.0321435 0.0321435 2 27 5
138.385 0.0320762 0.0320762 2 27 5
138.885 0.0320092 0.0320092 2 27 5
139.385 0.0319428 0.0319428 2 27 5
139.885 0.0318767 0.0318767 2 27 5
140.385 0.0318112 0.0318112 2 27 5
140.885 0.031746 0.031746 2 27 5
141.385 0.0316813 0.0316813 2 27 5
141.885 0.031617 0.031617 2 27 5
142.385 0.0315531 0.0315531 2 27 5
142.885 0.0314897 0.0314897 2 27 5
143.385 0.0314267 0.0314267 2 27 5
143.885 0.031364 0.031364 2 27 5
144.385 0.0313018 0.0313018 2 27 5
144.885 0.03124 0.03124 2 27 5
145.385 0.0311786 0.0311786 2 27 5
145.885 0.0311176 0.0311176 2 27 5
146.385 0.0310569 0.0310569 2 27 5
146.885 0.0309967 0.0309967 2 27 5
147.385 0.0309368 0.0309368 2 27 5
147.885 0.0308773 0.0308773 2 27 5
148.385 0.0308182 0.0308182 2 27 5
148.885 0.0307595 0.0307595 2 27 5
149.385 0.0307011 0.0307011 2 27 5
149.885 0.0306431 0.0306431 2 27 5
150.385 0.0305855 0.0305855 2 27 5
150.885 0.0305282 0.0305282 2 27 5
151.385 0.0304713 0.0304713 2 27 5
151.885 0.0304147 0.0304147 2 27 5
152.385 0.0303585 0.0303585 2 27 5
152.885 0.0303026 0.0303026 2 27 5
153.385 0.030247 0.030247 2 27 5
153.885 0.0301918 0.0301918 2 27 5
154.385 0.0301369 0.0301369 2 27 5
154.885 0.0300824 0.0300824 2 27 5
155.385 0.0300282 0.0300282 2 27 5
155.885 0.0299743 0.0299743 2 27 5
156.385 0.0299207 0.0299207 2 27 5
156.885 0.0298675 0.0298675 2 27 5
157.385 0.0298145 0.0298145 2 27 5
157.885 0.0297619 0.0297619 2 27 5
158.385 0.0297096 0.0297096 2 27 5
158.885 0.0296576 0.0296576 2 27 5
159.385 0.0296059 0.0296059 2 27 5
159.885 0.0295545 0.0295545 2 27 5
160.385 0.0295034 0.0295034 2 27 5
160.885 0.0294526 0.0294526 2 27 5
161.385 0.0294021 0.0294021 2 27 5
161.885 0.0293519 0.0293519 2 27 5
162.385 0.029302 0.029302 2 27 5
162.885 0.0292523 0.0292523 2 27 5
163.385 0.029203 0.029203 2 27 5
163.885 0.0291539 0.0291539 2 27 5
164.385 0.0291051 0.0291051 2 27 5
164.885 0.0290566 0.0290566 2 27 5
165.385 0.0290084 0.0290084 2 27 5
165.885 0.0289604 0.0289604 2 27 5
166.385 0.0289127 0.0289127 2 27 5
166.385 0.0289127 0.0289127 2 27 5
166.425 0.0289091 0.0289091 2 27 5
166.465 0.0289053 0.0289053 2 27 5
166.545 0.0288977 0.0288977 2 27 5
166.705 0.0288825 0.0288825 2 27 5
167.025 0.0288522 0.0288522 2 27 5
167.525 0.028805 0.028805 2 27 5
168.025 0.0287581 0.0287581 2 27 5
168.525 0.0287115 0.0287115 2 27 5
169.025 0.0286652 0.0286652 2 27 5
169.525 0.0286191 0.0286191 2 27 5
170.025 0.0285733 0.0285733 2 27 5
170.525 0.0285277 0.0285277 2 27 5
171.025 0.0284824 0.0284824 2 27 5
171.525 0.0284374 0.0284374 2 27 5
172.025 0.0283925 0.0283925 2 27 5
172.525 0.028348 0.028348 2 27 5
173.025 0.0283036 0.0283036 2 27 5
173.525 0.0282595 0.0282595 2 27 5
174.025 0.0282157 0.0282157 2 27 5
174.525 0.028172 0.028172 2 27 5
175.025 0.0281286 0.0281286 2 27 5
175.525 0.0280855 0.0280855 2 27 5
176.025 0.0280425 0.0280425 2 27 5
176.525 0.0279998 0.0279998 2 27 5
177.025 0.0279573 0.0279573 2 27 5
177.525 0.0279151 0.0279151 2 27 5
178.025 0.027873 0.027873 2 27 5
178.525 0.0278312 0.0278312 2 27 5
179.025 0.0277896 0.0277896 2 27 5
179.525 0.0277482 0.0277482 2 27 5
180.025 0.027707 0.027707 2 27 5
180.525 0.0276661 0.0276661 2 27 5
181.025 0.0276253 0.0276253 2 27 5
181.525 0.0275848 0.0275848 2 27 5
182.025 0.0275445 0.0275445 2 27 5
182.525 0.0275043 0.0275043 2 27 5
183.025 0.0274644 0.0274644 2 27 5
183.525 0.0274247 0.0274247 2 27 5
184.025 0.0273852 0.0273852 2 27 5
184.525 0.0273458 0.0273458 2 27 5
185.025 0.0273067 0.0273067 2 27 5
185.525 0.0272678 0.0272678 2 27 5
186.025 0.0272291 0.0272291 2 27 5
186.525 0.0271905 0.0271905 2 27 5
187.025 0.0271522 0.0271522 2 27 5
187.525 0.027114 0.027114 2 27 5
188.025 0.0270761 0.0270761 2 27 5
188.525 0.0270383 0.0270383 2 27 5
189.025 0.0270007 0.0270007 2 27 5
189.525 0.0269633 0.0269633 2 27 5
190.025 0.0269261 0.0269261 2 27 5
190.525 0.026889 0.026889 2 27 5
191.025 0.0268521 0.0268521 2 27 5
191.525 0.0268155 0.0268155 2 27 5
192.025 0.026779 0.026779 2 27 5
192.525 0.0267426 0.0267426 2 27 5
193.025 0.0267065 0.0267065 2 27 5
193.525 0.0266705 0.0266705 2 27 5
194.025 0.0266347 0.0266347 2 27 5
194.525 0.026599 0.026599 2 27 5
195.025 0.0265636 0.0265636 2 27 5
195.525 0.0265283 0.0265283 2 27 5
196.025 0.0264932 0.0264932 2 27 5
196.525 0.0264582 0.0264582 2 27 5
197.025 0.0264234 0.0264234 2 27 5
197.525 0.0263888 0.0263888 2 27 5
198.025 0.0263543 0.0263543 2 27 5
198.525 0.02632 0.02632 2 27 5
199.025 0.0262858 0.0262858 2 27 5
199.525 0.0262518 0.0262518 2 27 5
200.025 0.026218 0.026218 2 27 5
200.525 0.0261843 0.0261843 2 27 5
201.025 0.0261508 0.0261508 2 27 5
201.525 0.0261174 0.0261174 2 27 5
202.025 0.0260842 0.0260842 2 27 5
202.525 0.0260512 0.0260512 2 27 5
203.025 0.0260182 0.0260182 2 27 5
203.525 0.0259855 0.0259855 2 27 5
204.025 0.0259529 0.0259529 2 27 5
204.525 0.0259204 0.0259204 2 27 5
205.025 0.0258881 0.0258881 2 27 5
205.525 0.0258559 0.0258559 2 27 5
206.025 0.0258239 0.0258239 2 27 5
206.525 0.025792 0.025792 2 27 5
207.025 0.0257603 0.0257603 2 27 5
207.525 0.0257287 0.0257287 2 27 5
208.025 0.0256973 0.0256973 2 27 5
208.525 0.0256659 0.0256659 2 27 5
209.025 0.0256348 0.0256348 2 27 5
209.525 0.0256037 0.0256037 2 27 5
210.025 0.0255728 0.0255728 2 27 5
210.525 0.0255421 0.0255421 2 27 5
211.025 0.0255114 0.0255114 2 27 5
211.525 0.025481 0.025481 2 27 5
212.025 0.0254506 0.0254506 2 27 5
212.525 0.0254204 0.0254204 2 27 5
213.025 0.0253903 0.0253903 2 27 5
213.525 0.0253603 0.0253603 2 27 5
214.025 0.0253305 0.0253305 2 27 5
214.525 0.0253008 0.0253008 2 27 5
215.025 0.0252712 0.0252712 2 27 5
215.525 0.0252418 0.0252418 2 27 5
216.025 0.0252124 0.0252124 2 27 5
216.525 0.0251832 0.0251832 2 27 5
217.025 0.0251542 0.0251542 2 27 5
217.525 0.0251252 0.0251252 2 27 5
218.025 0.0250964 0.0250964 2 27 5
218.525 0.0250677 0.0250677 2 27 5
219.025 0.0250391 0.0250391 2 27 5
219.525 0.0250107 0.0250107 2 27 5
220.025 0.0249823 0.0249823 2 27 5
220.525 0.0249541 0.0249541 2 27 5
221.025 0.024926 0.024926 2 27 5
221.525 0.024898 0.024898 2 27 5
222.025 0.0248701 0.0248701 2 27 5
222.525 0.0248424 0.0248424 2 27 5
223.025 0.0248148 0.0248148 2 27 5
223.525 0.0247872 0.0247872 2 27 5
224.025 0.0247598 0.0247598 2 27 5
224.525 0.0247325 0.0247325 2 27 5
225.025 0.0247054 0.0247054 2 27 5
225.525 0.0246783 0.0246783 2 27 5
226.025 0.0246513 0.0246513 2 27 5
226.525 0.0246245 0.0246245 2 27 5
227.025 0.0245977 0.0245977 2 27 5
227.525 0.0245711 0.0245711 2 27 5
228.025 0.0245446 0.0245446 2 27 5
228.525 0.0245182 0.0245182 2 27 5
229.025 0.0244919 0.0244919 2 27 5
229.525 0.0244657 0.0244657 2 27 5
230.025 0.0244396 0.0244396 2 27 5
230.525 0.0244136 0.0244136 2 27 5
231.025 0.0243877 0.0243877 2 27 5
231.525 0.0243619 0.0243619 2 27 5
232.025 0.0243362 0.0243362 2 27 5
232.525 0.0243107 0.0243107 2 27 5
233.025 0.0242852 0.0242852 2 27 5
233.525 0.0242598 0.0242598 2 27 5
234.025 0.0242345 0.0242345 2 27 5
234.525 0.0242094 0.0242094 2 27 5
235.025 0.0241843 0.0241843 2 27 5
235.525 0.0241593 0.0241593 2 27 5
236.025 0.0241344 0.0241344 2 27 5
236.525 0.0241097 0.0241097 2 27 5
237.025 0.024085 0.024085 2 27 5
237.525 0.0240604 0.0240604 2 27 5
238.025 0.0240359 0.0240359 2 27 5
238.525 0.0240115 0.0240115 2 27 5
239.025 0.0239872 0.0239872 2 27 5
239.525 0.023963 0.023963 2 27 5
240.025 0.0239389 0.0239389 2 27 5
240.525 0.0239149 0.0239149 2 27 5
241.025 0.0238909 0.0238909 2 27 5
241.525 0.0238671 0.0238671 2 27 5
242.025 0.0238434 0.0238434 2 27 5
242.525 0.0238197 0.0238197 2 27 5
243.025 0.0237961 0.0237961 2 27 5
243.525 0.0237727 0.0237727 2 27 5
244.025 0.0237493 0.0237493 2 27 5
244.525 0.023726 0.023726 2 27 5
245.025 0.0237028 0.0237028 2 27 5
245.525 0.0236796 0.0236796 2 27 5
246.025 0.0236566 0.0236566 2 27 5
246.525 0.0236337 0.0236337 2 27 5
247.025 0.0236108 0.0236108 2 27 5
247.525 0.023588 0.023588 2 27 5
248.025 0.0235653 0.0235653 2 27 5
248.525 0.0235427 0.0235427 2 27 5
249.025 0.0235202 0.0235202 2 27 5
249.525 0.0234977 0.0234977 2 27 5
250.025 0.0234754 0.0234754 2 27 5
250.525 0.0234531 0.0234531 2 27 5
251.025 0.0234309 0.0234309 2 27 5
251.525 0.0234088 0.0234088 2 27 5
252.025 0.0233868 0.0233868 2 27 5
252.525 0.0233648 0.0233648 2 27 5
253.025 0.023343 0.023343 2 27 5
253.525 0.0233212 0.0233212 2 27 5
254.025 0.0232995 0.0232995 2 27 5
254.525 0.0232778 0.0232778 2 27 5
255.025 0.0232563 0.0232563 2 27 5
255.525 0.0232348 0.0232348 2 27 5
256.025 0.0232134 0.0232134 2 27 5
256.525 0.0231921 0.0231921 2 27 5
257.025 0.0231708 0.0231708 2 27 5
257.525 0.0231497 0.0231497 2 27 5
258.025 0.0231286 0.0231286 2 27 5
258.525 0.0231076 0.0231076 2 27 5
259.025 0.0230866 0.0230866 2 27 5
259.525 0.0230658 0.0230658 2 27 5
260.025 0.023045 0.023045 2 27 5
260.525 0.0230243 0.0230243 2 27 5
261.025 0.0230036 0.0230036 2 27 5
261.525 0.022983 0.022983 2 27 5
262.025 0.0229625 0.0229625 2 27 5
262.525 0.0229421 0.0229421 2 27 5
263.025 0.0229218 0.0229218 2 27 5
263.525 0.0229015 0.0229015 2 27 5
264.025 0.0228813 0.0228813 2 27 5
264.025 0.0228813 0.0228813 2 27 5
264.065 0.0228797 0.0228797 2 27 5
264.105 0.0228781 0.0228781 2 27 5
264.185 0.0228749 0.0228749 2 27 5
264.345 0.0228684 0.0228684 2 27 5
264.665 0.0228555 0.0228555 2 27 5
265.165 0.0228355 0.0228355 2 27 5
265.665 0.0228155 0.0228155 2 27 5
266.165 0.0227956 0.0227956 2 27 5
266.665 0.0227757 0.0227757 2 27 5
267.165 0.0227559 0.0227559 2 27 5
267.665 0.0227362 0.0227362 2 27 5
268.165 0.0227166 0.0227166 2 27 5
268.665 0.022697 0.022697 2 27 5
269.165 0.0226775 0.0226775 2 27 5
269.665 0.0226581 0.0226581 2 27 5
270.165 0.0226387 0.0226387 2 27 5
270.665 0.0226194 0.0226194 2 27 5
271.165 0.0226002 0.0226002 2 27 5
271.665 0.022581 0.022581 2 27 5
272.165 0.0225619 0.0225619 2 27 5
272.665 0.0225428 0.0225428 2 27 5
273.165 0.0225239 0.0225239 2 27 5
273.665 0.0225049 0.0225049 2 27 5
274.165 0.0224861 0.0224861 2 27 5
274.665 0.0224673 0.0224673 2 27 5
275.165 0.0224486 0.0224486 2 27 5
275.665 0.0224299 0.0224299 2 27 5
276.165 0.0224113 0.0224113 2 27 5
276.665 0.0223928 0.0223928 2 27 5
277.165 0.0223743 0.0223743 2 27 5
277.665 0.0223559 0.0223559 2 27 5
278.165 0.0223375 0.0223375 2 27 5
278.665 0.0223192 0.0223192 2 27 5
279.165 0.022301 0.022301 2 27 5
279.665 0.0222828 0.0222828 2 27 5
280.165 0.0222647 0.0222647 2 27 5
280.665 0.0222467 0.0222467 2 27 5
281.165 0.0222287 0.0222287 2 27 5
281.665 0.0222107 0.0222107 2 27 5
282.165 0.0221929 0.0221929 2 27 5
282.665 0.022175 0.022175 2 27 5
283.165 0.0221573 0.0221573 2 27 5
283.665 0.0221396 0.0221396 2 27 5
284.165 0.0221219 0.0221219 2 27 5
284.665 0.0221043 0.0221043 2 27 5
285.165 0.0220868 0.0220868 2 27 5
285.665 0.0220693 0.0220693 2 27 5
286.165 0.0220519 0.0220519 2 27 5
286.665 0.0220346 0.0220346 2 27 5
287.165 0.0220173 0.0220173 2 27 5
287.665 0.022 0.022 2 27 5
288.165 0.0219828 0.0219828 2 27 5
288.665 0.0219657 0.0219657 2 27 5
289.165 0.0219486 0.0219486 2 27 5
289.665 0.0219316 0.0219316 2 27 5
290.165 0.0219146 0.0219146 2 27 5
290.665 0.0218977 0.0218977 2 27 5
291.165 0.0218808 0.0218808 2 27 5
291.665 0.021864 0.021864 2 27 5
292.165 0.0218472 0.0218472 2 27 5
292.665 0.0218305 0.0218305 2 27 5
293.165 0.0218138 0.0218138 2 27 5
293.665 0.0217972 0.0217972 2 27 5
294.165 0.0217807 0.0217807 2 27 5
294.665 0.0217642 0.0217642 2 27 5
295.165 0.0217477 0.0217477 2 27 5
295.665 0.0217313 0.0217313 2 27 5
296.165 0.021715 0.021715 2 27 5
296.665 0.0216987 0.0216987 2 27 5
297.165 0.0216825 0.0216825 2 27 5
297.665 0.0216663 0.0216663 2 27 5
298.165 0.0216501 0.0216501 2 27 5
298.665 0.021634 0.021634 2 27 5
299.165 0.021618 0.021618 2 27 5
299.665 0.021602 0.021602 2 27 5
300.165 0.021586 0.021586 2 27 5
300.665 0.0215701 0.0215701 2 27 5
301.165 0.0215543 0.0215543 2 27 5
301.665 0.0215385 0.0215385 2 27 5
302.165 0.0215227 0.0215227 2 27 5
302.665 0.021507 0.021507 2 27 5
303.165 0.0214914 0.0214914 2 27 5
303.665 0.0214758 0.0214758 2 27 5
304.165 0.0214602 0.0214602 2 27 5
304.665 0.0214447 0.0214447 2 27 5
305.165 0.0214292 0.0214292 2 27 5
305.665 0.0214138 0.0214138 2 27 5
306.165 0.0213984 0.0213984 2 27 5
306.665 0.0213831 0.0213831 2 27 5
307.165 0.0213678 0.0213678 2 27 5
307.665 0.0213526 0.0213526 2 27 5
308.165 0.0213374 0.0213374 2 27 5
308.665 0.0213222 0.0213222 2 27 5
309.165 0.0213071 0.0213071 2 27 5
309.665 0.0212921 0.0212921 2 27 5
310.165 0.021277 0.021277 2 27 5
310.665 0.0212621 0.0212621 2 27 5
311.165 0.0212472 0.0212472 2 27 5
311.665 0.0212323 0.0212323 2 27 5
312.165 0.0212174 0.0212174 2 27 5
312.665 0.0212027 0.0212027 2 27 5
313.165 0.0211879 0.0211879 2 27 5
313.665 0.0211732 0.0211732 2 27 5
314.165 0.0211585 0.0211585 2 27 5
314.665 0.0211439 0.0211439 2 27 5
315.165 0.0211293 0.0211293 2 27 5
315.665 0.0211148 0.0211148 2 27 5
316.165 0.0211003 0.0211003 2 27 5
316.665 0.0210859 0.0210859 2 27 5
317.165 0.0210715 0.0210715 2 27 5
317.665 0.0210571 0.0210571 2 27 5
318.165 0.0210428 0.0210428 2 27 5
318.665 0.0210285 0.0210285 2 27 5
319.165 0.0210143 0.0210143 2 27 5
319.665 0.0210001 0.0210001 2 27 5
320.165 0.0209859 0.0209859 2 27 5
320.665 0.0209718 0.0209718 2 27 5
321.165 0.0209577 0.0209577 2 27 5
321.665 0.0209437 0.0209437 2 27 5
322.165 0.0209297 0.0209297 2 27 5
322.665 0.0209157 0.0209157 2 27 5
323.165 0.0209018 0.0209018 2 27 5
323.665 0.0208879 0.0208879 2 27 5
324.165 0.0208741 0.0208741 2 27 5
324.665 0.0208603 0.0208603 2 27 5
325.165 0.0208465 0.0208465 2 27 5
325.665 0.0208328 0.0208328 2 27 5
326.165 0.0208191 0.0208191 2 27 5
326.665 0.0208055 0.0208055 2 27 5
327.165 0.0207919 0.0207919 2 27 5
327.665 0.0207783 0.0207783 2 27 5
328.165 0.0207648 0.0207648 2 27 5
328.665 0.0207513 0.0207513 2 27 5
329.165 0.0207378 0.0207378 2 27 5
329.665 0.0207244 0.0207244 2 27 5
330.165 0.020711 0.020711 2 27 5
330.665 0.0206977 0.0206977 2 27 5
331.165 0.0206844 0.0206844 2 27 5
331.665 0.0206711 0.0206711 2 27 5
332.165 0.0206579 0.0206579 2 27 5
332.665 0.0206447 0.0206447 2 27 5
333.165 0.0206315 0.0206315 2 27 5
333.665 0.0206184 0.0206184 2 27 5
334.165 0.0206053 0.0206053 2 27 5
334.665 0.0205923 0.0205923 2 27 5
335.165 0.0205792 0.0205792 2 27 5
335.665 0.0205663 0.0205663 2 27 5
336.165 0.0205533 0.0205533 2 27 5
336.665 0.0205404 0.0205404 2 27 5
337.165 0.0205275 0.0205275 2 27 5
337.665 0.0205147 0.0205147 2 27 5
338.165 0.0205019 0.0205019 2 27 5
338.665 0.0204891 0.0204891 2 27 5
339.165 0.0204764 0.0204764 2 27 5
339.665 0.0204637 0.0204637 2 27 5
340.165 0.020451 0.020451 2 27 5
340.665 0.0204384 0.0204384 2 27 5
341.165 0.0204258 0.0204258 2 27 5
341.665 0.0204133 0.0204133 2 27 5
342.165 0.0204007 0.0204007 2 27 5
342.665 0.0203882 0.0203882 2 27 5
343.165 0.0203758 0.0203758 2 27 5
343.665 0.0203633 0.0203633 2 27 5
344.165 0.0203509 0.0203509 2 27 5
344.665 0.0203386 0.0203386 2 27 5
345.165 0.0203263 0.0203263 2 27 5
345.665 0.020314 0.020314 2 27 5
346.165 0.0203017 0.0203017 2 27 5
346.665 0.0202895 0.0202895 2 27 5
347.165 0.0202773 0.0202773 2 27 5
347.665 0.0202651 0.0202651 2 27 5
348.165 0.020253 0.020253 2 27 5
348.665 0.0202409 0.0202409 2 27 5
349.165 0.0202288 0.0202288 2 27 5
349.665 0.0202168 0.0202168 2 27 5
350.165 0.0202048 0.0202048 2 27 5
350.665 0.0201928 0.0201928 2 27 5
351.165 0.0201808 0.0201808 2 27 5
351.665 0.0201689 0.0201689 2 27 5
352.165 0.020157 0.020157 2 27 5
352.665 0.0201452 0.0201452 2 27 5
353.165 0.0201334 0.0201334 2 27 5
353.665 0.0201216 0.0201216 2 27 5
354.165 0.0201098 0.0201098 2 27 5
354.665 0.0200981 0.0200981 2 27 5
355.165 0.0200864 0.0200864 2 27 5
355.665 0.0200747 0.0200747 2 27 5
356.165 0.0200631 0.0200631 2 27 5
356.665 0.0200515 0.0200515 2 27 5
357.165 0.0200399 0.0200399 2 27 5
357.665 0.0200284 0.0200284 2 27 5
358.165 0.0200168 0.0200168 2 27 5
358.665 0.0200054 0.0200054 2 27 5
359.165 0.0199939 0.0199939 2 27 5
359.665 0.0199825 0.0199825 2 27 5
360.165 0.0199711 0.0199711 2 27 5
360.665 0.0199597 0.0199597 2 27 5
361.165 0.0199484 0.0199484 2 27 5
361.665 0.019937 0.019937 2 27 5
361.665 0.019937 0.019937 2 27 5
361.705 0.0199362 0.0199362 2 27 5
361.745 0.0199353 0.0199353 2 27 5
361.825 0.0199335 0.0199335 2 27 5
361.985 0.0199298 0.0199298 2 27 5
362.305 0.0199226 0.0199226 2 27 5
362.805 0.0199114 0.0199114 2 27 5
363.305 0.0199001 0.0199001 2 27 5
363.805 0.0198889 0.0198889 2 27 5
364.305 0.0198778 0.0198778 2 27 5
364.805 0.0198666 0.0198666 2 27 5
365.305 0.0198555 0.0198555 2 27 5
365.805 0.0198444 0.0198444 2 27 5
366.305 0.0198334 0.0198334 2 27 5
366.805 0.0198224 0.0198224 2 27 5
367.305 0.0198114 0.0198114 2 27 5
367.805 0.0198004 0.0198004 2 27 5
368.305 0.0197895 0.0197895 2 27 5
368.805 0.0197786 0.0197786 2 27 5
369.305 0.0197677 0.0197677 2 27 5
369.805 0.0197568 0.0197568 2 27 5
370.305 0.019746 0.019746 2 27 5
370.805 0.0197352 0.0197352 2 27 5
371.305 0.0197244 0.0197244 2 27 5
371.805 0.0197136 0.0197136 2 27 5
372.305 0.0197029 0.0197029 2 27 5
372.805 0.0196922 0.0196922 2 27 5
373.305 0.0196815 0.0196815 2 27 5
373.805 0.0196709 0.0196709 2 27 5
374.305 0.0196603 0.0196603 2 27 5
374.805 0.0196497 0.0196497 2 27 5
375.305 0.0196391 0.0196391 2 27 5
375.805 0.0196285 0.0196285 2 27 5
376.305 0.019618 0.019618 2 27 5
376.805 0.0196075 0.0196075 2 27 5
377.305 0.0195971 0.0195971 2 27 5
377.805 0.0195866 0.0195866 2 27 5
378.305 0.0195762 0.0195762 2 27 5
378.805 0.0195658 0.0195658 2 27 5
379.305 0.0195555 0.0195555 2 27 5
379.805 0.0195451 0.0195451 2 27 5
380.305 0.0195348 0.0195348 2 27 5
380.805 0.0195245 0.0195245 2 27 5
381.305 0.0195142 0.0195142 2 27 5
381.805 0.019504 0.019504 2 27 5
382.305 0.0194938 0.0194938 2 27 5
382.805 0.0194836 0.0194836 2 27 5
383.305 0.0194734 0.0194734 2 27 5
383.805 0.0194633 0.0194633 2 27 5
384.305 0.0194532 0.0194532 2 27 5
384.805 0.0194431 0.0194431 2 27 5
385.305 0.019433 0.019433 2 27 5
385.805 0.0194229 0.0194229 2 27 5
386.305 0.0194129 0.0194129 2 27 5
386.805 0.0194029 0.0194029 2 27 5
387.305 0.0193929 0.0193929 2 27 5
387.805 0.019383 0.019383 2 27 5
388.305 0.0193731 0.0193731 2 27 5
388.805 0.0193632 0.0193632 2 27 5
389.305 0.0193533 0.0193533 2 27 5
389.805 0.0193434 0.0193434 2 27 5
390.305 0.0193336 0.0193336 2 27 5
390.805 0.0193238 0.0193238 2 27 5
391.305 0.019314 0.019314 2 27 5
391.805 0.0193042 0.0193042 2 27 5
392.305 0.0192945 0.0192945 2 27 5
392.805 0.0192847 0.0192847 2 27 5
393.305 0.019275 0.019275 2 27 5
393.805 0.0192654 0.0192654 2 27 5
394.305 0.0192557 0.0192557 2 27 5
394.805 0.0192461 0.0192461 2 27 5
395.305 0.0192365 0.0192365 2 27 5
395.805 0.0192269 0.0192269 2 27 5
396.305 0.0192173 0.0192173 2 27 5
396.805 0.0192078 0.0192078 2 27 5
397.305 0.0191983 0.0191983 2 27 5
397.805 0.0191888 0.0191888 2 27 5
398.305 0.0191793 0.0191793 2 27 5
398.805 0.0191698 0.0191698 2 27 5
399.305 0.0191604 0.0191604 2 27 5
399.805 0.019151 0.019151 2 27 5
400.305 0.0191416 0.0191416 2 27 5
400.805 0.0191322 0.0191322 2 27 5
401.305 0.0191229 0.0191229 2 27 5
401.805 0.0191136 0.0191136 2 27 5
402.305 0.0191043 0.0191043 2 27 5
402.805 0.019095 0.019095 2 27 5
403.305 0.0190857 0.0190857 2 27 5
403.805 0.0190765 0.0190765 2 27 5
404.305 0.0190672 0.0190672 2 27 5
404.805 0.0190581 0.0190581 2 27 5
405.305 0.0190489 0.0190489 2 27 5
405.805 0.0190397 0.0190397 2 27 5
406.305 0.0190306 0.0190306 2 27 5
406.805 0.0190215 0.0190215 2 27 5
407.305 0.0190124 0.0190124 2 27 5
407.805 0.0190033 0.0190033 2 27 5
408.305 0.0189942 0.0189942 2 27 5
408.805 0.0189852 0.0189852 2 27 5
409.305 0.0189762 0.0189762 2 27 5
409.805 0.0189672 0.0189672 2 27 5
410.305 0.0189582 0.0189582 2 27 5
410.805 0.0189493 0.0189493 2 27 5
411.305 0.0189403 0.0189403 2 27 5
411.805 0.0189314 0.0189314 2 27 5
412.305 0.0189225 0.0189225 2 27 5
412.805 0.0189136 0.0189136 2 27 5
413.305 0.0189048 0.0189048 2 27 5
413.805 0.018896 0.018896 2 27 5
414.305 0.0188871 0.0188871 2 27 5
414.805 0.0188783 0.0188783 2 27 5
415.305 0.0188696 0.0188696 2 27 5
415.805 0.0188608 0.0188608 2 27 5
416.305 0.0188521 0.0188521 2 27 5
416.805 0.0188434 0.0188434 2 27 5
417.305 0.0188347 0.0188347 2 27 5
417.805 0.018826 0.018826 2 27 5
418.305 0.0188173 0.0188173 2 27 5
418.805 0.0188087 0.0188087 2 27 5
419.305 0.0188 0.0188 2 27 5
419.805 0.0187914 0.0187914 2 27 5
420.305 0.0187829 0.0187829 2 27 5
420.805 0.0187743 0.0187743 2 27 5
421.305 0.0187657 0.0187657 2 27 5
421.805 0.0187572 0.0187572 2 27 5
422.305 0.0187487 0.0187487 2 27 5
422.805 0.0187402 0.0187402 2 27 5
423.305 0.0187317 0.0187317 2 27 5
423.805 0.0187233 0.0187233 2 27 5
424.305 0.0187148 0.0187148 2 27 5
424.805 0.0187064 0.0187064 2 27 5
425.305 0.018698 0.018698 2 27 5
425.805 0.0186896 0.0186896 2 27 5
426.305 0.0186813 0.0186813 2 27 5
426.805 0.0186729 0.0186729 2 27 5
427.305 0.0186646 0.0186646 2 27 5
427.805 0.0186563 0.0186563 2 27 5
428.305 0.018648 0.018648 2 27 5
428.805 0.0186397 0.0186397 2 27 5
429.305 0.0186314 0.0186314 2 27 5
429.805 0.0186232 0.0186232 2 27 5
430.305 0.018615 0.018615 2 27 5
430.805 0.0186068 0.0186068 2 27 5
431.305 0.0185986 0.0185986 2 27 5
431.805 0.0185904 0.0185904 2 27 5
432.305 0.0185822 0.0185822 2 27 5
432.805 0.0185741 0.0185741 2 27 5
433.305 0.018566 0.018566 2 27 5
433.805 0.0185579 0.0185579 2 27 5
434.305 0.0185498 0.0185498 2 27 5
434.805 0.0185417 0.0185417 2 27 5
435.305 0.0185337 0.0185337 2 27 5
435.805 0.0185256 0.0185256 2 27 5
436.305 0.0185176 0.0185176 2 27 5
436.805 0.0185096 0.0185096 2 27 5
437.305 0.0185016 0.0185016 2 27 5
437.805 0.0184937 0.0184937 2 27 5
438.305 0.0184857 0.0184857 2 27 5
438.805 0.0184778 0.0184778 2 27 5
439.305 0.0184699 0.0184699 2 27 5
439.805 0.018462 0.018462 2 27 5
440.305 0.0184541 0.0184541 2 27 5
440.805 0.0184462 0.0184462 2 27 5
441.305 0.0184384 0.0184384 2 27 5
441.805 0.0184305 0.0184305 2 27 5
442.305 0.0184227 0.0184227 2 27 5
442.805 0.0184149 0.0184149 2 27 5
443.305 0.0184071 0.0184071 2 27 5
443.805 0.0183993 0.0183993 2 27 5
444.305 0.0183916 0.0183916 2 27 5
444.805 0.0183838 0.0183838 2 27 5
445.305 0.0183761 0.0183761 2 27 5
445.805 0.0183684 0.0183684 2 27 5
446.305 0.0183607 0.0183607 2 27 5
446.805 0.018353 0.018353 2 27 5
447.305 0.0183454 0.0183454 2 27 5
447.805 0.0183377 0.0183377 2 27 5
448.305 0.0183301 0.0183301 2 27 5
448.805 0.0183225 0.0183225 2 27 5
449.305 0.0183149 0.0183149 2 27 5
449.805 0.0183073 0.0183073 2 27 5
450.305 0.0182997 0.0182997 2 27 5
450.805 0.0182922 0.0182922 2 27 5
451.305 0.0182847 0.0182847 2 27 5
451.805 0.0182771 0.0182771 2 27 5
452.305 0.0182696 0.0182696 2 27 5
452.805 0.0182621 0.0182621 2 27 5
453.305 0.0182547 0.0182547 2 27 5
453.805 0.0182472 0.0182472 2 27 5
454.305 0.0182397 0.0182397 2 27 5
454.805 0.0182323 0.0182323 2 27 5
455.305 0.0182249 0.0182249 2 27 5
455.805 0.0182175 0.0182175 2 27 5
456.305 0.0182101 0.0182101 2 27 5
456.805 0.0182027 0.0182027 2 27 5
457.305 0.0181954 0.0181954 2 27 5
457.805 0.018188 0.018188 2 27 5
458.305 0.0181807 0.0181807 2 27 5
458.805 0.0181734 0.0181734 2 27 5
459.305 0.0181661 0.0181661 2 27 5
459.305 0.0181661 0.0181661 2 27 5
459.345 0.0181655 0.0181655 2 27 5
459.385 0.018165 0.018165 2 27 5
459.465 0.0181638 0.0181638 2 27 5
459.625 0.0181615 0.0181615 2 27 5
459.945 0.0181568 0.0181568 2 27 5
460.445 0.0181495 0.0181495 2 27 5
460.945 0.0181423 0.0181423 2 27 5
461.445 0.018135 0.018135 2 27 5
461.945 0.0181278 0.0181278 2 27 5
462.445 0.0181206 0.0181206 2 27 5
462.945 0.0181134 0.0181134 2 27 5
463.445 0.0181062 0.0181062 2 27 5
463.945 0.0180991 0.0180991 2 27 5
464.445 0.0180919 0.0180919 2 27 5
464.945 0.0180848 0.0180848 2 27 5
465.445 0.0180777 0.0180777 2 27 5
465.945 0.0180705 0.0180705 2 27 5
466.445 0.0180634 0.0180634 2 27 5
466.945 0.0180564 0.0180564 2 27 5
467.445 0.0180493 0.0180493 2 27 5
467.945 0.0180422 0.0180422 2 27 5
468.445 0.0180352 0.0180352 2 27 5
468.945 0.0180282 0.0180282 2 27 5
469.445 0.0180212 0.0180212 2 27 5
469.945 0.0180142 0.0180142 2 27 5
470.445 0.0180072 0.0180072 2 27 5
470.945 0.0180002 0.0180002 2 27 5
471.445 0.0179933 0.0179933 2 27 5
471.945 0.0179863 0.0179863 2 27 5
472.445 0.0179794 0.0179794 2 27 5
472.945 0.0179725 0.0179725 2 27 5
473.445 0.0179656 0.0179656 2 27 5
473.945 0.0179587 0.0179587 2 27 5
474.445 0.0179518 0.0179518 2 27 5
474.945 0.0179449 0.0179449 2 27 5
475.445 0.0179381 0.0179381 2 27 5
475.945 0.0179312 0.0179312 2 27 5
476.445 0.0179244 0.0179244 2 27 5
476.945 0.0179176 0.0179176 2 27 5
477.445 0.0179108 0.0179108 2 27 5
477.945 0.017904 0.017904 2 27 5
478.445 0.0178972 0.0178972 2 27 5
478.945 0.0178905 0.0178905 2 27 5
479.445 0.0178837 0.0178837 2 27 5
479.945 0.017877 0.017877 2 27 5
480.445 0.0178703 0.0178703 2 27 5
480.945 0.0178636 0.0178636 2 27 5
481.445 0.0178569 0.0178569 2 27 5
481.945 0.0178502 0.0178502 2 27 5
482.445 0.0178435 0.0178435 2 27 5
482.945 0.0178369 0.0178369 2 27 5
483.445 0.0178302 0.0178302 2 27 5
483.945 0.0178236 0.0178236 2 27 5
484.445 0.017817 0.017817 2 27 5
484.945 0.0178104 0.0178104 2 27 5
485.445 0.0178038 0.0178038 2 27 5
485.945 0.0177972 0.0177972 2 27 5
486.445 0.0177906 0.0177906 2 27 5
486.945 0.0177841 0.0177841 2 27 5
487.445 0.0177775 0.0177775 2 27 5
487.945 0.017771 0.017771 2 27 5
488.445 0.0177644 0.0177644 2 27 5
488.945 0.0177579 0.0177579 2 27 5
489.445 0.0177514 0.0177514 2 27 5
489.945 0.017745 0.017745 2 27 5
490.445 0.0177385 0.0177385 2 27 5
490.945 0.017732 0.017732 2 27 5
491.445 0.0177256 0.0177256 2 27 5
491.945 0.0177191 0.0177191 2 27 5
492.445 0.0177127 0.0177127 2 27 5
492.945 0.0177063 0.0177063 2 27 5
493.445 0.0176999 0.0176999 2 27 5
493.945 0.0176935 0.0176935 2 27 5
494.445 0.0176871 0.0176871 2 27 5
494.945 0.0176808 0.0176808 2 27 5
495.445 0.0176744 0.0176744 2 27 5
495.945 0.0176681 0.0176681 2 27 5
496.445 0.0176617 0.0176617 2 27 5
496.945 0.0176554 0.0176554 2 27 5
497.445 0.0176491 0.0176491 2 27 5
497.945 0.0176428 0.0176428 2 27 5
498.445 0.0176365 0.0176365 2 27 5
498.945 0.0176303 0.0176303 2 27 5
499.445 0.017624 0.017624 2 27 5
499.945 0.0176178 0.0176178 2 27 5
500.445 0.0176115 0.0176115 2 27 5
500.945 0.0176053 0.0176053 2 27 5
501.445 0.0175991 0.0175991 2 27 5
501.945 0.0175929 0.0175929 2 27 5
502.445 0.0175867 0.0175867 2 27 5
502.945 0.0175805 0.0175805 2 27 5
503.445 0.0175743 0.0175743 2 27 5
503.945 0.0175682 0.0175682 2 27 5
504.445 0.017562 0.017562 2 27 5
504.945 0.0175559 0.0175559 2 27 5
505.445 0.0175498 0.0175498 2 27 5
505.945 0.0175436 0.0175436 2 27 5
506.445 0.0175375 0.0175375 2 27 5
506.945 0.0175314 0.0175314 2 27 5
507.445 0.0175254 0.0175254 2 27 5
507.945 0.0175193 0.0175193 2 27 5
508.445 0.0175132 0.0175132 2 27 5
508.945 0.0175072 0.0175072 2 27 5
509.445 0.0175011 0.0175011 2 27 5
509.945 0.0174951 0.0174951 2 27 5
510.445 0.0174891 0.0174891 2 27 5
510.945 0.0174831 0.0174831 2 27 5
511.445 0.0174771 0.0174771 2 27 5
511.945 0.0174711 0.0174711 2 27 5
512.445 0.0174651 0.0174651 2 27 5
512.945 0.0174592 0.0174592 2 27 5
513.445 0.0174532 0.0174532 2 27 5
513.945 0.0174473 0.0174473 2 27 5
514.445 0.0174413 0.0174413 2 27 5
514.945 0.0174354 0.0174354 2 27 5
515.445 0.0174295 0.0174295 2 27 5
515.945 0.0174236 0.0174236 2 27 5
516.445 0.0174177 0.0174177 2 27 5
516.945 0.0174118 0.0174118 2 27 5
517.445 0.017406 0.017406 2 27 5
517.945 0.0174001 0.0174001 2 27 5
518.445 0.0173943 0.0173943 2 27 5
518.945 0.0173884 0.0173884 2 27 5
519.445 0.0173826 0.0173826 2 27 5
519.945 0.0173768 0.0173768 2 27 5
520.445 0.017371 0.017371 2 27 5
520.945 0.0173652 0.0173652 2 27 5
521.445 0.0173594 0.0173594 2 27 5
521.945 0.0173536 0.0173536 2 27 5
522.445 0.0173479 0.0173479 2 27 5
522.945 0.0173421 0.0173421 2 27 5
523.445 0.0173364 0.0173364 2 27 5
523.945 0.0173306 0.0173306 2 27 5
524.445 0.0173249 0.0173249 2 27 5
524.945 0.0173192 0.0173192 2 27 5
525.445 0.0173135 0.0173135 2 27 5
525.945 0.0173078 0.0173078 2 27 5
526.445 0.0173021 0.0173021 2 27 5
526.945 0.0172964 0.0172964 2 27 5
527.445 0.0172907 0.0172907 2 27 5
527.945 0.0172851 0.0172851 2 27 5
528.445 0.0172794 0.0172794 2 27 5
528.945 0.0172738 0.0172738 2 27 5
529.445 0.0172682 0.0172682 2 27 5
529.945 0.0172625 0.0172625 2 27 5
530.445 0.0172569 0.0172569 2 27 5
530.945 0.0172513 0.0172513 2 27 5
531.445 0.0172458 0.0172458 2 27 5
531.945 0.0172402 0.0172402 2 27 5
532.445 0.0172346 0.0172346 2 27 5
532.945 0.017229 0.017229 2 27 5
533.445 0.0172235 0.0172235 2 27 5
533.945 0.0172179 0.0172179 2 27 5
534.445 0.0172124 0.0172124 2 27 5
534.945 0.0172069 0.0172069 2 27 5
535.445 0.0172014 0.0172014 2 27 5
535.945 0.0171959 0.0171959 2 27 5
536.445 0.0171904 0.0171904 2 27 5
536.945 0.0171849 0.0171849 2 27 5
537.445 0.0171794 0.0171794 2 27 5
537.945 0.017174 0.017174 2 27 5
538.445 0.0171685 0.0171685 2 27 5
538.945 0.017163 0.017163 2 27 5
539.445 0.0171576 0.0171576 2 27 5
539.945 0.0171522 0.0171522 2 27 5
540.445 0.0171468 0.0171468 2 27 5
540.945 0.0171413 0.0171413 2 27 5
541.445 0.0171359 0.0171359 2 27 5
541.945 0.0171305 0.0171305 2 27 5
542.445 0.0171252 0.0171252 2 27 5
542.945 0.0171198 0.0171198 2 27 5
543.445 0.0171144 0.0171144 2 27 5
543.945 0.0171091 0.0171091 2 27 5
544.445 0.0171037 0.0171037 2 27 5
544.945 0.0170984 0.0170984 2 27 5
545.445 0.017093 0.017093 2 27 5
545.945 0.0170877 0.0170877 2 27 5
546.445 0.0170824 0.0170824 2 27 5
546.945 0.0170771 0.0170771 2 27 5
547.445 0.0170718 0.0170718 2 27 5
547.945 0.0170665 0.0170665 2 27 5
548.445 0.0170613 0.0170613 2 27 5
548.945 0.017056 0.017056 2 27 5
549.445 0.0170507 0.0170507 2 27 5
549.945 0.0170455 0.0170455 2 27 5
550.445 0.0170402 0.0170402 2 27 5
550.945 0.017035 0.017035 2 27 5
551.445 0.0170298 0.0170298 2 27 5
551.945 0.0170246 0.0170246 2 27 5
552.445 0.0170193 0.0170193 2 27 5
552.945 0.0170142 0.0170142 2 27 5
553.445 0.017009 0.017009 2 27 5
553.945 0.0170038 0.0170038 2 27 5
554.445 0.0169986 0.0169986 2 27 5
554.945 0.0169934 0.0169934 2 27 5
555.445 0.0169883 0.0169883 2 27 5
555.945 0.0169831 0.0169831 2 27 5
556.445 0.016978 0.016978 2 27 5
556.945 0.0169729 0.0169729 2 27 5
556.945 0.0169729 0.0169729 2 27 5
556.985 0.0169725 0.0169725 2 27 5
557.025 0.0169721 0.0169721 2 27 5
557.105 0.0169712 0.0169712 2 27 5
557.265 0.0169696 0.0169696 2 27 5
557.585 0.0169663 0.0169663 2 27 5
558.085 0.0169612 0.0169612 2 27 5
558.585 0.0169561 0.0169561 2 27 5
559.085 0.016951 0.016951 2 27 5
559.585 0.0169459 0.0169459 2 27 5
560.085 0.0169408 0.0169408 2 27 5
560.585 0.0169358 0.0169358 2 27 5
561.085 0.0169307 0.0169307 2 27 5
561.585 0.0169256 0.0169256 2 27 5
562.085 0.0169206 0.0169206 2 27 5
562.585 0.0169156 0.0169156 2 27 5
563.085 0.0169105 0.0169105 2 27 5
563.585 0.0169055 0.0169055 2 27 5
564.085 0.0169005 0.0169005 2 27 5
564.585 0.0168955 0.0168955 2 27 5
565.085 0.0168905 0.0168905 2 27 5
565.585 0.0168855 0.0168855 2 27 5
566.085 0.0168805 0.0168805 2 27 5
566.585 0.0168756 0.0168756 2 27 5
567.085 0.0168706 0.0168706 2 27 5
567.585 0.0168656 0.0168656 2 27 5
568.085 0.0168607 0.0168607 2 27 5
568.585 0.0168557 0.0168557 2 27 5
569.085 0.0168508 0.0168508 2 27 5
569.585 0.0168459 0.0168459 2 27 5
570.085 0.016841 0.016841 2 27 5
570.585 0.0168361 0.0168361 2 27 5
571.085 0.0168312 0.0168312 2 27 5
571.585 0.0168263 0.0168263 2 27 5
572.085 0.0168214 0.0168214 2 27 5
572.585 0.0168165 0.0168165 2 27 5
573.085 0.0168116 0.0168116 2 27 5
573.585 0.0168068 0.0168068 2 27 5
574.085 0.0168019 0.0168019 2 27 5
574.585 0.0167971 0.0167971 2 27 5
575.085 0.0167922 0.0167922 2 27 5
575.585 0.0167874 0.0167874 2 27 5
576.085 0.0167826 0.0167826 2 27 5
576.585 0.0167778 0.0167778 2 27 5
577.085 0.0167729 0.0167729 2 27 5
577.585 0.0167681 0.0167681 2 27 5
578.085 0.0167633 0.0167633 2 27 5
578.585 0.0167586 0.0167586 2 27 5
579.085 0.0167538 0.0167538 2 27 5
579.585 0.016749 0.016749 2 27 5
580.085 0.0167442 0.0167442 2 27 5
580.585 0.0167395 0.0167395 2 27 5
581.085 0.0167347 0.0167347 2 27 5
581.585 0.01673 0.01673 2 27 5
582.085 0.0167253 0.0167253 2 27 5
582.585 0.0167205 0.0167205 2 27 5
583.085 0.0167158 0.0167158 2 27 5
583.585 0.0167111 0.0167111 2 27 5
584.085 0.0167064 0.0167064 2 27 5
584.585 0.0167017 0.0167017 2 27 5
585.085 0.016697 0.016697 2 27 5
585.585 0.0166923 0.0166923 2 27 5
586.085 0.0166877 0.0166877 2 27 5
586.585 0.016683 0.016683 2 27 5
587.085 0.0166783 0.0166783 2 27 5
587.585 0.0166737 0.0166737 2 27 5
588.085 0.016669 0.016669 2 27 5
588.585 0.0166644 0.0166644 2 27 5
589.085 0.0166598 0.0166598 2 27 5
589.585 0.0166551 0.0166551 2 27 5
590.085 0.0166505 0.0166505 2 27 5
590.585 0.0166459 0.0166459 2 27 5
591.085 0.0166413 0.0166413 2 27 5
591.585 0.0166367 0.0166367 2 27 5
592.085 0.0166321 0.0166321 2 27 5
592.585 0.0166275 0.0166275 2 27 5
593.085 0.016623 0.016623 2 27 5
593.585 0.0166184 0.0166184 2 27 5
594.085 0.0166138 0.0166138 2 27 5
594.585 0.0166093 0.0166093 2 27 5
595.085 0.0166047 0.0166047 2 27 5
595.585 0.0166002 0.0166002 2 27 5
596.085 0.0165957 0.0165957 2 27 5
596.585 0.0165911 0.0165911 2 27 5
597.085 0.0165866 0.0165866 2 27 5
597.585 0.0165821 0.0165821 2 27 5
598.085 0.0165776 0.0165776 2 27 5
598.585 0.0165731 0.0165731 2 27 5
599.085 0.0165686 0.0165686 2 27 5
599.585 0.0165641 0.0165641 2 27 5
600.085 0.0165596 0.0165596 2 27 5
600.585 0.0165552 0.0165552 2 27 5
601.085 0.0165507 0.0165507 2 27 5
601.585 0.0165463 0.0165463 2 27 5
602.085 0.0165418 0.0165418 2 27 5
602.585 0.0165374 0.0165374 2 27 5
603.085 0.0165329 0.0165329 2 27 5
603.585 0.0165285 0.0165285 2 27 5
604.085 0.0165241 0.0165241 2 27 5
604.585 0.0165196 0.0165196 2 27 5
605.085 0.0165152 0.0165152 2 27 5
605.585 0.0165108 0.0165108 2 27 5
606.085 0.0165064 0.0165064 2 27 5
606.585 0.016502 0.016502 2 27 5
607.085 0.0164977 0.0164977 2 27 5
607.585 0.0164933 0.0164933 2 27 5
608.085 0.0164889 0.0164889 2 27 5
608.585 0.0164845 0.0164845 2 27 5
609.085 0.0164802 0.0164802 2 27 5
609.585 0.0164758 0.0164758 2 27 5
610.085 0.0164715 0.0164715 2 27 5
610.585 0.0164671 0.0164671 2 27 5
611.085 0.0164628 0.0164628 2 27 5
611.585 0.0164585 0.0164585 2 27 5
612.085 0.0164542 0.0164542 2 27 5
612.585 0.0164499 0.0164499 2 27 5
613.085 0.0164456 0.0164456 2 27 5
613.585 0.0164413 0.0164413 2 27 5
614.085 0.016437 0.016437 2 27 5
614.585 0.0164327 0.0164327 2 27 5
615.085 0.0164284 0.0164284 2 27 5
615.585 0.0164241 0.0164241 2 27 5
616.085 0.0164198 0.0164198 2 27 5
616.585 0.0164156 0.0164156 2 27 5
617.085 0.0164113 0.0164113 2 27 5
617.585 0.0164071 0.0164071 2 27 5
618.085 0.0164028 0.0164028 2 27 5
618.585 0.0163986 0.0163986 2 27 5
619.085 0.0163944 0.0163944 2 27 5
619.585 0.0163901 0.0163901 2 27 5
620.085 0.0163859 0.0163859 2 27 5
620.585 0.0163817 0.0163817 2 27 5
621.085 0.0163775 0.0163775 2 27 5
621.585 0.0163733 0.0163733 2 27 5
622.085 0.0163691 0.0163691 2 27 5
622.585 0.0163649 0.0163649 2 27 5
623.085 0.0163607 0.0163607 2 27 5
623.585 0.0163566 0.0163566 2 27 5
624.085 0.0163524 0.0163524 2 27 5
624.585 0.0163482 0.0163482 2 27 5
625.085 0.0163441 0.0163441 2 27 5
625.585 0.0163399 0.0163399 2 27 5
626.085 0.0163358 0.0163358 2 27 5
626.585 0.0163316 0.0163316 2 27 5
627.085 0.0163275 0.0163275 2 27 5
627.585 0.0163234 0.0163234 2 27 5
628.085 0.0163193 0.0163193 2 27 5
628.585 0.0163151 0.0163151 2 27 5
629.085 0.016311 0.016311 2 27 5
629.585 0.0163069 0.0163069 2 27 5
630.085 0.0163028 0.0163028 2 27 5
630.585 0.0162987 0.0162987 2 27 5
631.085 0.0162947 0.0162947 2 27 5
631.585 0.0162906 0.0162906 2 27 5
632.085 0.0162865 0.0162865 2 27 5
632.585 0.0162824 0.0162824 2 27 5
633.085 0.0162784 0.0162784 2 27 5
633.585 0.0162743 0.0162743 2 27 5
634.085 0.0162703 0.0162703 2 27 5
634.585 0.0162662 0.0162662 2 27 5
635.085 0.0162622 0.0162622 2 27 5
635.585 0.0162582 0.0162582 2 27 5
636.085 0.0162541 0.0162541 2 27 5
636.585 0.0162501 0.0162501 2 27 5
637.085 0.0162461 0.0162461 2 27 5
637.585 0.0162421 0.0162421 2 27 5
638.085 0.0162381 0.0162381 2 27 5
638.585 0.0162341 0.0162341 2 27 5
639.085 0.0162301 0.0162301 2 27 5
639.585 0.0162261 0.0162261 2 27 5
640.085 0.0162221 0.0162221 2 27 5
640.585 0.0162181 0.0162181 2 27 5
641.085 0.0162142 0.0162142 2 27 5
641.585 0.0162102 0.0162102 2 27 5
642.085 0.0162063 0.0162063 2 27 5
642.585 0.0162023 0.0162023 2 27 5
643.085 0.0161984 0.0161984 2 27 5
643.585 0.0161944 0.0161944 2 27 5
644.085 0.0161905 0.0161905 2 27 5
644.585 0.0161865 0.0161865 2 27 5
645.085 0.0161826 0.0161826 2 27 5
645.585 0.0161787 0.0161787 2 27 5
646.085 0.0161748 0.0161748 2 27 5
646.585 0.0161709 0.0161709 2 27 5
647.085 0.016167 0.016167 2 27 5
647.585 0.0161631 0.0161631 2 27 5
648.085 0.0161592 0.0161592 2 27 5
648.585 0.0161553 0.0161553 2 27 5
649.085 0.0161514 0.0161514 2 27 5
649.585 0.0161475 0.0161475 2 27 5
650.085 0.0161437 0.0161437 2 27 5
650.585 0.0161398 0.0161398 2 27 5
651.085 0.0161359 0.0161359 2 27 5
651.585 0.0161321 0.0161321 2 27 5
652.085 0.0161282 0.0161282 2 27 5
652.585 0.0161244 0.0161244 2 27 5
653.085 0.0161206 0.0161206 2 27 5
653.585 0.0161167 0.0161167 2 27 5
654.085 0.0161129 0.0161129 2 27 5
654.585 0.0161091 0.0161091 2 27 5
654.585 0.0161091 0.0161091 2 27 5
654.625 0.0161088 0.0161088 2 27 5
654.665 0.0161085 0.0161085 2 27 5
654.745 0.0161079 0.0161079 2 27 5
654.905 0.0161066 0.0161066 2 27 5
655.225 0.0161042 0.0161042 2 27 5
655.725 0.0161004 0.0161004 2 27 5
656.225 0.0160966 0.0160966 2 27 5
656.725 0.0160928 0.0160928 2 27 5
657.225 0.016089 0.016089 2 27 5
657.725 0.0160852 0.0160852 2 27 5
658.225 0.0160814 0.0160814 2 27 5
658.725 0.0160776 0.0160776 2 27 5
659.225 0.0160739 0.0160739 2 27 5
659.725 0.0160701 0.0160701 2 27 5
660.225 0.0160663 0.0160663 2 27 5
660.725 0.0160626 0.0160626 2 27 5
661.225 0.0160588 0.0160588 2 27 5
661.725 0.0160551 0.0160551 2 27 5
662.225 0.0160513 0.0160513 2 27 5
662.725 0.0160476 0.0160476 2 27 5
663.225 0.0160439 0.0160439 2 27 5
663.725 0.0160401 0.0160401 2 27 5
664.225 0.0160364 0.0160364 2 27 5
664.725 0.0160327 0.0160327 2 27 5
665.225 0.016029 0.016029 2 27 5
665.725 0.0160253 0.0160253 2 27 5
666.225 0.0160216 0.0160216 2 27 5
666.725 0.0160179 0.0160179 2 27 5
667.225 0.0160142 0.0160142 2 27 5
667.725 0.0160105 0.0160105 2 27 5
668.225 0.0160068 0.0160068 2 27 5
668.725 0.0160031 0.0160031 2 27 5
669.225 0.0159995 0.0159995 2 27 5
669.725 0.0159958 0.0159958 2 27 5
670.225 0.0159922 0.0159922 2 27 5
670.725 0.0159885 0.0159885 2 27 5
671.225 0.0159848 0.0159848 2 27 5
671.725 0.0159812 0.0159812 2 27 5
672.225 0.0159776 0.0159776 2 27 5
672.725 0.0159739 0.0159739 2 27 5
673.225 0.0159703 0.0159703 2 27 5
673.725 0.0159667 0.0159667 2 27 5
674.225 0.015963 0.015963 2 27 5
674.725 0.0159594 0.0159594 2 27 5
675.225 0.0159558 0.0159558 2 27 5
675.725 0.0159522 0.0159522 2 27 5
676.225 0.0159486 0.0159486 2 27 5
676.725 0.015945 0.015945 2 27 5
677.225 0.0159414 0.0159414 2 27 5
677.725 0.0159378 0.0159378 2 27 5
678.225 0.0159342 0.0159342 2 27 5
678.725 0.0159307 0.0159307 2 27 5
679.225 0.0159271 0.0159271 2 27 5
679.725 0.0159235 0.0159235 2 27 5
680.225 0.01592 0.01592 2 27 5
680.725 0.0159164 0.0159164 2 27 5
681.225 0.0159128 0.0159128 2 27 5
681.725 0.0159093 0.0159093 2 27 5
682.225 0.0159057 0.0159057 2 27 5
682.725 0.0159022 0.0159022 2 27 5
683.225 0.0158987 0.0158987 2 27 5
683.725 0.0158951 0.0158951 2 27 5
684.225 0.0158916 0.0158916 2 27 5
684.725 0.0158881 0.0158881 2 27 5
685.225 0.0158846 0.0158846 2 27 5
685.725 0.0158811 0.0158811 2 27 5
686.225 0.0158776 0.0158776 2 27 5
686.725 0.0158741 0.0158741 2 27 5
687.225 0.0158706 0.0158706 2 27 5
687.725 0.0158671 0.0158671 2 27 5
688.225 0.0158636 0.0158636 2 27 5
688.725 0.0158601 0.0158601 2 27 5
689.225 0.0158566 0.0158566 2 27 5
689.725 0.0158531 0.0158531 2 27 5
690.225 0.0158497 0.0158497 2 27 5
690.725 0.0158462 0.0158462 2 27 5
691.225 0.0158427 0.0158427 2 27 5
691.725 0.0158393 0.0158393 2 27 5
692.225 0.0158358 0.0158358 2 27 5
692.725 0.0158324 0.0158324 2 27 5
693.225 0.0158289 0.0158289 2 27 5
693.725 0.0158255 0.0158255 2 27 5
694.225 0.0158221 0.0158221 2 27 5
694.725 0.0158186 0.0158186 2 27 5
695.225 0.0158152 0.0158152 2 27 5
695.725 0.0158118 0.0158118 2 27 5
696.225 0.0158084 0.0158084 2 27 5
696.725 0.015805 0.015805 2 27 5
697.225 0.0158016 0.0158016 2 27 5
697.725 0.0157982 0.0157982 2 27 5
698.225 0.0157948 0.0157948 2 27 5
698.725 0.0157914 0.0157914 2 27 5
699.225 0.015788 0.015788 2 27 5
699.725 0.0157846 0.0157846 2 27 5
700.225 0.0157812 0.0157812 2 27 5
700.725 0.0157778 0.0157778 2 27 5
701.225 0.0157745 0.0157745 2 27 5
701.725 0.0157711 0.0157711 2 27 5
702.225 0.0157677 0.0157677 2 27 5
702.725 0.0157644 0.0157644 2 27 5
703.225 0.015761 0.015761 2 27 5
703.725 0.0157577 0.0157577 2 27 5
704.225 0.0157543 0.0157543 2 27 5
704.725 0.015751 0.015751 2 27 5
705.225 0.0157476 0.0157476 2 27 5
705.725 0.0157443 0.0157443 2 27 5
706.225 0.015741 0.015741 2 27 5
706.725 0.0157377 0.0157377 2 27 5
707.225 0.0157343 0.0157343 2 27 5
707.725 0.015731 0.015731 2 27 5
708.225 0.0157277 0.0157277 2 27 5
708.725 0.0157244 0.0157244 2 27 5
709.225 0.0157211 0.0157211 2 27 5
709.725 0.0157178 0.0157178 2 27 5
710.225 0.0157145 0.0157145 2 27 5
710.725 0.0157112 0.0157112 2 27 5
711.225 0.0157079 0.0157079 2 27 5
711.725 0.0157046 0.0157046 2 27 5
712.225 0.0157014 0.0157014 2 27 5
712.725 0.0156981 0.0156981 2 27 5
713.225 0.0156948 0.0156948 2 27 5
713.725 0.0156916 0.0156916 2 27 5
714.225 0.0156883 0.0156883 2 27 5
714.725 0.015685 0.015685 2 27 5
715.225 0.0156818 0.0156818 2 27 5
715.725 0.0156785 0.0156785 2 27 5
716.225 0.0156753 0.0156753 2 27 5
716.725 0.0156721 0.0156721 2 27 5
717.225 0.0156688 0.0156688 2 27 5
717.725 0.0156656 0.0156656 2 27 5
718.225 0.0156624 0.0156624 2 27 5
718.725 0.0156591 0.0156591 2 27 5
719.225 0.0156559 0.0156559 2 27 5
719.725 0.0156527 0.0156527 2 27 5
720.225 0.0156495 0.0156495 2 27 5
720.725 0.0156463 0.0156463 2 27 5
721.225 0.0156431 0.0156431 2 27 5
721.725 0.0156399 0.0156399 2 27 5
722.225 0.0156367 0.0156367 2 27 5
722.725 0.0156335 0.0156335 2 27 5
723.225 0.0156303 0.0156303 2 27 5
723.725 0.0156271 0.0156271 2 27 5
724.225 0.0156239 0.0156239 2 27 5
724.725 0.0156208 0.0156208 2 27 5
725.225 0.0156176 0.0156176 2 27 5
725.725 0.0156144 0.0156144 2 27 5
726.225 0.0156113 0.0156113 2 27 5
726.725 0.0156081 0.0156081 2 27 5
727.225 0.0156049 0.0156049 2 27 5
727.725 0.0156018 0.0156018 2 27 5
728.225 0.0155986 0.0155986 2 27 5
728.725 0.0155955 0.0155955 2 27 5
729.225 0.0155924 0.0155924 2 27 5
729.725 0.0155892 0.0155892 2 27 5
730.225 0.0155861 0.0155861 2 27 5
730.725 0.015583 0.015583 2 27 5
731.225 0.0155798 0.0155798 2 27 5
731.725 0.0155767 0.0155767 2 27 5
732.225 0.0155736 0.0155736 2 27 5
732.725 0.0155705 0.0155705 2 27 5
733.225 0.0155674 0.0155674 2 27 5
733.725 0.0155643 0.0155643 2 27 5
734.225 0.0155612 0.0155612 2 27 5
734.725 0.0155581 0.0155581 2 27 5
735.225 0.015555 0.015555 2 27 5
735.725 0.0155519 0.0155519 2 27 5
736.225 0.0155488 0.0155488 2 27 5
736.725 0.0155457 0.0155457 2 27 5
737.225 0.0155426 0.0155426 2 27 5
737.725 0.0155396 0.0155396 2 27 5
738.225 0.0155365 0.0155365 2 27 5
738.725 0.0155334 0.0155334 2 27 5
739.225 0.0155304 0.0155304 2 27 5
739.725 0.0155273 0.0155273 2 27 5
740.225 0.0155243 0.0155243 2 27 5
740.725 0.0155212 0.0155212 2 27 5
741.225 0.0155182 0.0155182 2 27 5
741.725 0.0155151 0.0155151 2 27 5
742.225 0.0155121 0.0155121 2 27 5
742.725 0.015509 0.015509 2 27 5
743.225 0.015506 0.015506 2 27 5
743.725 0.015503 0.015503 2 27 5
744.225 0.0154999 0.0154999 2 27 5
744.725 0.0154969 0.0154969 2 27 5
745.225 0.0154939 0.0154939 2 27 5
745.725 0.0154909 0.0154909 2 27 5
746.225 0.0154879 0.0154879 2 27 5
746.725 0.0154849 0.0154849 2 27 5
747.225 0.0154819 0.0154819 2 27 5
747.725 0.0154789 0.0154789 2 27 5
748.225 0.0154759 0.0154759 2 27 5
748.725 0.0154729 0.0154729 2 27 5
749.225 0.0154699 0.0154699 2 27 5
749.725 0.0154669 0.0154669 2 27 5
750.225 0.0154639 0.0154639 2 27 5
750.725 0.0154609 0.0154609 2 27 5
751.225 0.015458 0.015458 2 27 5
751.725 0.015455 0.015455 2 27 5
752.225 0.015452 0.015452 2 27 5
752.225 0.015452 0.015452 2 27 5
752.265 0.0154518 0.0154518 2 27 5
752.305 0.0154516 0.0154516 2 27 5
752.385 0.0154511 0.0154511 2 27 5
752.545 0.0154501 0.0154501 2 27 5
752.865 0.0154482 0.0154482 2 27 5
753.365 0.0154453 0.0154453 2 27 5
753.865 0.0154423 0.0154423 2 27 5
754.365 0.0154394 0.0154394 2 27 5
754.865 0.0154364 0.0154364 2 27 5
755.365 0.0154335 0.0154335 2 27 5
755.865 0.0154305 0.0154305 2 27 5
756.365 0.0154276 0.0154276 2 27 5
756.865 0.0154247 0.0154247 2 27 5
757.365 0.0154217 0.0154217 2 27 5
757.865 0.0154188 0.0154188 2 27 5
758.365 0.0154159 0.0154159 2 27 5
758.865 0.015413 0.015413 2 27 5
759.365 0.01541 0.01541 2 27 5
759.865 0.0154071 0.0154071 2 27 5
760.365 0.0154042 0.0154042 2 27 5
760.865 0.0154013 0.0154013 2 27 5
761.365 0.0153984 0.0153984 2 27 5
761.865 0.0153955 0.0153955 2 27 5
762.365 0.0153926 0.0153926 2 27 5
762.865 0.0153897 0.0153897 2 27 5
763.365 0.0153868 0.0153868 2 27 5
763.865 0.0153839 0.0153839 2 27 5
764.365 0.0153811 0.0153811 2 27 5
764.865 0.0153782 0.0153782 2 27 5
765.365 0.0153753 0.0153753 2 27 5
765.865 0.0153724 0.0153724 2 27 5
766.365 0.0153696 0.0153696 2 27 5
766.865 0.0153667 0.0153667 2 27 5
767.365 0.0153638 0.0153638 2 27 5
767.865 0.015361 0.015361 2 27 5
768.365 0.0153581 0.0153581 2 27 5
768.865 0.0153553 0.0153553 2 27 5
769.365 0.0153524 0.0153524 2 27 5
769.865 0.0153496 0.0153496 2 27 5
770.365 0.0153467 0.0153467 2 27 5
770.865 0.0153439 0.0153439 2 27 5
771.365 0.0153411 0.0153411 2 27 5
771.865 0.0153382 0.0153382 2 27 5
772.365 0.0153354 0.0153354 2 27 5
772.865 0.0153326 0.0153326 2 27 5
773.365 0.0153298 0.0153298 2 27 5
773.865 0.0153269 0.0153269 2 27 5
774.365 0.0153241 0.0153241 2 27 5
774.865 0.0153213 0.0153213 2 27 5
775.365 0.0153185 0.0153185 2 27 5
775.865 0.0153157 0.0153157 2 27 5
776.365 0.0153129 0.0153129 2 27 5
776.865 0.0153101 0.0153101 2 27 5
777.365 0.0153073 0.0153073 2 27 5
777.865 0.0153045 0.0153045 2 27 5
778.365 0.0153017 0.0153017 2 27 5
778.865 0.0152989 0.0152989 2 27 5
779.365 0.0152962 0.0152962 2 27 5
779.865 0.0152934 0.0152934 2 27 5
780.365 0.0152906 0.0152906 2 27 5
780.865 0.0152878 0.0152878 2 27 5
781.365 0.0152851 0.0152851 2 27 5
781.865 0.0152823 0.0152823 2 27 5
782.365 0.0152795 0.0152795 2 27 5
782.865 0.0152768 0.0152768 2 27 5
783.365 0.015274 0.015274 2 27 5
783.865 0.0152713 0.0152713 2 27 5
784.365 0.0152685 0.0152685 2 27 5
784.865 0.0152658 0.0152658 2 27 5
785.365 0.015263 0.015263 2 27 5
785.865 0.0152603 0.0152603 2 27 5
786.365 0.0152575 0.0152575 2 27 5
786.865 0.0152548 0.0152548 2 27 5
787.365 0.0152521 0.0152521 2 27 5
787.865 0.0152493 0.0152493 2 27 5
788.365 0.0152466 0.0152466 2 27 5
788.865 0.0152439 0.0152439 2 27 5
789.365 0.0152412 0.0152412 2 27 5
789.865 0.0152385 0.0152385 2 27 5
790.365 0.0152357 0.0152357 2 27 5
790.865 0.015233 0.015233 2 27 5
791.365 0.0152303 0.0152303 2 27 5
791.865 0.0152276 0.0152276 2 27 5
792.365 0.0152249 0.0152249 2 27 5
792.865 0.0152222 0.0152222 2 27 5
793.365 0.0152195 0.0152195 2 27 5
793.865 0.0152169 0.0152169 2 27 5
794.365 0.0152142 0.0152142 2 27 5
794.865 0.0152115 0.0152115 2 27 5
795.365 0.0152088 0.0152088 2 27 5
795.865 0.0152061 0.0152061 2 27 5
796.365 0.0152034 0.0152034 2 27 5
796.865 0.0152008 0.0152008 2 27 5
797.365 0.0151981 0.0151981 2 27 5
797.865 0.0151954 0.0151954 2 27 5
798.365 0.0151928 0.0151928 2 27 5
798.865 0.0151901 0.0151901 2 27 5
799.365 0.0151875 0.0151875 2 27 5
799.865 0.0151848 0.0151848 2 27 5
800.365 0.0151821 0.0151821 2 27 5
800.865 0.0151795 0.0151795 2 27 5
801.365 0.0151769 0.0151769 2 27 5
801.865 0.0151742 0.0151742 2 27 5
802.365 0.0151716 0.0151716 2 27 5
802.865 0.0151689 0.0151689 2 27 5
803.365 0.0151663 0.0151663 2 27 5
803.865 0.0151637 0.0151637 2 27 5
804.365 0.015161 0.015161 2 27 5
804.865 0.0151584 0.0151584 2 27 5
805.365 0.0151558 0.0151558 2 27 5
805.865 0.0151532 0.0151532 2 27 5
806.365 0.0151506 0.0151506 2 27 5
806.865 0.015148 0.015148 2 27 5
807.365 0.0151453 0.0151453 2 27 5
807.865 0.0151427 0.0151427 2 27 5
808.365 0.0151401 0.0151401 2 27 5
808.865 0.0151375 0.0151375 2 27 5
809.365 0.0151349 0.0151349 2 27 5
809.865 0.0151323 0.0151323 2 27 5
810.365 0.0151298 0.0151298 2 27 5
810.865 0.0151272 0.0151272 2 27 5
811.365 0.0151246 0.0151246 2 27 5
811.865 0.015122 0.015122 2 27 5
812.365 0.0151194 0.0151194 2 27 5
812.865 0.0151168 0.0151168 2 27 5
813.365 0.0151143 0.0151143 2 27 5
813.865 0.0151117 0.0151117 2 27 5
814.365 0.0151091 0.0151091 2 27 5
814.865 0.0151066 0.0151066 2 27 5
815.365 0.015104 0.015104 2 27 5
815.865 0.0151014 0.0151014 2 27 5
816.365 0.0150989 0.0150989 2 27 5
816.865 0.0150963 0.0150963 2 27 5
817.365 0.0150938 0.0150938 2 27 5
817.865 0.0150912 0.0150912 2 27 5
818.365 0.0150887 0.0150887 2 27 5
818.865 0.0150861 0.0150861 2 27 5
819.365 0.0150836 0.0150836 2 27 5
819.865 0.0150811 0.0150811 2 27 5
820.365 0.0150785 0.0150785 2 27 5
820.865 0.015076 0.015076 2 27 5
821.365 0.0150735 0.0150735 2 27 5
821.865 0.0150709 0.0150709 2 27 5
822.365 0.0150684 0.0150684 2 27 5
822.865 0.0150659 0.0150659 2 27 5
823.365 0.0150634 0.0150634 2 27 5
823.865 0.0150608 0.0150608 2 27 5
824.365 0.0150583 0.0150583 2 27 5
824.865 0.0150558 0.0150558 2 27 5
825.365 0.0150533 0.0150533 2 27 5
825.865 0.0150508 0.0150508 2 27 5
826.365 0.0150483 0.0150483 2 27 5
826.865 0.0150458 0.0150458 2 27 5
827.365 0.0150433 0.0150433 2 27 5
827.865 0.0150408 0.0150408 2 27 5
828.365 0.0150383 0.0150383 2 27 5
828.865 0.0150358 0.0150358 2 27 5
829.365 0.0150334 0.0150334 2 27 5
829.865 0.0150309 0.0150309 2 27 5
830.365 0.0150284 0.0150284 2 27 5
830.865 0.0150259 0.0150259 2 27 5
831.365 0.0150235 0.0150235 2 27 5
831.865 0.015021 0.015021 2 27 5
832.365 0.0150185 0.0150185 2 27 5
832.865 0.015016 0.015016 2 27 5
833.365 0.0150136 0.0150136 2 27 5
833.865 0.0150111 0.0150111 2 27 5
834.365 0.0150087 0.0150087 2 27 5
834.865 0.0150062 0.0150062 2 27 5
835.365 0.0150038 0.0150038 2 27 5
835.865 0.0150013 0.0150013 2 27 5
836.365 0.0149989 0.0149989 2 27 5
836.865 0.0149964 0.0149964 2 27 5
837.365 0.014994 0.014994 2 27 5
837.865 0.0149915 0.0149915 2 27 5
838.365 0.0149891 0.0149891 2 27 5
838.865 0.0149867 0.0149867 2 27 5
839.365 0.0149842 0.0149842 2 27 5
839.865 0.0149818 0.0149818 2 27 5
840.365 0.0149794 0.0149794 2 27 5
840.865 0.0149769 0.0149769 2 27 5
841.365 0.0149745 0.0149745 2 27 5
841.865 0.0149721 0.0149721 2 27 5
842.365 0.0149697 0.0149697 2 27 5
842.865 0.0149673 0.0149673 2 27 5
843.365 0.0149649 0.0149649 2 27 5
843.865 0.0149625 0.0149625 2 27 5
844.365 0.0149601 0.0149601 2 27 5
844.865 0.0149577 0.0149577 2 27 5
845.365 0.0149553 0.0149553 2 27 5
845.865 0.0149529 0.0149529 2 27 5
846.365 0.0149505 0.0149505 2 27 5
846.865 0.0149481 0.0149481 2 27 5
847.365 0.0149457 0.0149457 2 27 5
847.865 0.0149433 0.0149433 2 27 5
848.365 0.0149409 0.0149409 2 27 5
848.865 0.0149385 0.0149385 2 27 5
849.365 0.0149361 0.0149361 2 27 5
849.865 0.0149338 0.0149338 2 27 5
