215.214 0 0 2 2 2
215.214 0 0 2 2 2
215.214 0 0 2 2 2
215.214 0 0 2 2 2
215.214 0 0 2 2 2
215.214 0.01 0.01 2 2 2
215.194 0.0100011 0.0100011 2 2 2
215.154 0.0100033 0.0100033 2 2 2
215.074 0.0100077 0.0100077 2 2 2
214.914 0.0100166 0.0100166 2 2 2
214.594 0.0100343 0.0100343 2 2 2
214.094 0.0100622 0.0100622 2 2 2
213.594 0.0100901 0.0100901 2 2 2
213.094 0.0101183 0.0101183 2 2 2
212.594 0.0101465 0.0101465 2 2 2
212.094 0.0101749 0.0101749 2 2 2
211.594 0.0102034 0.0102034 2 2 2
211.094 0.0102321 0.0102321 2 2 2
210.594 0.0102609 0.0102609 2 2 2
210.094 0.0102899 0.0102899 2 2 2
209.594 0.010319 0.010319 2 2 2
209.094 0.0103482 0.0103482 2 2 2
208.594 0.0103776 0.0103776 2 2 2
208.094 0.0104071 0.0104071 2 2 2
207.594 0.0104368 0.0104368 2 2 2
207.094 0.0104666 0.0104666 2 2 2
206.594 0.0104966 0.0104966 2 2 2
206.094 0.0105268 0.0105268 2 2 2
205.594 0.0105571 0.0105571 2 2 2
205.094 0.0105875 0.0105875 2 2 2
204.594 0.0106181 0.0106181 2 2 2
204.094 0.0106489 0.0106489 2 2 2
203.594 0.0106798 0.0106798 2 2 2
203.094 0.0107109 0.0107109 2 2 2
202.594 0.0107421 0.0107421 2 2 2
202.094 0.0107735 0.0107735 2 2 2
201.594 0.010805 0.010805 2 2 2
201.094 0.0108368 0.0108368 2 2 2
200.594 0.0108686 0.0108686 2 2 2
200.094 0.0109007 0.0109007 2 2 2
199.594 0.0109329 0.0109329 2 2 2
199.094 0.0109653 0.0109653 2 2 2
198.594 0.0109979 0.0109979 2 2 2
198.094 0.0110306 0.0110306 2 2 2
197.594 0.0110635 0.0110635 2 2 2
197.094 0.0110966 0.0110966 2 2 2
196.594 0.0111298 0.0111298 2 2 2
196.094 0.0111633 0.0111633 2 2 2
195.594 0.0111969 0.0111969 2 2 2
195.094 0.0112307 0.0112307 2 2 2
194.594 0.0112646 0.0112646 2 2 2
194.094 0.0112988 0.0112988 2 2 2
193.594 0.0113331 0.0113331 2 2 2
193.094 0.0113676 0.0113676 2 2 2
192.594 0.0114023 0.0114023 2 2 2
192.094 0.0114372 0.0114372 2 2 2
191.594 0.0114723 0.0114723 2 2 2
191.094 0.0115076 0.0115076 2 2 2
190.594 0.0115431 0.0115431 2 2 2
190.094 0.0115787 0.0115787 2 2 2
189.594 0.0116146 0.0116146 2 2 2
189.094 0.0116507 0.0116507 2 2 2
188.594 0.0116869 0.0116869 2 2 2
188.094 0.0117234 0.0117234 2 2 2
187.594 0.01176 0.01176 2 2 2
187.094 0.0117969 0.0117969 2 2 2
186.594 0.011834 0.011834 2 2 2
186.094 0.0118713 0.0118713 2 2 2
185.594 0.0119087 0.0119087 2 2 2
185.094 0.0119464 0.0119464 2 2 2
184.594 0.0119844 0.0119844 2 2 2
184.094 0.0120225 0.0120225 2 2 2
183.594 0.0120608 0.0120608 2 2 2
183.094 0.0120994 0.0120994 2 2 2
182.594 0.0121382 0.0121382 2 2 2
182.094 0.0121772 0.0121772 2 2 2
181.594 0.0122164 0.0122164 2 2 2
181.094 0.0122559 0.0122559 2 2 2
180.594 0.0122956 0.0122956 2 2 2
180.094 0.0123355 0.0123355 2 2 2
179.594 0.0123756 0.0123756 2 2 2
179.094 0.012416 0.012416 2 2 2
178.594 0.0124566 0.0124566 2 2 2
178.094 0.0124975 0.0124975 2 2 2
177.594 0.0125386 0.0125386 2 2 2
177.094 0.0125799 0.0125799 2 2 2
176.594 0.0126215 0.0126215 2 2 2
176.094 0.0126633 0.0126633 2 2 2
175.594 0.0127054 0.0127054 2 2 2
175.094 0.0127477 0.0127477 2 2 2
174.594 0.0127903 0.0127903 2 2 2
174.094 0.0128331 0.0128331 2 2 2
173.594 0.0128762 0.0128762 2 2 2
173.094 0.0129196 0.0129196 2 2 2
172.594 0.0129632 0.0129632 2 2 2
172.094 0.0130071 0.0130071 2 2 2
171.594 0.0130512 0.0130512 2 2 2
171.094 0.0130956 0.0130956 2 2 2
170.594 0.0131403 0.0131403 2 2 2
170.094 0.0131853 0.0131853 2 2 2
169.594 0.0132305 0.0132305 2 2 2
169.094 0.013276 0.013276 2 2 2
168.594 0.0133218 0.0133218 2 2 2
168.094 0.0133679 0.0133679 2 2 2
167.594 0.0134142 0.0134142 2 2 2
167.094 0.0134609 0.0134609 2 2 2
166.594 0.0135078 0.0135078 2 2 2
166.094 0.0135551 0.0135551 2 2 2
165.594 0.0136026 0.0136026 2 2 2
165.094 0.0136505 0.0136505 2 2 2
164.594 0.0136986 0.0136986 2 2 2
164.094 0.0137471 0.0137471 2 2 2
163.594 0.0137958 0.0137958 2 2 2
163.094 0.0138449 0.0138449 2 2 2
162.594 0.0138943 0.0138943 2 2 2
162.094 0.013944 0.013944 2 2 2
161.594 0.013994 0.013994 2 2 2
161.094 0.0140443 0.0140443 2 2 2
160.594 0.014095 0.014095 2 2 2
160.094 0.014146 0.014146 2 2 2
159.594 0.0141974 0.0141974 2 2 2
159.094 0.014249 0.014249 2 2 2
158.594 0.014301 0.014301 2 2 2
158.094 0.0143534 0.0143534 2 2 2
157.594 0.0144061 0.0144061 2 2 2
157.094 0.0144592 0.0144592 2 2 2
156.594 0.0145126 0.0145126 2 2 2
156.094 0.0145663 0.0145663 2 2 2
155.594 0.0146205 0.0146205 2 2 2
155.094 0.0146749 0.0146749 2 2 2
154.594 0.0147298 0.0147298 2 2 2
154.094 0.014785 0.014785 2 2 2
153.594 0.0148406 0.0148406 2 2 2
153.094 0.0148966 0.0148966 2 2 2
152.594 0.014953 0.014953 2 2 2
152.094 0.0150097 0.0150097 2 2 2
151.594 0.0150669 0.0150669 2 2 2
151.094 0.0151244 0.0151244 2 2 2
150.594 0.0151823 0.0151823 2 2 2
150.094 0.0152407 0.0152407 2 2 2
149.594 0.0152994 0.0152994 2 2 2
149.094 0.0153586 0.0153586 2 2 2
148.594 0.0154181 0.0154181 2 2 2
148.094 0.0154781 0.0154781 2 2 2
147.594 0.0155386 0.0155386 2 2 2
147.094 0.0155994 0.0155994 2 2 2
146.594 0.0156607 0.0156607 2 2 2
146.094 0.0157224 0.0157224 2 2 2
145.594 0.0157845 0.0157845 2 2 2
145.094 0.0158471 0.0158471 2 2 2
144.594 0.0159102 0.0159102 2 2 2
144.094 0.0159737 0.0159737 2 2 2
143.594 0.0160377 0.0160377 2 2 2
143.094 0.0161021 0.0161021 2 2 2
142.594 0.016167 0.016167 2 2 2
142.094 0.0162324 0.0162324 2 2 2
141.594 0.0162983 0.0162983 2 2 2
141.094 0.0163647 0.0163647 2 2 2
140.594 0.0164315 0.0164315 2 2 2
140.094 0.0164988 0.0164988 2 2 2
139.594 0.0165667 0.0165667 2 2 2
139.094 0.0166351 0.0166351 2 2 2
138.594 0.0167039 0.0167039 2 2 2
138.094 0.0167733 0.0167733 2 2 2
137.594 0.0168433 0.0168433 2 2 2
137.094 0.0169137 0.0169137 2 2 2
136.594 0.0169847 0.0169847 2 2 2
136.094 0.0170562 0.0170562 2 2 2
135.594 0.0171283 0.0171283 2 2 2
135.094 0.017201 0.017201 2 2 2
134.594 0.0172742 0.0172742 2 2 2
134.094 0.017348 0.017348 2 2 2
133.594 0.0174223 0.0174223 2 2 2
133.094 0.0174973 0.0174973 2 2 2
132.594 0.0175728 0.0175728 2 2 2
132.094 0.0176489 0.0176489 2 2 2
131.594 0.0177257 0.0177257 2 2 2
131.094 0.017803 0.017803 2 2 2
130.594 0.017881 0.017881 2 2 2
130.094 0.0179596 0.0179596 2 2 2
129.594 0.0180388 0.0180388 2 2 2
129.094 0.0181186 0.0181186 2 2 2
128.594 0.0181991 0.0181991 2 2 2
128.094 0.0182803 0.0182803 2 2 2
127.594 0.0183621 0.0183621 2 2 2
127.094 0.0184446 0.0184446 2 2 2
126.594 0.0185278 0.0185278 2 2 2
126.094 0.0186117 0.0186117 2 2 2
125.594 0.0186963 0.0186963 2 2 2
125.094 0.0187816 0.0187816 2 2 2
124.594 0.0188676 0.0188676 2 2 2
124.094 0.0189543 0.0189543 2 2 2
123.594 0.0190417 0.0190417 2 2 2
123.094 0.0191299 0.0191299 2 2 2
122.594 0.0192189 0.0192189 2 2 2
122.094 0.0193086 0.0193086 2 2 2
121.594 0.0193991 0.0193991 2 2 2
121.094 0.0194903 0.0194903 2 2 2
120.594 0.0195824 0.0195824 2 2 2
120.094 0.0196752 0.0196752 2 2 2
119.594 0.0197689 0.0197689 2 2 2
119.094 0.0198634 0.0198634 2 2 2
118.594 0.0199587 0.0199587 2 2 2
118.094 0.0200548 0.0200548 2 2 2
117.594 0.0201519 0.0201519 2 2 2
117.594 0.0201519 0.0201519 2 2 2
117.574 0.0201558 0.0201558 2 2 2
117.534 0.0201636 0.0201636 2 2 2
117.454 0.0201792 0.0201792 2 2 2
117.294 0.0202105 0.0202105 2 2 2
116.974 0.0202734 0.0202734 2 2 2
116.474 0.0203724 0.0203724 2 2 2
115.974 0.0204722 0.0204722 2 2 2
115.474 0.020573 0.020573 2 2 2
114.974 0.0206747 0.0206747 2 2 2
114.474 0.0207773 0.0207773 2 2 2
113.974 0.0208809 0.0208809 2 2 2
113.474 0.0209854 0.0209854 2 2 2
112.974 0.0210909 0.0210909 2 2 2
112.474 0.0211973 0.0211973 2 2 2
111.974 0.0213048 0.0213048 2 2 2
111.474 0.0214133 0.0214133 2 2 2
110.974 0.0215228 0.0215228 2 2 2
110.474 0.0216333 0.0216333 2 2 2
109.974 0.0217449 0.0217449 2 2 2
109.474 0.0218575 0.0218575 2 2 2
108.974 0.0219713 0.0219713 2 2 2
108.474 0.0220861 0.0220861 2 2 2
107.974 0.0222021 0.0222021 2 2 2
107.474 0.0223191 0.0223191 2 2 2
106.974 0.0224374 0.0224374 2 2 2
106.474 0.0225567 0.0225567 2 2 2
105.974 0.0226773 0.0226773 2 2 2
105.474 0.0227991 0.0227991 2 2 2
104.974 0.022922 0.022922 2 2 2
104.474 0.0230463 0.0230463 2 2 2
103.974 0.0231717 0.0231717 2 2 2
103.474 0.0232985 0.0232985 2 2 2
102.974 0.0234265 0.0234265 2 2 2
102.474 0.0235558 0.0235558 2 2 2
101.974 0.0236865 0.0236865 2 2 2
101.474 0.0238185 0.0238185 2 2 2
100.974 0.0239519 0.0239519 2 2 2
100.474 0.0240867 0.0240867 2 2 2
99.9741 0.0242228 0.0242228 2 2 2
99.4741 0.0243605 0.0243605 2 2 2
98.9741 0.0244996 0.0244996 2 2 2
98.4741 0.0246401 0.0246401 2 2 2
97.9741 0.0247822 0.0247822 2 2 2
97.4741 0.0249258 0.0249258 2 2 2
96.9741 0.025071 0.025071 2 2 2
96.4741 0.0252177 0.0252177 2 2 2
95.9741 0.0253661 0.0253661 2 2 2
95.4741 0.025516 0.025516 2 2 2
94.9741 0.0256677 0.0256677 2 2 2
94.4741 0.025821 0.025821 2 2 2
93.9741 0.025976 0.025976 2 2 2
93.4741 0.0261328 0.0261328 2 2 2
92.9741 0.0262914 0.0262914 2 2 2
92.4741 0.0264517 0.0264517 2 2 2
91.9741 0.0266139 0.0266139 2 2 2
91.4741 0.0267779 0.0267779 2 2 2
90.9741 0.0269439 0.0269439 2 2 2
90.4741 0.0271117 0.0271117 2 2 2
89.9741 0.0272816 0.0272816 2 2 2
89.4741 0.0274534 0.0274534 2 2 2
88.9741 0.0276272 0.0276272 2 2 2
88.4741 0.0278032 0.0278032 2 2 2
87.9741 0.0279812 0.0279812 2 2 2
87.4741 0.0281614 0.0281614 2 2 2
86.9741 0.0283437 0.0283437 2 2 2
86.4741 0.0285283 0.0285283 2 2 2
85.9741 0.0287151 0.0287151 2 2 2
85.4741 0.0289043 0.0289043 2 2 2
84.9741 0.0290957 0.0290957 2 2 2
84.4741 0.0292896 0.0292896 2 2 2
83.9741 0.0294859 0.0294859 2 2 2
83.4741 0.0296847 0.0296847 2 2 2
82.9741 0.029886 0.029886 2 2 2
82.4741 0.0300898 0.0300898 2 2 2
81.9741 0.0302963 0.0302963 2 2 2
81.4741 0.0305055 0.0305055 2 2 2
80.9741 0.0307174 0.0307174 2 2 2
80.4741 0.030932 0.030932 2 2 2
79.9741 0.0311495 0.0311495 2 2 2
79.4741 0.0313699 0.0313699 2 2 2
78.9741 0.0315932 0.0315932 2 2 2
78.4741 0.0318196 0.0318196 2 2 2
77.9741 0.0320489 0.0320489 2 2 2
77.4741 0.0322815 0.0322815 2 2 2
76.9741 0.0325172 0.0325172 2 2 2
76.4741 0.0327561 0.0327561 2 2 2
75.9741 0.0329984 0.0329984 2 2 2
75.4741 0.0332441 0.0332441 2 2 2
74.9741 0.0334932 0.0334932 2 2 2
74.4741 0.0337459 0.0337459 2 2 2
73.9741 0.0340021 0.0340021 2 2 2
73.4741 0.0342621 0.0342621 2 2 2
72.9741 0.0345258 0.0345258 2 2 2
72.4741 0.0347934 0.0347934 2 2 2
71.9741 0.0350649 0.0350649 2 2 2
71.4741 0.0353404 0.0353404 2 2 2
70.9741 0.0356201 0.0356201 2 2 2
70.4741 0.0359039 0.0359039 2 2 2
69.9741 0.036192 0.036192 2 2 2
69.4741 0.0364845 0.0364845 2 2 2
68.9741 0.0367815 0.0367815 2 2 2
68.4741 0.0370831 0.0370831 2 2 2
67.9741 0.0373893 0.0373893 2 2 2
67.4741 0.0377004 0.0377004 2 2 2
66.9741 0.0380164 0.0380164 2 2 2
66.4741 0.0383375 0.0383375 2 2 2
65.9741 0.0386636 0.0386636 2 2 2
65.4741 0.0389951 0.0389951 2 2 2
64.9741 0.0393319 0.0393319 2 2 2
64.4741 0.0396743 0.0396743 2 2 2
63.9741 0.0400224 0.0400224 2 2 2
63.4741 0.0403762 0.0403762 2 2 2
62.9741 0.040736 0.040736 2 2 2
62.4741 0.0411019 0.0411019 2 2 2
61.9741 0.0414741 0.0414741 2 2 2
61.4741 0.0418526 0.0418526 2 2 2
60.9741 0.0422378 0.0422378 2 2 2
60.4741 0.0426296 0.0426296 2 2 2
59.9741 0.0430284 0.0430284 2 2 2
59.4741 0.0434343 0.0434343 2 2 2
58.9741 0.0438474 0.0438474 2 2 2
58.4741 0.0442681 0.0442681 2 2 2
57.9741 0.0446963 0.0446963 2 2 2
57.4741 0.0451325 0.0451325 2 2 2
56.9741 0.0455768 0.0455768 2 2 2
56.4741 0.0460293 0.0460293 2 2 2
55.9741 0.0464904 0.0464904 2 2 2
55.4741 0.0469602 0.0469602 2 2 2
54.9741 0.0474391 0.0474391 2 2 2
54.4741 0.0479272 0.0479272 2 2 2
53.9741 0.0484249 0.0484249 2 2 2
53.4741 0.0489323 0.0489323 2 2 2
52.9741 0.0494498 0.0494498 2 2 2
52.4741 0.0499776 0.0499776 2 2 2
51.9741 0.0505161 0.0505161 2 2 2
51.4741 0.0510655 0.0510655 2 2 2
50.9741 0.0516263 0.0516263 2 2 2
50.4742 0.0521986 0.0521986 2 2 2
49.9742 0.0527828 0.0527828 2 2 2
49.4744 0.0533792 0.0533792 2 2 2
48.9748 0.0539879 0.0539879 2 2 2
48.4772 0.0546072 0.0546072 2 2 2
47.9878 0.0552292 0.0552292 2 2 2
47.4878 0.0558785 0.0558785 2 2 2
46.9834 0.0565478 0.0565478 2 2 2
46.4832 0.0572263 0.0572263 2 2 2
45.9832 0.0579197 0.0579197 2 2 2
45.4832 0.0586286 0.0586286 2 2 2
44.9833 0.0593535 0.0593535 2 2 2
44.4833 0.060095 0.060095 2 2 2
43.9833 0.0608536 0.0608536 2 2 2
43.4833 0.0616298 0.0616298 2 2 2
42.9833 0.062424 0.062424 2 2 2
42.4833 0.0632369 0.0632369 2 2 2
41.9833 0.064069 0.064069 2 2 2
41.4833 0.0649207 0.0649207 2 2 2
40.9833 0.0657929 0.0657929 2 2 2
40.4833 0.0666862 0.0666862 2 2 2
39.9833 0.0676012 0.0676012 2 2 2
39.4834 0.0685383 0.0685383 2 2 2
38.9834 0.0694982 0.0694982 2 2 2
38.4834 0.0704818 0.0704818 2 2 2
37.9834 0.0714895 0.0714895 2 2 2
37.4834 0.0725221 0.0725221 2 2 2
36.9834 0.0735805 0.0735805 2 2 2
36.4835 0.0746649 0.0746649 2 2 2
35.9835 0.0757762 0.0757762 2 2 2
35.4835 0.0769153 0.0769153 2 2 2
34.9835 0.0780824 0.0780824 2 2 2
34.4836 0.0792785 0.0792785 2 2 2
33.9836 0.0805035 0.0805035 2 2 2
33.4836 0.081759 0.081759 2 2 2
32.9837 0.0830452 0.0830452 2 2 2
32.4837 0.0843617 0.0843617 2 2 2
31.9838 0.0857104 0.0857104 2 2 2
31.4839 0.0870912 0.0870912 2 2 2
30.9839 0.088505 0.088505 2 2 2
30.484 0.0899514 0.0899514 2 2 2
29.9842 0.0914308 0.0914308 2 2 2
29.4843 0.0929444 0.0929444 2 2 2
28.9845 0.094491 0.094491 2 2 2
28.4848 0.0960708 0.0960708 2 2 2
27.9852 0.0976823 0.0976823 2 2 2
27.7354 0.0985009 0.0985009 2 2 2
27.4858 0.0993274 0.0993274 2 2 2
27.2362 0.100164 0.100164 2 2 2
26.9868 0.101007 0.101007 2 2 2
26.8625 0.10143 0.10143 2 2 2
26.7372 0.101865 0.101865 2 2 2
26.6751 0.102079 0.102079 2 2 2
26.6068 0.102314 0.102314 2 2 2
26.5741 0.102436 0.102436 2 2 2
26.5658 0.102465 0.102465 2 2 2
26.5576 0.102493 0.102493 2 2 2
26.5576 0.102493 0.102493 2 2 2
215.214 0.102493 0.102493 2 3 2
215.214 0.102493 0.102493 2 3 2
215.214 0.102493 0.102493 2 3 2
215.214 0.102493 0.102493 2 3 2
215.214 0.102493 0.102493 2 3 2
215.214 0.01 0.01 2 3 2
215.234 0.0099989 0.0099989 2 3 2
215.274 0.00999669 0.00999669 2 3 2
215.354 0.00999228 0.00999228 2 3 2
215.514 0.00998346 0.00998346 2 3 2
215.834 0.00996587 0.00996587 2 3 2
216.334 0.0099385 0.0099385 2 3 2
216.834 0.00991126 0.00991126 2 3 2
217.334 0.00988415 0.00988415 2 3 2
217.834 0.00985717 0.00985717 2 3 2
218.334 0.00983032 0.00983032 2 3 2
218.834 0.0098036 0.0098036 2 3 2
219.334 0.009777 0.009777 2 3 2
219.834 0.00975053 0.00975053 2 3 2
220.334 0.00972419 0.00972419 2 3 2
220.834 0.00969797 0.00969797 2 3 2
221.334 0.00967187 0.00967187 2 3 2
221.834 0.0096459 0.0096459 2 3 2
222.334 0.00962005 0.00962005 2 3 2
222.834 0.00959432 0.00959432 2 3 2
223.334 0.00956871 0.00956871 2 3 2
223.834 0.00954322 0.00954322 2 3 2
224.334 0.00951784 0.00951784 2 3 2
224.834 0.00949259 0.00949259 2 3 2
225.334 0.00946745 0.00946745 2 3 2
225.834 0.00944243 0.00944243 2 3 2
226.334 0.00941753 0.00941753 2 3 2
226.834 0.00939274 0.00939274 2 3 2
227.334 0.00936806 0.00936806 2 3 2
227.834 0.00934349 0.00934349 2 3 2
228.334 0.00931904 0.00931904 2 3 2
228.834 0.0092947 0.0092947 2 3 2
229.334 0.00927047 0.00927047 2 3 2
229.834 0.00924635 0.00924635 2 3 2
230.334 0.00922234 0.00922234 2 3 2
230.834 0.00919844 0.00919844 2 3 2
231.334 0.00917465 0.00917465 2 3 2
231.834 0.00915096 0.00915096 2 3 2
232.334 0.00912738 0.00912738 2 3 2
232.834 0.00910391 0.00910391 2 3 2
233.334 0.00908054 0.00908054 2 3 2
233.834 0.00905727 0.00905727 2 3 2
234.334 0.00903411 0.00903411 2 3 2
234.834 0.00901105 0.00901105 2 3 2
235.334 0.0089881 0.0089881 2 3 2
235.834 0.00896524 0.00896524 2 3 2
236.334 0.00894249 0.00894249 2 3 2
236.834 0.00891984 0.00891984 2 3 2
237.334 0.00889728 0.00889728 2 3 2
237.834 0.00887483 0.00887483 2 3 2
238.334 0.00885247 0.00885247 2 3 2
238.834 0.00883021 0.00883021 2 3 2
239.334 0.00880805 0.00880805 2 3 2
239.834 0.00878599 0.00878599 2 3 2
240.334 0.00876402 0.00876402 2 3 2
240.834 0.00874215 0.00874215 2 3 2
241.334 0.00872037 0.00872037 2 3 2
241.834 0.00869868 0.00869868 2 3 2
242.334 0.00867709 0.00867709 2 3 2
242.834 0.00865559 0.00865559 2 3 2
243.334 0.00863419 0.00863419 2 3 2
243.834 0.00861288 0.00861288 2 3 2
244.334 0.00859165 0.00859165 2 3 2
244.834 0.00857052 0.00857052 2 3 2
245.334 0.00854948 0.00854948 2 3 2
245.834 0.00852852 0.00852852 2 3 2
246.334 0.00850766 0.00850766 2 3 2
246.834 0.00848688 0.00848688 2 3 2
247.334 0.00846619 0.00846619 2 3 2
247.834 0.00844559 0.00844559 2 3 2
248.334 0.00842508 0.00842508 2 3 2
248.834 0.00840465 0.00840465 2 3 2
249.334 0.00838431 0.00838431 2 3 2
249.834 0.00836405 0.00836405 2 3 2
250.334 0.00834388 0.00834388 2 3 2
250.834 0.00832379 0.00832379 2 3 2
251.334 0.00830378 0.00830378 2 3 2
251.834 0.00828386 0.00828386 2 3 2
252.334 0.00826402 0.00826402 2 3 2
252.834 0.00824426 0.00824426 2 3 2
253.334 0.00822458 0.00822458 2 3 2
253.834 0.00820499 0.00820499 2 3 2
254.334 0.00818547 0.00818547 2 3 2
254.834 0.00816604 0.00816604 2 3 2
255.334 0.00814668 0.00814668 2 3 2
255.834 0.0081274 0.0081274 2 3 2
256.334 0.00810821 0.00810821 2 3 2
256.834 0.00808909 0.00808909 2 3 2
257.334 0.00807005 0.00807005 2 3 2
257.834 0.00805108 0.00805108 2 3 2
258.334 0.00803219 0.00803219 2 3 2
258.834 0.00801338 0.00801338 2 3 2
259.334 0.00799464 0.00799464 2 3 2
259.834 0.00797598 0.00797598 2 3 2
260.334 0.0079574 0.0079574 2 3 2
260.834 0.00793889 0.00793889 2 3 2
261.334 0.00792045 0.00792045 2 3 2
261.834 0.00790209 0.00790209 2 3 2
262.334 0.0078838 0.0078838 2 3 2
262.834 0.00786558 0.00786558 2 3 2
263.334 0.00784743 0.00784743 2 3 2
263.834 0.00782936 0.00782936 2 3 2
264.334 0.00781136 0.00781136 2 3 2
264.834 0.00779342 0.00779342 2 3 2
265.334 0.00777556 0.00777556 2 3 2
265.834 0.00775777 0.00775777 2 3 2
266.334 0.00774005 0.00774005 2 3 2
266.834 0.0077224 0.0077224 2 3 2
267.334 0.00770482 0.00770482 2 3 2
267.834 0.00768731 0.00768731 2 3 2
268.334 0.00766986 0.00766986 2 3 2
268.834 0.00765249 0.00765249 2 3 2
269.334 0.00763518 0.00763518 2 3 2
269.834 0.00761793 0.00761793 2 3 2
270.334 0.00760076 0.00760076 2 3 2
270.834 0.00758365 0.00758365 2 3 2
271.334 0.0075666 0.0075666 2 3 2
271.834 0.00754963 0.00754963 2 3 2
272.334 0.00753271 0.00753271 2 3 2
272.834 0.00751587 0.00751587 2 3 2
273.334 0.00749908 0.00749908 2 3 2
273.834 0.00748236 0.00748236 2 3 2
274.334 0.00746571 0.00746571 2 3 2
274.834 0.00744911 0.00744911 2 3 2
275.334 0.00743259 0.00743259 2 3 2
275.834 0.00741612 0.00741612 2 3 2
276.334 0.00739971 0.00739971 2 3 2
276.834 0.00738337 0.00738337 2 3 2
277.334 0.00736709 0.00736709 2 3 2
277.834 0.00735087 0.00735087 2 3 2
278.334 0.00733471 0.00733471 2 3 2
278.834 0.00731862 0.00731862 2 3 2
279.334 0.00730258 0.00730258 2 3 2
279.834 0.0072866 0.0072866 2 3 2
280.334 0.00727068 0.00727068 2 3 2
280.834 0.00725482 0.00725482 2 3 2
281.334 0.00723902 0.00723902 2 3 2
281.834 0.00722328 0.00722328 2 3 2
282.334 0.0072076 0.0072076 2 3 2
282.834 0.00719198 0.00719198 2 3 2
283.334 0.00717641 0.00717641 2 3 2
283.834 0.0071609 0.0071609 2 3 2
284.334 0.00714545 0.00714545 2 3 2
284.834 0.00713005 0.00713005 2 3 2
285.334 0.00711471 0.00711471 2 3 2
285.834 0.00709943 0.00709943 2 3 2
286.334 0.0070842 0.0070842 2 3 2
286.834 0.00706903 0.00706903 2 3 2
287.334 0.00705391 0.00705391 2 3 2
287.834 0.00703885 0.00703885 2 3 2
288.334 0.00702385 0.00702385 2 3 2
288.834 0.00700889 0.00700889 2 3 2
289.334 0.00699399 0.00699399 2 3 2
289.834 0.00697915 0.00697915 2 3 2
290.334 0.00696436 0.00696436 2 3 2
290.834 0.00694962 0.00694962 2 3 2
291.334 0.00693494 0.00693494 2 3 2
291.834 0.0069203 0.0069203 2 3 2
292.334 0.00690572 0.00690572 2 3 2
292.834 0.0068912 0.0068912 2 3 2
293.334 0.00687672 0.00687672 2 3 2
293.834 0.0068623 0.0068623 2 3 2
294.334 0.00684792 0.00684792 2 3 2
294.834 0.0068336 0.0068336 2 3 2
295.334 0.00681933 0.00681933 2 3 2
295.834 0.00680511 0.00680511 2 3 2
296.334 0.00679094 0.00679094 2 3 2
296.834 0.00677682 0.00677682 2 3 2
297.334 0.00676275 0.00676275 2 3 2
297.834 0.00674873 0.00674873 2 3 2
298.334 0.00673475 0.00673475 2 3 2
298.834 0.00672083 0.00672083 2 3 2
299.334 0.00670696 0.00670696 2 3 2
299.834 0.00669313 0.00669313 2 3 2
300.334 0.00667935 0.00667935 2 3 2
300.834 0.00666562 0.00666562 2 3 2
301.334 0.00665194 0.00665194 2 3 2
301.834 0.00663831 0.00663831 2 3 2
302.334 0.00662472 0.00662472 2 3 2
302.834 0.00661118 0.00661118 2 3 2
303.334 0.00659769 0.00659769 2 3 2
303.834 0.00658424 0.00658424 2 3 2
304.334 0.00657084 0.00657084 2 3 2
304.834 0.00655748 0.00655748 2 3 2
305.334 0.00654417 0.00654417 2 3 2
305.834 0.00653091 0.00653091 2 3 2
306.334 0.00651769 0.00651769 2 3 2
306.834 0.00650452 0.00650452 2 3 2
307.334 0.00649139 0.00649139 2 3 2
307.834 0.00647831 0.00647831 2 3 2
308.334 0.00646527 0.00646527 2 3 2
308.834 0.00645227 0.00645227 2 3 2
309.334 0.00643932 0.00643932 2 3 2
309.834 0.00642642 0.00642642 2 3 2
310.334 0.00641355 0.00641355 2 3 2
310.834 0.00640073 0.00640073 2 3 2
311.334 0.00638796 0.00638796 2 3 2
311.834 0.00637522 0.00637522 2 3 2
312.334 0.00636253 0.00636253 2 3 2
312.834 0.00634988 0.00634988 2 3 2
312.834 0.00634988 0.00634988 2 3 2
312.854 0.00634938 0.00634938 2 3 2
312.894 0.00634837 0.00634837 2 3 2
312.974 0.00634635 0.00634635 2 3 2
313.134 0.00634231 0.00634231 2 3 2
313.454 0.00633426 0.00633426 2 3 2
313.954 0.0063217 0.0063217 2 3 2
314.454 0.00630919 0.00630919 2 3 2
314.954 0.00629672 0.00629672 2 3 2
315.454 0.00628429 0.00628429 2 3 2
315.954 0.0062719 0.0062719 2 3 2
316.454 0.00625956 0.00625956 2 3 2
316.954 0.00624725 0.00624725 2 3 2
317.454 0.00623498 0.00623498 2 3 2
317.954 0.00622276 0.00622276 2 3 2
318.454 0.00621057 0.00621057 2 3 2
318.954 0.00619843 0.00619843 2 3 2
319.454 0.00618632 0.00618632 2 3 2
319.954 0.00617426 0.00617426 2 3 2
320.454 0.00616223 0.00616223 2 3 2
320.954 0.00615024 0.00615024 2 3 2
321.454 0.0061383 0.0061383 2 3 2
321.954 0.00612639 0.00612639 2 3 2
322.454 0.00611452 0.00611452 2 3 2
322.954 0.00610269 0.00610269 2 3 2
323.454 0.00609089 0.00609089 2 3 2
323.954 0.00607914 0.00607914 2 3 2
324.454 0.00606742 0.00606742 2 3 2
324.954 0.00605574 0.00605574 2 3 2
325.454 0.0060441 0.0060441 2 3 2
325.954 0.0060325 0.0060325 2 3 2
326.454 0.00602093 0.00602093 2 3 2
326.954 0.0060094 0.0060094 2 3 2
327.454 0.00599791 0.00599791 2 3 2
327.954 0.00598645 0.00598645 2 3 2
328.454 0.00597503 0.00597503 2 3 2
328.954 0.00596365 0.00596365 2 3 2
329.454 0.0059523 0.0059523 2 3 2
329.954 0.00594099 0.00594099 2 3 2
330.454 0.00592972 0.00592972 2 3 2
330.954 0.00591848 0.00591848 2 3 2
331.454 0.00590727 0.00590727 2 3 2
331.954 0.0058961 0.0058961 2 3 2
332.454 0.00588497 0.00588497 2 3 2
332.954 0.00587387 0.00587387 2 3 2
333.454 0.00586281 0.00586281 2 3 2
333.954 0.00585178 0.00585178 2 3 2
334.454 0.00584079 0.00584079 2 3 2
334.954 0.00582983 0.00582983 2 3 2
335.454 0.0058189 0.0058189 2 3 2
335.954 0.00580801 0.00580801 2 3 2
336.454 0.00579715 0.00579715 2 3 2
336.954 0.00578633 0.00578633 2 3 2
337.454 0.00577554 0.00577554 2 3 2
337.954 0.00576479 0.00576479 2 3 2
338.454 0.00575406 0.00575406 2 3 2
338.954 0.00574337 0.00574337 2 3 2
339.454 0.00573272 0.00573272 2 3 2
339.954 0.00572209 0.00572209 2 3 2
340.454 0.0057115 0.0057115 2 3 2
340.954 0.00570094 0.00570094 2 3 2
341.454 0.00569042 0.00569042 2 3 2
341.954 0.00567992 0.00567992 2 3 2
342.454 0.00566946 0.00566946 2 3 2
342.954 0.00565903 0.00565903 2 3 2
343.454 0.00564864 0.00564864 2 3 2
343.954 0.00563827 0.00563827 2 3 2
344.454 0.00562794 0.00562794 2 3 2
344.954 0.00561763 0.00561763 2 3 2
345.454 0.00560736 0.00560736 2 3 2
345.954 0.00559712 0.00559712 2 3 2
346.454 0.00558691 0.00558691 2 3 2
346.954 0.00557673 0.00557673 2 3 2
347.454 0.00556659 0.00556659 2 3 2
347.954 0.00555647 0.00555647 2 3 2
348.454 0.00554638 0.00554638 2 3 2
348.954 0.00553632 0.00553632 2 3 2
349.454 0.0055263 0.0055263 2 3 2
349.954 0.0055163 0.0055163 2 3 2
350.454 0.00550634 0.00550634 2 3 2
350.954 0.0054964 0.0054964 2 3 2
351.454 0.00548649 0.00548649 2 3 2
351.954 0.00547662 0.00547662 2 3 2
352.454 0.00546677 0.00546677 2 3 2
352.954 0.00545695 0.00545695 2 3 2
353.454 0.00544716 0.00544716 2 3 2
353.954 0.0054374 0.0054374 2 3 2
354.454 0.00542767 0.00542767 2 3 2
354.954 0.00541797 0.00541797 2 3 2
355.454 0.00540829 0.00540829 2 3 2
355.954 0.00539865 0.00539865 2 3 2
356.454 0.00538903 0.00538903 2 3 2
356.954 0.00537944 0.00537944 2 3 2
357.454 0.00536988 0.00536988 2 3 2
357.954 0.00536035 0.00536035 2 3 2
358.454 0.00535085 0.00535085 2 3 2
358.954 0.00534137 0.00534137 2 3 2
359.454 0.00533192 0.00533192 2 3 2
359.954 0.0053225 0.0053225 2 3 2
360.454 0.0053131 0.0053131 2 3 2
360.954 0.00530374 0.00530374 2 3 2
361.454 0.0052944 0.0052944 2 3 2
361.954 0.00528509 0.00528509 2 3 2
362.454 0.0052758 0.0052758 2 3 2
362.954 0.00526654 0.00526654 2 3 2
363.454 0.00525731 0.00525731 2 3 2
363.954 0.0052481 0.0052481 2 3 2
364.454 0.00523893 0.00523893 2 3 2
364.954 0.00522977 0.00522977 2 3 2
365.454 0.00522065 0.00522065 2 3 2
365.954 0.00521155 0.00521155 2 3 2
366.454 0.00520247 0.00520247 2 3 2
366.954 0.00519343 0.00519343 2 3 2
367.454 0.00518441 0.00518441 2 3 2
367.954 0.00517541 0.00517541 2 3 2
368.454 0.00516644 0.00516644 2 3 2
368.954 0.00515749 0.00515749 2 3 2
369.454 0.00514857 0.00514857 2 3 2
369.954 0.00513968 0.00513968 2 3 2
370.454 0.00513081 0.00513081 2 3 2
370.954 0.00512197 0.00512197 2 3 2
371.454 0.00511315 0.00511315 2 3 2
371.954 0.00510436 0.00510436 2 3 2
372.454 0.00509559 0.00509559 2 3 2
372.954 0.00508684 0.00508684 2 3 2
373.454 0.00507812 0.00507812 2 3 2
373.954 0.00506943 0.00506943 2 3 2
374.454 0.00506076 0.00506076 2 3 2
374.954 0.00505211 0.00505211 2 3 2
375.454 0.00504349 0.00504349 2 3 2
375.954 0.00503489 0.00503489 2 3 2
376.454 0.00502632 0.00502632 2 3 2
376.954 0.00501777 0.00501777 2 3 2
377.454 0.00500924 0.00500924 2 3 2
377.954 0.00500074 0.00500074 2 3 2
378.454 0.00499226 0.00499226 2 3 2
378.954 0.0049838 0.0049838 2 3 2
379.454 0.00497537 0.00497537 2 3 2
379.954 0.00496696 0.00496696 2 3 2
380.454 0.00495857 0.00495857 2 3 2
380.954 0.00495021 0.00495021 2 3 2
381.454 0.00494187 0.00494187 2 3 2
381.954 0.00493356 0.00493356 2 3 2
382.454 0.00492526 0.00492526 2 3 2
382.954 0.00491699 0.00491699 2 3 2
383.454 0.00490874 0.00490874 2 3 2
383.954 0.00490052 0.00490052 2 3 2
384.454 0.00489231 0.00489231 2 3 2
384.954 0.00488413 0.00488413 2 3 2
385.454 0.00487598 0.00487598 2 3 2
385.954 0.00486784 0.00486784 2 3 2
386.454 0.00485973 0.00485973 2 3 2
386.954 0.00485163 0.00485163 2 3 2
387.454 0.00484356 0.00484356 2 3 2
387.954 0.00483551 0.00483551 2 3 2
388.454 0.00482749 0.00482749 2 3 2
388.954 0.00481948 0.00481948 2 3 2
389.454 0.0048115 0.0048115 2 3 2
389.954 0.00480354 0.00480354 2 3 2
390.454 0.0047956 0.0047956 2 3 2
390.954 0.00478768 0.00478768 2 3 2
391.454 0.00477978 0.00477978 2 3 2
391.954 0.00477191 0.00477191 2 3 2
392.454 0.00476405 0.00476405 2 3 2
392.954 0.00475622 0.00475622 2 3 2
393.454 0.0047484 0.0047484 2 3 2
393.954 0.00474061 0.00474061 2 3 2
394.454 0.00473284 0.00473284 2 3 2
394.954 0.00472509 0.00472509 2 3 2
395.454 0.00471736 0.00471736 2 3 2
395.954 0.00470965 0.00470965 2 3 2
396.454 0.00470196 0.00470196 2 3 2
396.954 0.00469429 0.00469429 2 3 2
397.454 0.00468664 0.00468664 2 3 2
397.954 0.00467901 0.00467901 2 3 2
398.454 0.00467141 0.00467141 2 3 2
398.954 0.00466382 0.00466382 2 3 2
399.454 0.00465625 0.00465625 2 3 2
399.954 0.0046487 0.0046487 2 3 2
400.454 0.00464117 0.00464117 2 3 2
400.954 0.00463366 0.00463366 2 3 2
401.454 0.00462617 0.00462617 2 3 2
401.954 0.0046187 0.0046187 2 3 2
402.454 0.00461125 0.00461125 2 3 2
402.954 0.00460382 0.00460382 2 3 2
403.454 0.00459641 0.00459641 2 3 2
403.954 0.00458902 0.00458902 2 3 2
404.454 0.00458165 0.00458165 2 3 2
404.954 0.0045743 0.0045743 2 3 2
405.454 0.00456696 0.00456696 2 3 2
405.954 0.00455965 0.00455965 2 3 2
406.454 0.00455235 0.00455235 2 3 2
406.954 0.00454507 0.00454507 2 3 2
407.454 0.00453781 0.00453781 2 3 2
407.954 0.00453057 0.00453057 2 3 2
408.454 0.00452335 0.00452335 2 3 2
408.954 0.00451615 0.00451615 2 3 2
409.454 0.00450896 0.00450896 2 3 2
409.954 0.0045018 0.0045018 2 3 2
410.454 0.00449465 0.00449465 2 3 2
410.454 0.00449465 0.00449465 2 3 2
410.474 0.00449437 0.00449437 2 3 2
410.514 0.0044938 0.0044938 2 3 2
410.594 0.00449265 0.00449265 2 3 2
410.754 0.00449037 0.00449037 2 3 2
411.074 0.00448581 0.00448581 2 3 2
411.574 0.00447871 0.00447871 2 3 2
412.074 0.00447162 0.00447162 2 3 2
412.574 0.00446455 0.00446455 2 3 2
413.074 0.0044575 0.0044575 2 3 2
413.574 0.00445046 0.00445046 2 3 2
414.074 0.00444345 0.00444345 2 3 2
414.574 0.00443645 0.00443645 2 3 2
415.074 0.00442947 0.00442947 2 3 2
415.574 0.0044225 0.0044225 2 3 2
416.074 0.00441556 0.00441556 2 3 2
416.574 0.00440863 0.00440863 2 3 2
417.074 0.00440172 0.00440172 2 3 2
417.574 0.00439483 0.00439483 2 3 2
418.074 0.00438795 0.00438795 2 3 2
418.574 0.00438109 0.00438109 2 3 2
419.074 0.00437425 0.00437425 2 3 2
419.574 0.00436743 0.00436743 2 3 2
420.074 0.00436062 0.00436062 2 3 2
420.574 0.00435383 0.00435383 2 3 2
421.074 0.00434706 0.00434706 2 3 2
421.574 0.0043403 0.0043403 2 3 2
422.074 0.00433356 0.00433356 2 3 2
422.574 0.00432684 0.00432684 2 3 2
423.074 0.00432013 0.00432013 2 3 2
423.574 0.00431345 0.00431345 2 3 2
424.074 0.00430677 0.00430677 2 3 2
424.574 0.00430012 0.00430012 2 3 2
425.074 0.00429348 0.00429348 2 3 2
425.574 0.00428685 0.00428685 2 3 2
426.074 0.00428025 0.00428025 2 3 2
426.574 0.00427366 0.00427366 2 3 2
427.074 0.00426708 0.00426708 2 3 2
427.574 0.00426053 0.00426053 2 3 2
428.074 0.00425398 0.00425398 2 3 2
428.574 0.00424746 0.00424746 2 3 2
429.074 0.00424095 0.00424095 2 3 2
429.574 0.00423446 0.00423446 2 3 2
430.074 0.00422798 0.00422798 2 3 2
430.574 0.00422152 0.00422152 2 3 2
431.074 0.00421507 0.00421507 2 3 2
431.574 0.00420864 0.00420864 2 3 2
432.074 0.00420223 0.00420223 2 3 2
432.574 0.00419583 0.00419583 2 3 2
433.074 0.00418944 0.00418944 2 3 2
433.574 0.00418308 0.00418308 2 3 2
434.074 0.00417672 0.00417672 2 3 2
434.574 0.00417039 0.00417039 2 3 2
435.074 0.00416406 0.00416406 2 3 2
435.574 0.00415776 0.00415776 2 3 2
436.074 0.00415147 0.00415147 2 3 2
436.574 0.00414519 0.00414519 2 3 2
437.074 0.00413893 0.00413893 2 3 2
437.574 0.00413268 0.00413268 2 3 2
438.074 0.00412645 0.00412645 2 3 2
438.574 0.00412024 0.00412024 2 3 2
439.074 0.00411404 0.00411404 2 3 2
439.574 0.00410785 0.00410785 2 3 2
440.074 0.00410168 0.00410168 2 3 2
440.574 0.00409552 0.00409552 2 3 2
441.074 0.00408938 0.00408938 2 3 2
441.574 0.00408326 0.00408326 2 3 2
442.074 0.00407714 0.00407714 2 3 2
442.574 0.00407105 0.00407105 2 3 2
443.074 0.00406496 0.00406496 2 3 2
443.574 0.00405889 0.00405889 2 3 2
444.074 0.00405284 0.00405284 2 3 2
444.574 0.0040468 0.0040468 2 3 2
445.074 0.00404077 0.00404077 2 3 2
445.574 0.00403476 0.00403476 2 3 2
446.074 0.00402876 0.00402876 2 3 2
446.574 0.00402278 0.00402278 2 3 2
447.074 0.00401681 0.00401681 2 3 2
447.574 0.00401086 0.00401086 2 3 2
448.074 0.00400491 0.00400491 2 3 2
448.574 0.00399899 0.00399899 2 3 2
449.074 0.00399307 0.00399307 2 3 2
449.574 0.00398718 0.00398718 2 3 2
450.074 0.00398129 0.00398129 2 3 2
450.574 0.00397542 0.00397542 2 3 2
451.074 0.00396956 0.00396956 2 3 2
451.574 0.00396372 0.00396372 2 3 2
452.074 0.00395789 0.00395789 2 3 2
452.574 0.00395207 0.00395207 2 3 2
453.074 0.00394626 0.00394626 2 3 2
453.574 0.00394047 0.00394047 2 3 2
454.074 0.0039347 0.0039347 2 3 2
454.574 0.00392893 0.00392893 2 3 2
455.074 0.00392318 0.00392318 2 3 2
455.574 0.00391745 0.00391745 2 3 2
456.074 0.00391173 0.00391173 2 3 2
456.574 0.00390602 0.00390602 2 3 2
457.074 0.00390032 0.00390032 2 3 2
457.574 0.00389463 0.00389463 2 3 2
458.074 0.00388896 0.00388896 2 3 2
458.574 0.00388331 0.00388331 2 3 2
459.074 0.00387766 0.00387766 2 3 2
459.574 0.00387203 0.00387203 2 3 2
460.074 0.00386641 0.00386641 2 3 2
460.574 0.00386081 0.00386081 2 3 2
461.074 0.00385521 0.00385521 2 3 2
461.574 0.00384963 0.00384963 2 3 2
462.074 0.00384406 0.00384406 2 3 2
462.574 0.00383851 0.00383851 2 3 2
463.074 0.00383297 0.00383297 2 3 2
463.574 0.00382744 0.00382744 2 3 2
464.074 0.00382192 0.00382192 2 3 2
464.574 0.00381642 0.00381642 2 3 2
465.074 0.00381092 0.00381092 2 3 2
465.574 0.00380544 0.00380544 2 3 2
466.074 0.00379998 0.00379998 2 3 2
466.574 0.00379452 0.00379452 2 3 2
467.074 0.00378908 0.00378908 2 3 2
467.574 0.00378365 0.00378365 2 3 2
468.074 0.00377823 0.00377823 2 3 2
468.574 0.00377283 0.00377283 2 3 2
469.074 0.00376743 0.00376743 2 3 2
469.574 0.00376205 0.00376205 2 3 2
470.074 0.00375668 0.00375668 2 3 2
470.574 0.00375132 0.00375132 2 3 2
471.074 0.00374598 0.00374598 2 3 2
471.574 0.00374065 0.00374065 2 3 2
472.074 0.00373532 0.00373532 2 3 2
472.574 0.00373001 0.00373001 2 3 2
473.074 0.00372472 0.00372472 2 3 2
473.574 0.00371943 0.00371943 2 3 2
474.074 0.00371416 0.00371416 2 3 2
474.574 0.00370889 0.00370889 2 3 2
475.074 0.00370364 0.00370364 2 3 2
475.574 0.0036984 0.0036984 2 3 2
476.074 0.00369318 0.00369318 2 3 2
476.574 0.00368796 0.00368796 2 3 2
477.074 0.00368276 0.00368276 2 3 2
477.574 0.00367756 0.00367756 2 3 2
478.074 0.00367238 0.00367238 2 3 2
478.574 0.00366721 0.00366721 2 3 2
479.074 0.00366205 0.00366205 2 3 2
479.574 0.00365691 0.00365691 2 3 2
480.074 0.00365177 0.00365177 2 3 2
480.574 0.00364665 0.00364665 2 3 2
481.074 0.00364153 0.00364153 2 3 2
481.574 0.00363643 0.00363643 2 3 2
482.074 0.00363134 0.00363134 2 3 2
482.574 0.00362626 0.00362626 2 3 2
483.074 0.00362119 0.00362119 2 3 2
483.574 0.00361613 0.00361613 2 3 2
484.074 0.00361109 0.00361109 2 3 2
484.574 0.00360605 0.00360605 2 3 2
485.074 0.00360103 0.00360103 2 3 2
485.574 0.00359601 0.00359601 2 3 2
486.074 0.00359101 0.00359101 2 3 2
486.574 0.00358602 0.00358602 2 3 2
487.074 0.00358104 0.00358104 2 3 2
487.574 0.00357606 0.00357606 2 3 2
488.074 0.00357111 0.00357111 2 3 2
488.574 0.00356616 0.00356616 2 3 2
489.074 0.00356122 0.00356122 2 3 2
489.574 0.00355629 0.00355629 2 3 2
490.074 0.00355137 0.00355137 2 3 2
490.574 0.00354647 0.00354647 2 3 2
491.074 0.00354157 0.00354157 2 3 2
491.574 0.00353669 0.00353669 2 3 2
492.074 0.00353181 0.00353181 2 3 2
492.574 0.00352695 0.00352695 2 3 2
493.074 0.00352209 0.00352209 2 3 2
493.574 0.00351725 0.00351725 2 3 2
494.074 0.00351242 0.00351242 2 3 2
494.574 0.00350759 0.00350759 2 3 2
495.074 0.00350278 0.00350278 2 3 2
495.574 0.00349798 0.00349798 2 3 2
496.074 0.00349319 0.00349319 2 3 2
496.574 0.0034884 0.0034884 2 3 2
497.074 0.00348363 0.00348363 2 3 2
497.574 0.00347887 0.00347887 2 3 2
498.074 0.00347412 0.00347412 2 3 2
498.574 0.00346938 0.00346938 2 3 2
499.074 0.00346465 0.00346465 2 3 2
499.574 0.00345992 0.00345992 2 3 2
500.074 0.00345521 0.00345521 2 3 2
500.574 0.00345051 0.00345051 2 3 2
501.074 0.00344582 0.00344582 2 3 2
501.574 0.00344114 0.00344114 2 3 2
502.074 0.00343647 0.00343647 2 3 2
502.574 0.0034318 0.0034318 2 3 2
503.074 0.00342715 0.00342715 2 3 2
503.574 0.00342251 0.00342251 2 3 2
504.074 0.00341788 0.00341788 2 3 2
504.574 0.00341325 0.00341325 2 3 2
505.074 0.00340864 0.00340864 2 3 2
505.574 0.00340403 0.00340403 2 3 2
506.074 0.00339944 0.00339944 2 3 2
506.574 0.00339486 0.00339486 2 3 2
507.074 0.00339028 0.00339028 2 3 2
507.574 0.00338572 0.00338572 2 3 2
508.074 0.00338116 0.00338116 2 3 2
508.074 0.00338116 0.00338116 2 3 2
508.094 0.00338098 0.00338098 2 3 2
508.134 0.00338061 0.00338061 2 3 2
508.214 0.00337989 0.00337989 2 3 2
508.374 0.00337843 0.00337843 2 3 2
508.694 0.00337552 0.00337552 2 3 2
509.194 0.00337099 0.00337099 2 3 2
509.694 0.00336646 0.00336646 2 3 2
510.194 0.00336195 0.00336195 2 3 2
510.694 0.00335744 0.00335744 2 3 2
511.194 0.00335294 0.00335294 2 3 2
511.694 0.00334845 0.00334845 2 3 2
512.194 0.00334398 0.00334398 2 3 2
512.694 0.00333951 0.00333951 2 3 2
513.194 0.00333504 0.00333504 2 3 2
513.694 0.00333059 0.00333059 2 3 2
514.194 0.00332615 0.00332615 2 3 2
514.694 0.00332172 0.00332172 2 3 2
515.194 0.00331729 0.00331729 2 3 2
515.694 0.00331288 0.00331288 2 3 2
516.194 0.00330847 0.00330847 2 3 2
516.694 0.00330408 0.00330408 2 3 2
517.194 0.00329969 0.00329969 2 3 2
517.694 0.00329531 0.00329531 2 3 2
518.194 0.00329094 0.00329094 2 3 2
518.694 0.00328658 0.00328658 2 3 2
519.194 0.00328223 0.00328223 2 3 2
519.694 0.00327788 0.00327788 2 3 2
520.194 0.00327355 0.00327355 2 3 2
520.694 0.00326922 0.00326922 2 3 2
521.194 0.00326491 0.00326491 2 3 2
521.694 0.0032606 0.0032606 2 3 2
522.194 0.0032563 0.0032563 2 3 2
522.694 0.00325201 0.00325201 2 3 2
523.194 0.00324773 0.00324773 2 3 2
523.694 0.00324345 0.00324345 2 3 2
524.194 0.00323919 0.00323919 2 3 2
524.694 0.00323493 0.00323493 2 3 2
525.194 0.00323068 0.00323068 2 3 2
525.694 0.00322645 0.00322645 2 3 2
526.194 0.00322221 0.00322221 2 3 2
526.694 0.00321799 0.00321799 2 3 2
527.194 0.00321378 0.00321378 2 3 2
527.694 0.00320957 0.00320957 2 3 2
528.194 0.00320538 0.00320538 2 3 2
528.694 0.00320119 0.00320119 2 3 2
529.194 0.00319701 0.00319701 2 3 2
529.694 0.00319284 0.00319284 2 3 2
530.194 0.00318867 0.00318867 2 3 2
530.694 0.00318452 0.00318452 2 3 2
531.194 0.00318037 0.00318037 2 3 2
531.694 0.00317623 0.00317623 2 3 2
532.194 0.0031721 0.0031721 2 3 2
532.694 0.00316798 0.00316798 2 3 2
533.194 0.00316387 0.00316387 2 3 2
533.694 0.00315976 0.00315976 2 3 2
534.194 0.00315566 0.00315566 2 3 2
534.694 0.00315157 0.00315157 2 3 2
535.194 0.00314749 0.00314749 2 3 2
535.694 0.00314342 0.00314342 2 3 2
536.194 0.00313935 0.00313935 2 3 2
536.694 0.0031353 0.0031353 2 3 2
537.194 0.00313125 0.00313125 2 3 2
537.694 0.00312721 0.00312721 2 3 2
538.194 0.00312317 0.00312317 2 3 2
538.694 0.00311915 0.00311915 2 3 2
539.194 0.00311513 0.00311513 2 3 2
539.694 0.00311112 0.00311112 2 3 2
540.194 0.00310712 0.00310712 2 3 2
540.694 0.00310312 0.00310312 2 3 2
541.194 0.00309914 0.00309914 2 3 2
541.694 0.00309516 0.00309516 2 3 2
542.194 0.00309119 0.00309119 2 3 2
542.694 0.00308723 0.00308723 2 3 2
543.194 0.00308327 0.00308327 2 3 2
543.694 0.00307932 0.00307932 2 3 2
544.194 0.00307538 0.00307538 2 3 2
544.694 0.00307145 0.00307145 2 3 2
545.194 0.00306753 0.00306753 2 3 2
545.694 0.00306361 0.00306361 2 3 2
546.194 0.0030597 0.0030597 2 3 2
546.694 0.0030558 0.0030558 2 3 2
547.194 0.0030519 0.0030519 2 3 2
547.694 0.00304802 0.00304802 2 3 2
548.194 0.00304414 0.00304414 2 3 2
548.694 0.00304027 0.00304027 2 3 2
549.194 0.0030364 0.0030364 2 3 2
549.694 0.00303254 0.00303254 2 3 2
550.194 0.00302869 0.00302869 2 3 2
550.694 0.00302485 0.00302485 2 3 2
551.194 0.00302102 0.00302102 2 3 2
551.694 0.00301719 0.00301719 2 3 2
552.194 0.00301337 0.00301337 2 3 2
552.694 0.00300956 0.00300956 2 3 2
553.194 0.00300575 0.00300575 2 3 2
553.694 0.00300195 0.00300195 2 3 2
554.194 0.00299816 0.00299816 2 3 2
554.694 0.00299438 0.00299438 2 3 2
555.194 0.0029906 0.0029906 2 3 2
555.694 0.00298683 0.00298683 2 3 2
556.194 0.00298307 0.00298307 2 3 2
556.694 0.00297932 0.00297932 2 3 2
557.194 0.00297557 0.00297557 2 3 2
557.694 0.00297183 0.00297183 2 3 2
558.194 0.0029681 0.0029681 2 3 2
558.694 0.00296437 0.00296437 2 3 2
559.194 0.00296065 0.00296065 2 3 2
559.694 0.00295694 0.00295694 2 3 2
560.194 0.00295323 0.00295323 2 3 2
560.694 0.00294953 0.00294953 2 3 2
561.194 0.00294584 0.00294584 2 3 2
561.694 0.00294216 0.00294216 2 3 2
562.194 0.00293848 0.00293848 2 3 2
562.694 0.00293481 0.00293481 2 3 2
563.194 0.00293115 0.00293115 2 3 2
563.694 0.00292749 0.00292749 2 3 2
564.194 0.00292384 0.00292384 2 3 2
564.694 0.0029202 0.0029202 2 3 2
565.194 0.00291656 0.00291656 2 3 2
565.694 0.00291293 0.00291293 2 3 2
566.194 0.00290931 0.00290931 2 3 2
566.694 0.00290569 0.00290569 2 3 2
567.194 0.00290208 0.00290208 2 3 2
567.694 0.00289848 0.00289848 2 3 2
568.194 0.00289488 0.00289488 2 3 2
568.694 0.00289129 0.00289129 2 3 2
569.194 0.00288771 0.00288771 2 3 2
569.694 0.00288414 0.00288414 2 3 2
570.194 0.00288057 0.00288057 2 3 2
570.694 0.002877 0.002877 2 3 2
571.194 0.00287345 0.00287345 2 3 2
571.694 0.0028699 0.0028699 2 3 2
572.194 0.00286636 0.00286636 2 3 2
572.694 0.00286282 0.00286282 2 3 2
573.194 0.00285929 0.00285929 2 3 2
573.694 0.00285577 0.00285577 2 3 2
574.194 0.00285225 0.00285225 2 3 2
574.694 0.00284874 0.00284874 2 3 2
575.194 0.00284524 0.00284524 2 3 2
575.694 0.00284174 0.00284174 2 3 2
576.194 0.00283825 0.00283825 2 3 2
576.694 0.00283476 0.00283476 2 3 2
577.194 0.00283129 0.00283129 2 3 2
577.694 0.00282781 0.00282781 2 3 2
578.194 0.00282435 0.00282435 2 3 2
578.694 0.00282089 0.00282089 2 3 2
579.194 0.00281744 0.00281744 2 3 2
579.694 0.00281399 0.00281399 2 3 2
580.194 0.00281055 0.00281055 2 3 2
580.694 0.00280712 0.00280712 2 3 2
581.194 0.00280369 0.00280369 2 3 2
581.694 0.00280027 0.00280027 2 3 2
582.194 0.00279685 0.00279685 2 3 2
582.694 0.00279345 0.00279345 2 3 2
583.194 0.00279004 0.00279004 2 3 2
583.694 0.00278665 0.00278665 2 3 2
584.194 0.00278326 0.00278326 2 3 2
584.694 0.00277987 0.00277987 2 3 2
585.194 0.00277649 0.00277649 2 3 2
585.694 0.00277312 0.00277312 2 3 2
586.194 0.00276976 0.00276976 2 3 2
586.694 0.0027664 0.0027664 2 3 2
587.194 0.00276304 0.00276304 2 3 2
587.694 0.00275969 0.00275969 2 3 2
588.194 0.00275635 0.00275635 2 3 2
588.694 0.00275302 0.00275302 2 3 2
589.194 0.00274969 0.00274969 2 3 2
589.694 0.00274636 0.00274636 2 3 2
590.194 0.00274305 0.00274305 2 3 2
590.694 0.00273974 0.00273974 2 3 2
591.194 0.00273643 0.00273643 2 3 2
591.694 0.00273313 0.00273313 2 3 2
592.194 0.00272984 0.00272984 2 3 2
592.694 0.00272655 0.00272655 2 3 2
593.194 0.00272327 0.00272327 2 3 2
593.694 0.00271999 0.00271999 2 3 2
594.194 0.00271672 0.00271672 2 3 2
594.694 0.00271345 0.00271345 2 3 2
595.194 0.00271019 0.00271019 2 3 2
595.694 0.00270694 0.00270694 2 3 2
596.194 0.00270369 0.00270369 2 3 2
596.694 0.00270045 0.00270045 2 3 2
597.194 0.00269722 0.00269722 2 3 2
597.694 0.00269399 0.00269399 2 3 2
598.194 0.00269076 0.00269076 2 3 2
598.694 0.00268754 0.00268754 2 3 2
599.194 0.00268433 0.00268433 2 3 2
599.694 0.00268112 0.00268112 2 3 2
600.194 0.00267792 0.00267792 2 3 2
600.694 0.00267473 0.00267473 2 3 2
601.194 0.00267154 0.00267154 2 3 2
601.694 0.00266835 0.00266835 2 3 2
602.194 0.00266517 0.00266517 2 3 2
602.694 0.002662 0.002662 2 3 2
603.194 0.00265883 0.00265883 2 3 2
603.694 0.00265567 0.00265567 2 3 2
604.194 0.00265251 0.00265251 2 3 2
604.694 0.00264936 0.00264936 2 3 2
605.194 0.00264621 0.00264621 2 3 2
605.694 0.00264307 0.00264307 2 3 2
