1.775399999999999920e+02 7.259400000000000575e-02
1.775399999999999920e+02 7.259400000000000575e-02
1.775389999999999873e+02 7.259300000000000475e-02
1.775420000000000016e+02 7.259619999999999962e-02
1.775440000000000111e+02 7.259780000000000399e-02
1.775509999999999877e+02 7.260550000000000337e-02
1.775569999999999879e+02 7.261109999999999787e-02
1.775629999999999882e+02 7.261710000000000387e-02
1.775680000000000121e+02 7.262259999999999549e-02
1.775720000000000027e+02 7.262620000000000187e-02
1.775740000000000123e+02 7.262860000000000149e-02
1.775780000000000030e+02 7.263279999999999736e-02
1.775769999999999982e+02 7.263179999999999636e-02
1.775759999999999934e+02 7.263070000000000637e-02
1.775749999999999886e+02 7.262979999999999436e-02
1.775850000000000080e+02 7.264009999999999911e-02
1.775869999999999891e+02 7.264239999999999586e-02
1.775889999999999986e+02 7.264439999999999786e-02
1.775939999999999941e+02 7.264900000000000524e-02
1.775999999999999943e+02 7.265499999999999736e-02
1.776040000000000134e+02 7.265900000000000136e-02
1.776069999999999993e+02 7.266259999999999386e-02
1.776119999999999948e+02 7.266770000000000174e-02
1.776150000000000091e+02 7.267020000000000424e-02
1.776189999999999998e+02 7.267500000000000349e-02
1.776220000000000141e+02 7.267740000000000311e-02
1.776239999999999952e+02 7.267959999999999698e-02
1.776399999999999864e+02 7.269609999999999961e-02
1.776550000000000011e+02 7.271130000000000648e-02
1.776819999999999879e+02 7.273930000000000673e-02
1.777319999999999993e+02 7.279069999999999985e-02
1.778240000000000123e+02 7.288469999999999671e-02
1.779900000000000091e+02 7.305689999999999407e-02
1.781409999999999911e+02 7.321469999999999367e-02
1.782779999999999916e+02 7.335919999999999941e-02
1.784029999999999916e+02 7.349150000000000127e-02
1.789029999999999916e+02 7.402839999999999421e-02
1.794029999999999916e+02 7.457790000000000252e-02
1.799029999999999916e+02 7.513980000000000659e-02
1.804029999999999916e+02 7.571400000000000352e-02
1.809029999999999916e+02 7.630030000000000145e-02
1.814029999999999916e+02 7.689859999999999751e-02
1.819029999999999916e+02 7.750869999999999982e-02
1.824029999999999916e+02 7.813069999999999737e-02
1.829029999999999916e+02 7.876429999999999543e-02
1.834029999999999916e+02 7.940949999999999398e-02
1.839029999999999916e+02 8.006630000000000691e-02
1.844029999999999916e+02 8.073460000000000358e-02
1.849029999999999916e+02 8.141429999999999501e-02
1.854029999999999916e+02 8.210530000000000606e-02
1.859019999999999868e+02 8.280769999999999798e-02
1.864019999999999868e+02 8.352130000000000665e-02
1.869019999999999868e+02 8.424619999999999331e-02
1.874019999999999868e+02 8.498229999999999673e-02
1.879019999999999868e+02 8.572960000000000302e-02
1.884019999999999868e+02 8.648799999999999544e-02
1.889019999999999868e+02 8.725760000000000460e-02
1.894019999999999868e+02 8.803819999999999701e-02
1.899019999999999868e+02 8.883000000000000618e-02
1.904019999999999868e+02 8.963290000000000146e-02
1.909019999999999868e+02 9.044679999999999387e-02
1.914019999999999868e+02 9.127180000000000015e-02
1.919019999999999868e+02 9.210790000000000644e-02
1.924019999999999868e+02 9.295499999999999596e-02
1.929019999999999868e+02 9.381309999999999649e-02
1.934019999999999868e+02 9.468229999999999702e-02
1.939019999999999868e+02 9.556249999999999467e-02
1.944019999999999868e+02 9.645370000000000332e-02
1.949019999999999868e+02 9.735589999999999522e-02
1.954019999999999868e+02 9.826909999999999812e-02
1.959019999999999868e+02 9.919329999999999814e-02
1.964019999999999868e+02 1.001279999999999948e-01
1.969019999999999868e+02 1.010749999999999982e-01
1.974019999999999868e+02 1.020319999999999977e-01
1.979019999999999868e+02 1.029999999999999943e-01
1.984019999999999868e+02 1.039790000000000020e-01
1.989019999999999868e+02 1.049680000000000057e-01
1.994019999999999868e+02 1.059689999999999938e-01
1.999019999999999868e+02 1.069810000000000066e-01
2.004019999999999868e+02 1.080030000000000018e-01
2.009019999999999868e+02 1.090359999999999940e-01
2.014019999999999868e+02 1.100799999999999973e-01
2.019019999999999868e+02 1.111339999999999967e-01
2.024019999999999868e+02 1.121999999999999942e-01
2.029019999999999868e+02 1.132750000000000007e-01
2.034019999999999868e+02 1.143620000000000053e-01
2.039019999999999868e+02 1.154590000000000061e-01
2.044019999999999868e+02 1.165660000000000029e-01
2.049019999999999868e+02 1.176829999999999959e-01
2.054019999999999868e+02 1.188109999999999999e-01
2.059019999999999868e+02 1.199490000000000001e-01
2.064019999999999868e+02 1.210979999999999973e-01
2.069019999999999868e+02 1.222560000000000036e-01
2.074019999999999868e+02 1.234240000000000059e-01
2.079019999999999868e+02 1.246020000000000044e-01
2.084019999999999868e+02 1.257890000000000119e-01
2.089019999999999868e+02 1.269859999999999878e-01
2.094019999999999868e+02 1.281930000000000014e-01
2.099019999999999868e+02 1.294079999999999953e-01
2.104019999999999868e+02 1.306329999999999991e-01
2.109019999999999868e+02 1.318670000000000120e-01
2.114019999999999868e+02 1.331100000000000061e-01
2.119019999999999868e+02 1.343610000000000082e-01
2.124019999999999868e+02 1.356209999999999916e-01
2.129019999999999868e+02 1.368900000000000117e-01
2.134019999999999868e+02 1.381660000000000110e-01
2.139019999999999868e+02 1.394499999999999906e-01
2.144010000000000105e+02 1.407420000000000060e-01
2.149010000000000105e+02 1.420410000000000006e-01
2.154010000000000105e+02 1.433480000000000032e-01
2.159010000000000105e+02 1.446610000000000118e-01
2.164010000000000105e+02 1.459820000000000007e-01
2.169010000000000105e+02 1.473079999999999945e-01
2.174010000000000105e+02 1.486409999999999954e-01
2.179010000000000105e+02 1.499810000000000032e-01
2.184010000000000105e+02 1.513249999999999873e-01
2.189010000000000105e+02 1.526760000000000062e-01
2.194010000000000105e+02 1.540310000000000012e-01
2.199010000000000105e+02 1.553910000000000013e-01
2.204010000000000105e+02 1.567560000000000064e-01
2.209010000000000105e+02 1.581249999999999878e-01
2.214010000000000105e+02 1.594980000000000009e-01
2.219010000000000105e+02 1.608739999999999892e-01
2.224010000000000105e+02 1.622540000000000093e-01
2.229010000000000105e+02 1.636370000000000047e-01
2.234010000000000105e+02 1.650220000000000020e-01
2.239010000000000105e+02 1.664100000000000024e-01
2.243810000000000002e+02 1.677440000000000042e-01
2.247009999999999934e+02 1.686340000000000061e-01
2.248609999999999900e+02 1.690800000000000081e-01
2.249410000000000025e+02 1.693020000000000080e-01
2.249809999999999945e+02 1.694140000000000090e-01
2.250010000000000048e+02 1.694690000000000085e-01
2.250010000000000048e+02 1.694690000000000085e-01
2.255010000000000048e+02 1.708620000000000139e-01
2.260010000000000048e+02 1.722559999999999925e-01
2.265010000000000048e+02 1.736499999999999988e-01
2.270010000000000048e+02 1.750450000000000061e-01
2.275010000000000048e+02 1.764390000000000125e-01
2.280010000000000048e+02 1.778329999999999911e-01
2.285010000000000048e+02 1.792269999999999974e-01
2.290010000000000048e+02 1.806190000000000018e-01
2.295010000000000048e+02 1.820090000000000041e-01
2.300010000000000048e+02 1.833980000000000055e-01
2.305010000000000048e+02 1.847840000000000038e-01
2.310010000000000048e+02 1.861690000000000011e-01
2.315010000000000048e+02 1.875499999999999945e-01
2.320010000000000048e+02 1.889290000000000136e-01
2.325010000000000048e+02 1.903040000000000009e-01
2.330010000000000048e+02 1.916760000000000130e-01
2.335010000000000048e+02 1.930439999999999934e-01
2.340010000000000048e+02 1.944069999999999965e-01
2.345010000000000048e+02 1.957659999999999956e-01
2.350010000000000048e+02 1.971199999999999897e-01
2.355010000000000048e+02 1.984700000000000075e-01
2.360010000000000048e+02 1.998139999999999916e-01
2.365010000000000048e+02 2.011529999999999985e-01
2.370010000000000048e+02 2.024859999999999993e-01
2.375010000000000048e+02 2.038129999999999942e-01
2.380010000000000048e+02 2.051340000000000108e-01
2.385010000000000048e+02 2.064479999999999926e-01
2.390010000000000048e+02 2.077569999999999972e-01
2.395010000000000048e+02 2.090579999999999938e-01
2.400010000000000048e+02 2.103530000000000122e-01
2.405010000000000048e+02 2.116399999999999948e-01
2.410010000000000048e+02 2.129199999999999982e-01
2.415010000000000048e+02 2.141929999999999945e-01
2.420010000000000048e+02 2.154590000000000116e-01
2.425010000000000048e+02 2.167159999999999920e-01
2.430010000000000048e+02 2.179669999999999941e-01
2.435010000000000048e+02 2.192089999999999872e-01
2.440010000000000048e+02 2.204430000000000001e-01
2.445010000000000048e+02 2.216690000000000049e-01
2.450010000000000048e+02 2.228870000000000018e-01
2.455010000000000048e+02 2.240969999999999906e-01
2.460010000000000048e+02 2.252979999999999983e-01
2.465010000000000048e+02 2.264909999999999979e-01
2.470010000000000048e+02 2.276749999999999885e-01
2.475010000000000048e+02 2.288519999999999999e-01
2.480010000000000048e+02 2.300190000000000012e-01
2.485010000000000048e+02 2.311779999999999946e-01
2.490010000000000048e+02 2.323280000000000067e-01
2.495010000000000048e+02 2.334700000000000109e-01
2.500010000000000048e+02 2.346020000000000050e-01
2.505010000000000048e+02 2.357259999999999911e-01
2.510010000000000048e+02 2.368409999999999960e-01
2.515010000000000048e+02 2.379479999999999928e-01
2.520010000000000048e+02 2.390460000000000085e-01
2.525010000000000048e+02 2.401349999999999874e-01
2.530010000000000048e+02 2.412150000000000127e-01
2.535000000000000000e+02 2.422870000000000024e-01
2.540000000000000000e+02 2.433490000000000097e-01
2.545000000000000000e+02 2.444030000000000091e-01
2.550000000000000000e+02 2.454490000000000005e-01
2.555000000000000000e+02 2.464860000000000106e-01
2.560000000000000000e+02 2.475140000000000118e-01
2.565000000000000000e+02 2.485330000000000039e-01
2.570000000000000000e+02 2.495439999999999880e-01
2.575000000000000000e+02 2.505459999999999909e-01
2.580000000000000000e+02 2.515390000000000126e-01
2.585000000000000000e+02 2.525240000000000262e-01
2.590000000000000000e+02 2.535009999999999764e-01
2.595000000000000000e+02 2.544690000000000007e-01
2.600000000000000000e+02 2.554290000000000171e-01
2.605000000000000000e+02 2.563810000000000255e-01
2.610000000000000000e+02 2.573239999999999972e-01
2.615000000000000000e+02 2.582590000000000163e-01
2.620000000000000000e+02 2.591860000000000275e-01
2.625000000000000000e+02 2.601049999999999751e-01
2.630000000000000000e+02 2.610149999999999970e-01
2.635000000000000000e+02 2.619179999999999842e-01
2.640000000000000000e+02 2.628130000000000188e-01
2.645000000000000000e+02 2.636990000000000167e-01
2.650000000000000000e+02 2.645779999999999799e-01
2.655000000000000000e+02 2.654489999999999905e-01
2.660000000000000000e+02 2.663130000000000219e-01
2.665000000000000000e+02 2.671680000000000166e-01
2.670000000000000000e+02 2.680159999999999765e-01
2.675000000000000000e+02 2.688570000000000126e-01
2.680000000000000000e+02 2.696899999999999853e-01
2.685000000000000000e+02 2.705159999999999787e-01
2.690000000000000000e+02 2.713340000000000196e-01
2.695000000000000000e+02 2.721439999999999970e-01
2.700000000000000000e+02 2.729480000000000239e-01
2.705000000000000000e+02 2.737439999999999873e-01
2.710000000000000000e+02 2.745330000000000270e-01
2.715000000000000000e+02 2.753149999999999764e-01
2.720000000000000000e+02 2.760909999999999753e-01
2.725000000000000000e+02 2.768590000000000217e-01
2.730000000000000000e+02 2.776199999999999779e-01
2.735000000000000000e+02 2.783740000000000103e-01
2.740000000000000000e+02 2.791219999999999812e-01
2.745000000000000000e+02 2.798629999999999729e-01
2.750000000000000000e+02 2.805969999999999853e-01
2.755000000000000000e+02 2.813249999999999917e-01
2.760000000000000000e+02 2.820460000000000189e-01
2.765000000000000000e+02 2.827609999999999846e-01
2.770000000000000000e+02 2.834690000000000265e-01
2.775000000000000000e+02 2.841710000000000069e-01
2.780000000000000000e+02 2.848660000000000081e-01
2.785000000000000000e+02 2.855559999999999765e-01
2.790000000000000000e+02 2.862390000000000212e-01
2.795000000000000000e+02 2.869149999999999756e-01
2.800000000000000000e+02 2.875849999999999795e-01
2.805000000000000000e+02 2.882489999999999775e-01
2.810000000000000000e+02 2.889079999999999981e-01
2.815000000000000000e+02 2.895610000000000128e-01
2.820000000000000000e+02 2.902080000000000215e-01
2.825000000000000000e+02 2.908510000000000262e-01
2.830000000000000000e+02 2.914860000000000229e-01
2.835000000000000000e+02 2.921159999999999868e-01
2.840000000000000000e+02 2.927400000000000002e-01
2.845000000000000000e+02 2.933589999999999809e-01
2.850000000000000000e+02 2.939709999999999823e-01
2.855000000000000000e+02 2.945780000000000065e-01
2.860000000000000000e+02 2.951799999999999979e-01
2.865000000000000000e+02 2.957770000000000121e-01
2.870000000000000000e+02 2.963689999999999936e-01
2.875000000000000000e+02 2.969579999999999997e-01
2.880000000000000000e+02 2.975389999999999979e-01
2.885000000000000000e+02 2.981139999999999901e-01
2.890000000000000000e+02 2.986849999999999783e-01
2.895000000000000000e+02 2.992509999999999892e-01
2.900000000000000000e+02 2.998129999999999962e-01
2.905000000000000000e+02 3.003680000000000239e-01
2.910000000000000000e+02 3.009189999999999920e-01
2.915000000000000000e+02 3.014649999999999830e-01
2.920000000000000000e+02 3.020059999999999967e-01
2.925000000000000000e+02 3.025439999999999796e-01
2.930000000000000000e+02 3.030749999999999833e-01
2.935000000000000000e+02 3.036019999999999830e-01
2.940000000000000000e+02 3.041240000000000054e-01
2.945000000000000000e+02 3.046420000000000239e-01
2.950000000000000000e+02 3.051510000000000056e-01
2.955000000000000000e+02 3.056599999999999873e-01
2.960000000000000000e+02 3.061630000000000185e-01
2.965000000000000000e+02 3.066630000000000189e-01
2.970000000000000000e+02 3.071579999999999866e-01
2.975000000000000000e+02 3.076479999999999770e-01
2.980000000000000000e+02 3.081340000000000190e-01
2.985000000000000000e+02 3.086160000000000014e-01
2.990000000000000000e+02 3.090939999999999799e-01
2.995000000000000000e+02 3.095680000000000098e-01
3.000000000000000000e+02 3.100399999999999823e-01
3.005000000000000000e+02 3.105060000000000042e-01
3.010000000000000000e+02 3.109669999999999934e-01
3.015000000000000000e+02 3.114239999999999786e-01
3.020000000000000000e+02 3.118779999999999886e-01
3.025000000000000000e+02 3.123279999999999945e-01
3.030000000000000000e+02 3.127730000000000232e-01
3.035000000000000000e+02 3.132150000000000212e-01
3.040000000000000000e+02 3.136530000000000151e-01
3.045000000000000000e+02 3.140870000000000051e-01
3.050000000000000000e+02 3.145100000000000118e-01
3.055000000000000000e+02 3.149370000000000225e-01
3.060000000000000000e+02 3.153590000000000004e-01
3.065000000000000000e+02 3.157780000000000031e-01
3.070000000000000000e+02 3.161939999999999751e-01
3.075000000000000000e+02 3.166050000000000253e-01
3.080000000000000000e+02 3.170129999999999892e-01
3.085000000000000000e+02 3.174179999999999779e-01
3.090000000000000000e+02 3.178190000000000182e-01
3.095000000000000000e+02 3.182159999999999989e-01
3.100000000000000000e+02 3.186140000000000083e-01
3.105000000000000000e+02 3.190049999999999830e-01
3.110000000000000000e+02 3.193920000000000092e-01
3.115000000000000000e+02 3.197760000000000047e-01
3.120000000000000000e+02 3.201570000000000249e-01
3.125000000000000000e+02 3.205439999999999956e-01
3.130000000000000000e+02 3.209179999999999811e-01
3.135000000000000000e+02 3.212889999999999913e-01
3.140000000000000000e+02 3.216570000000000262e-01
3.145000000000000000e+02 3.220219999999999749e-01
3.150000000000000000e+02 3.223730000000000206e-01
3.155000000000000000e+02 3.227320000000000189e-01
3.160000000000000000e+02 3.230870000000000131e-01
3.165000000000000000e+02 3.234389999999999765e-01
3.170000000000000000e+02 3.237889999999999935e-01
3.175000000000000000e+02 3.241379999999999817e-01
3.180000000000000000e+02 3.244819999999999927e-01
3.185000000000000000e+02 3.248219999999999996e-01
3.190000000000000000e+02 3.251600000000000046e-01
3.195000000000000000e+02 3.254940000000000055e-01
3.200000000000000000e+02 3.258269999999999778e-01
3.205000000000000000e+02 3.261560000000000015e-01
3.208419999999999845e+02 3.263789999999999747e-01
3.210699999999999932e+02 3.265270000000000117e-01
3.212219999999999800e+02 3.266249999999999987e-01
3.213229999999999791e+02 3.266979999999999884e-01
3.213899999999999864e+02 3.267419999999999769e-01
3.214350000000000023e+02 3.267709999999999781e-01
3.214649999999999750e+02 3.267900000000000249e-01
3.214850000000000136e+02 3.268030000000000102e-01
3.000000000000000000e+02 3.101650000000000240e-01
3.000199999999999818e+02 3.101840000000000153e-01
3.000500000000000114e+02 3.102119999999999878e-01
3.000950000000000273e+02 3.102539999999999742e-01
3.001630000000000109e+02 3.103179999999999827e-01
3.002640000000000100e+02 3.102779999999999982e-01
3.004159999999999968e+02 3.104190000000000005e-01
3.006440000000000055e+02 3.106300000000000172e-01
3.009850000000000136e+02 3.109450000000000269e-01
3.014850000000000136e+02 3.114029999999999854e-01
3.019850000000000136e+02 3.118489999999999873e-01
3.024850000000000136e+02 3.122980000000000200e-01
3.029850000000000136e+02 3.127429999999999932e-01
3.034850000000000136e+02 3.131849999999999912e-01
3.039850000000000136e+02 3.136229999999999851e-01
3.044850000000000136e+02 3.140560000000000018e-01
3.049850000000000136e+02 3.144859999999999878e-01
3.054850000000000136e+02 3.149120000000000252e-01
3.059850000000000136e+02 3.153349999999999764e-01
3.064850000000000136e+02 3.157530000000000059e-01
3.069850000000000136e+02 3.161840000000000206e-01
3.074850000000000136e+02 3.165970000000000173e-01
3.079850000000000136e+02 3.170060000000000100e-01
3.084850000000000136e+02 3.174109999999999987e-01
3.089850000000000136e+02 3.178119999999999834e-01
3.094850000000000136e+02 3.181979999999999809e-01
3.099850000000000136e+02 3.185919999999999863e-01
3.104850000000000136e+02 3.189819999999999878e-01
3.109850000000000136e+02 3.193690000000000140e-01
3.114850000000000136e+02 3.197530000000000094e-01
3.119850000000000136e+02 3.201479999999999881e-01
3.124850000000000136e+02 3.205259999999999776e-01
3.129850000000000136e+02 3.209000000000000186e-01
3.134850000000000136e+02 3.212720000000000020e-01
3.139850000000000136e+02 3.216399999999999815e-01
3.144850000000000136e+02 3.220029999999999837e-01
3.149850000000000136e+02 3.223650000000000126e-01
3.154850000000000136e+02 3.227229999999999821e-01
3.159850000000000136e+02 3.230790000000000051e-01
3.164850000000000136e+02 3.234310000000000240e-01
3.169850000000000136e+02 3.237809999999999855e-01
3.174850000000000136e+02 3.241280000000000272e-01
3.179850000000000136e+02 3.244719999999999827e-01
3.184850000000000136e+02 3.248130000000000184e-01
3.189850000000000136e+02 3.251510000000000233e-01
3.194850000000000136e+02 3.254909999999999748e-01
3.199850000000000136e+02 3.258229999999999738e-01
3.204850000000000136e+02 3.261530000000000262e-01
3.209850000000000136e+02 3.264790000000000192e-01
3.214850000000000136e+02 3.268030000000000102e-01
3.219850000000000136e+02 3.271160000000000179e-01
3.224850000000000136e+02 3.274349999999999761e-01
3.229850000000000136e+02 3.277510000000000145e-01
3.234850000000000136e+02 3.280640000000000223e-01
3.239850000000000136e+02 3.283739999999999992e-01
3.244850000000000136e+02 3.286879999999999802e-01
3.249850000000000136e+02 3.289929999999999799e-01
3.254850000000000136e+02 3.292959999999999776e-01
3.259850000000000136e+02 3.295969999999999733e-01
3.264850000000000136e+02 3.298940000000000206e-01
3.269850000000000136e+02 3.301819999999999755e-01
3.274850000000000136e+02 3.304739999999999900e-01
3.279850000000000136e+02 3.307640000000000025e-01
3.284850000000000136e+02 3.310520000000000129e-01
3.289850000000000136e+02 3.313369999999999926e-01
3.294850000000000136e+02 3.316270000000000051e-01
3.299850000000000136e+02 3.319070000000000076e-01
3.304850000000000136e+02 3.321859999999999813e-01
3.309850000000000136e+02 3.324619999999999798e-01
3.314850000000000136e+02 3.327350000000000030e-01
3.319850000000000136e+02 3.329989999999999895e-01
3.324850000000000136e+02 3.332680000000000087e-01
3.329850000000000136e+02 3.335350000000000259e-01
3.334850000000000136e+02 3.337990000000000124e-01
3.339850000000000136e+02 3.340620000000000256e-01
3.344850000000000136e+02 3.343220000000000081e-01
3.349850000000000136e+02 3.345799999999999885e-01
3.354850000000000136e+02 3.348360000000000225e-01
3.359850000000000136e+02 3.350899999999999990e-01
3.364850000000000136e+02 3.353419999999999734e-01
3.369850000000000136e+02 3.355850000000000222e-01
3.374850000000000136e+02 3.358320000000000194e-01
3.379850000000000136e+02 3.360770000000000146e-01
3.384850000000000136e+02 3.363209999999999811e-01
3.389850000000000136e+02 3.365619999999999723e-01
3.394850000000000136e+02 3.367999999999999883e-01
3.399850000000000136e+02 3.370369999999999755e-01
3.404850000000000136e+02 3.372729999999999895e-01
3.409850000000000136e+02 3.375059999999999727e-01
3.414850000000000136e+02 3.377370000000000094e-01
3.419850000000000136e+02 3.379650000000000154e-01
3.424850000000000136e+02 3.381919999999999926e-01
3.429850000000000136e+02 3.384179999999999966e-01
3.434850000000000136e+02 3.386410000000000253e-01
3.439850000000000136e+02 3.388630000000000253e-01
3.444850000000000136e+02 3.390759999999999885e-01
3.449850000000000136e+02 3.392930000000000113e-01
3.454850000000000136e+02 3.395090000000000052e-01
3.459850000000000136e+02 3.397229999999999972e-01
3.464850000000000136e+02 3.399360000000000159e-01
3.469850000000000136e+02 3.401529999999999831e-01
3.474850000000000136e+02 3.403619999999999979e-01
3.479850000000000136e+02 3.405690000000000106e-01
3.484850000000000136e+02 3.407740000000000213e-01
3.489850000000000136e+02 3.409780000000000033e-01
3.494850000000000136e+02 3.411699999999999733e-01
3.499850000000000136e+02 3.413700000000000068e-01
3.504850000000000136e+02 3.415679999999999827e-01
3.509850000000000136e+02 3.417649999999999855e-01
3.514850000000000136e+02 3.419599999999999862e-01
3.519850000000000136e+02 3.421640000000000237e-01
3.524850000000000136e+02 3.423559999999999937e-01
3.529850000000000136e+02 3.425460000000000171e-01
3.534850000000000136e+02 3.427350000000000119e-01
3.539850000000000136e+02 3.429229999999999778e-01
3.544850000000000136e+02 3.430940000000000101e-01
3.549850000000000136e+02 3.432780000000000276e-01
3.554850000000000136e+02 3.434610000000000163e-01
3.559850000000000136e+02 3.436420000000000030e-01
3.564850000000000136e+02 3.438220000000000165e-01
3.569850000000000136e+02 3.439960000000000240e-01
3.574850000000000136e+02 3.441730000000000067e-01
3.579850000000000136e+02 3.443470000000000142e-01
3.584850000000000136e+02 3.445199999999999929e-01
3.589850000000000136e+02 3.446919999999999984e-01
3.594850000000000136e+02 3.448729999999999851e-01
3.599850000000000136e+02 3.450420000000000154e-01
3.604850000000000136e+02 3.452100000000000168e-01
3.609850000000000136e+02 3.453760000000000163e-01
3.614850000000000136e+02 3.455409999999999870e-01
3.619850000000000136e+02 3.456890000000000240e-01
3.624850000000000136e+02 3.458510000000000195e-01
3.629850000000000136e+02 3.460110000000000130e-01
3.634850000000000136e+02 3.461699999999999777e-01
3.639850000000000136e+02 3.463280000000000247e-01
3.644850000000000136e+02 3.464929999999999954e-01
3.649850000000000136e+02 3.466489999999999849e-01
3.654850000000000136e+02 3.468029999999999724e-01
3.659850000000000136e+02 3.469550000000000134e-01
3.664850000000000136e+02 3.471069999999999989e-01
3.669850000000000136e+02 3.472459999999999991e-01
3.674850000000000136e+02 3.473950000000000093e-01
3.679850000000000136e+02 3.475420000000000176e-01
3.684850000000000136e+02 3.476890000000000258e-01
3.689850000000000136e+02 3.478339999999999765e-01
3.694850000000000136e+02 3.479979999999999740e-01
3.699850000000000136e+02 3.481409999999999783e-01
3.704850000000000136e+02 3.482830000000000092e-01
3.709850000000000136e+02 3.484229999999999827e-01
3.714850000000000136e+02 3.485619999999999830e-01
3.719850000000000136e+02 3.486739999999999839e-01
3.724850000000000136e+02 3.488109999999999822e-01
3.729850000000000136e+02 3.489459999999999784e-01
3.734850000000000136e+02 3.490809999999999746e-01
3.739850000000000136e+02 3.492140000000000244e-01
3.744850000000000136e+02 3.493950000000000111e-01
3.749850000000000136e+02 3.495280000000000054e-01
3.754850000000000136e+02 3.496600000000000263e-01
3.759850000000000136e+02 3.497919999999999918e-01
3.764850000000000136e+02 3.499229999999999841e-01
3.769850000000000136e+02 3.499940000000000273e-01
3.774850000000000136e+02 3.501199999999999868e-01
3.779850000000000136e+02 3.502460000000000018e-01
3.784850000000000136e+02 3.503709999999999880e-01
3.789850000000000136e+02 3.504940000000000278e-01
3.794850000000000136e+02 3.507040000000000157e-01
3.799850000000000136e+02 3.508359999999999812e-01
3.804850000000000136e+02 3.509680000000000022e-01
3.809850000000000136e+02 3.511009999999999964e-01
3.814850000000000136e+02 3.512339999999999907e-01
3.819850000000000136e+02 3.512540000000000107e-01
3.824850000000000136e+02 3.513740000000000197e-01
3.829850000000000136e+02 3.514929999999999999e-01
3.834850000000000136e+02 3.516110000000000069e-01
3.839850000000000136e+02 3.517290000000000139e-01
3.844850000000000136e+02 3.518229999999999968e-01
3.849850000000000136e+02 3.519369999999999998e-01
3.854850000000000136e+02 3.520499999999999741e-01
3.859850000000000136e+02 3.521630000000000038e-01
3.864850000000000136e+02 3.522750000000000048e-01
3.869850000000000136e+02 3.523140000000000160e-01
3.874850000000000136e+02 3.524200000000000110e-01
3.879850000000000136e+02 3.525260000000000060e-01
3.884850000000000136e+02 3.526309999999999722e-01
3.889850000000000136e+02 3.527350000000000207e-01
3.894850000000000136e+02 3.529039999999999955e-01
3.899850000000000136e+02 3.530090000000000172e-01
3.904850000000000136e+02 3.531130000000000102e-01
3.909850000000000136e+02 3.532170000000000032e-01
3.914850000000000136e+02 3.533200000000000229e-01
3.919850000000000136e+02 3.533459999999999934e-01
3.924850000000000136e+02 3.534439999999999804e-01
3.929850000000000136e+02 3.535420000000000229e-01
3.934850000000000136e+02 3.536380000000000079e-01
3.939850000000000136e+02 3.537339999999999929e-01
3.944850000000000136e+02 3.537989999999999746e-01
3.949850000000000136e+02 3.538919999999999844e-01
3.954850000000000136e+02 3.539840000000000209e-01
3.959850000000000136e+02 3.540749999999999731e-01
3.964850000000000136e+02 3.541659999999999808e-01
3.964850000000000136e+02 3.541659999999999808e-01
3.965049999999999955e+02 3.541690000000000116e-01
3.965350000000000250e+02 3.541750000000000176e-01
3.965799999999999841e+02 3.541830000000000256e-01
3.966480000000000246e+02 3.541949999999999821e-01
3.967490000000000236e+02 3.541719999999999868e-01
3.969010000000000105e+02 3.541989999999999861e-01
3.971290000000000191e+02 3.542390000000000261e-01
3.974700000000000273e+02 3.543000000000000038e-01
3.979700000000000273e+02 3.543879999999999808e-01
3.984700000000000273e+02 3.544610000000000261e-01
3.989700000000000273e+02 3.545470000000000010e-01
3.994700000000000273e+02 3.546329999999999760e-01
3.999700000000000273e+02 3.547170000000000045e-01
4.004700000000000273e+02 3.548009999999999775e-01
4.009700000000000273e+02 3.548450000000000215e-01
4.014700000000000273e+02 3.549280000000000213e-01
4.019700000000000273e+02 3.550099999999999922e-01
4.024700000000000273e+02 3.550920000000000187e-01
4.029700000000000273e+02 3.551719999999999877e-01
4.034700000000000273e+02 3.552560000000000162e-01
4.039700000000000273e+02 3.553350000000000120e-01
4.044700000000000273e+02 3.554140000000000077e-01
4.049700000000000273e+02 3.554919999999999747e-01
4.054700000000000273e+02 3.555690000000000239e-01
4.059700000000000273e+02 3.556159999999999877e-01
4.064700000000000273e+02 3.556920000000000082e-01
4.069700000000000273e+02 3.557679999999999731e-01
4.074700000000000273e+02 3.558430000000000204e-01
4.079700000000000273e+02 3.559169999999999834e-01
4.084700000000000273e+02 3.559740000000000126e-01
4.089700000000000273e+02 3.560470000000000024e-01
4.094700000000000273e+02 3.561199999999999921e-01
4.099700000000000273e+02 3.561920000000000086e-01
4.104700000000000273e+02 3.562629999999999963e-01
4.109700000000000273e+02 3.563040000000000096e-01
4.114700000000000273e+02 3.563749999999999973e-01
4.119700000000000273e+02 3.564450000000000118e-01
4.124700000000000273e+02 3.565139999999999976e-01
4.129700000000000273e+02 3.565829999999999833e-01
4.134700000000000273e+02 3.566369999999999818e-01
4.139700000000000273e+02 3.567049999999999943e-01
4.144700000000000273e+02 3.567719999999999780e-01
4.149700000000000273e+02 3.568379999999999885e-01
4.154700000000000273e+02 3.569030000000000258e-01
4.159700000000000273e+02 3.569519999999999915e-01
4.164700000000000273e+02 3.570169999999999733e-01
4.169700000000000273e+02 3.570809999999999818e-01
4.174700000000000273e+02 3.571440000000000170e-01
4.179700000000000273e+02 3.572069999999999967e-01
4.184700000000000273e+02 3.572520000000000140e-01
4.189700000000000273e+02 3.573140000000000205e-01
4.194700000000000273e+02 3.573749999999999982e-01
4.199700000000000273e+02 3.574359999999999760e-01
4.204700000000000273e+02 3.574950000000000072e-01
4.209700000000000273e+02 3.575249999999999817e-01
4.214700000000000273e+02 3.575849999999999862e-01
4.219700000000000273e+02 3.576440000000000174e-01
4.224700000000000273e+02 3.577029999999999932e-01
4.229700000000000273e+02 3.577600000000000224e-01
4.234700000000000273e+02 3.577850000000000197e-01
4.239700000000000273e+02 3.578430000000000222e-01
4.244700000000000273e+02 3.578999999999999959e-01
4.249700000000000273e+02 3.579570000000000252e-01
4.254700000000000273e+02 3.580130000000000257e-01
4.259700000000000273e+02 3.580400000000000249e-01
4.264700000000000273e+02 3.580960000000000254e-01
4.269700000000000273e+02 3.581520000000000259e-01
4.274700000000000273e+02 3.582060000000000244e-01
4.279700000000000273e+02 3.582600000000000229e-01
4.284700000000000273e+02 3.583689999999999931e-01
4.289700000000000273e+02 3.584229999999999916e-01
4.294700000000000273e+02 3.584749999999999881e-01
4.299700000000000273e+02 3.585269999999999846e-01
4.304700000000000273e+02 3.585780000000000078e-01
4.309700000000000273e+02 3.585780000000000078e-01
4.314700000000000273e+02 3.586300000000000043e-01
4.319700000000000273e+02 3.586810000000000276e-01
4.324700000000000273e+02 3.587310000000000221e-01
4.329700000000000273e+02 3.587810000000000166e-01
4.334700000000000273e+02 3.587609999999999966e-01
4.339700000000000273e+02 3.588100000000000178e-01
4.344700000000000273e+02 3.588589999999999836e-01
4.349700000000000273e+02 3.589080000000000048e-01
4.354700000000000273e+02 3.589550000000000241e-01
4.359700000000000273e+02 3.589570000000000261e-01
4.364700000000000273e+02 3.590059999999999918e-01
4.369700000000000273e+02 3.590530000000000110e-01
4.374700000000000273e+02 3.590999999999999748e-01
4.379700000000000273e+02 3.591460000000000208e-01
4.384700000000000273e+02 3.592210000000000125e-01
4.389700000000000273e+02 3.592659999999999743e-01
4.394700000000000273e+02 3.593109999999999915e-01
4.399700000000000273e+02 3.593549999999999800e-01
4.404700000000000273e+02 3.593990000000000240e-01
4.409700000000000273e+02 3.593970000000000220e-01
4.414700000000000273e+02 3.594419999999999837e-01
4.419700000000000273e+02 3.594849999999999990e-01
4.424700000000000273e+02 3.595280000000000142e-01
4.429700000000000273e+02 3.595709999999999740e-01
4.434700000000000273e+02 3.595479999999999787e-01
4.439700000000000273e+02 3.595900000000000207e-01
4.444700000000000273e+02 3.596309999999999785e-01
4.449700000000000273e+02 3.596710000000000185e-01
4.454700000000000273e+02 3.597110000000000030e-01
4.459700000000000273e+02 3.596969999999999890e-01
4.464700000000000273e+02 3.597389999999999755e-01
4.469700000000000273e+02 3.597810000000000175e-01
4.474700000000000273e+02 3.598219999999999752e-01
4.479700000000000273e+02 3.598609999999999864e-01
4.484700000000000273e+02 3.598199999999999732e-01
4.489700000000000273e+02 3.598620000000000152e-01
4.494700000000000273e+02 3.599040000000000017e-01
4.499700000000000273e+02 3.599439999999999862e-01
4.504700000000000273e+02 3.599829999999999974e-01
4.509700000000000273e+02 3.599319999999999742e-01
4.514700000000000273e+02 3.599760000000000182e-01
4.519700000000000273e+02 3.600189999999999779e-01
4.524700000000000273e+02 3.600610000000000199e-01
4.529700000000000273e+02 3.601019999999999777e-01
4.534700000000000273e+02 3.609499999999999931e-01
4.539700000000000273e+02 3.609990000000000143e-01
4.544700000000000273e+02 3.610450000000000048e-01
4.549700000000000273e+02 3.610889999999999933e-01
4.554700000000000273e+02 3.611309999999999798e-01
4.559700000000000273e+02 3.610220000000000096e-01
4.564700000000000273e+02 3.610579999999999901e-01
4.569700000000000273e+02 3.610929999999999973e-01
4.574700000000000273e+02 3.611280000000000046e-01
4.579700000000000273e+02 3.611619999999999830e-01
4.584700000000000273e+02 3.609169999999999878e-01
4.589700000000000273e+02 3.609499999999999931e-01
4.594700000000000273e+02 3.609820000000000251e-01
4.599700000000000273e+02 3.610140000000000016e-01
4.604700000000000273e+02 3.610450000000000048e-01
4.609700000000000273e+02 3.608450000000000268e-01
4.614700000000000273e+02 3.608810000000000073e-01
4.619700000000000273e+02 3.609160000000000146e-01
4.624700000000000273e+02 3.609499999999999931e-01
4.629700000000000273e+02 3.609829999999999983e-01
4.634700000000000273e+02 3.608439999999999981e-01
4.639700000000000273e+02 3.608790000000000053e-01
4.644700000000000273e+02 3.609120000000000106e-01
4.649700000000000273e+02 3.609439999999999871e-01
4.654700000000000273e+02 3.609749999999999903e-01
4.659700000000000273e+02 3.609069999999999778e-01
4.664700000000000273e+02 3.609439999999999871e-01
4.669700000000000273e+02 3.609809999999999963e-01
4.674700000000000273e+02 3.610160000000000036e-01
4.679700000000000273e+02 3.610499999999999821e-01
4.684700000000000273e+02 3.615869999999999918e-01
4.689700000000000273e+02 3.616240000000000010e-01
4.694700000000000273e+02 3.616590000000000082e-01
4.699700000000000273e+02 3.616920000000000135e-01
4.704700000000000273e+02 3.617239999999999900e-01
4.709700000000000273e+02 3.616219999999999990e-01
4.714700000000000273e+02 3.616539999999999755e-01
4.719700000000000273e+02 3.616849999999999787e-01
4.724700000000000273e+02 3.617159999999999820e-01
4.729700000000000273e+02 3.617449999999999832e-01
4.734700000000000273e+02 3.614330000000000043e-01
4.739700000000000273e+02 3.614580000000000015e-01
4.744700000000000273e+02 3.614829999999999988e-01
4.749700000000000273e+02 3.615079999999999960e-01
4.754700000000000273e+02 3.615320000000000200e-01
4.759700000000000273e+02 3.614149999999999863e-01
4.764700000000000273e+02 3.614479999999999915e-01
4.769700000000000273e+02 3.614809999999999968e-01
4.774700000000000273e+02 3.615120000000000000e-01
4.779700000000000273e+02 3.615430000000000033e-01
4.784700000000000273e+02 3.622630000000000017e-01
4.789700000000000273e+02 3.623029999999999862e-01
4.794700000000000273e+02 3.623390000000000222e-01
4.799700000000000273e+02 3.623720000000000274e-01
4.804700000000000273e+02 3.624029999999999752e-01
4.809700000000000273e+02 3.622460000000000124e-01
4.814700000000000273e+02 3.622750000000000137e-01
4.819700000000000273e+02 3.623029999999999862e-01
4.824700000000000273e+02 3.623299999999999854e-01
4.829700000000000273e+02 3.623560000000000114e-01
4.834700000000000273e+02 3.619839999999999725e-01
4.839700000000000273e+02 3.620070000000000232e-01
4.844700000000000273e+02 3.620300000000000185e-01
4.849700000000000273e+02 3.620510000000000117e-01
4.854700000000000273e+02 3.620720000000000049e-01
4.859700000000000273e+02 3.618759999999999755e-01
4.864700000000000273e+02 3.619049999999999767e-01
4.869700000000000273e+02 3.619330000000000047e-01
4.874700000000000273e+02 3.619600000000000040e-01
4.879700000000000273e+02 3.619850000000000012e-01
4.884700000000000273e+02 3.617290000000000227e-01
4.889700000000000273e+02 3.617549999999999932e-01
4.894700000000000273e+02 3.617799999999999905e-01
4.899700000000000273e+02 3.618029999999999857e-01
4.904700000000000273e+02 3.618250000000000077e-01
4.909700000000000273e+02 3.617480000000000140e-01
4.914700000000000273e+02 3.617799999999999905e-01
4.919700000000000273e+02 3.618120000000000225e-01
4.924700000000000273e+02 3.618419999999999970e-01
4.929700000000000273e+02 3.618700000000000250e-01
4.929700000000000273e+02 3.618700000000000250e-01
4.929900000000000091e+02 3.618830000000000102e-01
4.930199999999999818e+02 3.618950000000000222e-01
4.930649999999999977e+02 3.619049999999999767e-01
4.931329999999999814e+02 3.619149999999999867e-01
4.932339999999999804e+02 3.621750000000000247e-01
4.933460000000000036e+02 3.621929999999999872e-01
4.934680000000000177e+02 3.622079999999999744e-01
4.936519999999999868e+02 3.622239999999999904e-01
4.939270000000000209e+02 3.622409999999999797e-01
4.943410000000000082e+02 3.621480000000000254e-01
4.947959999999999923e+02 3.621750000000000247e-01
4.952959999999999923e+02 3.622009999999999952e-01
4.957959999999999923e+02 3.622250000000000192e-01
4.962959999999999923e+02 3.622480000000000144e-01
4.967959999999999923e+02 3.619330000000000047e-01
4.972959999999999923e+02 3.619560000000000000e-01
4.977959999999999923e+02 3.619769999999999932e-01
4.982959999999999923e+02 3.619970000000000132e-01
4.987959999999999923e+02 3.620160000000000045e-01
4.992959999999999923e+02 3.619220000000000215e-01
4.997959999999999923e+02 3.619539999999999980e-01
5.002959999999999923e+02 3.619839999999999725e-01
5.007959999999999923e+02 3.620120000000000005e-01
5.012959999999999923e+02 3.620389999999999997e-01
5.017959999999999923e+02 3.622460000000000124e-01
5.022959999999999923e+02 3.622739999999999849e-01
5.027959999999999923e+02 3.622989999999999822e-01
5.032959999999999923e+02 3.623219999999999774e-01
5.037959999999999923e+02 3.623439999999999994e-01
5.042959999999999923e+02 3.622529999999999917e-01
5.047959999999999923e+02 3.622839999999999949e-01
5.052959999999999923e+02 3.623140000000000249e-01
5.057959999999999923e+02 3.623419999999999974e-01
