4.771039999999999850e+02 6.024709999999999961e-03
4.770040000000000191e+02 6.026799999999999692e-03
4.769039999999999964e+02 6.028900000000000231e-03
4.768039999999999736e+02 6.030999999999999903e-03
4.767040000000000077e+02 6.033099999999999574e-03
4.766039999999999850e+02 6.035200000000000113e-03
4.765040000000000191e+02 6.037299999999999785e-03
4.764039999999999964e+02 6.039400000000000324e-03
4.763039999999999736e+02 6.041509999999999936e-03
4.762040000000000077e+02 6.043609999999999607e-03
4.761039999999999850e+02 6.045720000000000087e-03
4.760040000000000191e+02 6.047819999999999759e-03
4.759039999999999964e+02 6.049930000000000238e-03
4.758039999999999736e+02 6.052039999999999850e-03
4.757040000000000077e+02 6.054150000000000330e-03
4.756039999999999850e+02 6.056269999999999883e-03
4.755040000000000191e+02 6.058380000000000362e-03
4.754039999999999964e+02 6.060499999999999915e-03
4.753039999999999736e+02 6.062610000000000395e-03
4.752040000000000077e+02 6.064729999999999947e-03
4.751039999999999850e+02 6.066850000000000367e-03
4.750040000000000191e+02 6.068969999999999920e-03
4.749039999999999964e+02 6.071090000000000340e-03
4.748039999999999736e+02 6.073209999999999893e-03
4.747040000000000077e+02 6.075330000000000313e-03
4.746039999999999850e+02 6.077459999999999807e-03
4.745040000000000191e+02 6.079590000000000168e-03
4.744039999999999964e+02 6.081709999999999720e-03
4.743039999999999736e+02 6.083840000000000081e-03
4.742040000000000077e+02 6.085969999999999575e-03
4.741039999999999850e+02 6.088099999999999935e-03
4.740040000000000191e+02 6.090230000000000296e-03
4.739039999999999964e+02 6.092369999999999730e-03
4.738039999999999736e+02 6.094500000000000091e-03
4.737040000000000077e+02 6.096640000000000392e-03
4.736039999999999850e+02 6.098779999999999826e-03
4.735040000000000191e+02 6.100910000000000187e-03
4.734039999999999964e+02 6.103049999999999621e-03
4.733039999999999736e+02 6.105199999999999863e-03
4.732040000000000077e+02 6.107340000000000164e-03
4.731039999999999850e+02 6.109479999999999598e-03
4.730040000000000191e+02 6.111629999999999840e-03
4.729039999999999964e+02 6.113770000000000142e-03
4.728039999999999736e+02 6.115920000000000384e-03
4.727040000000000077e+02 6.118069999999999758e-03
4.726039999999999850e+02 6.120220000000000000e-03
4.725040000000000191e+02 6.122370000000000242e-03
4.724039999999999964e+02 6.124519999999999617e-03
4.723039999999999736e+02 6.126679999999999800e-03
4.722040000000000077e+02 6.128830000000000042e-03
4.721039999999999850e+02 6.130990000000000224e-03
4.720040000000000191e+02 6.133139999999999599e-03
4.719039999999999964e+02 6.135299999999999782e-03
4.718039999999999736e+02 6.137459999999999964e-03
4.717040000000000077e+02 6.139620000000000147e-03
4.716039999999999850e+02 6.141790000000000270e-03
4.715040000000000191e+02 6.143949999999999585e-03
4.714039999999999964e+02 6.146119999999999708e-03
4.713039999999999736e+02 6.148279999999999891e-03
4.712040000000000077e+02 6.150450000000000014e-03
4.711039999999999850e+02 6.152620000000000137e-03
4.710040000000000191e+02 6.154790000000000261e-03
4.709039999999999964e+02 6.156960000000000384e-03
4.708039999999999736e+02 6.159129999999999640e-03
4.707040000000000077e+02 6.161309999999999704e-03
4.706039999999999850e+02 6.163479999999999827e-03
4.705040000000000191e+02 6.165659999999999891e-03
4.704039999999999964e+02 6.167839999999999955e-03
4.703039999999999736e+02 6.170020000000000018e-03
4.702040000000000077e+02 6.172200000000000082e-03
4.701039999999999850e+02 6.174380000000000146e-03
4.700040000000000191e+02 6.176560000000000210e-03
4.699039999999999964e+02 6.178750000000000214e-03
4.698039999999999736e+02 6.180930000000000278e-03
4.697040000000000077e+02 6.183120000000000283e-03
4.696039999999999850e+02 6.185310000000000287e-03
4.695040000000000191e+02 6.187500000000000291e-03
4.694039999999999964e+02 6.189690000000000296e-03
4.693039999999999736e+02 6.191880000000000300e-03
4.692040000000000077e+02 6.194080000000000245e-03
4.691039999999999850e+02 6.196270000000000250e-03
4.690040000000000191e+02 6.198470000000000195e-03
4.689039999999999964e+02 6.200660000000000199e-03
4.688039999999999736e+02 6.202860000000000144e-03
4.687040000000000077e+02 6.205060000000000089e-03
4.686039999999999850e+02 6.207269999999999975e-03
4.685040000000000191e+02 6.209469999999999920e-03
4.684039999999999964e+02 6.211669999999999865e-03
4.683039999999999736e+02 6.213879999999999751e-03
4.682040000000000077e+02 6.216079999999999696e-03
4.681039999999999850e+02 6.218289999999999582e-03
4.680040000000000191e+02 6.220500000000000335e-03
4.679039999999999964e+02 6.222710000000000220e-03
4.678039999999999736e+02 6.224930000000000047e-03
4.677040000000000077e+02 6.227139999999999932e-03
4.676039999999999850e+02 6.229349999999999818e-03
4.675040000000000191e+02 6.231569999999999644e-03
4.674039999999999964e+02 6.233790000000000338e-03
4.673039999999999736e+02 6.236010000000000164e-03
4.672040000000000077e+02 6.238229999999999990e-03
4.671039999999999850e+02 6.240449999999999817e-03
4.670040000000000191e+02 6.242669999999999643e-03
4.669039999999999964e+02 6.244890000000000337e-03
4.668039999999999736e+02 6.247120000000000103e-03
4.667040000000000077e+02 6.249349999999999870e-03
4.666039999999999850e+02 6.251579999999999637e-03
4.665040000000000191e+02 6.253800000000000331e-03
4.664039999999999964e+02 6.256040000000000038e-03
4.663039999999999736e+02 6.258269999999999805e-03
4.662040000000000077e+02 6.260499999999999572e-03
4.661039999999999850e+02 6.262740000000000147e-03
4.660040000000000191e+02 6.264969999999999914e-03
4.659039999999999964e+02 6.267209999999999621e-03
4.658039999999999736e+02 6.269450000000000196e-03
4.657040000000000077e+02 6.271689999999999904e-03
4.656039999999999850e+02 6.273929999999999611e-03
4.655040000000000191e+02 6.276170000000000186e-03
4.654039999999999964e+02 6.278419999999999834e-03
4.653039999999999736e+02 6.280660000000000409e-03
4.652040000000000077e+02 6.282910000000000057e-03
4.651039999999999850e+02 6.285159999999999705e-03
4.650040000000000191e+02 6.287410000000000221e-03
4.649039999999999964e+02 6.289659999999999869e-03
4.648039999999999736e+02 6.291910000000000384e-03
4.647040000000000077e+02 6.294169999999999973e-03
4.646039999999999850e+02 6.296419999999999621e-03
4.645040000000000191e+02 6.298680000000000077e-03
4.644039999999999964e+02 6.300939999999999666e-03
4.643039999999999736e+02 6.303200000000000122e-03
4.642040000000000077e+02 6.305459999999999711e-03
4.641039999999999850e+02 6.307720000000000167e-03
4.640040000000000191e+02 6.309979999999999756e-03
4.639039999999999964e+02 6.312250000000000152e-03
4.638039999999999736e+02 6.314519999999999682e-03
4.637040000000000077e+02 6.316780000000000138e-03
4.636039999999999850e+02 6.319049999999999667e-03
4.635040000000000191e+02 6.321320000000000064e-03
4.634039999999999964e+02 6.323589999999999593e-03
4.633039999999999736e+02 6.325869999999999931e-03
4.632040000000000077e+02 6.328140000000000327e-03
4.631039999999999850e+02 6.330419999999999797e-03
4.630040000000000191e+02 6.332700000000000135e-03
4.629039999999999964e+02 6.334979999999999604e-03
4.628039999999999736e+02 6.337259999999999942e-03
4.627040000000000077e+02 6.339540000000000279e-03
4.626039999999999850e+02 6.341819999999999749e-03
4.625040000000000191e+02 6.344100000000000086e-03
4.624039999999999964e+02 6.346390000000000364e-03
4.623039999999999736e+02 6.348679999999999775e-03
4.622040000000000077e+02 6.350970000000000053e-03
4.621039999999999850e+02 6.353260000000000331e-03
4.620040000000000191e+02 6.355549999999999741e-03
4.619039999999999964e+02 6.357840000000000019e-03
4.618039999999999736e+02 6.360140000000000238e-03
4.617040000000000077e+02 6.362429999999999648e-03
4.616039999999999850e+02 6.364729999999999867e-03
4.615040000000000191e+02 6.367030000000000085e-03
4.614039999999999964e+02 6.369330000000000304e-03
4.613039999999999736e+02 6.371629999999999655e-03
4.612040000000000077e+02 6.373929999999999874e-03
4.611039999999999850e+02 6.376240000000000033e-03
4.610040000000000191e+02 6.378540000000000251e-03
4.609039999999999964e+02 6.380850000000000410e-03
4.608039999999999736e+02 6.383159999999999702e-03
4.607040000000000077e+02 6.385469999999999861e-03
4.606039999999999850e+02 6.387780000000000021e-03
4.605040000000000191e+02 6.390090000000000180e-03
4.604039999999999964e+02 6.392410000000000279e-03
4.603039999999999736e+02 6.394719999999999571e-03
4.602040000000000077e+02 6.397039999999999671e-03
4.601039999999999850e+02 6.399359999999999771e-03
4.600040000000000191e+02 6.401679999999999870e-03
4.599039999999999964e+02 6.403999999999999970e-03
4.598039999999999736e+02 6.406320000000000070e-03
4.597040000000000077e+02 6.408650000000000110e-03
4.596039999999999850e+02 6.410970000000000210e-03
4.595040000000000191e+02 6.413300000000000251e-03
4.594039999999999964e+02 6.415630000000000291e-03
4.593039999999999736e+02 6.417960000000000331e-03
4.592040000000000077e+02 6.420290000000000372e-03
4.591050000000000182e+02 6.422620000000000412e-03
4.590049999999999955e+02 6.424960000000000393e-03
4.589049999999999727e+02 6.427290000000000433e-03
4.588050000000000068e+02 6.429630000000000414e-03
4.587049999999999841e+02 6.431970000000000395e-03
4.586050000000000182e+02 6.434310000000000376e-03
4.585049999999999955e+02 6.436650000000000357e-03
4.584049999999999727e+02 6.438990000000000338e-03
4.583050000000000068e+02 6.441340000000000260e-03
4.582049999999999841e+02 6.443690000000000181e-03
4.581050000000000182e+02 6.446030000000000162e-03
4.580049999999999955e+02 6.448380000000000084e-03
4.579049999999999727e+02 6.450730000000000006e-03
4.578050000000000068e+02 6.453089999999999868e-03
4.577250000000000227e+02 6.454969999999999979e-03
4.576850000000000023e+02 6.455909999999999600e-03
4.576449999999999818e+02 6.456850000000000089e-03
4.576449999999999818e+02 6.456850000000000089e-03
4.575450000000000159e+02 6.459209999999999952e-03
4.574449999999999932e+02 6.461559999999999873e-03
4.573450000000000273e+02 6.463919999999999735e-03
4.572450000000000045e+02 6.466279999999999598e-03
4.571449999999999818e+02 6.468650000000000268e-03
4.570450000000000159e+02 6.471010000000000130e-03
4.569449999999999932e+02 6.473369999999999992e-03
4.568450000000000273e+02 6.475739999999999795e-03
4.567450000000000045e+02 6.478109999999999598e-03
4.566449999999999818e+02 6.480480000000000268e-03
4.565450000000000159e+02 6.482850000000000071e-03
4.564449999999999932e+02 6.485219999999999874e-03
4.563450000000000273e+02 6.487589999999999676e-03
4.562450000000000045e+02 6.489970000000000287e-03
4.561449999999999818e+02 6.492350000000000031e-03
4.560450000000000159e+02 6.494719999999999833e-03
4.559449999999999932e+02 6.497099999999999577e-03
4.558450000000000273e+02 6.499490000000000128e-03
4.557450000000000045e+02 6.501869999999999872e-03
4.556449999999999818e+02 6.504249999999999615e-03
4.555450000000000159e+02 6.506640000000000167e-03
4.554449999999999932e+02 6.509029999999999851e-03
4.553450000000000273e+02 6.511409999999999594e-03
4.552450000000000045e+02 6.513810000000000086e-03
4.551449999999999818e+02 6.516199999999999770e-03
4.550450000000000159e+02 6.518590000000000322e-03
4.549449999999999932e+02 6.520989999999999946e-03
4.548450000000000273e+02 6.523379999999999630e-03
4.547450000000000045e+02 6.525780000000000122e-03
4.546449999999999818e+02 6.528179999999999747e-03
4.545450000000000159e+02 6.530580000000000239e-03
4.544449999999999932e+02 6.532979999999999864e-03
4.543450000000000273e+02 6.535390000000000296e-03
4.542450000000000045e+02 6.537789999999999921e-03
4.541449999999999818e+02 6.540200000000000354e-03
4.540450000000000159e+02 6.542609999999999919e-03
4.539449999999999932e+02 6.545020000000000351e-03
4.538450000000000273e+02 6.547429999999999917e-03
4.537450000000000045e+02 6.549840000000000349e-03
4.536449999999999818e+02 6.552259999999999855e-03
4.535450000000000159e+02 6.554680000000000228e-03
4.534449999999999932e+02 6.557089999999999794e-03
4.533450000000000273e+02 6.559510000000000167e-03
4.532450000000000045e+02 6.561929999999999673e-03
4.531449999999999818e+02 6.564359999999999987e-03
4.530450000000000159e+02 6.566780000000000360e-03
4.529449999999999932e+02 6.569209999999999806e-03
4.528450000000000273e+02 6.571630000000000180e-03
4.527450000000000045e+02 6.574059999999999626e-03
4.526449999999999818e+02 6.576489999999999940e-03
4.525450000000000159e+02 6.578920000000000254e-03
4.524449999999999932e+02 6.581359999999999641e-03
4.523450000000000273e+02 6.583789999999999955e-03
4.522450000000000045e+02 6.586230000000000209e-03
4.521449999999999818e+02 6.588669999999999596e-03
4.520450000000000159e+02 6.591109999999999851e-03
4.519449999999999932e+02 6.593550000000000105e-03
4.518450000000000273e+02 6.595990000000000360e-03
4.517450000000000045e+02 6.598439999999999687e-03
4.516449999999999818e+02 6.600879999999999942e-03
4.515450000000000159e+02 6.603330000000000137e-03
4.514449999999999932e+02 6.605780000000000332e-03
4.513450000000000273e+02 6.608229999999999660e-03
4.512450000000000045e+02 6.610679999999999855e-03
4.511449999999999818e+02 6.613139999999999991e-03
4.510450000000000159e+02 6.615590000000000186e-03
4.509449999999999932e+02 6.618050000000000321e-03
4.508450000000000273e+02 6.620509999999999590e-03
4.507450000000000045e+02 6.622969999999999725e-03
4.506449999999999818e+02 6.625429999999999861e-03
4.505450000000000159e+02 6.627889999999999997e-03
4.504449999999999932e+02 6.630360000000000073e-03
4.503450000000000273e+02 6.632830000000000149e-03
4.502450000000000045e+02 6.635290000000000285e-03
4.501449999999999818e+02 6.637760000000000361e-03
4.500450000000000159e+02 6.640229999999999570e-03
4.499449999999999932e+02 6.642709999999999587e-03
4.498450000000000273e+02 6.645179999999999663e-03
4.497450000000000045e+02 6.647659999999999680e-03
4.496449999999999818e+02 6.650139999999999697e-03
4.495450000000000159e+02 6.652619999999999714e-03
4.494449999999999932e+02 6.655099999999999731e-03
4.493450000000000273e+02 6.657579999999999748e-03
4.492450000000000045e+02 6.660069999999999706e-03
4.491449999999999818e+02 6.662549999999999722e-03
4.490450000000000159e+02 6.665039999999999680e-03
4.489449999999999932e+02 6.667529999999999638e-03
4.488450000000000273e+02 6.670019999999999595e-03
4.487450000000000045e+02 6.672510000000000420e-03
4.486449999999999818e+02 6.675010000000000318e-03
4.485450000000000159e+02 6.677500000000000276e-03
4.484449999999999932e+02 6.680000000000000174e-03
4.483450000000000273e+02 6.682500000000000072e-03
4.482450000000000045e+02 6.684999999999999970e-03
4.481449999999999818e+02 6.687499999999999868e-03
4.480450000000000159e+02 6.690009999999999707e-03
4.479449999999999932e+02 6.692509999999999605e-03
4.478450000000000273e+02 6.695020000000000311e-03
4.477450000000000045e+02 6.697530000000000150e-03
4.476449999999999818e+02 6.700039999999999989e-03
4.475450000000000159e+02 6.702549999999999827e-03
4.474449999999999932e+02 6.705059999999999666e-03
4.473450000000000273e+02 6.707580000000000313e-03
4.472450000000000045e+02 6.710100000000000092e-03
4.471449999999999818e+02 6.712619999999999872e-03
4.470450000000000159e+02 6.715139999999999651e-03
4.469449999999999932e+02 6.717660000000000298e-03
4.468450000000000273e+02 6.720180000000000077e-03
4.467450000000000045e+02 6.722709999999999797e-03
4.466449999999999818e+02 6.725240000000000384e-03
4.465450000000000159e+02 6.727760000000000164e-03
4.464449999999999932e+02 6.730289999999999884e-03
4.463450000000000273e+02 6.732830000000000412e-03
4.462450000000000045e+02 6.735360000000000132e-03
4.461449999999999818e+02 6.737899999999999792e-03
4.460450000000000159e+02 6.740430000000000380e-03
4.459449999999999932e+02 6.742970000000000040e-03
4.458450000000000273e+02 6.745509999999999701e-03
4.457450000000000045e+02 6.748060000000000169e-03
4.456449999999999818e+02 6.750599999999999830e-03
4.455450000000000159e+02 6.753150000000000298e-03
4.454449999999999932e+02 6.755689999999999959e-03
4.453450000000000273e+02 6.758240000000000428e-03
4.452450000000000045e+02 6.760790000000000029e-03
4.451449999999999818e+02 6.763349999999999571e-03
4.450450000000000159e+02 6.765900000000000039e-03
4.449449999999999932e+02 6.768459999999999581e-03
4.448450000000000273e+02 6.771010000000000049e-03
4.447450000000000045e+02 6.773569999999999591e-03
4.446449999999999818e+02 6.776130000000000000e-03
4.445450000000000159e+02 6.778700000000000350e-03
4.444449999999999932e+02 6.781259999999999892e-03
4.443450000000000273e+02 6.783830000000000242e-03
4.442450000000000045e+02 6.786389999999999784e-03
4.441449999999999818e+02 6.788960000000000133e-03
4.440450000000000159e+02 6.791540000000000424e-03
4.439449999999999932e+02 6.794109999999999906e-03
4.438450000000000273e+02 6.796680000000000256e-03
4.437450000000000045e+02 6.799259999999999679e-03
4.436449999999999818e+02 6.801839999999999969e-03
4.435450000000000159e+02 6.804420000000000260e-03
4.434449999999999932e+02 6.806999999999999683e-03
4.433450000000000273e+02 6.809579999999999973e-03
4.432450000000000045e+02 6.812170000000000204e-03
4.431449999999999818e+02 6.814759999999999568e-03
4.430450000000000159e+02 6.817339999999999858e-03
4.429449999999999932e+02 6.819930000000000089e-03
4.428450000000000273e+02 6.822530000000000261e-03
4.427450000000000045e+02 6.825119999999999625e-03
4.426449999999999818e+02 6.827719999999999796e-03
4.425450000000000159e+02 6.830310000000000027e-03
4.424449999999999932e+02 6.832910000000000199e-03
4.423450000000000273e+02 6.835510000000000370e-03
4.422450000000000045e+02 6.838119999999999615e-03
4.421449999999999818e+02 6.840719999999999787e-03
4.420450000000000159e+02 6.843329999999999899e-03
4.419449999999999932e+02 6.845930000000000071e-03
4.418450000000000273e+02 6.848540000000000183e-03
4.417450000000000045e+02 6.851160000000000236e-03
4.416449999999999818e+02 6.853770000000000348e-03
4.415450000000000159e+02 6.856379999999999593e-03
4.414449999999999932e+02 6.858999999999999646e-03
4.413450000000000273e+02 6.861619999999999699e-03
4.412450000000000045e+02 6.864239999999999751e-03
4.411449999999999818e+02 6.866859999999999804e-03
4.410450000000000159e+02 6.869489999999999798e-03
4.409449999999999932e+02 6.872109999999999851e-03
4.408450000000000273e+02 6.874739999999999844e-03
4.407450000000000045e+02 6.877369999999999838e-03
4.406449999999999818e+02 6.879999999999999831e-03
4.405450000000000159e+02 6.882629999999999824e-03
4.404449999999999932e+02 6.885269999999999758e-03
4.403450000000000273e+02 6.887899999999999752e-03
4.402450000000000045e+02 6.890539999999999686e-03
4.401449999999999818e+02 6.893179999999999620e-03
4.400450000000000159e+02 6.895820000000000422e-03
4.399449999999999932e+02 6.898470000000000296e-03
4.398450000000000273e+02 6.901110000000000230e-03
4.397450000000000045e+02 6.903760000000000105e-03
4.396449999999999818e+02 6.906409999999999980e-03
4.395450000000000159e+02 6.909059999999999854e-03
4.394449999999999932e+02 6.911709999999999729e-03
4.393450000000000273e+02 6.914370000000000412e-03
4.392450000000000045e+02 6.917020000000000286e-03
4.391449999999999818e+02 6.919680000000000102e-03
4.390450000000000159e+02 6.922339999999999917e-03
4.389449999999999932e+02 6.924999999999999732e-03
4.388450000000000273e+02 6.927670000000000355e-03
4.387450000000000045e+02 6.930330000000000171e-03
4.386449999999999818e+02 6.932999999999999927e-03
4.385450000000000159e+02 6.935669999999999683e-03
4.384449999999999932e+02 6.938340000000000306e-03
4.383450000000000273e+02 6.941010000000000062e-03
4.382450000000000045e+02 6.943689999999999758e-03
4.381449999999999818e+02 6.946370000000000322e-03
4.380450000000000159e+02 6.949040000000000078e-03
4.379649999999999750e+02 6.951190000000000320e-03
4.379250000000000114e+02 6.952260000000000037e-03
4.378849999999999909e+02 6.953329999999999754e-03
4.378849999999999909e+02 6.953329999999999754e-03
4.377850000000000250e+02 6.956020000000000258e-03
4.376850000000000023e+02 6.958699999999999955e-03
4.375849999999999795e+02 6.961389999999999592e-03
4.374850000000000136e+02 6.964080000000000097e-03
4.373849999999999909e+02 6.966769999999999734e-03
4.372850000000000250e+02 6.969460000000000238e-03
4.371850000000000023e+02 6.972159999999999816e-03
4.370849999999999795e+02 6.974850000000000320e-03
4.369850000000000136e+02 6.977549999999999898e-03
4.368849999999999909e+02 6.980250000000000343e-03
4.367850000000000250e+02 6.982949999999999921e-03
4.366850000000000023e+02 6.985660000000000307e-03
4.365849999999999795e+02 6.988359999999999884e-03
4.364850000000000136e+02 6.991070000000000270e-03
4.363849999999999909e+02 6.993779999999999789e-03
4.362850000000000250e+02 6.996490000000000174e-03
4.361850000000000023e+02 6.999199999999999693e-03
4.360849999999999795e+02 7.001920000000000019e-03
4.359850000000000136e+02 7.004640000000000345e-03
4.358849999999999909e+02 7.007349999999999864e-03
4.357850000000000250e+02 7.010080000000000131e-03
4.356850000000000023e+02 7.012799999999999589e-03
4.355849999999999795e+02 7.015519999999999916e-03
4.354850000000000136e+02 7.018250000000000183e-03
4.353849999999999909e+02 7.020979999999999582e-03
4.352850000000000250e+02 7.023709999999999849e-03
4.351850000000000023e+02 7.026440000000000116e-03
4.350849999999999795e+02 7.029180000000000324e-03
4.349850000000000136e+02 7.031909999999999723e-03
4.348849999999999909e+02 7.034649999999999931e-03
4.347850000000000250e+02 7.037390000000000138e-03
4.346850000000000023e+02 7.040130000000000346e-03
4.345849999999999795e+02 7.042879999999999627e-03
4.344850000000000136e+02 7.045619999999999834e-03
4.343849999999999909e+02 7.048369999999999982e-03
4.342850000000000250e+02 7.051120000000000131e-03
4.341850000000000023e+02 7.053870000000000279e-03
4.340849999999999795e+02 7.056620000000000427e-03
4.339850000000000136e+02 7.059379999999999648e-03
4.338849999999999909e+02 7.062139999999999737e-03
4.337850000000000250e+02 7.064899999999999826e-03
4.336850000000000023e+02 7.067659999999999915e-03
4.335849999999999795e+02 7.070420000000000003e-03
4.334850000000000136e+02 7.073190000000000033e-03
4.333849999999999909e+02 7.075950000000000122e-03
4.332850000000000250e+02 7.078720000000000151e-03
4.331850000000000023e+02 7.081490000000000180e-03
4.330849999999999795e+02 7.084270000000000150e-03
4.329850000000000136e+02 7.087040000000000180e-03
4.328849999999999909e+02 7.089820000000000150e-03
4.327850000000000250e+02 7.092600000000000120e-03
4.326850000000000023e+02 7.095380000000000090e-03
4.325849999999999795e+02 7.098160000000000060e-03
4.324850000000000136e+02 7.100949999999999970e-03
4.323849999999999909e+02 7.103739999999999881e-03
4.322850000000000250e+02 7.106519999999999851e-03
4.321850000000000023e+02 7.109319999999999702e-03
4.320849999999999795e+02 7.112109999999999613e-03
4.319850000000000136e+02 7.114900000000000391e-03
4.318849999999999909e+02 7.117700000000000242e-03
4.317850000000000250e+02 7.120500000000000093e-03
4.316850000000000023e+02 7.123299999999999944e-03
4.315849999999999795e+02 7.126099999999999796e-03
4.314850000000000136e+02 7.128909999999999587e-03
4.313849999999999909e+02 7.131720000000000247e-03
4.312850000000000250e+02 7.134530000000000038e-03
4.311850000000000023e+02 7.137339999999999830e-03
4.310849999999999795e+02 7.140149999999999622e-03
4.309850000000000136e+02 7.142960000000000281e-03
4.308849999999999909e+02 7.145780000000000014e-03
4.307850000000000250e+02 7.148599999999999746e-03
4.306850000000000023e+02 7.151420000000000346e-03
4.305849999999999795e+02 7.154250000000000019e-03
4.304850000000000136e+02 7.157069999999999751e-03
4.303849999999999909e+02 7.159900000000000292e-03
4.302850000000000250e+02 7.162729999999999965e-03
4.301850000000000023e+02 7.165559999999999638e-03
4.300849999999999795e+02 7.168390000000000178e-03
4.299850000000000136e+02 7.171229999999999792e-03
4.298849999999999909e+02 7.174070000000000273e-03
4.297850000000000250e+02 7.176909999999999887e-03
4.296850000000000023e+02 7.179750000000000368e-03
4.295849999999999795e+02 7.182589999999999981e-03
4.294850000000000136e+02 7.185440000000000403e-03
4.293849999999999909e+02 7.188289999999999957e-03
4.292850000000000250e+02 7.191140000000000379e-03
4.291850000000000023e+02 7.193989999999999933e-03
4.290849999999999795e+02 7.196840000000000355e-03
4.289850000000000136e+02 7.199699999999999850e-03
4.288849999999999909e+02 7.202560000000000212e-03
4.287850000000000250e+02 7.205419999999999707e-03
4.286850000000000023e+02 7.208280000000000069e-03
4.285849999999999795e+02 7.211140000000000432e-03
4.284850000000000136e+02 7.214009999999999867e-03
4.283849999999999909e+02 7.216880000000000170e-03
4.282850000000000250e+02 7.219749999999999605e-03
4.281850000000000023e+02 7.222619999999999908e-03
4.280849999999999795e+02 7.225500000000000152e-03
4.279850000000000136e+02 7.228369999999999587e-03
4.278849999999999909e+02 7.231249999999999831e-03
4.277850000000000250e+02 7.234140000000000015e-03
4.276850000000000023e+02 7.237020000000000258e-03
4.275849999999999795e+02 7.239899999999999634e-03
4.274850000000000136e+02 7.242789999999999818e-03
4.273849999999999909e+02 7.245680000000000003e-03
4.272850000000000250e+02 7.248570000000000187e-03
4.271850000000000023e+02 7.251470000000000311e-03
4.270849999999999795e+02 7.254359999999999628e-03
4.269850000000000136e+02 7.257259999999999753e-03
4.268849999999999909e+02 7.260159999999999877e-03
4.267850000000000250e+02 7.263069999999999943e-03
4.266850000000000023e+02 7.265970000000000067e-03
4.265849999999999795e+02 7.268880000000000133e-03
4.264850000000000136e+02 7.271790000000000198e-03
4.263849999999999909e+02 7.274700000000000263e-03
4.262850000000000250e+02 7.277610000000000329e-03
4.261850000000000023e+02 7.280530000000000335e-03
4.260849999999999795e+02 7.283440000000000400e-03
4.259850000000000136e+02 7.286360000000000406e-03
4.258849999999999909e+02 7.289290000000000352e-03
4.257850000000000250e+02 7.292210000000000358e-03
4.256850000000000023e+02 7.295140000000000305e-03
4.255849999999999795e+02 7.298070000000000251e-03
4.254850000000000136e+02 7.301000000000000198e-03
4.253849999999999909e+02 7.303930000000000144e-03
4.252850000000000250e+02 7.306860000000000091e-03
4.251850000000000023e+02 7.309799999999999978e-03
4.250849999999999795e+02 7.312739999999999865e-03
4.249850000000000136e+02 7.315679999999999752e-03
4.248849999999999909e+02 7.318629999999999580e-03
4.247850000000000250e+02 7.321570000000000335e-03
4.246850000000000023e+02 7.324520000000000162e-03
4.245849999999999795e+02 7.327469999999999990e-03
4.244850000000000136e+02 7.330419999999999818e-03
4.243849999999999909e+02 7.333379999999999586e-03
4.242850000000000250e+02 7.336340000000000222e-03
4.241850000000000023e+02 7.339299999999999990e-03
4.240849999999999795e+02 7.342259999999999759e-03
4.239850000000000136e+02 7.345220000000000395e-03
4.238849999999999909e+02 7.348190000000000104e-03
4.237850000000000250e+02 7.351159999999999813e-03
4.236850000000000023e+02 7.354130000000000389e-03
4.235849999999999795e+02 7.357100000000000098e-03
4.234850000000000136e+02 7.360069999999999807e-03
4.233849999999999909e+02 7.363050000000000324e-03
4.232850000000000250e+02 7.366029999999999973e-03
4.231850000000000023e+02 7.369009999999999623e-03
4.230849999999999795e+02 7.372000000000000081e-03
4.229850000000000136e+02 7.374979999999999730e-03
4.228849999999999909e+02 7.377970000000000188e-03
4.227850000000000250e+02 7.380959999999999778e-03
4.226850000000000023e+02 7.383960000000000176e-03
4.225849999999999795e+02 7.386949999999999766e-03
4.224850000000000136e+02 7.389950000000000165e-03
4.223849999999999909e+02 7.392949999999999695e-03
4.222850000000000250e+02 7.395950000000000094e-03
4.221850000000000023e+02 7.398949999999999624e-03
4.220849999999999795e+02 7.401959999999999963e-03
4.219850000000000136e+02 7.404970000000000302e-03
4.218849999999999909e+02 7.407979999999999773e-03
4.217850000000000250e+02 7.410990000000000112e-03
4.216850000000000023e+02 7.414010000000000392e-03
4.215849999999999795e+02 7.417029999999999804e-03
4.214850000000000136e+02 7.420050000000000083e-03
4.213849999999999909e+02 7.423070000000000362e-03
4.212850000000000250e+02 7.426099999999999715e-03
4.211850000000000023e+02 7.429119999999999994e-03
4.210849999999999795e+02 7.432150000000000215e-03
4.209850000000000136e+02 7.435190000000000375e-03
4.208849999999999909e+02 7.438219999999999728e-03
4.207850000000000250e+02 7.441259999999999888e-03
4.206850000000000023e+02 7.444300000000000049e-03
4.205849999999999795e+02 7.447340000000000210e-03
4.204850000000000136e+02 7.450380000000000370e-03
4.203849999999999909e+02 7.453429999999999604e-03
4.202850000000000250e+02 7.456479999999999705e-03
4.201850000000000023e+02 7.459529999999999807e-03
4.200849999999999795e+02 7.462579999999999908e-03
4.199850000000000136e+02 7.465639999999999950e-03
4.198849999999999909e+02 7.468690000000000051e-03
4.197850000000000250e+02 7.471750000000000093e-03
4.196850000000000023e+02 7.474820000000000075e-03
4.195849999999999795e+02 7.477880000000000117e-03
4.194850000000000136e+02 7.480950000000000100e-03
4.193849999999999909e+02 7.484020000000000082e-03
4.192850000000000250e+02 7.487090000000000065e-03
4.191850000000000023e+02 7.490160000000000047e-03
4.190849999999999795e+02 7.493239999999999970e-03
4.189850000000000136e+02 7.496319999999999893e-03
4.188849999999999909e+02 7.499399999999999816e-03
4.187850000000000250e+02 7.502489999999999680e-03
4.186850000000000023e+02 7.505569999999999603e-03
4.185849999999999795e+02 7.508660000000000334e-03
4.184850000000000136e+02 7.511750000000000198e-03
4.183849999999999909e+02 7.514850000000000002e-03
4.182850000000000250e+02 7.517939999999999866e-03
4.182049999999999841e+02 7.520419999999999883e-03
4.181650000000000205e+02 7.521660000000000325e-03
4.181250000000000000e+02 7.522899999999999900e-03
4.181250000000000000e+02 7.522899999999999900e-03
4.180249999999999773e+02 7.525999999999999704e-03
4.179250000000000114e+02 7.529110000000000316e-03
4.178249999999999886e+02 7.532210000000000120e-03
4.177250000000000227e+02 7.535319999999999865e-03
4.176250000000000000e+02 7.538440000000000418e-03
4.175249999999999773e+02 7.541550000000000163e-03
4.174250000000000114e+02 7.544669999999999849e-03
4.173249999999999886e+02 7.547790000000000402e-03
4.172250000000000227e+02 7.550910000000000087e-03
4.171250000000000000e+02 7.554029999999999773e-03
4.170249999999999773e+02 7.557160000000000266e-03
4.169250000000000114e+02 7.560289999999999892e-03
4.168249999999999886e+02 7.563420000000000386e-03
4.167250000000000227e+02 7.566550000000000012e-03
4.166250000000000000e+02 7.569689999999999579e-03
4.165249999999999773e+02 7.572830000000000013e-03
4.164250000000000114e+02 7.575969999999999580e-03
4.163249999999999886e+02 7.579119999999999954e-03
4.162250000000000227e+02 7.582260000000000388e-03
4.161250000000000000e+02 7.585409999999999896e-03
4.160249999999999773e+02 7.588560000000000270e-03
4.159250000000000114e+02 7.591719999999999718e-03
4.158249999999999886e+02 7.594870000000000093e-03
4.157250000000000227e+02 7.598030000000000408e-03
4.156250000000000000e+02 7.601189999999999856e-03
4.155249999999999773e+02 7.604360000000000112e-03
4.154250000000000114e+02 7.607530000000000368e-03
4.153249999999999886e+02 7.610689999999999816e-03
4.152250000000000227e+02 7.613870000000000013e-03
4.151250000000000000e+02 7.617040000000000269e-03
4.150249999999999773e+02 7.620219999999999598e-03
4.149250000000000114e+02 7.623399999999999795e-03
4.148249999999999886e+02 7.626579999999999991e-03
4.147250000000000227e+02 7.629760000000000188e-03
4.146250000000000000e+02 7.632950000000000325e-03
4.145249999999999773e+02 7.636139999999999595e-03
4.144250000000000114e+02 7.639329999999999732e-03
4.143249999999999886e+02 7.642529999999999810e-03
4.142250000000000227e+02 7.645719999999999947e-03
4.141250000000000000e+02 7.648920000000000025e-03
4.140249999999999773e+02 7.652130000000000043e-03
4.139250000000000114e+02 7.655330000000000121e-03
4.138249999999999886e+02 7.658540000000000139e-03
4.137250000000000227e+02 7.661750000000000158e-03
4.136250000000000000e+02 7.664960000000000176e-03
4.135249999999999773e+02 7.668180000000000135e-03
4.134250000000000114e+02 7.671390000000000153e-03
4.133249999999999886e+02 7.674610000000000112e-03
4.132250000000000227e+02 7.677840000000000012e-03
4.131250000000000000e+02 7.681059999999999971e-03
4.130249999999999773e+02 7.684289999999999871e-03
4.129250000000000114e+02 7.687519999999999770e-03
4.128249999999999886e+02 7.690759999999999610e-03
4.127250000000000227e+02 7.693990000000000377e-03
4.126250000000000000e+02 7.697230000000000218e-03
4.125249999999999773e+02 7.700470000000000058e-03
4.124250000000000114e+02 7.703719999999999839e-03
4.123249999999999886e+02 7.706959999999999679e-03
4.122250000000000227e+02 7.710210000000000327e-03
4.121250000000000000e+02 7.713460000000000108e-03
4.120249999999999773e+02 7.716719999999999829e-03
4.119250000000000114e+02 7.719980000000000418e-03
4.118249999999999886e+02 7.723240000000000140e-03
4.117250000000000227e+02 7.726499999999999861e-03
4.116250000000000000e+02 7.729759999999999583e-03
4.115249999999999773e+02 7.733030000000000112e-03
4.114250000000000114e+02 7.736299999999999774e-03
4.113249999999999886e+02 7.739580000000000244e-03
4.112250000000000227e+02 7.742849999999999906e-03
4.111250000000000000e+02 7.746130000000000376e-03
4.110249999999999773e+02 7.749409999999999979e-03
4.109250000000000114e+02 7.752700000000000390e-03
4.108249999999999886e+02 7.755979999999999992e-03
4.107250000000000227e+02 7.759270000000000403e-03
4.106250000000000000e+02 7.762569999999999887e-03
4.105249999999999773e+02 7.765860000000000297e-03
4.104250000000000114e+02 7.769159999999999781e-03
4.103249999999999886e+02 7.772460000000000133e-03
4.102250000000000227e+02 7.775759999999999617e-03
4.101250000000000000e+02 7.779069999999999908e-03
4.100249999999999773e+02 7.782380000000000200e-03
4.099250000000000114e+02 7.785689999999999625e-03
4.098249999999999886e+02 7.788999999999999917e-03
4.097250000000000227e+02 7.792320000000000149e-03
4.096250000000000000e+02 7.795640000000000382e-03
4.095249999999999773e+02 7.798959999999999747e-03
4.094250000000000114e+02 7.802289999999999920e-03
4.093249999999999886e+02 7.805610000000000152e-03
4.092250000000000227e+02 7.808940000000000325e-03
4.091250000000000000e+02 7.812279999999999572e-03
4.090249999999999773e+02 7.815610000000000612e-03
4.089250000000000114e+02 7.818949999999999859e-03
4.088249999999999886e+02 7.822300000000000780e-03
4.087250000000000227e+02 7.825640000000000027e-03
4.086250000000000000e+02 7.828989999999999214e-03
4.085249999999999773e+02 7.832340000000000135e-03
4.084250000000000114e+02 7.835689999999999322e-03
4.083249999999999886e+02 7.839050000000000185e-03
4.082250000000000227e+02 7.842409999999999312e-03
4.081250000000000000e+02 7.845770000000000174e-03
4.080249999999999773e+02 7.849129999999999302e-03
4.079250000000000114e+02 7.852500000000000105e-03
4.078249999999999886e+02 7.855869999999999173e-03
4.077250000000000227e+02 7.859239999999999976e-03
4.076250000000000000e+02 7.862620000000000720e-03
4.075249999999999773e+02 7.865999999999999728e-03
4.074250000000000114e+02 7.869380000000000472e-03
4.073249999999999886e+02 7.872759999999999481e-03
4.072250000000000227e+02 7.876150000000000165e-03
4.071250000000000000e+02 7.879540000000000849e-03
4.070249999999999773e+02 7.882929999999999798e-03
4.069250000000000114e+02 7.886330000000000423e-03
4.068249999999999886e+02 7.889729999999999313e-03
4.067250000000000227e+02 7.893129999999999938e-03
4.066250000000000000e+02 7.896540000000000503e-03
4.065249999999999773e+02 7.899939999999999393e-03
4.064250000000000114e+02 7.903349999999999959e-03
4.063249999999999886e+02 7.906770000000000465e-03
4.062250000000000227e+02 7.910179999999999295e-03
4.061250000000000000e+02 7.913599999999999801e-03
4.060249999999999773e+02 7.917030000000000248e-03
4.059250000000000114e+02 7.920450000000000754e-03
4.058249999999999886e+02 7.923879999999999466e-03
4.057250000000000227e+02 7.927309999999999912e-03
4.056250000000000000e+02 7.930740000000000359e-03
4.055249999999999773e+02 7.934180000000000746e-03
4.054250000000000114e+02 7.937619999999999398e-03
4.053249999999999886e+02 7.941059999999999786e-03
4.052250000000000227e+02 7.944510000000000113e-03
4.051250000000000000e+02 7.947960000000000441e-03
4.050249999999999773e+02 7.951410000000000769e-03
4.049250000000000114e+02 7.954859999999999362e-03
4.048249999999999886e+02 7.958319999999999630e-03
4.047250000000000227e+02 7.961779999999999899e-03
4.046250000000000000e+02 7.965250000000000108e-03
4.045249999999999773e+02 7.968710000000000376e-03
4.044250000000000114e+02 7.972180000000000585e-03
4.043249999999999886e+02 7.975660000000000735e-03
4.042250000000000227e+02 7.979129999999999209e-03
4.041250000000000000e+02 7.982609999999999359e-03
4.040249999999999773e+02 7.986089999999999509e-03
4.039250000000000114e+02 7.989579999999999599e-03
4.038249999999999886e+02 7.993059999999999748e-03
4.037250000000000227e+02 7.996559999999999779e-03
4.036250000000000000e+02 8.000049999999999870e-03
4.035249999999999773e+02 8.003549999999999900e-03
4.034250000000000114e+02 8.007049999999999931e-03
4.033249999999999886e+02 8.010549999999999962e-03
4.032250000000000227e+02 8.014059999999999934e-03
4.031250000000000000e+02 8.017569999999999905e-03
4.030249999999999773e+02 8.021079999999999877e-03
4.029250000000000114e+02 8.024589999999999848e-03
4.028249999999999886e+02 8.028109999999999760e-03
4.027250000000000227e+02 8.031629999999999672e-03
4.026250000000000000e+02 8.035159999999999525e-03
4.025249999999999773e+02 8.038689999999999378e-03
4.024250000000000114e+02 8.042219999999999230e-03
4.023249999999999886e+02 8.045750000000000818e-03
4.022250000000000227e+02 8.049290000000000611e-03
4.021250000000000000e+02 8.052830000000000404e-03
4.020249999999999773e+02 8.056370000000000198e-03
4.019250000000000114e+02 8.059919999999999932e-03
4.018249999999999886e+02 8.063469999999999666e-03
4.017250000000000227e+02 8.067019999999999399e-03
4.016250000000000000e+02 8.070580000000000809e-03
4.015249999999999773e+02 8.074140000000000483e-03
4.014250000000000114e+02 8.077700000000000158e-03
4.013249999999999886e+02 8.081269999999999773e-03
4.012250000000000227e+02 8.084839999999999388e-03
4.011250000000000000e+02 8.088410000000000738e-03
4.010249999999999773e+02 8.091980000000000353e-03
4.009250000000000114e+02 8.095559999999999909e-03
4.008249999999999886e+02 8.099139999999999465e-03
4.007250000000000227e+02 8.102730000000000696e-03
4.006250000000000000e+02 8.106320000000000192e-03
4.005249999999999773e+02 8.109909999999999689e-03
4.004250000000000114e+02 8.113499999999999185e-03
4.003249999999999886e+02 8.117100000000000357e-03
4.002250000000000227e+02 8.120699999999999794e-03
4.001250000000000000e+02 8.124309999999999171e-03
4.000249999999999773e+02 8.127910000000000343e-03
3.999250000000000114e+02 8.131529999999999661e-03
3.998249999999999886e+02 8.135140000000000773e-03
3.997250000000000227e+02 8.138760000000000092e-03
3.996250000000000000e+02 8.142379999999999410e-03
3.995249999999999773e+02 8.146000000000000463e-03
3.994250000000000114e+02 8.149629999999999722e-03
3.993249999999999886e+02 8.153260000000000715e-03
3.992250000000000227e+02 8.156889999999999974e-03
3.991250000000000000e+02 8.160529999999999173e-03
3.990249999999999773e+02 8.164170000000000108e-03
3.989250000000000114e+02 8.167819999999999248e-03
3.988249999999999886e+02 8.171460000000000182e-03
3.987250000000000227e+02 8.175109999999999322e-03
3.986250000000000000e+02 8.178770000000000137e-03
3.985249999999999773e+02 8.182429999999999218e-03
3.984449999999999932e+02 8.185349999999999224e-03
3.984049999999999727e+02 8.186819999999999167e-03
3.983650000000000091e+02 8.188279999999999170e-03
3.983650000000000091e+02 8.188279999999999170e-03
3.982649999999999864e+02 8.191949999999999926e-03
3.981650000000000205e+02 8.195620000000000682e-03
3.980649999999999977e+02 8.199289999999999703e-03
3.979649999999999750e+02 8.202970000000000400e-03
3.978650000000000091e+02 8.206649999999999362e-03
3.977649999999999864e+02 8.210330000000000059e-03
3.976650000000000205e+02 8.214020000000000696e-03
3.975649999999999977e+02 8.217699999999999658e-03
3.974649999999999750e+02 8.221400000000000236e-03
3.973650000000000091e+02 8.225089999999999138e-03
3.972649999999999864e+02 8.228789999999999716e-03
3.971650000000000205e+02 8.232500000000000234e-03
3.970649999999999977e+02 8.236200000000000812e-03
3.969649999999999750e+02 8.239909999999999596e-03
3.968650000000000091e+02 8.243630000000000055e-03
3.967649999999999864e+02 8.247350000000000514e-03
3.966650000000000205e+02 8.251069999999999238e-03
3.965649999999999977e+02 8.254789999999999697e-03
3.964649999999999750e+02 8.258520000000000097e-03
3.963650000000000091e+02 8.262250000000000497e-03
3.962649999999999864e+02 8.265979999999999162e-03
3.961650000000000205e+02 8.269719999999999502e-03
3.960649999999999977e+02 8.273459999999999842e-03
3.959649999999999750e+02 8.277210000000000123e-03
3.958650000000000091e+02 8.280960000000000404e-03
3.957649999999999864e+02 8.284710000000000685e-03
3.956650000000000205e+02 8.288469999999999172e-03
3.955649999999999977e+02 8.292219999999999452e-03
3.954649999999999750e+02 8.295989999999999615e-03
3.953650000000000091e+02 8.299749999999999836e-03
3.952649999999999864e+02 8.303519999999999998e-03
3.951650000000000205e+02 8.307300000000000101e-03
3.950649999999999977e+02 8.311070000000000263e-03
3.949649999999999750e+02 8.314850000000000366e-03
3.948650000000000091e+02 8.318640000000000409e-03
3.947649999999999864e+02 8.322430000000000452e-03
3.946650000000000205e+02 8.326220000000000496e-03
3.945649999999999977e+02 8.330010000000000539e-03
3.944649999999999750e+02 8.333810000000000523e-03
3.943650000000000091e+02 8.337610000000000507e-03
3.942649999999999864e+02 8.341420000000000431e-03
3.941650000000000205e+02 8.345230000000000356e-03
3.940649999999999977e+02 8.349040000000000281e-03
3.939649999999999750e+02 8.352860000000000146e-03
3.938650000000000091e+02 8.356680000000000011e-03
3.937649999999999864e+02 8.360509999999999817e-03
3.936650000000000205e+02 8.364329999999999682e-03
3.935649999999999977e+02 8.368159999999999488e-03
3.934649999999999750e+02 8.371999999999999234e-03
3.933650000000000091e+02 8.375840000000000715e-03
3.932649999999999864e+02 8.379680000000000462e-03
3.931650000000000205e+02 8.383530000000000149e-03
3.930649999999999977e+02 8.387379999999999836e-03
3.929649999999999750e+02 8.391229999999999523e-03
3.928650000000000091e+02 8.395089999999999150e-03
3.927649999999999864e+02 8.398950000000000513e-03
3.926650000000000205e+02 8.402820000000000081e-03
3.925649999999999977e+02 8.406689999999999649e-03
3.924649999999999750e+02 8.410559999999999217e-03
3.923650000000000091e+02 8.414430000000000520e-03
3.922649999999999864e+02 8.418310000000000029e-03
3.921650000000000205e+02 8.422199999999999478e-03
3.920649999999999977e+02 8.426090000000000663e-03
3.919649999999999750e+02 8.429980000000000112e-03
3.918650000000000091e+02 8.433869999999999562e-03
3.917649999999999864e+02 8.437770000000000686e-03
3.916650000000000205e+02 8.441680000000000017e-03
3.915649999999999977e+02 8.445579999999999407e-03
3.914649999999999750e+02 8.449490000000000473e-03
3.913650000000000091e+02 8.453409999999999744e-03
3.912649999999999864e+02 8.457330000000000750e-03
3.911650000000000205e+02 8.461250000000000021e-03
3.910649999999999977e+02 8.465179999999999233e-03
3.909649999999999750e+02 8.469110000000000180e-03
3.908650000000000091e+02 8.473039999999999392e-03
3.907649999999999864e+02 8.476980000000000279e-03
3.906650000000000205e+02 8.480919999999999431e-03
3.905649999999999977e+02 8.484870000000000259e-03
3.904649999999999750e+02 8.488819999999999352e-03
3.903650000000000091e+02 8.492770000000000180e-03
3.902649999999999864e+02 8.496729999999999214e-03
3.901650000000000205e+02 8.500689999999999982e-03
3.900649999999999977e+02 8.504650000000000751e-03
3.899649999999999750e+02 8.508619999999999725e-03
3.898650000000000091e+02 8.512600000000000375e-03
3.897649999999999864e+02 8.516569999999999349e-03
3.896650000000000205e+02 8.520559999999999939e-03
3.895649999999999977e+02 8.524540000000000589e-03
3.894649999999999750e+02 8.528529999999999445e-03
3.893650000000000091e+02 8.532520000000000035e-03
3.892649999999999864e+02 8.536520000000000566e-03
3.891650000000000205e+02 8.540519999999999362e-03
3.890649999999999977e+02 8.544529999999999834e-03
3.889649999999999750e+02 8.548540000000000305e-03
3.888650000000000091e+02 8.552550000000000777e-03
3.887649999999999864e+02 8.556569999999999454e-03
3.886650000000000205e+02 8.560589999999999866e-03
3.885649999999999977e+02 8.564620000000000219e-03
3.884649999999999750e+02 8.568650000000000572e-03
3.883650000000000091e+02 8.572679999999999190e-03
3.882649999999999864e+02 8.576719999999999483e-03
3.881650000000000205e+02 8.580759999999999776e-03
3.880649999999999977e+02 8.584810000000000010e-03
3.879649999999999750e+02 8.588860000000000244e-03
3.878650000000000091e+02 8.592920000000000419e-03
3.877649999999999864e+02 8.596970000000000653e-03
3.876650000000000205e+02 8.601040000000000768e-03
3.875649999999999977e+02 8.605109999999999149e-03
3.874649999999999750e+02 8.609179999999999264e-03
3.873650000000000091e+02 8.613249999999999379e-03
3.872649999999999864e+02 8.617329999999999435e-03
3.871650000000000205e+02 8.621419999999999431e-03
3.870649999999999977e+02 8.625509999999999428e-03
3.869649999999999750e+02 8.629599999999999424e-03
3.868650000000000091e+02 8.633699999999999361e-03
3.867649999999999864e+02 8.637799999999999298e-03
3.866650000000000205e+02 8.641899999999999235e-03
3.865649999999999977e+02 8.646010000000000847e-03
3.864649999999999750e+02 8.650130000000000666e-03
3.863650000000000091e+02 8.654240000000000543e-03
3.862649999999999864e+02 8.658370000000000302e-03
3.861650000000000205e+02 8.662490000000000120e-03
3.860649999999999977e+02 8.666629999999999820e-03
3.859649999999999750e+02 8.670759999999999579e-03
3.858650000000000091e+02 8.674899999999999278e-03
3.857649999999999864e+02 8.679050000000000653e-03
3.856650000000000205e+02 8.683190000000000353e-03
3.855649999999999977e+02 8.687349999999999933e-03
3.854649999999999750e+02 8.691509999999999514e-03
3.853650000000000091e+02 8.695670000000000829e-03
3.852649999999999864e+02 8.699830000000000410e-03
3.851650000000000205e+02 8.703999999999999931e-03
3.850649999999999977e+02 8.708179999999999393e-03
3.849649999999999750e+02 8.712360000000000590e-03
3.848650000000000091e+02 8.716540000000000052e-03
3.847649999999999864e+02 8.720729999999999454e-03
3.846650000000000205e+02 8.724920000000000592e-03
3.845649999999999977e+02 8.729119999999999935e-03
3.844649999999999750e+02 8.733319999999999278e-03
3.843650000000000091e+02 8.737530000000000296e-03
3.842649999999999864e+02 8.741739999999999580e-03
3.841650000000000205e+02 8.745960000000000539e-03
3.840649999999999977e+02 8.750179999999999764e-03
3.839649999999999750e+02 8.754400000000000723e-03
3.838650000000000091e+02 8.758629999999999888e-03
3.837649999999999864e+02 8.762860000000000787e-03
3.836650000000000205e+02 8.767099999999999893e-03
3.835649999999999977e+02 8.771350000000000674e-03
3.834649999999999750e+02 8.775589999999999780e-03
3.833650000000000091e+02 8.779850000000000501e-03
3.832649999999999864e+02 8.784099999999999547e-03
3.831650000000000205e+02 8.788360000000000269e-03
3.830649999999999977e+02 8.792629999999999196e-03
3.829649999999999750e+02 8.796899999999999858e-03
3.828650000000000091e+02 8.801180000000000461e-03
3.827649999999999864e+02 8.805459999999999329e-03
3.826650000000000205e+02 8.809739999999999932e-03
3.825649999999999977e+02 8.814030000000000475e-03
3.824649999999999750e+02 8.818319999999999284e-03
3.823650000000000091e+02 8.822619999999999768e-03
3.822649999999999864e+02 8.826930000000000193e-03
3.821650000000000205e+02 8.831240000000000617e-03
3.820649999999999977e+02 8.835549999999999307e-03
3.819649999999999750e+02 8.839869999999999672e-03
3.818650000000000091e+02 8.844190000000000038e-03
3.817649999999999864e+02 8.848520000000000343e-03
3.816650000000000205e+02 8.852850000000000649e-03
3.815649999999999977e+02 8.857189999999999161e-03
3.814649999999999750e+02 8.861529999999999407e-03
3.813650000000000091e+02 8.865869999999999654e-03
3.812649999999999864e+02 8.870229999999999781e-03
3.811650000000000205e+02 8.874579999999999969e-03
3.810649999999999977e+02 8.878940000000000096e-03
3.809649999999999750e+02 8.883310000000000164e-03
3.808650000000000091e+02 8.887680000000000233e-03
3.807649999999999864e+02 8.892060000000000242e-03
3.806650000000000205e+02 8.896440000000000251e-03
3.805649999999999977e+02 8.900820000000000259e-03
3.804649999999999750e+02 8.905210000000000209e-03
3.803650000000000091e+02 8.909610000000000099e-03
3.802649999999999864e+02 8.914009999999999989e-03
3.801650000000000205e+02 8.918419999999999820e-03
3.800649999999999977e+02 8.922829999999999651e-03
3.799649999999999750e+02 8.927239999999999481e-03
3.798650000000000091e+02 8.931659999999999253e-03
3.797649999999999864e+02 8.936090000000000699e-03
3.796650000000000205e+02 8.940520000000000411e-03
3.795649999999999977e+02 8.944960000000000064e-03
3.794649999999999750e+02 8.949399999999999716e-03
3.793650000000000091e+02 8.953839999999999369e-03
3.792649999999999864e+02 8.958300000000000637e-03
3.791650000000000205e+02 8.962750000000000231e-03
3.790649999999999977e+02 8.967209999999999764e-03
3.789649999999999750e+02 8.971679999999999239e-03
3.788650000000000091e+02 8.976150000000000448e-03
3.787649999999999864e+02 8.980629999999999863e-03
3.786850000000000023e+02 8.984219999999999359e-03
3.786449999999999818e+02 8.986009999999999137e-03
3.786050000000000182e+02 8.987800000000000650e-03
3.786050000000000182e+02 8.987800000000000650e-03
3.785049999999999955e+02 8.992290000000000005e-03
3.784049999999999727e+02 8.996789999999999302e-03
3.783050000000000068e+02 9.001290000000000333e-03
3.782049999999999841e+02 9.005799999999999569e-03
3.781050000000000182e+02 9.010310000000000541e-03
3.780049999999999955e+02 9.014829999999999718e-03
3.779049999999999727e+02 9.019350000000000631e-03
3.778050000000000068e+02 9.023879999999999749e-03
3.777049999999999841e+02 9.028410000000000601e-03
3.776050000000000182e+02 9.032949999999999660e-03
3.775049999999999955e+02 9.037490000000000454e-03
3.774049999999999727e+02 9.042039999999999453e-03
3.773050000000000068e+02 9.046590000000000187e-03
3.772049999999999841e+02 9.051150000000000861e-03
3.771050000000000182e+02 9.055719999999999742e-03
3.770049999999999955e+02 9.060290000000000357e-03
3.769049999999999727e+02 9.064859999999999238e-03
3.768050000000000068e+02 9.069449999999999734e-03
3.767049999999999841e+02 9.074030000000000290e-03
3.766050000000000182e+02 9.078620000000000786e-03
3.765049999999999955e+02 9.083219999999999489e-03
3.764049999999999727e+02 9.087829999999999867e-03
3.763050000000000068e+02 9.092430000000000304e-03
3.762049999999999841e+02 9.097050000000000622e-03
3.761050000000000182e+02 9.101669999999999205e-03
3.760049999999999955e+02 9.106289999999999524e-03
3.759049999999999727e+02 9.110929999999999723e-03
3.758050000000000068e+02 9.115559999999999982e-03
3.757049999999999841e+02 9.120200000000000182e-03
3.756050000000000182e+02 9.124850000000000322e-03
3.755049999999999955e+02 9.129510000000000403e-03
3.754049999999999727e+02 9.134170000000000483e-03
3.753050000000000068e+02 9.138830000000000564e-03
3.752049999999999841e+02 9.143500000000000585e-03
3.751050000000000182e+02 9.148180000000000547e-03
3.750049999999999955e+02 9.152860000000000509e-03
3.749049999999999727e+02 9.157550000000000412e-03
3.748050000000000068e+02 9.162240000000000315e-03
3.747049999999999841e+02 9.166940000000000158e-03
3.746050000000000182e+02 9.171649999999999942e-03
3.745049999999999955e+02 9.176359999999999725e-03
3.744049999999999727e+02 9.181069999999999509e-03
3.743050000000000068e+02 9.185799999999999174e-03
3.742049999999999841e+02 9.190530000000000574e-03
3.741050000000000182e+02 9.195260000000000239e-03
3.740049999999999955e+02 9.199999999999999845e-03
3.739049999999999727e+02 9.204749999999999391e-03
3.738050000000000068e+02 9.209500000000000672e-03
3.737049999999999841e+02 9.214260000000000159e-03
3.736050000000000182e+02 9.219019999999999646e-03
3.735049999999999955e+02 9.223790000000000808e-03
3.734049999999999727e+02 9.228570000000000176e-03
3.733050000000000068e+02 9.233349999999999544e-03
3.732049999999999841e+02 9.238140000000000587e-03
3.731050000000000182e+02 9.242929999999999896e-03
3.730049999999999955e+02 9.247729999999999145e-03
3.729049999999999727e+02 9.252540000000000070e-03
3.728050000000000068e+02 9.257349999999999260e-03
3.727049999999999841e+02 9.262170000000000125e-03
3.726050000000000182e+02 9.266999999999999196e-03
3.725049999999999955e+02 9.271830000000000002e-03
3.724049999999999727e+02 9.276670000000000749e-03
3.723050000000000068e+02 9.281509999999999760e-03
3.722049999999999841e+02 9.286360000000000448e-03
3.721050000000000182e+02 9.291219999999999341e-03
3.720049999999999955e+02 9.296079999999999968e-03
3.719049999999999727e+02 9.300950000000000537e-03
3.718050000000000068e+02 9.305819999999999370e-03
3.717049999999999841e+02 9.310699999999999879e-03
3.716050000000000182e+02 9.315590000000000329e-03
3.715049999999999955e+02 9.320490000000000719e-03
3.714049999999999727e+02 9.325389999999999374e-03
3.713050000000000068e+02 9.330289999999999764e-03
3.712049999999999841e+02 9.335210000000000036e-03
3.711050000000000182e+02 9.340130000000000307e-03
3.710049999999999955e+02 9.345050000000000578e-03
3.709049999999999727e+02 9.349980000000000790e-03
3.708050000000000068e+02 9.354919999999999208e-03
3.707049999999999841e+02 9.359869999999999302e-03
3.706050000000000182e+02 9.364819999999999395e-03
3.705049999999999955e+02 9.369779999999999429e-03
3.704049999999999727e+02 9.374749999999999403e-03
3.703050000000000068e+02 9.379719999999999377e-03
3.702049999999999841e+02 9.384699999999999293e-03
3.701050000000000182e+02 9.389679999999999208e-03
3.700049999999999955e+02 9.394670000000000798e-03
3.699049999999999727e+02 9.399670000000000594e-03
3.698050000000000068e+02 9.404680000000000331e-03
3.697049999999999841e+02 9.409690000000000068e-03
3.696050000000000182e+02 9.414709999999999746e-03
3.695049999999999955e+02 9.419739999999999364e-03
3.694049999999999727e+02 9.424770000000000716e-03
3.693050000000000068e+02 9.429810000000000275e-03
3.692049999999999841e+02 9.434849999999999834e-03
3.691050000000000182e+02 9.439909999999999274e-03
3.690049999999999955e+02 9.444970000000000449e-03
3.689049999999999727e+02 9.450029999999999888e-03
3.688050000000000068e+02 9.455109999999999210e-03
3.687049999999999841e+02 9.460190000000000266e-03
3.686050000000000182e+02 9.465279999999999527e-03
3.685049999999999955e+02 9.470370000000000524e-03
3.684049999999999727e+02 9.475469999999999726e-03
3.683050000000000068e+02 9.480580000000000604e-03
3.682049999999999841e+02 9.485699999999999688e-03
3.681050000000000182e+02 9.490820000000000506e-03
3.680049999999999955e+02 9.495949999999999530e-03
3.679049999999999727e+02 9.501090000000000230e-03
3.678050000000000068e+02 9.506239999999999135e-03
3.677049999999999841e+02 9.511389999999999775e-03
3.676050000000000182e+02 9.516550000000000356e-03
3.675049999999999955e+02 9.521709999999999202e-03
3.674049999999999727e+02 9.526889999999999664e-03
3.673050000000000068e+02 9.532070000000000126e-03
3.672049999999999841e+02 9.537260000000000529e-03
3.671050000000000182e+02 9.542449999999999197e-03
3.670049999999999955e+02 9.547659999999999481e-03
3.669049999999999727e+02 9.552869999999999764e-03
3.668050000000000068e+02 9.558080000000000048e-03
3.667049999999999841e+02 9.563310000000000213e-03
3.666050000000000182e+02 9.568540000000000378e-03
3.665049999999999955e+02 9.573780000000000484e-03
3.664049999999999727e+02 9.579030000000000530e-03
3.663050000000000068e+02 9.584290000000000517e-03
3.662049999999999841e+02 9.589550000000000504e-03
3.661050000000000182e+02 9.594820000000000432e-03
3.660049999999999955e+02 9.600100000000000300e-03
3.659049999999999727e+02 9.605390000000000109e-03
3.658050000000000068e+02 9.610679999999999917e-03
3.657049999999999841e+02 9.615979999999999667e-03
3.656050000000000182e+02 9.621289999999999357e-03
3.655049999999999955e+02 9.626610000000000722e-03
3.654049999999999727e+02 9.631940000000000293e-03
3.653050000000000068e+02 9.637269999999999864e-03
3.652049999999999841e+02 9.642609999999999376e-03
3.651050000000000182e+02 9.647960000000000563e-03
3.650049999999999955e+02 9.653310000000000016e-03
3.649049999999999727e+02 9.658679999999999349e-03
3.648050000000000068e+02 9.664050000000000418e-03
3.647049999999999841e+02 9.669429999999999692e-03
3.646050000000000182e+02 9.674820000000000642e-03
3.645049999999999955e+02 9.680219999999999797e-03
3.644049999999999727e+02 9.685620000000000687e-03
3.643050000000000068e+02 9.691039999999999724e-03
3.642049999999999841e+02 9.696460000000000495e-03
3.641050000000000182e+02 9.701889999999999473e-03
3.640049999999999955e+02 9.707330000000000125e-03
3.639049999999999727e+02 9.712770000000000778e-03
3.638050000000000068e+02 9.718229999999999577e-03
3.637049999999999841e+02 9.723690000000000111e-03
3.636050000000000182e+02 9.729160000000000585e-03
3.635049999999999955e+02 9.734639999999999266e-03
3.634049999999999727e+02 9.740129999999999622e-03
3.633050000000000068e+02 9.745629999999999918e-03
3.632049999999999841e+02 9.751130000000000214e-03
3.631050000000000182e+02 9.756640000000000451e-03
3.630049999999999955e+02 9.762170000000000569e-03
3.629049999999999727e+02 9.767700000000000687e-03
3.628050000000000068e+02 9.773240000000000746e-03
3.627049999999999841e+02 9.778790000000000746e-03
3.626050000000000182e+02 9.784340000000000745e-03
3.625049999999999955e+02 9.789910000000000626e-03
3.624049999999999727e+02 9.795480000000000506e-03
3.623050000000000068e+02 9.801070000000000268e-03
3.622049999999999841e+02 9.806660000000000030e-03
3.621050000000000182e+02 9.812259999999999732e-03
3.620049999999999955e+02 9.817869999999999375e-03
3.619049999999999727e+02 9.823490000000000694e-03
3.618050000000000068e+02 9.829120000000000218e-03
3.617049999999999841e+02 9.834749999999999742e-03
3.616050000000000182e+02 9.840399999999999148e-03
3.615049999999999955e+02 9.846060000000000229e-03
3.614049999999999727e+02 9.851719999999999575e-03
3.613050000000000068e+02 9.857390000000000596e-03
3.612049999999999841e+02 9.863079999999999764e-03
3.611050000000000182e+02 9.868770000000000667e-03
3.610049999999999955e+02 9.874469999999999775e-03
3.609049999999999727e+02 9.880180000000000559e-03
3.608050000000000068e+02 9.885899999999999549e-03
3.607049999999999841e+02 9.891630000000000214e-03
3.606050000000000182e+02 9.897370000000000820e-03
3.605049999999999955e+02 9.903119999999999631e-03
3.604049999999999727e+02 9.908880000000000118e-03
3.603050000000000068e+02 9.914650000000000546e-03
3.602049999999999841e+02 9.920419999999999239e-03
3.601050000000000182e+02 9.926209999999999548e-03
3.600049999999999955e+02 9.932009999999999797e-03
3.599049999999999727e+02 9.937819999999999987e-03
3.598050000000000068e+02 9.943630000000000177e-03
3.597049999999999841e+02 9.949460000000000248e-03
3.596050000000000182e+02 9.955300000000000260e-03
3.595049999999999955e+02 9.961140000000000272e-03
3.594049999999999727e+02 9.967000000000000165e-03
3.593050000000000068e+02 9.972860000000000058e-03
3.592049999999999841e+02 9.978739999999999832e-03
3.591050000000000182e+02 9.984629999999999547e-03
3.590049999999999955e+02 9.990529999999999203e-03
3.589250000000000114e+02 9.995260000000000603e-03
3.588849999999999909e+02 9.997610000000000524e-03
3.588450000000000273e+02 1.000000000000000021e-02
3.588050000000000068e+02 1.000230000000000043e-02
3.587649999999999864e+02 1.000470000000000005e-02
3.586850000000000023e+02 1.000949999999999930e-02
3.585849999999999795e+02 1.001540000000000069e-02
3.584850000000000136e+02 1.002139999999999975e-02
3.583849999999999909e+02 1.002729999999999941e-02
3.582850000000000250e+02 1.003330000000000020e-02
3.581850000000000023e+02 1.003929999999999927e-02
3.580849999999999795e+02 1.004530000000000006e-02
3.579850000000000136e+02 1.005130000000000086e-02
3.578849999999999909e+02 1.005729999999999992e-02
3.577850000000000250e+02 1.006330000000000072e-02
3.576850000000000023e+02 1.006929999999999978e-02
3.575849999999999795e+02 1.007539999999999998e-02
3.574850000000000136e+02 1.008140000000000078e-02
3.573849999999999909e+02 1.008749999999999925e-02
3.572850000000000250e+02 1.009359999999999945e-02
3.571850000000000023e+02 1.009969999999999965e-02
3.570849999999999795e+02 1.010579999999999985e-02
3.569850000000000136e+02 1.011190000000000005e-02
3.568849999999999909e+02 1.011800000000000026e-02
3.567850000000000250e+02 1.012419999999999987e-02
3.566850000000000023e+02 1.013030000000000007e-02
3.565849999999999795e+02 1.013649999999999968e-02
3.564850000000000136e+02 1.014259999999999988e-02
3.563849999999999909e+02 1.014879999999999949e-02
3.562850000000000250e+02 1.015500000000000083e-02
3.561850000000000023e+02 1.016120000000000044e-02
3.560849999999999795e+02 1.016740000000000005e-02
3.559850000000000136e+02 1.017370000000000080e-02
3.558849999999999909e+02 1.017990000000000041e-02
3.557850000000000250e+02 1.018610000000000002e-02
3.556850000000000023e+02 1.019240000000000076e-02
3.555849999999999795e+02 1.019869999999999978e-02
3.554850000000000136e+02 1.020500000000000053e-02
3.553849999999999909e+02 1.021129999999999954e-02
3.552850000000000250e+02 1.021760000000000029e-02
3.551850000000000023e+02 1.022389999999999931e-02
3.550849999999999795e+02 1.023029999999999946e-02
3.549850000000000136e+02 1.023660000000000021e-02
3.548849999999999909e+02 1.024300000000000037e-02
3.547850000000000250e+02 1.024929999999999938e-02
3.546850000000000023e+02 1.025569999999999954e-02
3.545849999999999795e+02 1.026209999999999969e-02
3.544850000000000136e+02 1.026849999999999985e-02
3.543849999999999909e+02 1.027499999999999941e-02
3.542850000000000250e+02 1.028139999999999957e-02
3.541850000000000023e+02 1.028790000000000086e-02
3.540849999999999795e+02 1.029429999999999928e-02
3.539850000000000136e+02 1.030080000000000058e-02
3.538849999999999909e+02 1.030730000000000014e-02
3.537850000000000250e+02 1.031379999999999970e-02
3.536850000000000023e+02 1.032029999999999927e-02
3.535849999999999795e+02 1.032680000000000056e-02
3.534850000000000136e+02 1.033339999999999953e-02
3.533849999999999909e+02 1.033990000000000083e-02
3.532850000000000250e+02 1.034649999999999979e-02
3.531850000000000023e+02 1.035310000000000050e-02
3.530849999999999795e+02 1.035969999999999946e-02
3.529850000000000136e+02 1.036630000000000017e-02
3.528849999999999909e+02 1.037289999999999913e-02
3.527850000000000250e+02 1.037959999999999924e-02
3.526850000000000023e+02 1.038619999999999995e-02
3.525849999999999795e+02 1.039290000000000005e-02
3.524850000000000136e+02 1.039960000000000016e-02
3.523849999999999909e+02 1.040630000000000027e-02
3.522850000000000250e+02 1.041300000000000038e-02
3.521850000000000023e+02 1.041970000000000049e-02
3.520849999999999795e+02 1.042650000000000000e-02
3.519850000000000136e+02 1.043320000000000011e-02
3.518849999999999909e+02 1.043999999999999963e-02
3.517850000000000250e+02 1.044679999999999914e-02
3.516850000000000023e+02 1.045360000000000039e-02
3.515849999999999795e+02 1.046039999999999991e-02
3.514850000000000136e+02 1.046719999999999942e-02
3.513849999999999909e+02 1.047410000000000008e-02
3.512850000000000250e+02 1.048089999999999959e-02
3.511850000000000023e+02 1.048780000000000025e-02
3.510849999999999795e+02 1.049469999999999917e-02
3.509850000000000136e+02 1.050159999999999982e-02
3.508849999999999909e+02 1.050850000000000048e-02
3.507850000000000250e+02 1.051550000000000054e-02
3.506850000000000023e+02 1.052239999999999946e-02
3.505849999999999795e+02 1.052939999999999952e-02
3.504850000000000136e+02 1.053639999999999959e-02
3.503849999999999909e+02 1.054339999999999965e-02
3.502850000000000250e+02 1.055039999999999971e-02
3.501850000000000023e+02 1.055749999999999918e-02
3.500849999999999795e+02 1.056449999999999924e-02
3.499850000000000136e+02 1.057160000000000044e-02
3.498849999999999909e+02 1.057869999999999991e-02
3.497850000000000250e+02 1.058579999999999938e-02
3.496850000000000023e+02 1.059290000000000058e-02
3.495849999999999795e+02 1.060009999999999945e-02
3.494850000000000136e+02 1.060720000000000066e-02
3.493849999999999909e+02 1.061439999999999953e-02
3.492850000000000250e+02 1.062160000000000014e-02
3.491850000000000023e+02 1.062880000000000075e-02
3.490849999999999795e+02 1.063599999999999962e-02
3.489850000000000136e+02 1.064329999999999964e-02
3.488849999999999909e+02 1.065050000000000024e-02
3.487850000000000250e+02 1.065780000000000026e-02
3.486850000000000023e+02 1.066510000000000027e-02
3.485849999999999795e+02 1.067249999999999970e-02
3.484850000000000136e+02 1.067979999999999971e-02
3.483849999999999909e+02 1.068720000000000087e-02
3.482850000000000250e+02 1.069449999999999915e-02
3.481850000000000023e+02 1.070190000000000030e-02
3.480849999999999795e+02 1.070929999999999972e-02
3.479850000000000136e+02 1.071680000000000028e-02
3.478849999999999909e+02 1.072419999999999971e-02
3.477850000000000250e+02 1.073170000000000027e-02
3.476850000000000023e+02 1.073920000000000083e-02
3.475849999999999795e+02 1.074669999999999966e-02
3.474850000000000136e+02 1.075420000000000022e-02
3.473849999999999909e+02 1.076180000000000019e-02
3.472850000000000250e+02 1.076940000000000015e-02
3.471850000000000023e+02 1.077700000000000012e-02
3.470849999999999795e+02 1.078460000000000009e-02
3.469850000000000136e+02 1.079220000000000006e-02
3.468849999999999909e+02 1.079989999999999943e-02
3.467850000000000250e+02 1.080760000000000054e-02
3.466850000000000023e+02 1.081529999999999991e-02
3.465849999999999795e+02 1.082299999999999929e-02
3.464850000000000136e+02 1.083070000000000040e-02
3.463849999999999909e+02 1.083849999999999918e-02
3.462850000000000250e+02 1.084629999999999969e-02
3.461850000000000023e+02 1.085410000000000021e-02
3.460849999999999795e+02 1.086190000000000072e-02
3.459850000000000136e+02 1.086980000000000064e-02
3.458849999999999909e+02 1.087770000000000056e-02
3.457850000000000250e+02 1.088560000000000048e-02
3.456850000000000023e+02 1.089350000000000041e-02
3.455849999999999795e+02 1.090149999999999973e-02
3.454850000000000136e+02 1.090939999999999965e-02
3.453849999999999909e+02 1.091740000000000071e-02
3.452850000000000250e+02 1.092549999999999945e-02
3.451850000000000023e+02 1.093350000000000051e-02
3.450849999999999795e+02 1.094159999999999924e-02
3.449850000000000136e+02 1.094969999999999971e-02
3.448849999999999909e+02 1.095780000000000018e-02
3.447850000000000250e+02 1.096600000000000005e-02
3.446850000000000023e+02 1.097410000000000052e-02
3.445849999999999795e+02 1.098230000000000040e-02
3.444850000000000136e+02 1.099059999999999968e-02
3.443849999999999909e+02 1.099879999999999955e-02
3.442850000000000250e+02 1.100710000000000056e-02
3.441850000000000023e+02 1.101539999999999984e-02
3.440849999999999795e+02 1.102370000000000086e-02
3.439850000000000136e+02 1.103209999999999955e-02
3.438849999999999909e+02 1.104049999999999997e-02
3.437850000000000250e+02 1.104890000000000039e-02
3.436850000000000023e+02 1.105730000000000081e-02
3.435849999999999795e+02 1.106580000000000064e-02
3.434850000000000136e+02 1.107430000000000046e-02
3.433849999999999909e+02 1.108289999999999970e-02
3.432850000000000250e+02 1.109139999999999952e-02
3.431850000000000023e+02 1.110000000000000049e-02
3.430849999999999795e+02 1.110859999999999972e-02
3.429850000000000136e+02 1.111730000000000010e-02
3.428849999999999909e+02 1.112600000000000047e-02
3.427850000000000250e+02 1.113470000000000085e-02
3.426850000000000023e+02 1.114339999999999949e-02
3.425849999999999795e+02 1.115219999999999927e-02
3.424850000000000136e+02 1.116100000000000078e-02
3.423849999999999909e+02 1.116989999999999997e-02
3.422850000000000250e+02 1.117869999999999975e-02
3.421850000000000023e+02 1.118760000000000067e-02
3.420849999999999795e+02 1.119659999999999926e-02
3.419850000000000136e+02 1.120559999999999959e-02
3.418849999999999909e+02 1.121459999999999992e-02
3.417850000000000250e+02 1.122360000000000024e-02
3.416850000000000023e+02 1.123269999999999998e-02
3.415849999999999795e+02 1.124179999999999971e-02
3.414850000000000136e+02 1.125100000000000058e-02
3.413849999999999909e+02 1.126019999999999972e-02
3.412850000000000250e+02 1.126940000000000060e-02
3.411850000000000023e+02 1.127869999999999914e-02
3.410849999999999795e+02 1.128799999999999942e-02
3.409850000000000136e+02 1.129729999999999970e-02
3.408849999999999909e+02 1.130669999999999939e-02
3.407850000000000250e+02 1.131610000000000081e-02
3.406850000000000023e+02 1.132559999999999990e-02
3.405849999999999795e+02 1.133510000000000073e-02
3.404850000000000136e+02 1.134469999999999923e-02
3.403849999999999909e+02 1.135420000000000006e-02
3.402850000000000250e+02 1.136389999999999970e-02
3.401850000000000023e+02 1.137349999999999993e-02
3.400849999999999795e+02 1.138330000000000071e-02
3.399850000000000136e+02 1.139300000000000035e-02
3.398849999999999909e+02 1.140279999999999939e-02
3.397850000000000250e+02 1.141269999999999958e-02
3.396850000000000023e+02 1.142259999999999977e-02
3.395849999999999795e+02 1.143249999999999995e-02
3.394850000000000136e+02 1.144249999999999955e-02
3.393849999999999909e+02 1.145260000000000028e-02
3.329250000000000114e+02 1.227059999999999956e-02
3.329189999999999827e+02 1.227160000000000056e-02
3.329159999999999968e+02 1.227209999999999933e-02
3.329130000000000109e+02 1.227269999999999923e-02
3.329100000000000250e+02 1.227319999999999973e-02
3.329069999999999823e+02 1.227370000000000023e-02
3.329039999999999964e+02 1.227420000000000073e-02
3.329010000000000105e+02 1.227469999999999950e-02
3.328980000000000246e+02 1.227529999999999941e-02
3.328949999999999818e+02 1.227579999999999991e-02
3.328919999999999959e+02 1.227630000000000041e-02
3.328890000000000100e+02 1.227679999999999917e-02
3.328860000000000241e+02 1.227729999999999967e-02
3.328829999999999814e+02 1.227789999999999958e-02
3.328799999999999955e+02 1.227840000000000008e-02
3.328770000000000095e+02 1.227890000000000058e-02
3.328740000000000236e+02 1.227939999999999934e-02
3.328709999999999809e+02 1.227999999999999925e-02
3.328679999999999950e+02 1.228049999999999975e-02
3.328650000000000091e+02 1.228100000000000025e-02
3.328620000000000232e+02 1.228150000000000075e-02
3.328589999999999804e+02 1.228210000000000066e-02
3.328559999999999945e+02 1.228259999999999942e-02
3.328530000000000086e+02 1.228309999999999992e-02
3.328500000000000227e+02 1.228360000000000042e-02
3.328469999999999800e+02 1.228420000000000033e-02
3.328439999999999941e+02 1.228470000000000083e-02
3.328410000000000082e+02 1.228519999999999959e-02
3.328380000000000223e+02 1.228570000000000009e-02
3.328349999999999795e+02 1.228630000000000000e-02
3.328319999999999936e+02 1.228680000000000050e-02
3.328290000000000077e+02 1.228729999999999926e-02
3.328260000000000218e+02 1.228779999999999976e-02
3.328229999999999791e+02 1.228839999999999967e-02
3.328199999999999932e+02 1.228890000000000017e-02
3.328170000000000073e+02 1.228940000000000067e-02
3.328140000000000214e+02 1.229000000000000058e-02
3.328109999999999786e+02 1.229049999999999934e-02
3.328079999999999927e+02 1.229099999999999984e-02
3.328050000000000068e+02 1.229150000000000034e-02
3.328020000000000209e+02 1.229210000000000025e-02
3.327989999999999782e+02 1.229260000000000075e-02
3.327959999999999923e+02 1.229309999999999951e-02
3.327930000000000064e+02 1.229369999999999942e-02
3.327900000000000205e+02 1.229419999999999992e-02
3.327869999999999777e+02 1.229470000000000042e-02
3.327839999999999918e+02 1.229530000000000033e-02
3.327810000000000059e+02 1.229580000000000083e-02
3.327780000000000200e+02 1.229629999999999959e-02
3.327749999999999773e+02 1.229689999999999950e-02
3.327719999999999914e+02 1.229740000000000000e-02
3.327690000000000055e+02 1.229790000000000050e-02
3.327660000000000196e+02 1.229850000000000040e-02
3.327629999999999768e+02 1.229899999999999917e-02
3.327599999999999909e+02 1.229949999999999967e-02
3.327570000000000050e+02 1.230009999999999958e-02
3.327540000000000191e+02 1.230060000000000008e-02
3.327509999999999764e+02 1.230110000000000058e-02
3.327479999999999905e+02 1.230170000000000048e-02
3.327450000000000045e+02 1.230219999999999925e-02
3.327420000000000186e+02 1.230269999999999975e-02
3.327389999999999759e+02 1.230329999999999965e-02
3.327359999999999900e+02 1.230380000000000015e-02
3.327330000000000041e+02 1.230430000000000065e-02
3.327300000000000182e+02 1.230490000000000056e-02
3.327269999999999754e+02 1.230539999999999932e-02
3.327239999999999895e+02 1.230599999999999923e-02
3.327210000000000036e+02 1.230649999999999973e-02
3.327180000000000177e+02 1.230700000000000023e-02
3.327149999999999750e+02 1.230760000000000014e-02
3.327119999999999891e+02 1.230810000000000064e-02
3.327090000000000032e+02 1.230859999999999940e-02
3.327060000000000173e+02 1.230919999999999931e-02
3.327029999999999745e+02 1.230969999999999981e-02
3.326999999999999886e+02 1.231029999999999971e-02
3.326970000000000027e+02 1.231080000000000021e-02
3.326940000000000168e+02 1.231130000000000072e-02
3.326909999999999741e+02 1.231190000000000062e-02
3.326879999999999882e+02 1.231239999999999939e-02
3.326850000000000023e+02 1.231299999999999929e-02
3.326820000000000164e+02 1.231349999999999979e-02
3.326789999999999736e+02 1.231400000000000029e-02
3.326759999999999877e+02 1.231460000000000020e-02
3.326730000000000018e+02 1.231510000000000070e-02
3.326700000000000159e+02 1.231570000000000061e-02
3.326669999999999732e+02 1.231619999999999937e-02
3.326639999999999873e+02 1.231679999999999928e-02
3.326610000000000014e+02 1.231729999999999978e-02
3.326580000000000155e+02 1.231780000000000028e-02
3.326549999999999727e+02 1.231840000000000018e-02
3.326519999999999868e+02 1.231890000000000068e-02
3.326490000000000009e+02 1.231950000000000059e-02
3.326460000000000150e+02 1.231999999999999935e-02
3.326429999999999723e+02 1.232059999999999926e-02
3.326399999999999864e+02 1.232109999999999976e-02
3.326370000000000005e+02 1.232169999999999967e-02
3.326340000000000146e+02 1.232220000000000017e-02
3.326309999999999718e+02 1.232270000000000067e-02
3.326279999999999859e+02 1.232330000000000057e-02
3.326250000000000000e+02 1.232379999999999934e-02
3.326220000000000141e+02 1.232439999999999924e-02
3.326190000000000282e+02 1.232489999999999974e-02
3.326159999999999854e+02 1.232549999999999965e-02
3.326129999999999995e+02 1.232600000000000015e-02
3.326100000000000136e+02 1.232660000000000006e-02
3.326070000000000277e+02 1.232710000000000056e-02
3.326039999999999850e+02 1.232770000000000046e-02
3.326009999999999991e+02 1.232819999999999923e-02
3.325980000000000132e+02 1.232879999999999913e-02
3.325950000000000273e+02 1.232929999999999963e-02
3.325919999999999845e+02 1.232989999999999954e-02
3.325889999999999986e+02 1.233040000000000004e-02
3.325860000000000127e+02 1.233099999999999995e-02
3.325830000000000268e+02 1.233150000000000045e-02
3.325799999999999841e+02 1.233210000000000035e-02
3.325769999999999982e+02 1.233260000000000085e-02
3.325740000000000123e+02 1.233320000000000076e-02
3.325710000000000264e+02 1.233369999999999952e-02
3.325679999999999836e+02 1.233429999999999943e-02
3.325649999999999977e+02 1.233479999999999993e-02
3.325620000000000118e+02 1.233539999999999984e-02
3.325590000000000259e+02 1.233590000000000034e-02
3.325559999999999832e+02 1.233650000000000024e-02
3.325529999999999973e+02 1.233700000000000074e-02
3.325500000000000114e+02 1.233760000000000065e-02
3.325470000000000255e+02 1.233820000000000056e-02
3.325439999999999827e+02 1.233869999999999932e-02
3.325409999999999968e+02 1.233929999999999923e-02
3.325380000000000109e+02 1.233979999999999973e-02
3.325350000000000250e+02 1.234039999999999963e-02
3.325319999999999823e+02 1.234090000000000013e-02
3.325289999999999964e+02 1.234150000000000004e-02
3.325260000000000105e+02 1.234200000000000054e-02
3.325230000000000246e+02 1.234260000000000045e-02
3.325199999999999818e+02 1.234320000000000035e-02
3.325169999999999959e+02 1.234370000000000085e-02
3.325140000000000100e+02 1.234430000000000076e-02
3.325110000000000241e+02 1.234479999999999952e-02
3.325079999999999814e+02 1.234539999999999943e-02
3.325049999999999955e+02 1.234599999999999934e-02
3.325020000000000095e+02 1.234649999999999984e-02
3.324990000000000236e+02 1.234709999999999974e-02
3.324959999999999809e+02 1.234760000000000024e-02
3.324929999999999950e+02 1.234820000000000015e-02
3.324900000000000091e+02 1.234880000000000005e-02
3.324870000000000232e+02 1.234930000000000055e-02
3.324839999999999804e+02 1.234990000000000046e-02
3.324809999999999945e+02 1.235039999999999923e-02
3.324780000000000086e+02 1.235100000000000087e-02
3.324750000000000227e+02 1.235160000000000077e-02
3.324719999999999800e+02 1.235209999999999954e-02
3.324689999999999941e+02 1.235269999999999944e-02
3.324660000000000082e+02 1.235329999999999935e-02
3.324630000000000223e+02 1.235379999999999985e-02
3.324599999999999795e+02 1.235439999999999976e-02
3.324569999999999936e+02 1.235490000000000026e-02
3.324540000000000077e+02 1.235550000000000016e-02
3.324510000000000218e+02 1.235610000000000007e-02
3.324479999999999791e+02 1.235660000000000057e-02
3.324449999999999932e+02 1.235720000000000048e-02
3.324420000000000073e+02 1.235780000000000038e-02
3.324390000000000214e+02 1.235829999999999915e-02
3.324359999999999786e+02 1.235890000000000079e-02
3.324329999999999927e+02 1.235950000000000069e-02
3.324300000000000068e+02 1.235999999999999946e-02
3.324270000000000209e+02 1.236059999999999937e-02
3.324239999999999782e+02 1.236119999999999927e-02
3.324209999999999923e+02 1.236169999999999977e-02
3.324180000000000064e+02 1.236229999999999968e-02
3.324150000000000205e+02 1.236289999999999958e-02
3.324119999999999777e+02 1.236349999999999949e-02
3.324089999999999918e+02 1.236399999999999999e-02
3.324060000000000059e+02 1.236459999999999990e-02
3.324030000000000200e+02 1.236519999999999980e-02
3.323999999999999773e+02 1.236570000000000030e-02
3.323969999999999914e+02 1.236630000000000021e-02
3.323940000000000055e+02 1.236690000000000011e-02
3.323910000000000196e+02 1.236750000000000002e-02
3.323879999999999768e+02 1.236800000000000052e-02
3.323849999999999909e+02 1.236860000000000043e-02
3.323820000000000050e+02 1.236920000000000033e-02
3.323790000000000191e+02 1.236970000000000083e-02
3.323759999999999764e+02 1.237030000000000074e-02
3.323729999999999905e+02 1.237090000000000065e-02
3.323700000000000045e+02 1.237150000000000055e-02
3.323670000000000186e+02 1.237199999999999932e-02
3.323639999999999759e+02 1.237259999999999922e-02
3.323609999999999900e+02 1.237320000000000086e-02
3.323580000000000041e+02 1.237380000000000077e-02
3.323550000000000182e+02 1.237429999999999954e-02
3.323519999999999754e+02 1.237489999999999944e-02
3.323489999999999895e+02 1.237549999999999935e-02
3.323460000000000036e+02 1.237609999999999925e-02
3.323430000000000177e+02 1.237659999999999975e-02
3.323399999999999750e+02 1.237719999999999966e-02
3.323369999999999891e+02 1.237779999999999957e-02
3.323340000000000032e+02 1.237839999999999947e-02
3.305249999999999773e+02 1.285619999999999992e-02
3.305190000000000055e+02 1.285880000000000009e-02
3.305160000000000196e+02 1.286009999999999931e-02
3.305129999999999768e+02 1.286140000000000026e-02
3.305099999999999909e+02 1.286269999999999948e-02
3.305070000000000050e+02 1.286400000000000043e-02
3.305040000000000191e+02 1.286529999999999965e-02
3.305009999999999764e+02 1.286670000000000001e-02
3.304979999999999905e+02 1.286799999999999923e-02
3.304950000000000045e+02 1.286930000000000018e-02
3.304920000000000186e+02 1.287070000000000054e-02
3.304889999999999759e+02 1.287199999999999976e-02
3.304859999999999900e+02 1.287340000000000012e-02
3.304830000000000041e+02 1.287480000000000048e-02
3.304800000000000182e+02 1.287609999999999970e-02
3.304769999999999754e+02 1.287750000000000006e-02
3.304739999999999895e+02 1.287890000000000042e-02
3.304710000000000036e+02 1.288030000000000078e-02
3.304680000000000177e+02 1.288169999999999940e-02
3.304649999999999750e+02 1.288300000000000035e-02
3.304619999999999891e+02 1.288440000000000071e-02
3.304590000000000032e+02 1.288590000000000048e-02
3.304560000000000173e+02 1.288730000000000084e-02
3.304529999999999745e+02 1.288869999999999946e-02
3.304499999999999886e+02 1.289009999999999982e-02
3.304470000000000027e+02 1.289150000000000018e-02
3.304440000000000168e+02 1.289299999999999995e-02
3.304409999999999741e+02 1.289440000000000031e-02
3.304379999999999882e+02 1.289590000000000007e-02
3.304350000000000023e+02 1.289730000000000043e-02
3.304320000000000164e+02 1.289880000000000020e-02
3.304289999999999736e+02 1.290029999999999996e-02
3.304259999999999877e+02 1.290179999999999973e-02
3.304230000000000018e+02 1.290329999999999949e-02
3.304200000000000159e+02 1.290469999999999985e-02
3.304169999999999732e+02 1.290619999999999962e-02
3.304139999999999873e+02 1.290780000000000052e-02
3.304110000000000014e+02 1.290930000000000029e-02
3.304080000000000155e+02 1.291080000000000005e-02
3.304049999999999727e+02 1.291229999999999982e-02
3.304019999999999868e+02 1.291390000000000073e-02
3.303990000000000009e+02 1.291540000000000049e-02
3.303960000000000150e+02 1.291699999999999966e-02
3.303929999999999723e+02 1.291849999999999943e-02
3.303899999999999864e+02 1.292010000000000033e-02
3.303870000000000005e+02 1.292169999999999951e-02
3.303840000000000146e+02 1.292330000000000041e-02
3.303809999999999718e+02 1.292489999999999958e-02
3.303779999999999859e+02 1.292650000000000049e-02
3.303750000000000000e+02 1.292809999999999966e-02
3.303720000000000141e+02 1.292970000000000057e-02
3.303690000000000282e+02 1.293139999999999915e-02
3.303659999999999854e+02 1.293300000000000005e-02
3.303629999999999995e+02 1.293470000000000036e-02
3.303600000000000136e+02 1.293640000000000068e-02
3.303570000000000277e+02 1.293799999999999985e-02
3.303539999999999850e+02 1.293970000000000016e-02
3.303509999999999991e+02 1.294140000000000047e-02
3.303480000000000132e+02 1.294310000000000078e-02
3.303450000000000273e+02 1.294479999999999936e-02
3.303419999999999845e+02 1.294660000000000082e-02
3.303389999999999986e+02 1.294829999999999939e-02
3.303360000000000127e+02 1.295010000000000085e-02
3.303330000000000268e+02 1.295190000000000057e-02
3.303299999999999841e+02 1.295359999999999914e-02
3.303269999999999982e+02 1.295540000000000060e-02
3.303240000000000123e+02 1.295720000000000031e-02
3.303210000000000264e+02 1.295909999999999944e-02
3.303179999999999836e+02 1.296089999999999916e-02
3.303149999999999977e+02 1.296270000000000061e-02
3.303120000000000118e+02 1.296459999999999974e-02
3.303090000000000259e+02 1.296650000000000059e-02
3.303059999999999832e+02 1.296839999999999972e-02
3.303029999999999973e+02 1.297030000000000058e-02
3.303000000000000114e+02 1.297219999999999970e-02
3.302970000000000255e+02 1.297410000000000056e-02
3.302939999999999827e+02 1.297610000000000083e-02
3.302909999999999968e+02 1.297809999999999936e-02
3.302880000000000109e+02 1.298009999999999962e-02
3.302850000000000250e+02 1.298209999999999989e-02
3.302819999999999823e+02 1.298410000000000016e-02
3.302789999999999964e+02 1.298619999999999983e-02
3.302760000000000105e+02 1.298820000000000009e-02
3.302730000000000246e+02 1.299029999999999976e-02
3.302699999999999818e+02 1.299239999999999944e-02
3.302669999999999959e+02 1.299450000000000084e-02
3.302640000000000100e+02 1.299669999999999992e-02
3.302610000000000241e+02 1.299890000000000073e-02
3.302579999999999814e+02 1.300109999999999981e-02
3.302549999999999955e+02 1.300330000000000062e-02
3.302520000000000095e+02 1.300549999999999970e-02
3.302490000000000236e+02 1.300779999999999992e-02
3.302459999999999809e+02 1.301010000000000014e-02
3.302429999999999950e+02 1.301249999999999976e-02
3.302400000000000091e+02 1.301479999999999998e-02
3.302370000000000232e+02 1.301719999999999960e-02
3.302339999999999804e+02 1.301959999999999923e-02
3.302309999999999945e+02 1.302209999999999999e-02
3.302280000000000086e+02 1.302460000000000076e-02
3.302250000000000227e+02 1.302709999999999979e-02
3.302219999999999800e+02 1.302969999999999996e-02
3.302189999999999941e+02 1.303230000000000013e-02
3.302160000000000082e+02 1.303490000000000031e-02
3.302130000000000223e+02 1.303759999999999988e-02
3.302099999999999795e+02 1.304040000000000060e-02
3.302069999999999936e+02 1.304319999999999959e-02
3.302040000000000077e+02 1.304600000000000030e-02
3.302010000000000218e+02 1.304890000000000043e-02
3.301979999999999791e+02 1.305180000000000055e-02
3.301949999999999932e+02 1.305480000000000008e-02
3.301920000000000073e+02 1.305790000000000076e-02
3.301890000000000214e+02 1.306110000000000083e-02
3.301859999999999786e+02 1.306429999999999918e-02
3.301829999999999927e+02 1.306760000000000040e-02
3.301800000000000068e+02 1.307099999999999929e-02
3.301770000000000209e+02 1.307449999999999932e-02
3.301739999999999782e+02 1.307810000000000049e-02
3.301709999999999923e+02 1.308179999999999933e-02
3.301680000000000064e+02 1.308559999999999932e-02
3.301650000000000205e+02 1.308959999999999985e-02
3.301619999999999777e+02 1.309369999999999978e-02
3.301589999999999918e+02 1.309800000000000027e-02
3.301560000000000059e+02 1.310249999999999956e-02
3.301530000000000200e+02 1.310719999999999941e-02
3.301499999999999773e+02 1.311219999999999920e-02
3.301469999999999914e+02 1.311760000000000009e-02
3.301440000000000055e+02 1.312329999999999920e-02
3.301410000000000196e+02 1.312950000000000055e-02
3.301379999999999768e+02 1.313639999999999947e-02
3.301349999999999909e+02 1.314419999999999998e-02
3.301320000000000050e+02 1.315329999999999971e-02
3.301290000000000191e+02 1.316490000000000021e-02
3.301259999999999764e+02 1.318210000000000041e-02
3.301229999999999905e+02 1.323620000000000005e-02
3.301200000000000045e+02 1.320089999999999979e-02
3.301170000000000186e+02 1.298209999999999989e-02
3.301139999999999759e+02 1.309540000000000010e-02
3.301109999999999900e+02 1.323060000000000035e-02
3.301080000000000041e+02 1.314740000000000006e-02
3.301050000000000182e+02 1.330130000000000028e-02
3.301019999999999754e+02 1.301539999999999989e-02
3.300989999999999895e+02 1.302709999999999979e-02
3.300960000000000036e+02 1.314279999999999962e-02
3.300930000000000177e+02 1.337379999999999992e-02
3.300899999999999750e+02 1.326150000000000072e-02
3.300869999999999891e+02 1.305000000000000084e-02
3.300840000000000032e+02 1.340369999999999930e-02
3.300810000000000173e+02 1.338070000000000058e-02
3.300779999999999745e+02 1.306039999999999979e-02
3.300740000000000123e+02 1.310210000000000020e-02
3.300710000000000264e+02 1.327500000000000034e-02
3.300679999999999836e+02 1.305749999999999966e-02
3.300649999999999977e+02 1.296109999999999970e-02
3.300620000000000118e+02 1.304270000000000082e-02
3.300590000000000259e+02 1.302090000000000018e-02
3.300559999999999832e+02 1.337149999999999971e-02
3.300520000000000209e+02 1.329529999999999948e-02
3.300489999999999782e+02 1.306279999999999941e-02
3.300459999999999923e+02 1.304929999999999979e-02
3.300430000000000064e+02 1.336000000000000035e-02
