93.9756 0.01 0.01 2 27 5
93.9356 0.0100108 0.0100108 2 27 5
93.8956 0.0100216 0.0100216 2 27 5
93.8156 0.0100433 0.0100433 2 27 5
93.7156 0.0100704 0.0100704 2 27 5
93.6156 0.0100976 0.0100976 2 27 5
93.5156 0.0101248 0.0101248 2 27 5
93.4156 0.0101521 0.0101521 2 27 5
93.3156 0.0101795 0.0101795 2 27 5
93.2156 0.0102069 0.0102069 2 27 5
93.1156 0.0102344 0.0102344 2 27 5
93.0156 0.0102619 0.0102619 2 27 5
92.9156 0.0102895 0.0102895 2 27 5
92.8156 0.0103172 0.0103172 2 27 5
92.7156 0.0103449 0.0103449 2 27 5
92.6156 0.0103727 0.0103727 2 27 5
92.5156 0.0104005 0.0104005 2 27 5
92.4156 0.0104284 0.0104284 2 27 5
92.3156 0.0104564 0.0104564 2 27 5
92.2156 0.0104844 0.0104844 2 27 5
92.1156 0.0105125 0.0105125 2 27 5
92.0156 0.0105406 0.0105406 2 27 5
91.9156 0.0105689 0.0105689 2 27 5
91.8156 0.0105971 0.0105971 2 27 5
91.7156 0.0106254 0.0106254 2 27 5
91.6156 0.0106538 0.0106538 2 27 5
91.5156 0.0106823 0.0106823 2 27 5
91.4156 0.0107108 0.0107108 2 27 5
91.3156 0.0107394 0.0107394 2 27 5
91.2156 0.010768 0.010768 2 27 5
91.1156 0.0107967 0.0107967 2 27 5
91.0156 0.0108255 0.0108255 2 27 5
90.9156 0.0108543 0.0108543 2 27 5
90.8156 0.0108832 0.0108832 2 27 5
90.7156 0.0109122 0.0109122 2 27 5
90.6156 0.0109412 0.0109412 2 27 5
90.5156 0.0109703 0.0109703 2 27 5
90.4156 0.0109994 0.0109994 2 27 5
90.3156 0.0110286 0.0110286 2 27 5
90.2156 0.0110579 0.0110579 2 27 5
90.1156 0.0110873 0.0110873 2 27 5
90.0156 0.0111167 0.0111167 2 27 5
89.9156 0.0111461 0.0111461 2 27 5
89.8156 0.0111757 0.0111757 2 27 5
89.7156 0.0112053 0.0112053 2 27 5
89.6156 0.0112349 0.0112349 2 27 5
89.5156 0.0112647 0.0112647 2 27 5
89.4156 0.0112945 0.0112945 2 27 5
89.3156 0.0113244 0.0113244 2 27 5
89.2156 0.0113543 0.0113543 2 27 5
89.1156 0.0113843 0.0113843 2 27 5
89.0156 0.0114144 0.0114144 2 27 5
88.9156 0.0114445 0.0114445 2 27 5
88.8156 0.0114747 0.0114747 2 27 5
88.7156 0.011505 0.011505 2 27 5
88.6156 0.0115353 0.0115353 2 27 5
88.5156 0.0115658 0.0115658 2 27 5
88.4156 0.0115962 0.0115962 2 27 5
88.3156 0.0116268 0.0116268 2 27 5
88.2156 0.0116574 0.0116574 2 27 5
88.1156 0.0116881 0.0116881 2 27 5
88.0156 0.0117189 0.0117189 2 27 5
87.9156 0.0117497 0.0117497 2 27 5
87.8156 0.0117806 0.0117806 2 27 5
87.7156 0.0118116 0.0118116 2 27 5
87.6156 0.0118426 0.0118426 2 27 5
87.5156 0.0118737 0.0118737 2 27 5
87.4156 0.0119049 0.0119049 2 27 5
87.3156 0.0119361 0.0119361 2 27 5
87.2156 0.0119675 0.0119675 2 27 5
87.1156 0.0119989 0.0119989 2 27 5
87.0156 0.0120303 0.0120303 2 27 5
86.9156 0.0120619 0.0120619 2 27 5
86.8156 0.0120935 0.0120935 2 27 5
86.7156 0.0121252 0.0121252 2 27 5
86.6156 0.0121569 0.0121569 2 27 5
86.5156 0.0121888 0.0121888 2 27 5
86.4156 0.0122207 0.0122207 2 27 5
86.3156 0.0122527 0.0122527 2 27 5
86.2156 0.0122847 0.0122847 2 27 5
86.1156 0.0123168 0.0123168 2 27 5
86.0156 0.012349 0.012349 2 27 5
85.9156 0.0123813 0.0123813 2 27 5
85.8156 0.0124137 0.0124137 2 27 5
85.7156 0.0124461 0.0124461 2 27 5
85.6156 0.0124786 0.0124786 2 27 5
85.5156 0.0125112 0.0125112 2 27 5
85.4156 0.0125439 0.0125439 2 27 5
85.3156 0.0125766 0.0125766 2 27 5
85.2156 0.0126094 0.0126094 2 27 5
85.1156 0.0126423 0.0126423 2 27 5
85.0156 0.0126753 0.0126753 2 27 5
84.9156 0.0127083 0.0127083 2 27 5
84.8156 0.0127414 0.0127414 2 27 5
84.7156 0.0127746 0.0127746 2 27 5
84.6156 0.0128079 0.0128079 2 27 5
84.5156 0.0128413 0.0128413 2 27 5
84.4156 0.0128747 0.0128747 2 27 5
84.3156 0.0129082 0.0129082 2 27 5
84.2156 0.0129418 0.0129418 2 27 5
84.1156 0.0129755 0.0129755 2 27 5
84.0156 0.0130092 0.0130092 2 27 5
83.9156 0.0130431 0.0130431 2 27 5
83.8156 0.013077 0.013077 2 27 5
83.7156 0.013111 0.013111 2 27 5
83.6156 0.0131451 0.0131451 2 27 5
83.5156 0.0131792 0.0131792 2 27 5
83.4156 0.0132135 0.0132135 2 27 5
83.3156 0.0132478 0.0132478 2 27 5
83.2156 0.0132822 0.0132822 2 27 5
83.1156 0.0133167 0.0133167 2 27 5
83.0156 0.0133513 0.0133513 2 27 5
82.9156 0.0133859 0.0133859 2 27 5
82.8156 0.0134207 0.0134207 2 27 5
82.7156 0.0134555 0.0134555 2 27 5
82.6156 0.0134904 0.0134904 2 27 5
82.5156 0.0135254 0.0135254 2 27 5
82.4156 0.0135605 0.0135605 2 27 5
82.3156 0.0135956 0.0135956 2 27 5
82.2156 0.0136309 0.0136309 2 27 5
82.1156 0.0136662 0.0136662 2 27 5
82.0156 0.0137016 0.0137016 2 27 5
81.9156 0.0137372 0.0137372 2 27 5
81.8156 0.0137727 0.0137727 2 27 5
81.7156 0.0138084 0.0138084 2 27 5
81.6156 0.0138442 0.0138442 2 27 5
81.5156 0.0138801 0.0138801 2 27 5
81.4156 0.013916 0.013916 2 27 5
81.3156 0.013952 0.013952 2 27 5
81.2156 0.0139882 0.0139882 2 27 5
81.1156 0.0140244 0.0140244 2 27 5
81.0156 0.0140607 0.0140607 2 27 5
80.9156 0.0140971 0.0140971 2 27 5
80.8156 0.0141335 0.0141335 2 27 5
80.7156 0.0141701 0.0141701 2 27 5
80.6156 0.0142068 0.0142068 2 27 5
80.5156 0.0142435 0.0142435 2 27 5
80.4156 0.0142804 0.0142804 2 27 5
80.3156 0.0143173 0.0143173 2 27 5
80.2156 0.0143543 0.0143543 2 27 5
80.1156 0.0143914 0.0143914 2 27 5
80.0156 0.0144287 0.0144287 2 27 5
79.9156 0.014466 0.014466 2 27 5
79.8156 0.0145034 0.0145034 2 27 5
79.7156 0.0145409 0.0145409 2 27 5
79.6156 0.0145784 0.0145784 2 27 5
79.5156 0.0146161 0.0146161 2 27 5
79.4156 0.0146539 0.0146539 2 27 5
79.3156 0.0146918 0.0146918 2 27 5
79.2156 0.0147297 0.0147297 2 27 5
79.1156 0.0147678 0.0147678 2 27 5
79.0156 0.014806 0.014806 2 27 5
78.9156 0.0148442 0.0148442 2 27 5
78.8156 0.0148826 0.0148826 2 27 5
78.7156 0.014921 0.014921 2 27 5
78.6156 0.0149596 0.0149596 2 27 5
78.5156 0.0149982 0.0149982 2 27 5
78.4156 0.015037 0.015037 2 27 5
78.3156 0.0150758 0.0150758 2 27 5
78.2156 0.0151148 0.0151148 2 27 5
78.1156 0.0151538 0.0151538 2 27 5
78.0156 0.0151929 0.0151929 2 27 5
77.9156 0.0152322 0.0152322 2 27 5
77.8156 0.0152715 0.0152715 2 27 5
77.7156 0.015311 0.015311 2 27 5
77.6156 0.0153505 0.0153505 2 27 5
77.5156 0.0153902 0.0153902 2 27 5
77.4156 0.0154299 0.0154299 2 27 5
77.3156 0.0154698 0.0154698 2 27 5
77.2156 0.0155097 0.0155097 2 27 5
77.1156 0.0155498 0.0155498 2 27 5
77.0156 0.01559 0.01559 2 27 5
76.9156 0.0156302 0.0156302 2 27 5
76.8156 0.0156706 0.0156706 2 27 5
76.7156 0.0157111 0.0157111 2 27 5
76.6156 0.0157517 0.0157517 2 27 5
76.5156 0.0157924 0.0157924 2 27 5
76.4156 0.0158332 0.0158332 2 27 5
76.3156 0.0158741 0.0158741 2 27 5
76.2156 0.0159151 0.0159151 2 27 5
76.1156 0.0159562 0.0159562 2 27 5
76.0156 0.0159974 0.0159974 2 27 5
75.9156 0.0160388 0.0160388 2 27 5
75.8156 0.0160802 0.0160802 2 27 5
75.7156 0.0161218 0.0161218 2 27 5
75.6156 0.0161634 0.0161634 2 27 5
75.5156 0.0162052 0.0162052 2 27 5
75.4156 0.0162471 0.0162471 2 27 5
75.3156 0.0162891 0.0162891 2 27 5
75.2156 0.0163312 0.0163312 2 27 5
75.1156 0.0163734 0.0163734 2 27 5
75.0156 0.0164158 0.0164158 2 27 5
74.9156 0.0164582 0.0164582 2 27 5
74.8156 0.0165008 0.0165008 2 27 5
74.7156 0.0165435 0.0165435 2 27 5
74.6156 0.0165863 0.0165863 2 27 5
74.5156 0.0166292 0.0166292 2 27 5
74.4156 0.0166722 0.0166722 2 27 5
74.3156 0.0167153 0.0167153 2 27 5
74.2156 0.0167586 0.0167586 2 27 5
74.2156 0.0167586 0.0167586 2 27 5
74.1756 0.016776 0.016776 2 27 5
74.1356 0.0167934 0.0167934 2 27 5
74.0556 0.0168281 0.0168281 2 27 5
73.9556 0.0168716 0.0168716 2 27 5
73.8556 0.0169152 0.0169152 2 27 5
73.7556 0.016959 0.016959 2 27 5
73.6556 0.0170029 0.0170029 2 27 5
73.5556 0.017047 0.017047 2 27 5
73.4556 0.0170911 0.0170911 2 27 5
73.3556 0.0171354 0.0171354 2 27 5
73.2556 0.0171798 0.0171798 2 27 5
73.1556 0.0172243 0.0172243 2 27 5
73.0556 0.0172689 0.0172689 2 27 5
72.9556 0.0173137 0.0173137 2 27 5
72.8556 0.0173586 0.0173586 2 27 5
72.7556 0.0174036 0.0174036 2 27 5
72.6556 0.0174487 0.0174487 2 27 5
72.5556 0.017494 0.017494 2 27 5
72.4556 0.0175393 0.0175393 2 27 5
72.3556 0.0175848 0.0175848 2 27 5
72.2556 0.0176305 0.0176305 2 27 5
72.1556 0.0176762 0.0176762 2 27 5
72.0556 0.0177221 0.0177221 2 27 5
71.9556 0.0177681 0.0177681 2 27 5
71.8556 0.0178143 0.0178143 2 27 5
71.7556 0.0178605 0.0178605 2 27 5
71.6556 0.0179069 0.0179069 2 27 5
71.5556 0.0179534 0.0179534 2 27 5
71.4556 0.0180001 0.0180001 2 27 5
71.3556 0.0180469 0.0180469 2 27 5
71.2556 0.0180938 0.0180938 2 27 5
71.1556 0.0181408 0.0181408 2 27 5
71.0556 0.018188 0.018188 2 27 5
70.9556 0.0182353 0.0182353 2 27 5
70.8556 0.0182828 0.0182828 2 27 5
70.7556 0.0183304 0.0183304 2 27 5
70.6556 0.0183781 0.0183781 2 27 5
70.5556 0.0184259 0.0184259 2 27 5
70.4556 0.0184739 0.0184739 2 27 5
70.3556 0.0185221 0.0185221 2 27 5
70.2556 0.0185703 0.0185703 2 27 5
70.1556 0.0186187 0.0186187 2 27 5
70.0556 0.0186673 0.0186673 2 27 5
69.9556 0.0187159 0.0187159 2 27 5
69.8556 0.0187647 0.0187647 2 27 5
69.7556 0.0188137 0.0188137 2 27 5
69.6556 0.0188628 0.0188628 2 27 5
69.5556 0.018912 0.018912 2 27 5
69.4556 0.0189614 0.0189614 2 27 5
69.3556 0.0190109 0.0190109 2 27 5
69.2556 0.0190606 0.0190606 2 27 5
69.1556 0.0191104 0.0191104 2 27 5
69.0556 0.0191604 0.0191604 2 27 5
68.9556 0.0192105 0.0192105 2 27 5
68.8556 0.0192607 0.0192607 2 27 5
68.7556 0.0193111 0.0193111 2 27 5
68.6556 0.0193616 0.0193616 2 27 5
68.5556 0.0194123 0.0194123 2 27 5
68.4556 0.0194631 0.0194631 2 27 5
68.3556 0.0195141 0.0195141 2 27 5
68.2556 0.0195652 0.0195652 2 27 5
68.1556 0.0196165 0.0196165 2 27 5
68.0556 0.019668 0.019668 2 27 5
67.9556 0.0197195 0.0197195 2 27 5
67.8556 0.0197713 0.0197713 2 27 5
67.7556 0.0198232 0.0198232 2 27 5
67.6556 0.0198752 0.0198752 2 27 5
67.5556 0.0199274 0.0199274 2 27 5
67.4556 0.0199797 0.0199797 2 27 5
67.3556 0.0200322 0.0200322 2 27 5
67.2556 0.0200849 0.0200849 2 27 5
67.1556 0.0201377 0.0201377 2 27 5
67.0556 0.0201907 0.0201907 2 27 5
66.9556 0.0202438 0.0202438 2 27 5
66.8556 0.0202971 0.0202971 2 27 5
66.7556 0.0203506 0.0203506 2 27 5
66.6556 0.0204042 0.0204042 2 27 5
66.5556 0.0204579 0.0204579 2 27 5
66.4556 0.0205119 0.0205119 2 27 5
66.3556 0.020566 0.020566 2 27 5
66.2556 0.0206202 0.0206202 2 27 5
66.1556 0.0206747 0.0206747 2 27 5
66.0556 0.0207292 0.0207292 2 27 5
65.9556 0.020784 0.020784 2 27 5
65.8556 0.0208389 0.0208389 2 27 5
65.7556 0.020894 0.020894 2 27 5
65.6556 0.0209493 0.0209493 2 27 5
65.5556 0.0210047 0.0210047 2 27 5
65.4556 0.0210603 0.0210603 2 27 5
65.3556 0.021116 0.021116 2 27 5
65.2556 0.021172 0.021172 2 27 5
65.1556 0.0212281 0.0212281 2 27 5
65.0556 0.0212844 0.0212844 2 27 5
64.9556 0.0213408 0.0213408 2 27 5
64.8556 0.0213974 0.0213974 2 27 5
64.7556 0.0214542 0.0214542 2 27 5
64.6556 0.0215112 0.0215112 2 27 5
64.5556 0.0215684 0.0215684 2 27 5
64.4556 0.0216257 0.0216257 2 27 5
64.3556 0.0216832 0.0216832 2 27 5
64.2556 0.0217409 0.0217409 2 27 5
64.1556 0.0217988 0.0217988 2 27 5
64.0556 0.0218568 0.0218568 2 27 5
63.9556 0.021915 0.021915 2 27 5
63.8556 0.0219735 0.0219735 2 27 5
63.7556 0.0220321 0.0220321 2 27 5
63.6556 0.0220908 0.0220908 2 27 5
63.5556 0.0221498 0.0221498 2 27 5
63.4556 0.0222089 0.0222089 2 27 5
63.3556 0.0222683 0.0222683 2 27 5
63.2556 0.0223278 0.0223278 2 27 5
63.1556 0.0223875 0.0223875 2 27 5
63.0556 0.0224474 0.0224474 2 27 5
62.9556 0.0225075 0.0225075 2 27 5
62.8556 0.0225678 0.0225678 2 27 5
62.7556 0.0226283 0.0226283 2 27 5
62.6556 0.0226889 0.0226889 2 27 5
62.5556 0.0227498 0.0227498 2 27 5
62.4556 0.0228109 0.0228109 2 27 5
62.3556 0.0228721 0.0228721 2 27 5
62.2556 0.0229336 0.0229336 2 27 5
62.1556 0.0229952 0.0229952 2 27 5
62.0556 0.0230571 0.0230571 2 27 5
61.9556 0.0231191 0.0231191 2 27 5
61.8556 0.0231814 0.0231814 2 27 5
61.7556 0.0232438 0.0232438 2 27 5
61.6556 0.0233065 0.0233065 2 27 5
61.5556 0.0233693 0.0233693 2 27 5
61.4556 0.0234324 0.0234324 2 27 5
61.3556 0.0234956 0.0234956 2 27 5
61.2556 0.0235591 0.0235591 2 27 5
61.1556 0.0236228 0.0236228 2 27 5
61.0556 0.0236867 0.0236867 2 27 5
60.9556 0.0237508 0.0237508 2 27 5
60.8556 0.0238151 0.0238151 2 27 5
60.7556 0.0238796 0.0238796 2 27 5
60.6556 0.0239443 0.0239443 2 27 5
60.5556 0.0240093 0.0240093 2 27 5
60.4556 0.0240744 0.0240744 2 27 5
60.3556 0.0241398 0.0241398 2 27 5
60.2556 0.0242054 0.0242054 2 27 5
60.1556 0.0242712 0.0242712 2 27 5
60.0556 0.0243372 0.0243372 2 27 5
59.9556 0.0244035 0.0244035 2 27 5
59.8556 0.02447 0.02447 2 27 5
59.7556 0.0245367 0.0245367 2 27 5
59.6556 0.0246036 0.0246036 2 27 5
59.5556 0.0246707 0.0246707 2 27 5
59.4556 0.0247381 0.0247381 2 27 5
59.3556 0.0248057 0.0248057 2 27 5
59.2556 0.0248735 0.0248735 2 27 5
59.1556 0.0249416 0.0249416 2 27 5
59.0556 0.0250099 0.0250099 2 27 5
58.9556 0.0250784 0.0250784 2 27 5
58.8556 0.0251471 0.0251471 2 27 5
58.7556 0.0252161 0.0252161 2 27 5
58.6556 0.0252853 0.0252853 2 27 5
58.5556 0.0253548 0.0253548 2 27 5
58.4556 0.0254245 0.0254245 2 27 5
58.3556 0.0254944 0.0254944 2 27 5
58.2556 0.0255646 0.0255646 2 27 5
58.1556 0.025635 0.025635 2 27 5
58.0556 0.0257056 0.0257056 2 27 5
57.9556 0.0257765 0.0257765 2 27 5
57.8556 0.0258477 0.0258477 2 27 5
57.7556 0.0259191 0.0259191 2 27 5
57.6556 0.0259907 0.0259907 2 27 5
57.5556 0.0260626 0.0260626 2 27 5
57.4556 0.0261347 0.0261347 2 27 5
57.3556 0.0262071 0.0262071 2 27 5
57.2556 0.0262798 0.0262798 2 27 5
57.1556 0.0263527 0.0263527 2 27 5
57.0556 0.0264258 0.0264258 2 27 5
56.9556 0.0264992 0.0264992 2 27 5
56.8556 0.0265729 0.0265729 2 27 5
56.7556 0.0266468 0.0266468 2 27 5
56.6556 0.026721 0.026721 2 27 5
56.5556 0.0267954 0.0267954 2 27 5
56.4556 0.0268702 0.0268702 2 27 5
56.3556 0.0269451 0.0269451 2 27 5
56.2556 0.0270204 0.0270204 2 27 5
56.1556 0.0270959 0.0270959 2 27 5
56.0556 0.0271717 0.0271717 2 27 5
55.9556 0.0272477 0.0272477 2 27 5
55.8556 0.027324 0.027324 2 27 5
55.7556 0.0274006 0.0274006 2 27 5
55.6556 0.0274775 0.0274775 2 27 5
55.5556 0.0275547 0.0275547 2 27 5
55.4556 0.0276321 0.0276321 2 27 5
55.3556 0.0277098 0.0277098 2 27 5
55.2556 0.0277878 0.0277878 2 27 5
55.1556 0.0278661 0.0278661 2 27 5
55.0556 0.0279446 0.0279446 2 27 5
54.9556 0.0280235 0.0280235 2 27 5
54.8556 0.0281026 0.0281026 2 27 5
54.7556 0.028182 0.028182 2 27 5
54.6556 0.0282617 0.0282617 2 27 5
54.5556 0.0283417 0.0283417 2 27 5
54.4556 0.028422 0.028422 2 27 5
54.4556 0.028422 0.028422 2 27 5
54.4156 0.0284545 0.0284545 2 27 5
54.3756 0.0284867 0.0284867 2 27 5
54.2956 0.0285513 0.0285513 2 27 5
54.1956 0.0286322 0.0286322 2 27 5
54.0956 0.0287136 0.0287136 2 27 5
53.9956 0.0287952 0.0287952 2 27 5
53.8956 0.0288772 0.0288772 2 27 5
53.7956 0.0289595 0.0289595 2 27 5
53.6956 0.0290421 0.0290421 2 27 5
53.5956 0.0291249 0.0291249 2 27 5
53.4956 0.0292081 0.0292081 2 27 5
53.3956 0.0292917 0.0292917 2 27 5
53.2956 0.0293755 0.0293755 2 27 5
53.1956 0.0294596 0.0294596 2 27 5
53.0956 0.0295441 0.0295441 2 27 5
52.9956 0.0296289 0.0296289 2 27 5
52.8956 0.029714 0.029714 2 27 5
52.7956 0.0297994 0.0297994 2 27 5
52.6956 0.0298851 0.0298851 2 27 5
52.5956 0.0299712 0.0299712 2 27 5
52.4956 0.0300576 0.0300576 2 27 5
52.3956 0.0301443 0.0301443 2 27 5
52.2956 0.0302314 0.0302314 2 27 5
52.1956 0.0303188 0.0303188 2 27 5
52.0956 0.0304065 0.0304065 2 27 5
51.9956 0.0304946 0.0304946 2 27 5
51.8956 0.030583 0.030583 2 27 5
51.7956 0.0306717 0.0306717 2 27 5
51.6956 0.0307608 0.0307608 2 27 5
51.5956 0.0308502 0.0308502 2 27 5
51.4956 0.03094 0.03094 2 27 5
51.3956 0.0310302 0.0310302 2 27 5
51.2956 0.0311206 0.0311206 2 27 5
51.1956 0.0312115 0.0312115 2 27 5
51.0956 0.0313027 0.0313027 2 27 5
50.9956 0.0313942 0.0313942 2 27 5
50.8956 0.0314861 0.0314861 2 27 5
50.7956 0.0315784 0.0315784 2 27 5
50.6956 0.031671 0.031671 2 27 5
50.5956 0.031764 0.031764 2 27 5
50.4956 0.0318574 0.0318574 2 27 5
50.3956 0.0319511 0.0319511 2 27 5
50.2956 0.0320453 0.0320453 2 27 5
50.1956 0.0321397 0.0321397 2 27 5
50.0956 0.0322346 0.0322346 2 27 5
49.9956 0.0323299 0.0323299 2 27 5
49.8956 0.0324255 0.0324255 2 27 5
49.7956 0.0325215 0.0325215 2 27 5
49.6956 0.0326179 0.0326179 2 27 5
49.5956 0.0327147 0.0327147 2 27 5
49.4956 0.0328119 0.0328119 2 27 5
49.3956 0.0329094 0.0329094 2 27 5
49.2956 0.0330074 0.0330074 2 27 5
49.1956 0.0331058 0.0331058 2 27 5
49.0956 0.0332045 0.0332045 2 27 5
48.9956 0.0333037 0.0333037 2 27 5
48.8956 0.0334033 0.0334033 2 27 5
48.7956 0.0335032 0.0335032 2 27 5
48.6956 0.0336036 0.0336036 2 27 5
48.5956 0.0337044 0.0337044 2 27 5
48.4956 0.0338057 0.0338057 2 27 5
48.3956 0.0339073 0.0339073 2 27 5
48.2956 0.0340094 0.0340094 2 27 5
48.1956 0.0341119 0.0341119 2 27 5
48.0956 0.0342148 0.0342148 2 27 5
47.9956 0.0343181 0.0343181 2 27 5
47.8956 0.0344219 0.0344219 2 27 5
47.7956 0.0345261 0.0345261 2 27 5
47.6956 0.0346307 0.0346307 2 27 5
47.5956 0.0347358 0.0347358 2 27 5
47.4956 0.0348413 0.0348413 2 27 5
47.3956 0.0349473 0.0349473 2 27 5
47.2956 0.0350537 0.0350537 2 27 5
47.1956 0.0351606 0.0351606 2 27 5
47.0956 0.0352679 0.0352679 2 27 5
46.9956 0.0353757 0.0353757 2 27 5
46.8956 0.0354839 0.0354839 2 27 5
46.7956 0.0355926 0.0355926 2 27 5
46.6956 0.0357018 0.0357018 2 27 5
46.5956 0.0358114 0.0358114 2 27 5
46.4956 0.0359215 0.0359215 2 27 5
46.3956 0.0360321 0.0360321 2 27 5
46.2956 0.0361432 0.0361432 2 27 5
46.1956 0.0362547 0.0362547 2 27 5
46.0956 0.0363667 0.0363667 2 27 5
45.9956 0.0364792 0.0364792 2 27 5
45.8956 0.0365923 0.0365923 2 27 5
45.7956 0.0367057 0.0367057 2 27 5
45.6956 0.0368197 0.0368197 2 27 5
45.5956 0.0369342 0.0369342 2 27 5
45.4956 0.0370492 0.0370492 2 27 5
45.3956 0.0371647 0.0371647 2 27 5
45.2956 0.0372807 0.0372807 2 27 5
45.1957 0.0373973 0.0373973 2 27 5
45.0957 0.0375143 0.0375143 2 27 5
44.9957 0.0376319 0.0376319 2 27 5
44.8957 0.03775 0.03775 2 27 5
44.7957 0.0378686 0.0378686 2 27 5
44.6957 0.0379877 0.0379877 2 27 5
44.5957 0.0381074 0.0381074 2 27 5
44.4957 0.0382276 0.0382276 2 27 5
44.3957 0.0383484 0.0383484 2 27 5
44.2957 0.0384697 0.0384697 2 27 5
44.1957 0.0385915 0.0385915 2 27 5
44.0957 0.0387139 0.0387139 2 27 5
43.9957 0.0388369 0.0388369 2 27 5
43.8957 0.0389604 0.0389604 2 27 5
43.7957 0.0390845 0.0390845 2 27 5
43.6957 0.0392091 0.0392091 2 27 5
43.5957 0.0393344 0.0393344 2 27 5
43.4957 0.0394602 0.0394602 2 27 5
43.3957 0.0395865 0.0395865 2 27 5
43.2957 0.0397135 0.0397135 2 27 5
43.1957 0.0398411 0.0398411 2 27 5
43.0957 0.0399692 0.0399692 2 27 5
42.9957 0.0400979 0.0400979 2 27 5
42.8957 0.0402273 0.0402273 2 27 5
42.7957 0.0403572 0.0403572 2 27 5
42.6957 0.0404878 0.0404878 2 27 5
42.5957 0.0406189 0.0406189 2 27 5
42.4957 0.0407507 0.0407507 2 27 5
42.3957 0.0408831 0.0408831 2 27 5
42.2957 0.0410162 0.0410162 2 27 5
42.1957 0.0411498 0.0411498 2 27 5
42.0957 0.0412841 0.0412841 2 27 5
41.9957 0.0414191 0.0414191 2 27 5
41.8957 0.0415546 0.0415546 2 27 5
41.7957 0.0416909 0.0416909 2 27 5
41.6957 0.0418277 0.0418277 2 27 5
41.5957 0.0419653 0.0419653 2 27 5
41.4957 0.0421035 0.0421035 2 27 5
41.3957 0.0422424 0.0422424 2 27 5
41.2957 0.0423819 0.0423819 2 27 5
41.1957 0.0425221 0.0425221 2 27 5
41.0957 0.042663 0.042663 2 27 5
40.9957 0.0428046 0.0428046 2 27 5
40.8957 0.0429469 0.0429469 2 27 5
40.7957 0.0430899 0.0430899 2 27 5
40.6957 0.0432336 0.0432336 2 27 5
40.5957 0.043378 0.043378 2 27 5
40.4957 0.0435231 0.0435231 2 27 5
40.3957 0.0436689 0.0436689 2 27 5
40.2957 0.0438154 0.0438154 2 27 5
40.1957 0.0439627 0.0439627 2 27 5
40.0957 0.0441107 0.0441107 2 27 5
39.9957 0.0442595 0.0442595 2 27 5
39.8957 0.044409 0.044409 2 27 5
39.7957 0.0445592 0.0445592 2 27 5
39.6957 0.0447102 0.0447102 2 27 5
39.5957 0.044862 0.044862 2 27 5
39.4957 0.0450145 0.0450145 2 27 5
39.3957 0.0451678 0.0451678 2 27 5
39.2957 0.0453219 0.0453219 2 27 5
39.1957 0.0454768 0.0454768 2 27 5
39.0957 0.0456325 0.0456325 2 27 5
38.9957 0.0457889 0.0457889 2 27 5
38.8957 0.0459462 0.0459462 2 27 5
38.7957 0.0461043 0.0461043 2 27 5
38.6957 0.0462632 0.0462632 2 27 5
38.5957 0.0464229 0.0464229 2 27 5
38.4957 0.0465834 0.0465834 2 27 5
38.3957 0.0467448 0.0467448 2 27 5
38.2957 0.0469071 0.0469071 2 27 5
38.1957 0.0470701 0.0470701 2 27 5
38.0957 0.0472341 0.0472341 2 27 5
37.9957 0.0473989 0.0473989 2 27 5
37.8957 0.0475646 0.0475646 2 27 5
37.7957 0.0477311 0.0477311 2 27 5
37.6957 0.0478985 0.0478985 2 27 5
37.5957 0.0480668 0.0480668 2 27 5
37.4957 0.0482361 0.0482361 2 27 5
37.3957 0.0484062 0.0484062 2 27 5
37.2957 0.0485772 0.0485772 2 27 5
37.1957 0.0487492 0.0487492 2 27 5
37.0957 0.0489221 0.0489221 2 27 5
36.9957 0.0490959 0.0490959 2 27 5
36.8957 0.0492706 0.0492706 2 27 5
36.7957 0.0494463 0.0494463 2 27 5
36.6957 0.049623 0.049623 2 27 5
36.5957 0.0498006 0.0498006 2 27 5
36.4957 0.0499792 0.0499792 2 27 5
36.3957 0.0501588 0.0501588 2 27 5
36.2957 0.0503394 0.0503394 2 27 5
36.1957 0.050521 0.050521 2 27 5
36.0957 0.0507036 0.0507036 2 27 5
35.9957 0.0508871 0.0508871 2 27 5
35.8957 0.0510718 0.0510718 2 27 5
35.7957 0.0512574 0.0512574 2 27 5
35.6957 0.0514441 0.0514441 2 27 5
35.5957 0.0516318 0.0516318 2 27 5
35.4957 0.0518206 0.0518206 2 27 5
35.3957 0.0520105 0.0520105 2 27 5
35.2957 0.0522014 0.0522014 2 27 5
35.1957 0.0523935 0.0523935 2 27 5
35.0957 0.0525866 0.0525866 2 27 5
34.9957 0.0527808 0.0527808 2 27 5
34.8957 0.0529761 0.0529761 2 27 5
34.7957 0.0531726 0.0531726 2 27 5
34.6957 0.0533702 0.0533702 2 27 5
93.9756 0.01 0.01 2 27 5
94.0156 0.00998919 0.00998919 2 27 5
94.0556 0.0099784 0.0099784 2 27 5
94.1356 0.00995682 0.00995682 2 27 5
94.2356 0.00992991 0.00992991 2 27 5
94.3356 0.00990307 0.00990307 2 27 5
94.4356 0.00987629 0.00987629 2 27 5
94.5356 0.00984957 0.00984957 2 27 5
94.6356 0.00982291 0.00982291 2 27 5
94.7356 0.0097963 0.0097963 2 27 5
94.8356 0.00976975 0.00976975 2 27 5
94.9356 0.00974325 0.00974325 2 27 5
95.0356 0.00971681 0.00971681 2 27 5
95.1356 0.00969042 0.00969042 2 27 5
95.2356 0.0096641 0.0096641 2 27 5
95.3356 0.00963782 0.00963782 2 27 5
95.4356 0.0096116 0.0096116 2 27 5
95.5356 0.00958544 0.00958544 2 27 5
95.6356 0.00955933 0.00955933 2 27 5
95.7356 0.00953327 0.00953327 2 27 5
95.8356 0.00950727 0.00950727 2 27 5
95.9356 0.00948133 0.00948133 2 27 5
96.0356 0.00945543 0.00945543 2 27 5
96.1356 0.0094296 0.0094296 2 27 5
96.2356 0.00940381 0.00940381 2 27 5
96.3356 0.00937808 0.00937808 2 27 5
96.4356 0.0093524 0.0093524 2 27 5
96.5356 0.00932678 0.00932678 2 27 5
96.6356 0.00930121 0.00930121 2 27 5
96.7356 0.00927569 0.00927569 2 27 5
96.8356 0.00925022 0.00925022 2 27 5
96.9356 0.00922481 0.00922481 2 27 5
97.0356 0.00919945 0.00919945 2 27 5
97.1356 0.00917414 0.00917414 2 27 5
97.2356 0.00914888 0.00914888 2 27 5
97.3356 0.00912368 0.00912368 2 27 5
97.4356 0.00909852 0.00909852 2 27 5
97.5356 0.00907342 0.00907342 2 27 5
97.6356 0.00904837 0.00904837 2 27 5
97.7356 0.00902337 0.00902337 2 27 5
97.8356 0.00899842 0.00899842 2 27 5
97.9356 0.00897353 0.00897353 2 27 5
98.0356 0.00894868 0.00894868 2 27 5
98.1356 0.00892389 0.00892389 2 27 5
98.2356 0.00889914 0.00889914 2 27 5
98.3356 0.00887445 0.00887445 2 27 5
98.4356 0.0088498 0.0088498 2 27 5
98.5356 0.00882521 0.00882521 2 27 5
98.6356 0.00880066 0.00880066 2 27 5
98.7356 0.00877617 0.00877617 2 27 5
98.8356 0.00875172 0.00875172 2 27 5
98.9356 0.00872733 0.00872733 2 27 5
99.0356 0.00870298 0.00870298 2 27 5
99.1356 0.00867868 0.00867868 2 27 5
99.2356 0.00865443 0.00865443 2 27 5
99.3356 0.00863023 0.00863023 2 27 5
99.4356 0.00860608 0.00860608 2 27 5
99.5356 0.00858198 0.00858198 2 27 5
99.6356 0.00855793 0.00855793 2 27 5
99.7356 0.00853392 0.00853392 2 27 5
99.8356 0.00850996 0.00850996 2 27 5
99.9356 0.00848605 0.00848605 2 27 5
100.036 0.00846219 0.00846219 2 27 5
100.136 0.00843838 0.00843838 2 27 5
100.236 0.00841461 0.00841461 2 27 5
100.336 0.00839089 0.00839089 2 27 5
100.436 0.00836722 0.00836722 2 27 5
100.536 0.00834359 0.00834359 2 27 5
100.636 0.00832001 0.00832001 2 27 5
100.736 0.00829648 0.00829648 2 27 5
100.836 0.008273 0.008273 2 27 5
100.936 0.00824956 0.00824956 2 27 5
101.036 0.00822617 0.00822617 2 27 5
101.136 0.00820282 0.00820282 2 27 5
101.236 0.00817952 0.00817952 2 27 5
101.336 0.00815627 0.00815627 2 27 5
101.436 0.00813306 0.00813306 2 27 5
101.536 0.0081099 0.0081099 2 27 5
101.636 0.00808678 0.00808678 2 27 5
101.736 0.00806371 0.00806371 2 27 5
101.836 0.00804069 0.00804069 2 27 5
101.936 0.00801771 0.00801771 2 27 5
102.036 0.00799477 0.00799477 2 27 5
102.136 0.00797188 0.00797188 2 27 5
102.236 0.00794903 0.00794903 2 27 5
102.336 0.00792623 0.00792623 2 27 5
102.436 0.00790348 0.00790348 2 27 5
102.536 0.00788077 0.00788077 2 27 5
102.636 0.0078581 0.0078581 2 27 5
102.736 0.00783547 0.00783547 2 27 5
102.836 0.00781289 0.00781289 2 27 5
102.936 0.00779036 0.00779036 2 27 5
103.036 0.00776787 0.00776787 2 27 5
103.136 0.00774542 0.00774542 2 27 5
103.236 0.00772301 0.00772301 2 27 5
103.336 0.00770065 0.00770065 2 27 5
103.436 0.00767833 0.00767833 2 27 5
103.536 0.00765606 0.00765606 2 27 5
103.636 0.00763382 0.00763382 2 27 5
103.736 0.00761164 0.00761164 2 27 5
103.836 0.00758949 0.00758949 2 27 5
103.936 0.00756738 0.00756738 2 27 5
104.036 0.00754532 0.00754532 2 27 5
104.136 0.0075233 0.0075233 2 27 5
104.236 0.00750133 0.00750133 2 27 5
104.336 0.00747939 0.00747939 2 27 5
104.436 0.0074575 0.0074575 2 27 5
104.536 0.00743565 0.00743565 2 27 5
104.636 0.00741384 0.00741384 2 27 5
104.736 0.00739207 0.00739207 2 27 5
104.836 0.00737035 0.00737035 2 27 5
104.936 0.00734866 0.00734866 2 27 5
105.036 0.00732702 0.00732702 2 27 5
105.136 0.00730542 0.00730542 2 27 5
105.236 0.00728385 0.00728385 2 27 5
105.336 0.00726233 0.00726233 2 27 5
105.436 0.00724085 0.00724085 2 27 5
105.536 0.00721942 0.00721942 2 27 5
105.636 0.00719802 0.00719802 2 27 5
105.736 0.00717666 0.00717666 2 27 5
105.836 0.00715534 0.00715534 2 27 5
105.936 0.00713407 0.00713407 2 27 5
106.036 0.00711283 0.00711283 2 27 5
106.136 0.00709163 0.00709163 2 27 5
106.236 0.00707048 0.00707048 2 27 5
106.336 0.00704936 0.00704936 2 27 5
106.436 0.00702828 0.00702828 2 27 5
106.536 0.00700724 0.00700724 2 27 5
106.636 0.00698624 0.00698624 2 27 5
106.736 0.00696529 0.00696529 2 27 5
106.836 0.00694437 0.00694437 2 27 5
106.936 0.00692349 0.00692349 2 27 5
107.036 0.00690264 0.00690264 2 27 5
107.136 0.00688184 0.00688184 2 27 5
107.236 0.00686108 0.00686108 2 27 5
107.336 0.00684035 0.00684035 2 27 5
107.436 0.00681966 0.00681966 2 27 5
107.536 0.00679902 0.00679902 2 27 5
107.636 0.00677841 0.00677841 2 27 5
107.736 0.00675784 0.00675784 2 27 5
107.836 0.0067373 0.0067373 2 27 5
107.936 0.00671681 0.00671681 2 27 5
108.036 0.00669635 0.00669635 2 27 5
108.136 0.00667593 0.00667593 2 27 5
108.236 0.00665555 0.00665555 2 27 5
108.336 0.0066352 0.0066352 2 27 5
108.436 0.0066149 0.0066149 2 27 5
108.536 0.00659463 0.00659463 2 27 5
108.636 0.00657439 0.00657439 2 27 5
108.736 0.0065542 0.0065542 2 27 5
108.836 0.00653404 0.00653404 2 27 5
108.936 0.00651392 0.00651392 2 27 5
109.036 0.00649384 0.00649384 2 27 5
109.136 0.00647379 0.00647379 2 27 5
109.236 0.00645378 0.00645378 2 27 5
109.336 0.00643381 0.00643381 2 27 5
109.436 0.00641387 0.00641387 2 27 5
109.536 0.00639397 0.00639397 2 27 5
109.636 0.0063741 0.0063741 2 27 5
109.736 0.00635428 0.00635428 2 27 5
109.836 0.00633448 0.00633448 2 27 5
109.936 0.00631473 0.00631473 2 27 5
110.036 0.00629501 0.00629501 2 27 5
110.136 0.00627532 0.00627532 2 27 5
110.236 0.00625567 0.00625567 2 27 5
110.336 0.00623606 0.00623606 2 27 5
110.436 0.00621648 0.00621648 2 27 5
110.536 0.00619694 0.00619694 2 27 5
110.636 0.00617744 0.00617744 2 27 5
110.736 0.00615796 0.00615796 2 27 5
110.836 0.00613853 0.00613853 2 27 5
110.936 0.00611913 0.00611913 2 27 5
111.036 0.00609976 0.00609976 2 27 5
111.136 0.00608043 0.00608043 2 27 5
111.236 0.00606113 0.00606113 2 27 5
111.336 0.00604187 0.00604187 2 27 5
111.436 0.00602264 0.00602264 2 27 5
111.536 0.00600345 0.00600345 2 27 5
111.636 0.00598429 0.00598429 2 27 5
111.736 0.00596516 0.00596516 2 27 5
111.836 0.00594607 0.00594607 2 27 5
111.936 0.00592702 0.00592702 2 27 5
112.036 0.005908 0.005908 2 27 5
112.136 0.00588901 0.00588901 2 27 5
112.236 0.00587005 0.00587005 2 27 5
112.336 0.00585113 0.00585113 2 27 5
112.436 0.00583225 0.00583225 2 27 5
112.536 0.00581339 0.00581339 2 27 5
112.636 0.00579457 0.00579457 2 27 5
112.736 0.00577579 0.00577579 2 27 5
112.836 0.00575703 0.00575703 2 27 5
112.936 0.00573831 0.00573831 2 27 5
113.036 0.00571963 0.00571963 2 27 5
113.136 0.00570097 0.00570097 2 27 5
113.236 0.00568235 0.00568235 2 27 5
113.336 0.00566376 0.00566376 2 27 5
113.436 0.00564521 0.00564521 2 27 5
113.536 0.00562669 0.00562669 2 27 5
113.636 0.0056082 0.0056082 2 27 5
113.736 0.00558974 0.00558974 2 27 5
113.736 0.00558974 0.00558974 2 27 5
113.776 0.00558239 0.00558239 2 27 5
113.816 0.00557502 0.00557502 2 27 5
113.896 0.00556029 0.00556029 2 27 5
113.996 0.0055419 0.0055419 2 27 5
114.096 0.00552356 0.00552356 2 27 5
114.196 0.00550525 0.00550525 2 27 5
114.296 0.00548697 0.00548697 2 27 5
114.396 0.00546873 0.00546873 2 27 5
114.496 0.00545051 0.00545051 2 27 5
114.596 0.00543233 0.00543233 2 27 5
114.696 0.00541418 0.00541418 2 27 5
114.796 0.00539607 0.00539607 2 27 5
114.896 0.00537798 0.00537798 2 27 5
114.996 0.00535992 0.00535992 2 27 5
115.096 0.0053419 0.0053419 2 27 5
115.196 0.00532391 0.00532391 2 27 5
115.296 0.00530595 0.00530595 2 27 5
115.396 0.00528802 0.00528802 2 27 5
115.496 0.00527012 0.00527012 2 27 5
115.596 0.00525225 0.00525225 2 27 5
115.696 0.00523441 0.00523441 2 27 5
115.796 0.00521661 0.00521661 2 27 5
115.896 0.00519883 0.00519883 2 27 5
115.996 0.00518109 0.00518109 2 27 5
116.096 0.00516337 0.00516337 2 27 5
116.196 0.00514569 0.00514569 2 27 5
116.296 0.00512803 0.00512803 2 27 5
116.396 0.00511041 0.00511041 2 27 5
116.496 0.00509282 0.00509282 2 27 5
116.596 0.00507525 0.00507525 2 27 5
116.696 0.00505772 0.00505772 2 27 5
116.796 0.00504022 0.00504022 2 27 5
116.896 0.00502275 0.00502275 2 27 5
116.996 0.0050053 0.0050053 2 27 5
117.096 0.00498789 0.00498789 2 27 5
117.196 0.00497051 0.00497051 2 27 5
117.296 0.00495315 0.00495315 2 27 5
117.396 0.00493583 0.00493583 2 27 5
117.496 0.00491854 0.00491854 2 27 5
117.596 0.00490127 0.00490127 2 27 5
117.696 0.00488403 0.00488403 2 27 5
117.796 0.00486683 0.00486683 2 27 5
117.896 0.00484965 0.00484965 2 27 5
117.996 0.0048325 0.0048325 2 27 5
118.096 0.00481538 0.00481538 2 27 5
118.196 0.00479829 0.00479829 2 27 5
118.296 0.00478123 0.00478123 2 27 5
118.396 0.0047642 0.0047642 2 27 5
118.496 0.00474719 0.00474719 2 27 5
118.596 0.00473022 0.00473022 2 27 5
118.696 0.00471327 0.00471327 2 27 5
118.796 0.00469636 0.00469636 2 27 5
118.896 0.00467947 0.00467947 2 27 5
118.996 0.0046626 0.0046626 2 27 5
119.096 0.00464577 0.00464577 2 27 5
119.196 0.00462897 0.00462897 2 27 5
119.296 0.00461219 0.00461219 2 27 5
119.396 0.00459544 0.00459544 2 27 5
119.496 0.00457872 0.00457872 2 27 5
119.596 0.00456203 0.00456203 2 27 5
119.696 0.00454537 0.00454537 2 27 5
119.796 0.00452873 0.00452873 2 27 5
119.896 0.00451212 0.00451212 2 27 5
119.996 0.00449554 0.00449554 2 27 5
120.096 0.00447899 0.00447899 2 27 5
120.196 0.00446246 0.00446246 2 27 5
120.296 0.00444596 0.00444596 2 27 5
120.396 0.00442949 0.00442949 2 27 5
120.496 0.00441305 0.00441305 2 27 5
120.596 0.00439663 0.00439663 2 27 5
120.696 0.00438024 0.00438024 2 27 5
120.796 0.00436388 0.00436388 2 27 5
120.896 0.00434754 0.00434754 2 27 5
120.996 0.00433123 0.00433123 2 27 5
121.096 0.00431495 0.00431495 2 27 5
121.196 0.0042987 0.0042987 2 27 5
121.296 0.00428247 0.00428247 2 27 5
121.396 0.00426627 0.00426627 2 27 5
121.496 0.0042501 0.0042501 2 27 5
121.596 0.00423395 0.00423395 2 27 5
121.696 0.00421783 0.00421783 2 27 5
121.796 0.00420173 0.00420173 2 27 5
121.896 0.00418567 0.00418567 2 27 5
121.996 0.00416962 0.00416962 2 27 5
122.096 0.00415361 0.00415361 2 27 5
122.196 0.00413762 0.00413762 2 27 5
122.296 0.00412166 0.00412166 2 27 5
122.396 0.00410572 0.00410572 2 27 5
122.496 0.00408981 0.00408981 2 27 5
122.596 0.00407392 0.00407392 2 27 5
122.696 0.00405806 0.00405806 2 27 5
122.796 0.00404223 0.00404223 2 27 5
122.896 0.00402642 0.00402642 2 27 5
122.996 0.00401064 0.00401064 2 27 5
123.096 0.00399488 0.00399488 2 27 5
123.196 0.00397915 0.00397915 2 27 5
123.296 0.00396345 0.00396345 2 27 5
123.396 0.00394777 0.00394777 2 27 5
123.496 0.00393211 0.00393211 2 27 5
123.596 0.00391649 0.00391649 2 27 5
123.696 0.00390088 0.00390088 2 27 5
123.796 0.0038853 0.0038853 2 27 5
123.896 0.00386975 0.00386975 2 27 5
123.996 0.00385422 0.00385422 2 27 5
124.096 0.00383872 0.00383872 2 27 5
124.196 0.00382324 0.00382324 2 27 5
124.296 0.00380779 0.00380779 2 27 5
124.396 0.00379236 0.00379236 2 27 5
124.496 0.00377696 0.00377696 2 27 5
124.596 0.00376158 0.00376158 2 27 5
124.696 0.00374622 0.00374622 2 27 5
124.796 0.00373089 0.00373089 2 27 5
124.896 0.00371559 0.00371559 2 27 5
124.996 0.00370031 0.00370031 2 27 5
125.096 0.00368505 0.00368505 2 27 5
125.196 0.00366982 0.00366982 2 27 5
125.296 0.00365461 0.00365461 2 27 5
125.396 0.00363943 0.00363943 2 27 5
125.496 0.00362427 0.00362427 2 27 5
125.596 0.00360913 0.00360913 2 27 5
125.696 0.00359402 0.00359402 2 27 5
125.796 0.00357894 0.00357894 2 27 5
125.896 0.00356387 0.00356387 2 27 5
125.996 0.00354883 0.00354883 2 27 5
126.096 0.00353382 0.00353382 2 27 5
126.196 0.00351883 0.00351883 2 27 5
126.296 0.00350386 0.00350386 2 27 5
126.396 0.00348892 0.00348892 2 27 5
126.496 0.003474 0.003474 2 27 5
126.596 0.0034591 0.0034591 2 27 5
126.696 0.00344423 0.00344423 2 27 5
126.796 0.00342938 0.00342938 2 27 5
126.896 0.00341455 0.00341455 2 27 5
126.996 0.00339975 0.00339975 2 27 5
127.096 0.00338497 0.00338497 2 27 5
127.196 0.00337021 0.00337021 2 27 5
127.296 0.00335548 0.00335548 2 27 5
127.396 0.00334077 0.00334077 2 27 5
127.496 0.00332608 0.00332608 2 27 5
127.596 0.00331142 0.00331142 2 27 5
127.696 0.00329678 0.00329678 2 27 5
127.796 0.00328216 0.00328216 2 27 5
127.896 0.00326756 0.00326756 2 27 5
127.996 0.00325299 0.00325299 2 27 5
128.096 0.00323844 0.00323844 2 27 5
128.196 0.00322391 0.00322391 2 27 5
128.296 0.00320941 0.00320941 2 27 5
128.396 0.00319493 0.00319493 2 27 5
128.496 0.00318047 0.00318047 2 27 5
128.596 0.00316603 0.00316603 2 27 5
128.696 0.00315162 0.00315162 2 27 5
128.796 0.00313722 0.00313722 2 27 5
128.896 0.00312285 0.00312285 2 27 5
128.996 0.00310851 0.00310851 2 27 5
129.096 0.00309418 0.00309418 2 27 5
129.196 0.00307988 0.00307988 2 27 5
129.296 0.0030656 0.0030656 2 27 5
129.396 0.00305134 0.00305134 2 27 5
129.496 0.0030371 0.0030371 2 27 5
129.596 0.00302289 0.00302289 2 27 5
129.696 0.0030087 0.0030087 2 27 5
129.796 0.00299452 0.00299452 2 27 5
129.896 0.00298038 0.00298038 2 27 5
129.996 0.00296625 0.00296625 2 27 5
130.096 0.00295214 0.00295214 2 27 5
130.196 0.00293806 0.00293806 2 27 5
130.296 0.002924 0.002924 2 27 5
130.396 0.00290996 0.00290996 2 27 5
130.496 0.00289594 0.00289594 2 27 5
130.596 0.00288194 0.00288194 2 27 5
130.696 0.00286796 0.00286796 2 27 5
130.796 0.00285401 0.00285401 2 27 5
130.896 0.00284007 0.00284007 2 27 5
130.996 0.00282616 0.00282616 2 27 5
131.096 0.00281227 0.00281227 2 27 5
131.196 0.0027984 0.0027984 2 27 5
131.296 0.00278455 0.00278455 2 27 5
131.396 0.00277072 0.00277072 2 27 5
131.496 0.00275692 0.00275692 2 27 5
131.596 0.00274313 0.00274313 2 27 5
131.696 0.00272937 0.00272937 2 27 5
131.796 0.00271562 0.00271562 2 27 5
131.896 0.0027019 0.0027019 2 27 5
131.996 0.0026882 0.0026882 2 27 5
132.096 0.00267451 0.00267451 2 27 5
132.196 0.00266085 0.00266085 2 27 5
132.296 0.00264721 0.00264721 2 27 5
132.396 0.00263359 0.00263359 2 27 5
132.496 0.00261999 0.00261999 2 27 5
132.596 0.00260642 0.00260642 2 27 5
132.696 0.00259286 0.00259286 2 27 5
132.796 0.00257932 0.00257932 2 27 5
132.896 0.0025658 0.0025658 2 27 5
132.996 0.00255231 0.00255231 2 27 5
133.096 0.00253883 0.00253883 2 27 5
133.196 0.00252537 0.00252537 2 27 5
133.296 0.00251194 0.00251194 2 27 5
133.396 0.00249852 0.00249852 2 27 5
133.496 0.00248512 0.00248512 2 27 5
133.496 0.00248512 0.00248512 2 27 5
133.536 0.00247979 0.00247979 2 27 5
133.576 0.00247444 0.00247444 2 27 5
133.656 0.00246374 0.00246374 2 27 5
133.756 0.00245039 0.00245039 2 27 5
133.856 0.00243706 0.00243706 2 27 5
133.956 0.00242376 0.00242376 2 27 5
134.056 0.00241048 0.00241048 2 27 5
134.156 0.00239721 0.00239721 2 27 5
134.256 0.00238397 0.00238397 2 27 5
134.356 0.00237074 0.00237074 2 27 5
134.456 0.00235754 0.00235754 2 27 5
134.556 0.00234435 0.00234435 2 27 5
134.656 0.00233118 0.00233118 2 27 5
134.756 0.00231804 0.00231804 2 27 5
134.856 0.00230491 0.00230491 2 27 5
134.956 0.0022918 0.0022918 2 27 5
135.056 0.00227872 0.00227872 2 27 5
135.156 0.00226565 0.00226565 2 27 5
135.256 0.0022526 0.0022526 2 27 5
135.356 0.00223957 0.00223957 2 27 5
135.456 0.00222656 0.00222656 2 27 5
135.556 0.00221356 0.00221356 2 27 5
135.656 0.00220059 0.00220059 2 27 5
135.756 0.00218764 0.00218764 2 27 5
135.856 0.0021747 0.0021747 2 27 5
135.956 0.00216179 0.00216179 2 27 5
136.056 0.00214889 0.00214889 2 27 5
136.156 0.00213601 0.00213601 2 27 5
136.256 0.00212316 0.00212316 2 27 5
136.356 0.00211032 0.00211032 2 27 5
136.456 0.00209749 0.00209749 2 27 5
136.556 0.00208469 0.00208469 2 27 5
136.656 0.00207191 0.00207191 2 27 5
136.756 0.00205914 0.00205914 2 27 5
136.856 0.0020464 0.0020464 2 27 5
136.956 0.00203367 0.00203367 2 27 5
137.056 0.00202096 0.00202096 2 27 5
137.156 0.00200827 0.00200827 2 27 5
137.256 0.0019956 0.0019956 2 27 5
137.356 0.00198295 0.00198295 2 27 5
137.456 0.00197031 0.00197031 2 27 5
137.556 0.00195769 0.00195769 2 27 5
137.656 0.0019451 0.0019451 2 27 5
137.756 0.00193252 0.00193252 2 27 5
137.856 0.00191995 0.00191995 2 27 5
137.956 0.00190741 0.00190741 2 27 5
138.056 0.00189489 0.00189489 2 27 5
138.156 0.00188238 0.00188238 2 27 5
138.256 0.00186989 0.00186989 2 27 5
138.356 0.00185742 0.00185742 2 27 5
138.456 0.00184496 0.00184496 2 27 5
138.556 0.00183253 0.00183253 2 27 5
138.656 0.00182011 0.00182011 2 27 5
138.756 0.00180771 0.00180771 2 27 5
138.856 0.00179533 0.00179533 2 27 5
138.956 0.00178297 0.00178297 2 27 5
139.056 0.00177062 0.00177062 2 27 5
139.156 0.00175829 0.00175829 2 27 5
139.256 0.00174598 0.00174598 2 27 5
139.356 0.00173369 0.00173369 2 27 5
139.456 0.00172142 0.00172142 2 27 5
139.556 0.00170916 0.00170916 2 27 5
139.656 0.00169692 0.00169692 2 27 5
139.756 0.0016847 0.0016847 2 27 5
139.856 0.00167249 0.00167249 2 27 5
139.956 0.0016603 0.0016603 2 27 5
140.056 0.00164813 0.00164813 2 27 5
140.156 0.00163598 0.00163598 2 27 5
140.256 0.00162385 0.00162385 2 27 5
140.356 0.00161173 0.00161173 2 27 5
140.456 0.00159963 0.00159963 2 27 5
140.556 0.00158754 0.00158754 2 27 5
140.656 0.00157548 0.00157548 2 27 5
140.756 0.00156343 0.00156343 2 27 5
140.856 0.0015514 0.0015514 2 27 5
140.956 0.00153938 0.00153938 2 27 5
141.056 0.00152738 0.00152738 2 27 5
141.156 0.0015154 0.0015154 2 27 5
141.256 0.00150344 0.00150344 2 27 5
141.356 0.00149149 0.00149149 2 27 5
141.456 0.00147956 0.00147956 2 27 5
141.556 0.00146765 0.00146765 2 27 5
141.656 0.00145575 0.00145575 2 27 5
141.756 0.00144387 0.00144387 2 27 5
141.856 0.00143201 0.00143201 2 27 5
141.956 0.00142016 0.00142016 2 27 5
142.056 0.00140833 0.00140833 2 27 5
142.156 0.00139652 0.00139652 2 27 5
142.256 0.00138472 0.00138472 2 27 5
142.356 0.00137294 0.00137294 2 27 5
142.456 0.00136118 0.00136118 2 27 5
142.556 0.00134943 0.00134943 2 27 5
142.656 0.0013377 0.0013377 2 27 5
142.756 0.00132599 0.00132599 2 27 5
142.856 0.00131429 0.00131429 2 27 5
142.956 0.00130261 0.00130261 2 27 5
143.056 0.00129094 0.00129094 2 27 5
143.156 0.00127929 0.00127929 2 27 5
143.256 0.00126766 0.00126766 2 27 5
143.356 0.00125605 0.00125605 2 27 5
143.456 0.00124445 0.00124445 2 27 5
143.556 0.00123286 0.00123286 2 27 5
143.656 0.0012213 0.0012213 2 27 5
143.756 0.00120974 0.00120974 2 27 5
143.856 0.00119821 0.00119821 2 27 5
143.956 0.00118669 0.00118669 2 27 5
144.056 0.00117519 0.00117519 2 27 5
144.156 0.0011637 0.0011637 2 27 5
144.256 0.00115223 0.00115223 2 27 5
144.356 0.00114077 0.00114077 2 27 5
144.456 0.00112933 0.00112933 2 27 5
144.556 0.00111791 0.00111791 2 27 5
144.656 0.0011065 0.0011065 2 27 5
144.756 0.00109511 0.00109511 2 27 5
144.856 0.00108373 0.00108373 2 27 5
144.956 0.00107237 0.00107237 2 27 5
145.056 0.00106102 0.00106102 2 27 5
145.156 0.00104969 0.00104969 2 27 5
145.256 0.00103838 0.00103838 2 27 5
145.356 0.00102708 0.00102708 2 27 5
145.456 0.0010158 0.0010158 2 27 5
145.556 0.00100453 0.00100453 2 27 5
145.656 0.000993279 0.000993279 2 27 5
145.756 0.000982043 0.000982043 2 27 5
145.856 0.000970822 0.000970822 2 27 5
145.956 0.000959616 0.000959616 2 27 5
146.056 0.000948426 0.000948426 2 27 5
146.156 0.000937251 0.000937251 2 27 5
146.256 0.000926091 0.000926091 2 27 5
146.356 0.000914946 0.000914946 2 27 5
146.456 0.000903817 0.000903817 2 27 5
146.556 0.000892703 0.000892703 2 27 5
146.656 0.000881604 0.000881604 2 27 5
146.756 0.00087052 0.00087052 2 27 5
146.856 0.000859451 0.000859451 2 27 5
146.956 0.000848397 0.000848397 2 27 5
147.056 0.000837359 0.000837359 2 27 5
147.156 0.000826335 0.000826335 2 27 5
147.256 0.000815326 0.000815326 2 27 5
147.356 0.000804333 0.000804333 2 27 5
147.456 0.000793354 0.000793354 2 27 5
147.556 0.00078239 0.00078239 2 27 5
147.656 0.000771441 0.000771441 2 27 5
147.756 0.000760506 0.000760506 2 27 5
147.856 0.000749587 0.000749587 2 27 5
147.956 0.000738682 0.000738682 2 27 5
148.056 0.000727792 0.000727792 2 27 5
148.156 0.000716917 0.000716917 2 27 5
148.256 0.000706056 0.000706056 2 27 5
148.356 0.00069521 0.00069521 2 27 5
148.456 0.000684379 0.000684379 2 27 5
148.556 0.000673562 0.000673562 2 27 5
148.656 0.00066276 0.00066276 2 27 5
148.756 0.000651972 0.000651972 2 27 5
148.856 0.000641199 0.000641199 2 27 5
148.956 0.00063044 0.00063044 2 27 5
149.056 0.000619696 0.000619696 2 27 5
149.156 0.000608966 0.000608966 2 27 5
149.256 0.00059825 0.00059825 2 27 5
149.356 0.000587549 0.000587549 2 27 5
149.456 0.000576862 0.000576862 2 27 5
149.556 0.00056619 0.00056619 2 27 5
149.656 0.000555531 0.000555531 2 27 5
149.756 0.000544887 0.000544887 2 27 5
149.856 0.000534257 0.000534257 2 27 5
149.956 0.000523642 0.000523642 2 27 5
150.056 0.00051304 0.00051304 2 27 5
150.156 0.000502453 0.000502453 2 27 5
150.256 0.000491879 0.000491879 2 27 5
150.356 0.00048132 0.00048132 2 27 5
150.456 0.000470775 0.000470775 2 27 5
150.556 0.000460243 0.000460243 2 27 5
150.656 0.000449726 0.000449726 2 27 5
150.756 0.000439223 0.000439223 2 27 5
150.856 0.000428734 0.000428734 2 27 5
150.956 0.000418258 0.000418258 2 27 5
151.056 0.000407796 0.000407796 2 27 5
151.156 0.000397349 0.000397349 2 27 5
151.256 0.000386915 0.000386915 2 27 5
151.356 0.000376495 0.000376495 2 27 5
151.456 0.000366088 0.000366088 2 27 5
151.556 0.000355696 0.000355696 2 27 5
151.656 0.000345317 0.000345317 2 27 5
151.756 0.000334951 0.000334951 2 27 5
151.856 0.0003246 0.0003246 2 27 5
151.956 0.000314262 0.000314262 2 27 5
152.056 0.000303937 0.000303937 2 27 5
152.156 0.000293626 0.000293626 2 27 5
152.256 0.000283329 0.000283329 2 27 5
152.356 0.000273045 0.000273045 2 27 5
152.456 0.000262775 0.000262775 2 27 5
152.556 0.000252518 0.000252518 2 27 5
152.656 0.000242275 0.000242275 2 27 5
152.756 0.000232045 0.000232045 2 27 5
152.856 0.000221828 0.000221828 2 27 5
152.956 0.000211625 0.000211625 2 27 5
153.056 0.000201435 0.000201435 2 27 5
153.156 0.000191258 0.000191258 2 27 5
153.256 0.000181095 0.000181095 2 27 5
34.6957 0.0533702 0.0533702 2 27 5
34.6557 0.0534506 0.0534506 2 27 5
34.6157 0.0535301 0.0535301 2 27 5
34.5357 0.0536893 0.0536893 2 27 5
34.4357 0.0538894 0.0538894 2 27 5
34.3357 0.054091 0.054091 2 27 5
34.2357 0.0542939 0.0542939 2 27 5
34.1357 0.054498 0.054498 2 27 5
34.0357 0.0547034 0.0547034 2 27 5
33.9357 0.0549099 0.0549099 2 27 5
33.8357 0.0551176 0.0551176 2 27 5
33.7357 0.0553266 0.0553266 2 27 5
33.6357 0.0555368 0.0555368 2 27 5
33.5357 0.0557483 0.0557483 2 27 5
33.4357 0.055961 0.055961 2 27 5
33.3357 0.056175 0.056175 2 27 5
33.2357 0.0563903 0.0563903 2 27 5
33.1357 0.0566069 0.0566069 2 27 5
33.0357 0.0568248 0.0568248 2 27 5
32.9357 0.0570441 0.0570441 2 27 5
32.8357 0.0572646 0.0572646 2 27 5
32.7357 0.0574866 0.0574866 2 27 5
32.6357 0.0577098 0.0577098 2 27 5
32.5357 0.0579345 0.0579345 2 27 5
32.4357 0.0581605 0.0581605 2 27 5
32.3357 0.058388 0.058388 2 27 5
32.2357 0.0586168 0.0586168 2 27 5
32.1357 0.0588471 0.0588471 2 27 5
32.0357 0.0590788 0.0590788 2 27 5
31.9357 0.0593119 0.0593119 2 27 5
31.8357 0.0595465 0.0595465 2 27 5
31.7357 0.0597826 0.0597826 2 27 5
31.6357 0.0600202 0.0600202 2 27 5
31.5357 0.0602593 0.0602593 2 27 5
31.4357 0.0604999 0.0604999 2 27 5
31.3357 0.0607421 0.0607421 2 27 5
31.2357 0.0609858 0.0609858 2 27 5
31.1357 0.0612311 0.0612311 2 27 5
31.0357 0.0614779 0.0614779 2 27 5
30.9357 0.0617264 0.0617264 2 27 5
30.8357 0.0619764 0.0619764 2 27 5
30.7357 0.0622281 0.0622281 2 27 5
30.6357 0.0624814 0.0624814 2 27 5
30.5357 0.0627364 0.0627364 2 27 5
30.4357 0.0629931 0.0629931 2 27 5
30.3357 0.0632514 0.0632514 2 27 5
30.2357 0.0635115 0.0635115 2 27 5
30.1357 0.0637733 0.0637733 2 27 5
30.0357 0.0640368 0.0640368 2 27 5
29.9357 0.0643021 0.0643021 2 27 5
29.8357 0.0645692 0.0645692 2 27 5
29.7357 0.0648381 0.0648381 2 27 5
29.6358 0.0651087 0.0651087 2 27 5
29.5358 0.0653812 0.0653812 2 27 5
29.4358 0.0656556 0.0656556 2 27 5
29.3358 0.0659318 0.0659318 2 27 5
29.2358 0.06621 0.06621 2 27 5
29.1358 0.06649 0.06649 2 27 5
29.0358 0.066772 0.066772 2 27 5
28.9358 0.0670559 0.0670559 2 27 5
28.8358 0.0673417 0.0673417 2 27 5
28.7358 0.0676296 0.0676296 2 27 5
28.6358 0.0679195 0.0679195 2 27 5
28.5358 0.0682114 0.0682114 2 27 5
28.4358 0.0685054 0.0685054 2 27 5
28.3358 0.0688014 0.0688014 2 27 5
28.2358 0.0690995 0.0690995 2 27 5
28.1358 0.0693998 0.0693998 2 27 5
28.0358 0.0697022 0.0697022 2 27 5
27.9358 0.0700068 0.0700068 2 27 5
27.8358 0.0703135 0.0703135 2 27 5
27.7358 0.0706225 0.0706225 2 27 5
27.6358 0.0709337 0.0709337 2 27 5
27.5358 0.0712471 0.0712471 2 27 5
27.4358 0.0715629 0.0715629 2 27 5
27.3358 0.0718809 0.0718809 2 27 5
27.2358 0.0722013 0.0722013 2 27 5
27.1358 0.072524 0.072524 2 27 5
27.0358 0.0728492 0.0728492 2 27 5
26.9358 0.0731767 0.0731767 2 27 5
26.8358 0.0735067 0.0735067 2 27 5
26.7358 0.0738392 0.0738392 2 27 5
26.6358 0.0741741 0.0741741 2 27 5
26.5358 0.0745116 0.0745116 2 27 5
26.4358 0.0748516 0.0748516 2 27 5
26.3358 0.0751942 0.0751942 2 27 5
26.2358 0.0755395 0.0755395 2 27 5
26.1358 0.0758873 0.0758873 2 27 5
26.0358 0.0762379 0.0762379 2 27 5
25.9358 0.0765911 0.0765911 2 27 5
25.8358 0.0769471 0.0769471 2 27 5
25.7358 0.0773058 0.0773058 2 27 5
25.6358 0.0776673 0.0776673 2 27 5
25.5358 0.0780317 0.0780317 2 27 5
25.4358 0.0783989 0.0783989 2 27 5
25.3358 0.0787691 0.0787691 2 27 5
25.2358 0.0791421 0.0791421 2 27 5
25.1358 0.0795182 0.0795182 2 27 5
25.0358 0.0798972 0.0798972 2 27 5
24.9358 0.0802793 0.0802793 2 27 5
24.8358 0.0806644 0.0806644 2 27 5
24.7358 0.0810527 0.0810527 2 27 5
24.6358 0.0814441 0.0814441 2 27 5
24.5358 0.0818387 0.0818387 2 27 5
24.4358 0.0822366 0.0822366 2 27 5
24.3358 0.0826377 0.0826377 2 27 5
24.2358 0.0830421 0.0830421 2 27 5
24.1358 0.0834498 0.0834498 2 27 5
24.0359 0.083861 0.083861 2 27 5
23.9359 0.0842756 0.0842756 2 27 5
23.8359 0.0846937 0.0846937 2 27 5
23.7359 0.0851153 0.0851153 2 27 5
23.6359 0.0855404 0.0855404 2 27 5
23.5359 0.0859692 0.0859692 2 27 5
23.4359 0.0864016 0.0864016 2 27 5
23.3359 0.0868378 0.0868378 2 27 5
23.2359 0.0872776 0.0872776 2 27 5
23.1359 0.0877213 0.0877213 2 27 5
23.0359 0.0881689 0.0881689 2 27 5
22.9359 0.0886203 0.0886203 2 27 5
22.8359 0.0890757 0.0890757 2 27 5
22.7359 0.0895351 0.0895351 2 27 5
22.6359 0.0899986 0.0899986 2 27 5
22.5359 0.0904662 0.0904662 2 27 5
22.4359 0.0909379 0.0909379 2 27 5
22.3359 0.0914139 0.0914139 2 27 5
22.2359 0.0918941 0.0918941 2 27 5
22.1359 0.0923787 0.0923787 2 27 5
22.0359 0.0928677 0.0928677 2 27 5
21.9359 0.0933611 0.0933611 2 27 5
21.8359 0.0938591 0.0938591 2 27 5
21.7359 0.0943616 0.0943616 2 27 5
21.6359 0.0948688 0.0948688 2 27 5
21.5359 0.0953807 0.0953807 2 27 5
21.4359 0.0958973 0.0958973 2 27 5
21.3359 0.0964188 0.0964188 2 27 5
21.2359 0.0969453 0.0969453 2 27 5
21.1359 0.0974767 0.0974767 2 27 5
21.0359 0.0980131 0.0980131 2 27 5
20.9359 0.0985547 0.0985547 2 27 5
20.836 0.0991014 0.0991014 2 27 5
20.736 0.0996535 0.0996535 2 27 5
20.636 0.100211 0.100211 2 27 5
20.536 0.100774 0.100774 2 27 5
20.436 0.101342 0.101342 2 27 5
20.336 0.101916 0.101916 2 27 5
20.236 0.102496 0.102496 2 27 5
20.136 0.103081 0.103081 2 27 5
20.036 0.103672 0.103672 2 27 5
19.936 0.104269 0.104269 2 27 5
19.836 0.104872 0.104872 2 27 5
19.736 0.105482 0.105482 2 27 5
19.636 0.106097 0.106097 2 27 5
19.536 0.106719 0.106719 2 27 5
19.436 0.107347 0.107347 2 27 5
19.336 0.107981 0.107981 2 27 5
19.236 0.108623 0.108623 2 27 5
19.136 0.109271 0.109271 2 27 5
19.036 0.109925 0.109925 2 27 5
18.936 0.110587 0.110587 2 27 5
18.836 0.111256 0.111256 2 27 5
18.7361 0.111931 0.111931 2 27 5
18.6361 0.112615 0.112615 2 27 5
18.5361 0.113305 0.113305 2 27 5
18.4361 0.114003 0.114003 2 27 5
18.3361 0.114708 0.114708 2 27 5
18.2361 0.115422 0.115422 2 27 5
18.1361 0.116143 0.116143 2 27 5
18.0361 0.116872 0.116872 2 27 5
17.9361 0.117609 0.117609 2 27 5
17.8361 0.118355 0.118355 2 27 5
17.7361 0.119109 0.119109 2 27 5
17.6361 0.119871 0.119871 2 27 5
17.5361 0.120642 0.120642 2 27 5
17.4361 0.121422 0.121422 2 27 5
17.3361 0.122211 0.122211 2 27 5
17.2361 0.123009 0.123009 2 27 5
17.1362 0.123817 0.123817 2 27 5
17.0362 0.124634 0.124634 2 27 5
16.9362 0.12546 0.12546 2 27 5
16.8362 0.126297 0.126297 2 27 5
16.7362 0.127143 0.127143 2 27 5
16.6362 0.127999 0.127999 2 27 5
16.5362 0.128866 0.128866 2 27 5
16.4362 0.129744 0.129744 2 27 5
16.3362 0.130632 0.130632 2 27 5
16.2362 0.131531 0.131531 2 27 5
16.1362 0.132441 0.132441 2 27 5
16.0362 0.133363 0.133363 2 27 5
15.9363 0.134296 0.134296 2 27 5
15.8363 0.135241 0.135241 2 27 5
15.7363 0.136198 0.136198 2 27 5
15.6363 0.137167 0.137167 2 27 5
15.5363 0.138149 0.138149 2 27 5
15.4363 0.139143 0.139143 2 27 5
15.3363 0.140151 0.140151 2 27 5
15.2363 0.141171 0.141171 2 27 5
15.1363 0.142205 0.142205 2 27 5
15.0363 0.143253 0.143253 2 27 5
14.9364 0.144315 0.144315 2 27 5
