-1.178059999999999941e-01 1.163869999999999960e+00
3.775939999999999852e-01 1.161340000000000039e+00
8.733020000000000227e-01 1.158789999999999987e+00
1.369359999999999911e+00 1.156230000000000091e+00
1.865799999999999903e+00 1.153659999999999908e+00
2.362610000000000099e+00 1.151070000000000038e+00
2.859789999999999832e+00 1.148460000000000036e+00
3.357320000000000082e+00 1.145850000000000035e+00
3.855160000000000142e+00 1.143210000000000059e+00
4.353290000000000326e+00 1.140560000000000018e+00
4.851670000000000371e+00 1.137899999999999912e+00
5.350270000000000081e+00 1.135219999999999896e+00
5.849070000000000213e+00 1.132530000000000037e+00
6.348029999999999617e+00 1.129829999999999890e+00
6.847129999999999939e+00 1.127110000000000056e+00
7.346359999999999779e+00 1.124370000000000092e+00
7.845690000000000275e+00 1.121629999999999905e+00
8.345110000000000028e+00 1.118859999999999966e+00
8.844609999999999417e+00 1.116090000000000027e+00
9.344170000000000087e+00 1.113299999999999956e+00
9.843790000000000262e+00 1.110489999999999977e+00
1.034350000000000058e+01 1.107669999999999932e+00
1.084319999999999951e+01 1.104840000000000044e+00
1.134290000000000020e+01 1.101990000000000025e+00
1.184270000000000067e+01 1.099129999999999940e+00
1.234249999999999936e+01 1.096249999999999947e+00
1.284229999999999983e+01 1.093360000000000110e+00
1.334220000000000006e+01 1.090459999999999985e+00
1.384200000000000053e+01 1.087539999999999951e+00
1.434190000000000076e+01 1.084610000000000074e+00
1.484179999999999922e+01 1.081660000000000066e+00
1.534169999999999945e+01 1.078699999999999992e+00
1.584159999999999968e+01 1.075720000000000010e+00
1.634149999999999991e+01 1.072729999999999961e+00
1.684140000000000015e+01 1.069730000000000070e+00
1.734140000000000015e+01 1.066710000000000047e+00
1.784130000000000038e+01 1.063669999999999893e+00
1.834130000000000038e+01 1.060619999999999896e+00
1.884120000000000061e+01 1.057560000000000056e+00
1.934120000000000061e+01 1.054480000000000084e+00
1.984110000000000085e+01 1.051390000000000047e+00
2.034110000000000085e+01 1.048289999999999944e+00
2.084100000000000108e+01 1.045169999999999932e+00
2.134100000000000108e+01 1.042040000000000077e+00
2.184100000000000108e+01 1.038880000000000026e+00
2.234090000000000131e+01 1.035719999999999974e+00
2.284090000000000131e+01 1.032540000000000013e+00
2.334090000000000131e+01 1.029339999999999922e+00
2.384090000000000131e+01 1.026129999999999987e+00
2.434080000000000155e+01 1.022899999999999920e+00
2.484080000000000155e+01 1.019660000000000011e+00
2.534080000000000155e+01 1.016410000000000036e+00
2.584080000000000155e+01 1.013139999999999930e+00
2.634080000000000155e+01 1.009849999999999914e+00
2.684069999999999823e+01 1.006550000000000056e+00
2.734069999999999823e+01 1.003239999999999910e+00
2.784069999999999823e+01 9.999120000000000230e-01
2.834069999999999823e+01 9.965690000000000381e-01
2.884069999999999823e+01 9.932109999999999550e-01
2.934059999999999846e+01 9.898379999999999956e-01
2.984059999999999846e+01 9.864509999999999668e-01
3.034059999999999846e+01 9.830489999999999506e-01
3.084059999999999846e+01 9.796329999999999760e-01
3.134059999999999846e+01 9.762030000000000429e-01
3.184059999999999846e+01 9.727580000000000116e-01
3.234049999999999869e+01 9.692979999999999929e-01
3.284049999999999869e+01 9.658250000000000446e-01
3.334049999999999869e+01 9.623369999999999980e-01
3.384049999999999869e+01 9.588349999999999929e-01
3.434049999999999869e+01 9.553190000000000293e-01
3.484049999999999869e+01 9.517879999999999674e-01
3.534040000000000248e+01 9.482439999999999758e-01
3.584040000000000248e+01 9.446860000000000257e-01
3.634040000000000248e+01 9.411150000000000349e-01
3.684040000000000248e+01 9.375289999999999457e-01
3.734040000000000248e+01 9.339300000000000379e-01
3.784040000000000248e+01 9.303179999999999783e-01
3.834029999999999916e+01 9.266919999999999602e-01
3.884029999999999916e+01 9.230530000000000124e-01
3.934029999999999916e+01 9.194010000000000238e-01
3.984029999999999916e+01 9.157359999999999944e-01
4.034029999999999916e+01 9.120570000000000066e-01
4.084020000000000294e+01 9.083670000000000355e-01
4.134020000000000294e+01 9.046629999999999949e-01
4.184020000000000294e+01 9.009470000000000534e-01
4.234020000000000294e+01 8.972189999999999888e-01
4.284020000000000294e+01 8.934790000000000232e-01
4.334009999999999962e+01 8.897260000000000169e-01
4.384009999999999962e+01 8.859620000000000273e-01
4.434009999999999962e+01 8.821860000000000257e-01
4.484009999999999962e+01 8.783990000000000409e-01
4.534000000000000341e+01 8.746000000000000441e-01
4.584000000000000341e+01 8.707899999999999530e-01
4.634000000000000341e+01 8.669700000000000184e-01
4.684000000000000341e+01 8.631389999999999896e-01
4.734000000000000341e+01 8.592969999999999775e-01
4.783990000000000009e+01 8.554450000000000109e-01
4.833990000000000009e+01 8.515829999999999789e-01
4.883990000000000009e+01 8.477109999999999923e-01
4.933990000000000009e+01 8.438290000000000513e-01
4.983979999999999677e+01 8.399389999999999912e-01
5.033979999999999677e+01 8.360389999999999766e-01
5.083979999999999677e+01 8.321300000000000363e-01
5.133970000000000056e+01 8.282129999999999770e-01
5.183970000000000056e+01 8.242869999999999919e-01
5.233970000000000056e+01 8.203540000000000276e-01
5.283970000000000056e+01 8.164120000000000266e-01
5.333959999999999724e+01 8.124639999999999640e-01
5.383959999999999724e+01 8.085080000000000044e-01
5.433959999999999724e+01 8.045449999999999546e-01
5.483950000000000102e+01 8.005750000000000366e-01
5.533950000000000102e+01 7.965999999999999748e-01
5.583950000000000102e+01 7.926180000000000447e-01
5.633939999999999770e+01 7.886309999999999709e-01
5.683939999999999770e+01 7.846379999999999466e-01
5.733939999999999770e+01 7.806400000000000006e-01
5.783930000000000149e+01 7.766380000000000505e-01
5.833930000000000149e+01 7.726319999999999855e-01
5.883930000000000149e+01 7.686209999999999987e-01
5.933919999999999817e+01 7.646070000000000366e-01
5.983919999999999817e+01 7.605899999999999883e-01
6.033910000000000196e+01 7.565690000000000470e-01
6.083910000000000196e+01 7.525460000000000482e-01
6.133910000000000196e+01 7.485209999999999919e-01
6.183899999999999864e+01 7.444950000000000179e-01
6.233899999999999864e+01 7.404659999999999576e-01
6.283890000000000242e+01 7.364370000000000083e-01
6.333890000000000242e+01 7.324070000000000302e-01
6.383890000000000242e+01 7.283770000000000522e-01
6.433880000000000621e+01 7.243469999999999631e-01
6.483880000000000621e+01 7.203169999999999851e-01
6.533870000000000289e+01 7.162889999999999535e-01
6.583870000000000289e+01 7.122619999999999507e-01
6.633859999999999957e+01 7.082359999999999767e-01
6.683859999999999957e+01 7.042119999999999491e-01
6.733849999999999625e+01 7.001910000000000078e-01
6.783849999999999625e+01 6.961730000000000418e-01
6.833839999999999293e+01 6.921589999999999687e-01
6.883839999999999293e+01 6.881479999999999819e-01
6.933839999999999293e+01 6.841409999999999991e-01
6.983830000000000382e+01 6.801390000000000491e-01
7.033830000000000382e+01 6.761409999999999920e-01
7.083820000000000050e+01 6.721489999999999965e-01
7.133809999999999718e+01 6.681629999999999514e-01
7.183809999999999718e+01 6.641829999999999679e-01
7.233799999999999386e+01 6.602099999999999635e-01
7.283799999999999386e+01 6.562440000000000495e-01
7.333790000000000475e+01 6.522850000000000037e-01
7.383790000000000475e+01 6.483339999999999659e-01
7.433780000000000143e+01 6.443910000000000471e-01
7.483780000000000143e+01 6.404570000000000540e-01
7.533769999999999811e+01 6.365309999999999580e-01
7.583769999999999811e+01 6.326159999999999561e-01
7.633759999999999479e+01 6.287099999999999911e-01
7.683750000000000568e+01 6.248139999999999805e-01
7.733750000000000568e+01 6.209289999999999532e-01
7.783740000000000236e+01 6.170550000000000201e-01
7.833740000000000236e+01 6.131919999999999593e-01
7.883729999999999905e+01 6.093410000000000215e-01
7.933729999999999905e+01 6.055019999999999847e-01
7.983719999999999573e+01 6.016759999999999886e-01
8.033710000000000662e+01 5.978620000000000045e-01
8.083710000000000662e+01 5.940619999999999790e-01
8.133700000000000330e+01 5.902749999999999941e-01
8.183700000000000330e+01 5.865019999999999678e-01
8.233689999999999998e+01 5.827430000000000110e-01
8.283679999999999666e+01 5.789990000000000414e-01
8.333679999999999666e+01 5.752699999999999481e-01
8.383669999999999334e+01 5.715559999999999530e-01
8.433669999999999334e+01 5.678569999999999451e-01
8.483660000000000423e+01 5.641749999999999821e-01
8.533650000000000091e+01 5.605090000000000350e-01
8.583650000000000091e+01 5.568589999999999929e-01
8.633639999999999759e+01 5.532249999999999668e-01
8.683639999999999759e+01 5.496090000000000142e-01
8.733629999999999427e+01 5.460099999999999953e-01
8.783620000000000516e+01 5.424290000000000500e-01
8.833620000000000516e+01 5.388659999999999561e-01
8.883610000000000184e+01 5.353210000000000468e-01
8.933610000000000184e+01 5.317939999999999889e-01
8.983599999999999852e+01 5.282850000000000046e-01
9.033589999999999520e+01 5.247960000000000402e-01
9.083589999999999520e+01 5.213250000000000384e-01
9.133580000000000609e+01 5.178739999999999455e-01
9.183580000000000609e+01 5.144429999999999836e-01
9.233570000000000277e+01 5.110310000000000130e-01
9.283559999999999945e+01 5.076420000000000377e-01
9.333559999999999945e+01 5.042809999999999793e-01
9.365550000000000352e+01 5.021379999999999733e-01
9.381550000000000011e+01 5.010689999999999866e-01
9.389549999999999841e+01 5.005340000000000344e-01
9.393550000000000466e+01 5.002680000000000460e-01
9.397549999999999670e+01 5.000000000000000000e-01
9.401550000000000296e+01 4.997340000000000115e-01
9.405549999999999500e+01 4.994669999999999943e-01
9.413549999999999329e+01 4.989339999999999886e-01
9.429550000000000409e+01 4.978679999999999772e-01
9.461539999999999395e+01 4.957409999999999872e-01
9.511539999999999395e+01 4.924319999999999808e-01
9.561530000000000484e+01 4.891499999999999737e-01
9.611530000000000484e+01 4.858919999999999906e-01
9.661520000000000152e+01 4.826559999999999739e-01
9.711520000000000152e+01 4.794410000000000061e-01
9.761509999999999820e+01 4.762480000000000047e-01
9.811509999999999820e+01 4.730759999999999965e-01
9.861499999999999488e+01 4.699249999999999816e-01
9.911499999999999488e+01 4.667959999999999887e-01
9.961490000000000578e+01 4.636890000000000178e-01
1.001149999999999949e+02 4.606040000000000134e-01
1.006149999999999949e+02 4.575409999999999755e-01
1.011149999999999949e+02 4.545000000000000151e-01
1.016149999999999949e+02 4.514810000000000212e-01
1.021149999999999949e+02 4.484839999999999938e-01
1.026149999999999949e+02 4.455089999999999884e-01
1.031149999999999949e+02 4.425560000000000049e-01
1.036149999999999949e+02 4.396260000000000168e-01
1.041140000000000043e+02 4.367179999999999951e-01
1.046140000000000043e+02 4.338330000000000242e-01
1.051140000000000043e+02 4.309700000000000197e-01
1.056140000000000043e+02 4.281289999999999818e-01
1.061140000000000043e+02 4.253100000000000214e-01
1.066140000000000043e+02 4.225140000000000007e-01
1.071140000000000043e+02 4.197409999999999752e-01
1.076140000000000043e+02 4.169889999999999985e-01
1.081140000000000043e+02 4.142609999999999904e-01
1.086140000000000043e+02 4.115539999999999754e-01
1.091140000000000043e+02 4.088700000000000112e-01
1.096140000000000043e+02 4.062080000000000135e-01
1.101140000000000043e+02 4.035679999999999823e-01
1.106140000000000043e+02 4.009510000000000018e-01
1.111140000000000043e+02 3.983550000000000146e-01
1.116140000000000043e+02 3.957820000000000227e-01
1.121140000000000043e+02 3.932309999999999972e-01
1.126140000000000043e+02 3.907019999999999937e-01
1.131140000000000043e+02 3.881950000000000123e-01
1.136140000000000043e+02 3.857090000000000241e-01
1.141140000000000043e+02 3.832459999999999756e-01
1.146140000000000043e+02 3.808039999999999758e-01
1.151140000000000043e+02 3.783839999999999981e-01
1.156140000000000043e+02 3.759859999999999869e-01
1.161140000000000043e+02 3.736090000000000244e-01
1.166140000000000043e+02 3.712529999999999997e-01
1.171129999999999995e+02 3.689189999999999969e-01
1.176129999999999995e+02 3.666059999999999874e-01
1.181129999999999995e+02 3.643140000000000267e-01
1.186129999999999995e+02 3.620430000000000037e-01
1.191129999999999995e+02 3.597929999999999739e-01
1.196129999999999995e+02 3.575639999999999930e-01
1.201129999999999995e+02 3.553560000000000052e-01
1.206129999999999995e+02 3.531679999999999819e-01
1.211129999999999995e+02 3.510010000000000074e-01
1.216129999999999995e+02 3.488539999999999974e-01
1.221129999999999995e+02 3.467270000000000074e-01
1.226129999999999995e+02 3.446210000000000107e-01
1.231129999999999995e+02 3.425340000000000051e-01
1.236129999999999995e+02 3.404679999999999929e-01
1.241129999999999995e+02 3.384210000000000274e-01
1.246129999999999995e+02 3.363940000000000263e-01
1.251129999999999995e+02 3.343860000000000166e-01
1.256129999999999995e+02 3.323980000000000268e-01
1.261129999999999995e+02 3.304300000000000015e-01
1.266129999999999995e+02 3.284799999999999942e-01
1.271129999999999995e+02 3.265489999999999782e-01
1.276129999999999995e+02 3.246379999999999821e-01
1.281129999999999995e+02 3.227450000000000041e-01
1.286129999999999995e+02 3.208699999999999886e-01
1.291129999999999995e+02 3.190140000000000198e-01
1.296129999999999995e+02 3.171769999999999867e-01
1.301129999999999995e+02 3.153580000000000272e-01
1.306129999999999995e+02 3.135560000000000014e-01
1.311129999999999995e+02 3.117730000000000223e-01
1.316129999999999995e+02 3.100080000000000058e-01
1.321129999999999995e+02 3.082599999999999785e-01
1.326129999999999995e+02 3.065300000000000247e-01
1.331129999999999995e+02 3.048170000000000046e-01
1.336129999999999995e+02 3.031209999999999738e-01
1.341129999999999995e+02 3.014430000000000165e-01
1.346129999999999995e+02 2.997810000000000197e-01
1.351129999999999995e+02 2.981360000000000121e-01
1.356129999999999995e+02 2.965079999999999938e-01
1.361129999999999995e+02 2.948970000000000202e-01
1.366129999999999995e+02 2.933020000000000072e-01
1.371129999999999995e+02 2.917230000000000101e-01
1.376129999999999995e+02 2.901610000000000023e-01
1.381129999999999995e+02 2.886139999999999817e-01
1.386129999999999995e+02 2.870829999999999771e-01
1.391129999999999995e+02 2.855679999999999885e-01
1.396129999999999995e+02 2.840690000000000159e-01
1.401129999999999995e+02 2.825849999999999751e-01
1.406129999999999995e+02 2.811159999999999770e-01
1.411129999999999995e+02 2.796620000000000217e-01
1.416119999999999948e+02 2.782240000000000268e-01
1.421119999999999948e+02 2.767999999999999905e-01
1.426119999999999948e+02 2.753909999999999969e-01
1.431119999999999948e+02 2.739969999999999906e-01
1.436119999999999948e+02 2.726169999999999982e-01
1.441119999999999948e+02 2.712519999999999931e-01
1.446119999999999948e+02 2.699010000000000020e-01
1.451119999999999948e+02 2.685640000000000249e-01
1.456119999999999948e+02 2.672410000000000063e-01
1.461119999999999948e+02 2.659309999999999730e-01
1.466119999999999948e+02 2.646359999999999824e-01
1.471119999999999948e+02 2.633539999999999770e-01
1.476119999999999948e+02 2.620850000000000124e-01
1.481119999999999948e+02 2.608300000000000063e-01
1.486119999999999948e+02 2.595870000000000122e-01
1.491119999999999948e+02 2.583579999999999766e-01
1.496119999999999948e+02 2.571419999999999817e-01
1.501119999999999948e+02 2.559390000000000276e-01
1.506119999999999948e+02 2.547479999999999745e-01
1.511119999999999948e+02 2.535700000000000176e-01
1.516119999999999948e+02 2.524040000000000172e-01
1.521119999999999948e+02 2.512499999999999734e-01
1.526119999999999948e+02 2.501090000000000257e-01
1.531119999999999948e+02 2.489800000000000069e-01
1.536119999999999948e+02 2.478619999999999990e-01
1.541119999999999948e+02 2.467570000000000041e-01
1.546119999999999948e+02 2.456629999999999925e-01
1.551119999999999948e+02 2.445809999999999929e-01
1.556119999999999948e+02 2.435100000000000042e-01
1.561119999999999948e+02 2.424509999999999998e-01
1.566119999999999948e+02 2.414020000000000055e-01
1.571119999999999948e+02 2.403649999999999953e-01
1.576119999999999948e+02 2.393389999999999962e-01
1.581119999999999948e+02 2.383240000000000081e-01
1.586119999999999948e+02 2.373190000000000022e-01
1.591119999999999948e+02 2.363260000000000083e-01
1.596119999999999948e+02 2.353419999999999956e-01
1.601119999999999948e+02 2.343699999999999950e-01
1.606119999999999948e+02 2.334070000000000034e-01
1.611119999999999948e+02 2.324549999999999950e-01
1.616119999999999948e+02 2.315129999999999966e-01
1.621119999999999948e+02 2.305810000000000082e-01
1.626119999999999948e+02 2.296590000000000020e-01
1.631119999999999948e+02 2.287460000000000049e-01
1.636119999999999948e+02 2.278439999999999910e-01
1.641119999999999948e+02 2.269510000000000138e-01
1.646119999999999948e+02 2.260669999999999902e-01
1.651119999999999948e+02 2.251930000000000043e-01
1.656119999999999948e+02 2.243279999999999996e-01
1.661119999999999948e+02 2.234730000000000050e-01
1.666119999999999948e+02 2.226259999999999906e-01
1.671119999999999948e+02 2.217889999999999862e-01
1.676119999999999948e+02 2.209599999999999898e-01
1.681119999999999948e+02 2.201410000000000033e-01
1.686119999999999948e+02 2.193299999999999972e-01
1.691119999999999948e+02 2.185280000000000000e-01
1.696119999999999948e+02 2.177340000000000109e-01
1.701119999999999948e+02 2.169490000000000030e-01
1.706119999999999948e+02 2.161720000000000030e-01
1.711119999999999948e+02 2.154030000000000111e-01
1.716119999999999948e+02 2.146430000000000005e-01
1.721119999999999948e+02 2.138899999999999968e-01
1.726119999999999948e+02 2.131460000000000021e-01
1.731119999999999948e+02 2.124099999999999877e-01
1.736119999999999948e+02 2.116810000000000080e-01
1.741119999999999948e+02 2.109610000000000096e-01
1.746119999999999948e+02 2.102479999999999905e-01
1.751119999999999948e+02 2.095420000000000060e-01
1.756119999999999948e+02 2.088440000000000019e-01
1.761119999999999948e+02 2.081540000000000057e-01
1.766119999999999948e+02 2.074709999999999888e-01
1.771119999999999948e+02 2.067950000000000066e-01
1.776119999999999948e+02 2.061260000000000037e-01
1.781119999999999948e+02 2.054650000000000087e-01
1.786119999999999948e+02 2.048099999999999921e-01
1.791119999999999948e+02 2.041630000000000111e-01
1.796119999999999948e+02 2.035220000000000085e-01
1.801119999999999948e+02 2.028890000000000138e-01
1.806119999999999948e+02 2.022619999999999973e-01
1.811119999999999948e+02 2.016409999999999869e-01
1.816119999999999948e+02 2.010280000000000122e-01
1.821119999999999948e+02 2.004199999999999871e-01
1.826119999999999948e+02 1.998199999999999976e-01
1.831119999999999948e+02 1.992259999999999864e-01
1.836119999999999948e+02 1.986380000000000090e-01
1.841119999999999948e+02 1.980560000000000098e-01
1.846119999999999948e+02 1.974799999999999889e-01
1.851119999999999948e+02 1.969110000000000027e-01
1.856119999999999948e+02 1.963479999999999948e-01
1.861119999999999948e+02 1.957899999999999918e-01
1.866119999999999948e+02 1.952389999999999959e-01
1.871119999999999948e+02 1.946930000000000049e-01
1.876119999999999948e+02 1.941539999999999933e-01
1.881119999999999948e+02 1.936199999999999866e-01
1.886119999999999948e+02 1.930910000000000126e-01
1.891119999999999948e+02 1.925689999999999902e-01
1.896119999999999948e+02 1.920509999999999995e-01
1.901119999999999948e+02 1.915399999999999880e-01
1.906119999999999948e+02 1.910340000000000094e-01
1.911119999999999948e+02 1.905330000000000079e-01
1.916119999999999948e+02 1.900370000000000115e-01
1.916119999999999948e+02 1.900370000000000115e-01
1.916519999999999868e+02 1.900030000000000052e-01
1.916920000000000073e+02 1.899639999999999940e-01
1.917719999999999914e+02 1.898849999999999982e-01
1.919319999999999879e+02 1.897280000000000078e-01
1.922520000000000095e+02 1.894139999999999990e-01
1.927520000000000095e+02 1.889280000000000126e-01
1.932520000000000095e+02 1.884480000000000044e-01
1.937520000000000095e+02 1.879750000000000032e-01
1.942520000000000095e+02 1.875070000000000070e-01
1.947520000000000095e+02 1.870429999999999870e-01
1.952520000000000095e+02 1.865850000000000009e-01
1.957520000000000095e+02 1.861309999999999909e-01
1.962520000000000095e+02 1.856820000000000137e-01
1.967520000000000095e+02 1.852380000000000138e-01
1.972520000000000095e+02 1.847989999999999911e-01
1.977520000000000095e+02 1.843640000000000001e-01
1.982520000000000095e+02 1.839339999999999864e-01
1.987520000000000095e+02 1.835080000000000044e-01
1.992520000000000095e+02 1.830869999999999997e-01
1.997520000000000095e+02 1.826710000000000000e-01
2.002520000000000095e+02 1.822580000000000033e-01
2.007520000000000095e+02 1.818500000000000116e-01
2.012520000000000095e+02 1.814469999999999972e-01
2.017520000000000095e+02 1.810479999999999867e-01
2.022520000000000095e+02 1.806530000000000080e-01
2.027520000000000095e+02 1.802620000000000056e-01
2.032520000000000095e+02 1.798750000000000071e-01
2.037520000000000095e+02 1.794920000000000126e-01
2.042520000000000095e+02 1.791139999999999954e-01
2.047520000000000095e+02 1.787390000000000090e-01
2.052520000000000095e+02 1.783679999999999988e-01
2.057520000000000095e+02 1.780009999999999926e-01
2.062520000000000095e+02 1.776379999999999904e-01
2.067520000000000095e+02 1.772789999999999921e-01
2.072520000000000095e+02 1.769239999999999979e-01
2.077520000000000095e+02 1.765720000000000067e-01
2.082520000000000095e+02 1.762249999999999928e-01
2.087520000000000095e+02 1.758800000000000086e-01
2.092520000000000095e+02 1.755400000000000016e-01
2.097520000000000095e+02 1.752029999999999976e-01
2.102520000000000095e+02 1.748689999999999967e-01
2.107520000000000095e+02 1.745389999999999997e-01
2.112520000000000095e+02 1.742130000000000067e-01
2.117520000000000095e+02 1.738899999999999890e-01
2.122520000000000095e+02 1.735700000000000021e-01
2.127520000000000095e+02 1.732539999999999913e-01
2.132520000000000095e+02 1.729410000000000114e-01
2.137520000000000095e+02 1.726310000000000067e-01
2.142520000000000095e+02 1.723250000000000060e-01
2.147520000000000095e+02 1.720220000000000082e-01
2.152520000000000095e+02 1.717220000000000135e-01
2.157520000000000095e+02 1.714249999999999940e-01
2.162520000000000095e+02 1.711310000000000053e-01
2.167520000000000095e+02 1.708399999999999919e-01
2.172520000000000095e+02 1.705530000000000102e-01
2.177520000000000095e+02 1.702680000000000027e-01
2.182520000000000095e+02 1.699859999999999982e-01
2.187520000000000095e+02 1.697079999999999977e-01
2.192520000000000095e+02 1.694319999999999993e-01
2.197520000000000095e+02 1.691590000000000038e-01
2.202520000000000095e+02 1.688890000000000113e-01
2.207520000000000095e+02 1.686219999999999941e-01
2.212520000000000095e+02 1.683570000000000066e-01
2.217520000000000095e+02 1.680959999999999954e-01
2.222520000000000095e+02 1.678369999999999862e-01
2.227520000000000095e+02 1.675810000000000077e-01
2.232520000000000095e+02 1.673270000000000035e-01
2.237520000000000095e+02 1.670760000000000023e-01
2.242520000000000095e+02 1.668280000000000041e-01
2.247520000000000095e+02 1.665820000000000078e-01
2.252520000000000095e+02 1.663389999999999869e-01
2.257510000000000048e+02 1.660989999999999966e-01
2.262510000000000048e+02 1.658600000000000074e-01
2.267510000000000048e+02 1.656249999999999944e-01
2.272510000000000048e+02 1.653920000000000112e-01
2.277510000000000048e+02 1.651610000000000023e-01
2.282510000000000048e+02 1.649329999999999963e-01
2.287510000000000048e+02 1.647069999999999923e-01
2.292510000000000048e+02 1.644829999999999903e-01
2.297510000000000048e+02 1.642619999999999914e-01
2.302510000000000048e+02 1.640429999999999944e-01
2.307510000000000048e+02 1.638259999999999994e-01
2.312510000000000048e+02 1.636120000000000074e-01
2.317510000000000048e+02 1.633999999999999897e-01
2.322510000000000048e+02 1.631900000000000017e-01
2.327510000000000048e+02 1.629819999999999880e-01
2.332510000000000048e+02 1.627770000000000050e-01
2.337510000000000048e+02 1.625729999999999953e-01
2.342510000000000048e+02 1.623719999999999886e-01
2.347510000000000048e+02 1.621720000000000106e-01
2.352510000000000048e+02 1.619750000000000079e-01
2.357510000000000048e+02 1.617800000000000071e-01
2.362510000000000048e+02 1.615870000000000084e-01
2.367510000000000048e+02 1.613960000000000117e-01
2.372510000000000048e+02 1.612069999999999892e-01
2.377510000000000048e+02 1.610189999999999955e-01
2.382510000000000048e+02 1.608340000000000047e-01
2.387510000000000048e+02 1.606509999999999883e-01
2.392510000000000048e+02 1.604690000000000005e-01
2.397510000000000048e+02 1.602899999999999880e-01
2.402510000000000048e+02 1.601120000000000043e-01
2.407510000000000048e+02 1.599359999999999948e-01
2.412510000000000048e+02 1.597619999999999874e-01
2.417510000000000048e+02 1.595900000000000096e-01
2.422510000000000048e+02 1.594200000000000061e-01
2.427510000000000048e+02 1.592510000000000037e-01
2.432510000000000048e+02 1.590840000000000032e-01
2.437510000000000048e+02 1.589190000000000047e-01
2.442510000000000048e+02 1.587550000000000072e-01
2.447510000000000048e+02 1.585940000000000127e-01
2.452510000000000048e+02 1.584329999999999905e-01
2.457510000000000048e+02 1.582749999999999990e-01
2.462510000000000048e+02 1.581180000000000085e-01
2.467510000000000048e+02 1.579629999999999923e-01
2.472510000000000048e+02 1.578090000000000048e-01
2.477510000000000048e+02 1.576569999999999916e-01
2.482510000000000048e+02 1.575070000000000081e-01
2.487510000000000048e+02 1.573579999999999979e-01
2.492510000000000048e+02 1.572099999999999886e-01
2.497510000000000048e+02 1.570640000000000092e-01
2.502510000000000048e+02 1.569200000000000039e-01
2.507510000000000048e+02 1.567769999999999997e-01
2.512510000000000048e+02 1.566359999999999975e-01
2.517510000000000048e+02 1.564959999999999962e-01
2.522510000000000048e+02 1.563569999999999960e-01
2.527510000000000048e+02 1.562199999999999978e-01
2.532510000000000048e+02 1.560850000000000015e-01
2.537510000000000048e+02 1.559500000000000053e-01
2.542510000000000048e+02 1.558170000000000111e-01
2.547510000000000048e+02 1.556859999999999911e-01
2.552510000000000048e+02 1.555559999999999998e-01
2.557510000000000048e+02 1.554270000000000096e-01
2.562509999999999764e+02 1.552989999999999926e-01
2.567509999999999764e+02 1.551730000000000054e-01
2.572509999999999764e+02 1.550479999999999914e-01
2.577509999999999764e+02 1.549250000000000071e-01
2.582509999999999764e+02 1.548019999999999952e-01
2.587509999999999764e+02 1.546810000000000129e-01
2.592509999999999764e+02 1.545610000000000039e-01
2.597509999999999764e+02 1.544429999999999970e-01
2.602509999999999764e+02 1.543249999999999900e-01
2.607509999999999764e+02 1.542090000000000127e-01
2.612509999999999764e+02 1.540940000000000087e-01
2.617509999999999764e+02 1.539800000000000058e-01
2.622509999999999764e+02 1.538680000000000048e-01
2.627509999999999764e+02 1.537560000000000038e-01
2.632509999999999764e+02 1.536460000000000048e-01
2.637509999999999764e+02 1.535370000000000068e-01
2.642509999999999764e+02 1.534290000000000098e-01
2.647509999999999764e+02 1.533220000000000138e-01
2.652509999999999764e+02 1.532159999999999911e-01
2.657509999999999764e+02 1.531109999999999971e-01
2.662509999999999764e+02 1.530070000000000041e-01
2.667509999999999764e+02 1.529040000000000121e-01
2.672509999999999764e+02 1.528029999999999944e-01
2.677509999999999764e+02 1.527020000000000044e-01
2.682509999999999764e+02 1.526029999999999887e-01
2.687509999999999764e+02 1.525040000000000007e-01
2.692509999999999764e+02 1.524069999999999869e-01
2.697509999999999764e+02 1.523100000000000009e-01
2.702509999999999764e+02 1.522139999999999882e-01
2.707509999999999764e+02 1.521200000000000052e-01
2.712509999999999764e+02 1.520259999999999945e-01
2.717509999999999764e+02 1.519340000000000135e-01
2.722509999999999764e+02 1.518420000000000047e-01
2.727509999999999764e+02 1.517509999999999970e-01
2.732509999999999764e+02 1.516609999999999903e-01
2.737509999999999764e+02 1.515720000000000123e-01
2.742509999999999764e+02 1.514840000000000075e-01
2.747509999999999764e+02 1.513970000000000038e-01
2.752509999999999764e+02 1.513110000000000011e-01
2.757509999999999764e+02 1.512259999999999993e-01
2.762509999999999764e+02 1.511409999999999976e-01
2.767509999999999764e+02 1.510579999999999978e-01
2.772509999999999764e+02 1.509749999999999981e-01
2.777509999999999764e+02 1.508929999999999993e-01
2.782509999999999764e+02 1.508120000000000016e-01
2.787509999999999764e+02 1.507320000000000049e-01
2.792509999999999764e+02 1.506520000000000081e-01
2.797509999999999764e+02 1.505730000000000124e-01
2.802509999999999764e+02 1.504959999999999909e-01
2.807509999999999764e+02 1.504189999999999972e-01
2.812509999999999764e+02 1.503420000000000034e-01
2.817509999999999764e+02 1.502670000000000117e-01
2.822509999999999764e+02 1.501919999999999922e-01
2.827509999999999764e+02 1.501180000000000014e-01
2.832509999999999764e+02 1.500450000000000117e-01
2.837509999999999764e+02 1.499729999999999952e-01
2.842509999999999764e+02 1.499010000000000065e-01
2.847509999999999764e+02 1.498299999999999910e-01
2.852509999999999764e+02 1.497600000000000042e-01
2.857509999999999764e+02 1.496899999999999897e-01
2.862509999999999764e+02 1.496210000000000040e-01
2.867509999999999764e+02 1.495529999999999915e-01
2.872509999999999764e+02 1.494860000000000078e-01
2.877509999999999764e+02 1.494189999999999963e-01
2.882509999999999764e+02 1.493530000000000135e-01
2.887509999999999764e+02 1.492870000000000030e-01
2.892509999999999764e+02 1.492229999999999945e-01
2.892509999999999764e+02 1.492229999999999945e-01
2.892909999999999968e+02 1.492179999999999895e-01
2.893310000000000173e+02 1.492130000000000123e-01
2.894110000000000014e+02 1.492030000000000023e-01
2.895710000000000264e+02 1.491820000000000090e-01
2.898910000000000196e+02 1.491409999999999958e-01
2.903910000000000196e+02 1.490779999999999883e-01
2.908910000000000196e+02 1.490150000000000086e-01
2.913910000000000196e+02 1.489530000000000021e-01
2.918910000000000196e+02 1.488919999999999966e-01
2.923910000000000196e+02 1.488309999999999911e-01
2.928910000000000196e+02 1.487709999999999866e-01
2.933910000000000196e+02 1.487110000000000098e-01
2.938910000000000196e+02 1.486520000000000064e-01
2.943910000000000196e+02 1.485940000000000039e-01
2.948910000000000196e+02 1.485360000000000014e-01
2.953910000000000196e+02 1.484789999999999999e-01
2.958910000000000196e+02 1.484229999999999994e-01
2.963910000000000196e+02 1.483669999999999989e-01
2.968910000000000196e+02 1.483109999999999984e-01
2.973910000000000196e+02 1.482559999999999989e-01
2.978910000000000196e+02 1.482020000000000004e-01
2.983910000000000196e+02 1.481480000000000019e-01
2.988910000000000196e+02 1.480950000000000044e-01
2.993910000000000196e+02 1.480430000000000079e-01
2.998910000000000196e+02 1.479900000000000104e-01
3.003910000000000196e+02 1.479389999999999872e-01
3.008910000000000196e+02 1.478879999999999917e-01
3.013910000000000196e+02 1.478369999999999962e-01
3.018910000000000196e+02 1.477870000000000017e-01
3.023910000000000196e+02 1.477380000000000082e-01
3.028910000000000196e+02 1.476889999999999870e-01
3.033910000000000196e+02 1.476399999999999935e-01
3.038910000000000196e+02 1.475920000000000010e-01
3.043910000000000196e+02 1.475440000000000085e-01
3.048910000000000196e+02 1.474969999999999892e-01
3.053910000000000196e+02 1.474509999999999987e-01
3.058910000000000196e+02 1.474050000000000082e-01
3.063910000000000196e+02 1.473589999999999900e-01
3.068910000000000196e+02 1.473140000000000005e-01
3.073910000000000196e+02 1.472690000000000110e-01
3.078910000000000196e+02 1.472249999999999948e-01
3.083910000000000196e+02 1.471810000000000063e-01
3.088910000000000196e+02 1.471369999999999900e-01
3.093910000000000196e+02 1.470950000000000035e-01
3.098910000000000196e+02 1.470519999999999883e-01
3.103910000000000196e+02 1.470100000000000018e-01
3.108910000000000196e+02 1.469679999999999875e-01
3.113910000000000196e+02 1.469270000000000020e-01
3.118910000000000196e+02 1.468859999999999888e-01
3.123910000000000196e+02 1.468460000000000043e-01
3.128910000000000196e+02 1.468059999999999921e-01
3.133910000000000196e+02 1.467660000000000076e-01
3.138910000000000196e+02 1.467269999999999963e-01
3.143910000000000196e+02 1.466880000000000128e-01
3.148910000000000196e+02 1.466500000000000026e-01
3.153910000000000196e+02 1.466119999999999923e-01
3.158910000000000196e+02 1.465740000000000098e-01
3.163910000000000196e+02 1.465370000000000006e-01
3.168910000000000196e+02 1.464999999999999913e-01
3.173910000000000196e+02 1.464630000000000098e-01
3.178910000000000196e+02 1.464270000000000016e-01
3.183910000000000196e+02 1.463909999999999934e-01
3.188910000000000196e+02 1.463560000000000139e-01
3.193910000000000196e+02 1.463210000000000066e-01
3.198910000000000196e+02 1.462859999999999994e-01
3.203910000000000196e+02 1.462519999999999931e-01
3.208910000000000196e+02 1.462179999999999869e-01
3.213910000000000196e+02 1.461840000000000084e-01
3.218910000000000196e+02 1.461510000000000031e-01
3.223910000000000196e+02 1.461179999999999979e-01
3.228910000000000196e+02 1.460849999999999926e-01
3.233910000000000196e+02 1.460529999999999884e-01
3.238910000000000196e+02 1.460210000000000119e-01
3.243910000000000196e+02 1.459890000000000077e-01
3.248910000000000196e+02 1.459580000000000044e-01
3.253910000000000196e+02 1.459260000000000002e-01
3.258910000000000196e+02 1.458959999999999979e-01
3.263910000000000196e+02 1.458649999999999947e-01
3.268910000000000196e+02 1.458349999999999924e-01
3.273910000000000196e+02 1.458049999999999902e-01
3.278910000000000196e+02 1.457759999999999889e-01
3.283910000000000196e+02 1.457469999999999877e-01
3.288910000000000196e+02 1.457179999999999864e-01
3.293910000000000196e+02 1.456890000000000129e-01
3.298910000000000196e+02 1.456610000000000127e-01
3.303910000000000196e+02 1.456330000000000124e-01
3.308910000000000196e+02 1.456050000000000122e-01
3.313910000000000196e+02 1.455770000000000119e-01
3.318910000000000196e+02 1.455500000000000127e-01
3.323910000000000196e+02 1.455230000000000135e-01
3.328910000000000196e+02 1.454959999999999865e-01
3.333910000000000196e+02 1.454699999999999882e-01
3.338910000000000196e+02 1.454439999999999900e-01
3.343910000000000196e+02 1.454179999999999917e-01
3.348910000000000196e+02 1.453919999999999935e-01
3.353910000000000196e+02 1.453669999999999962e-01
3.358910000000000196e+02 1.453419999999999990e-01
3.363910000000000196e+02 1.453170000000000017e-01
3.368910000000000196e+02 1.452920000000000045e-01
3.373910000000000196e+02 1.452680000000000082e-01
3.378910000000000196e+02 1.452440000000000120e-01
3.383910000000000196e+02 1.452199999999999880e-01
3.388910000000000196e+02 1.451959999999999917e-01
3.393910000000000196e+02 1.451729999999999965e-01
3.398910000000000196e+02 1.451500000000000012e-01
3.403910000000000196e+02 1.451270000000000060e-01
3.408910000000000196e+02 1.451040000000000108e-01
3.413910000000000196e+02 1.450819999999999887e-01
3.418910000000000196e+02 1.450589999999999935e-01
3.423910000000000196e+02 1.450369999999999993e-01
3.428910000000000196e+02 1.450160000000000060e-01
3.433910000000000196e+02 1.449940000000000118e-01
3.438910000000000196e+02 1.449729999999999908e-01
3.443910000000000196e+02 1.449509999999999965e-01
3.448910000000000196e+02 1.449300000000000033e-01
3.453910000000000196e+02 1.449100000000000110e-01
3.458910000000000196e+02 1.448889999999999900e-01
3.463910000000000196e+02 1.448689999999999978e-01
3.468910000000000196e+02 1.448490000000000055e-01
3.473910000000000196e+02 1.448290000000000133e-01
3.478910000000000196e+02 1.448089999999999933e-01
3.483910000000000196e+02 1.447900000000000020e-01
3.488910000000000196e+02 1.447700000000000098e-01
3.493910000000000196e+02 1.447509999999999908e-01
3.498910000000000196e+02 1.447319999999999995e-01
3.503910000000000196e+02 1.447140000000000093e-01
3.508910000000000196e+02 1.446949999999999903e-01
3.513910000000000196e+02 1.446770000000000000e-01
3.518910000000000196e+02 1.446580000000000088e-01
3.523910000000000196e+02 1.446399999999999908e-01
3.528910000000000196e+02 1.446230000000000016e-01
3.533910000000000196e+02 1.446050000000000113e-01
3.538910000000000196e+02 1.445879999999999943e-01
3.543910000000000196e+02 1.445700000000000041e-01
3.548910000000000196e+02 1.445529999999999871e-01
3.553910000000000196e+02 1.445359999999999978e-01
3.558910000000000196e+02 1.445190000000000086e-01
3.563910000000000196e+02 1.445029999999999926e-01
3.568910000000000196e+02 1.444860000000000033e-01
3.573910000000000196e+02 1.444699999999999873e-01
3.578910000000000196e+02 1.444539999999999991e-01
3.583910000000000196e+02 1.444380000000000108e-01
3.588910000000000196e+02 1.444219999999999948e-01
3.593910000000000196e+02 1.444070000000000076e-01
3.598910000000000196e+02 1.443909999999999916e-01
3.603910000000000196e+02 1.443760000000000043e-01
3.608910000000000196e+02 1.443609999999999893e-01
3.613910000000000196e+02 1.443460000000000021e-01
3.618910000000000196e+02 1.443309999999999871e-01
3.623910000000000196e+02 1.443159999999999998e-01
3.628910000000000196e+02 1.443010000000000126e-01
3.633910000000000196e+02 1.442869999999999986e-01
3.638910000000000196e+02 1.442730000000000123e-01
3.643910000000000196e+02 1.442589999999999983e-01
3.648910000000000196e+02 1.442450000000000121e-01
3.653910000000000196e+02 1.442309999999999981e-01
3.658910000000000196e+02 1.442170000000000119e-01
3.663910000000000196e+02 1.442029999999999978e-01
3.668910000000000196e+02 1.441900000000000126e-01
3.673910000000000196e+02 1.441769999999999996e-01
3.678910000000000196e+02 1.441639999999999866e-01
3.683910000000000196e+02 1.441500000000000004e-01
3.688910000000000196e+02 1.441379999999999884e-01
3.693910000000000196e+02 1.441250000000000031e-01
3.698910000000000196e+02 1.441119999999999901e-01
3.703910000000000196e+02 1.441000000000000059e-01
3.708910000000000196e+02 1.440869999999999929e-01
3.713910000000000196e+02 1.440750000000000086e-01
3.718910000000000196e+02 1.440629999999999966e-01
3.723910000000000196e+02 1.440510000000000124e-01
3.728910000000000196e+02 1.440390000000000004e-01
3.733910000000000196e+02 1.440269999999999884e-01
3.738910000000000196e+02 1.440150000000000041e-01
3.743910000000000196e+02 1.440039999999999931e-01
3.748910000000000196e+02 1.439920000000000089e-01
3.753910000000000196e+02 1.439809999999999979e-01
3.758910000000000196e+02 1.439699999999999869e-01
3.763910000000000196e+02 1.439590000000000036e-01
3.768910000000000196e+02 1.439479999999999926e-01
3.773910000000000196e+02 1.439370000000000094e-01
3.778910000000000196e+02 1.439259999999999984e-01
3.783910000000000196e+02 1.439149999999999874e-01
3.788910000000000196e+02 1.439050000000000051e-01
3.793910000000000196e+02 1.438939999999999941e-01
3.798910000000000196e+02 1.438840000000000119e-01
3.803910000000000196e+02 1.438740000000000019e-01
3.808910000000000196e+02 1.438639999999999919e-01
3.813910000000000196e+02 1.438540000000000096e-01
3.818910000000000196e+02 1.438439999999999996e-01
3.823910000000000196e+02 1.438339999999999896e-01
3.828910000000000196e+02 1.438240000000000074e-01
3.833910000000000196e+02 1.438139999999999974e-01
3.838910000000000196e+02 1.438049999999999884e-01
3.843910000000000196e+02 1.437950000000000061e-01
3.848910000000000196e+02 1.437859999999999971e-01
3.853910000000000196e+02 1.437769999999999881e-01
3.858910000000000196e+02 1.437680000000000069e-01
3.863910000000000196e+02 1.437589999999999979e-01
3.868910000000000196e+02 1.437499999999999889e-01
3.868910000000000196e+02 1.437499999999999889e-01
3.869309999999999832e+02 1.437489999999999879e-01
3.869710000000000036e+02 1.437479999999999869e-01
3.870509999999999877e+02 1.437470000000000137e-01
3.872110000000000127e+02 1.437440000000000107e-01
3.875310000000000059e+02 1.437380000000000047e-01
3.880310000000000059e+02 1.437289999999999957e-01
3.885310000000000059e+02 1.437209999999999877e-01
3.890310000000000059e+02 1.437120000000000064e-01
3.895310000000000059e+02 1.437039999999999984e-01
3.900310000000000059e+02 1.436949999999999894e-01
3.905310000000000059e+02 1.436870000000000092e-01
3.910310000000000059e+02 1.436780000000000002e-01
3.915310000000000059e+02 1.436699999999999922e-01
3.920310000000000059e+02 1.436620000000000119e-01
3.925310000000000059e+02 1.436540000000000039e-01
3.930310000000000059e+02 1.436459999999999959e-01
3.935310000000000059e+02 1.436379999999999879e-01
3.940310000000000059e+02 1.436300000000000077e-01
3.945310000000000059e+02 1.436230000000000007e-01
3.950310000000000059e+02 1.436149999999999927e-01
3.955310000000000059e+02 1.436080000000000134e-01
3.960310000000000059e+02 1.436000000000000054e-01
3.965310000000000059e+02 1.435929999999999984e-01
3.970310000000000059e+02 1.435849999999999904e-01
3.975310000000000059e+02 1.435780000000000112e-01
3.980310000000000059e+02 1.435710000000000042e-01
3.985310000000000059e+02 1.435639999999999972e-01
3.990310000000000059e+02 1.435569999999999902e-01
3.995310000000000059e+02 1.435500000000000109e-01
4.000310000000000059e+02 1.435430000000000039e-01
4.005310000000000059e+02 1.435359999999999969e-01
4.010310000000000059e+02 1.435289999999999899e-01
4.015310000000000059e+02 1.435230000000000117e-01
4.020310000000000059e+02 1.435160000000000047e-01
4.025310000000000059e+02 1.435089999999999977e-01
4.030310000000000059e+02 1.435029999999999917e-01
4.035310000000000059e+02 1.434960000000000124e-01
4.040310000000000059e+02 1.434900000000000064e-01
4.045310000000000059e+02 1.434840000000000004e-01
4.050310000000000059e+02 1.434769999999999934e-01
4.055310000000000059e+02 1.434709999999999874e-01
4.060310000000000059e+02 1.434650000000000092e-01
4.065310000000000059e+02 1.434590000000000032e-01
4.070310000000000059e+02 1.434529999999999972e-01
4.075310000000000059e+02 1.434469999999999912e-01
4.080310000000000059e+02 1.434410000000000129e-01
4.085310000000000059e+02 1.434350000000000069e-01
4.090310000000000059e+02 1.434300000000000019e-01
4.095310000000000059e+02 1.434239999999999959e-01
4.100310000000000059e+02 1.434179999999999899e-01
4.105310000000000059e+02 1.434130000000000127e-01
4.110310000000000059e+02 1.434070000000000067e-01
4.115310000000000059e+02 1.434020000000000017e-01
4.120310000000000059e+02 1.433959999999999957e-01
4.125310000000000059e+02 1.433909999999999907e-01
4.130310000000000059e+02 1.433860000000000134e-01
4.135310000000000059e+02 1.433800000000000074e-01
4.140310000000000059e+02 1.433750000000000024e-01
4.145310000000000059e+02 1.433699999999999974e-01
4.150310000000000059e+02 1.433649999999999924e-01
4.155310000000000059e+02 1.433599999999999874e-01
4.160310000000000059e+02 1.433550000000000102e-01
4.165310000000000059e+02 1.433500000000000052e-01
4.170310000000000059e+02 1.433450000000000002e-01
4.175310000000000059e+02 1.433399999999999952e-01
4.180310000000000059e+02 1.433349999999999902e-01
4.185310000000000059e+02 1.433300000000000129e-01
4.190310000000000059e+02 1.433260000000000089e-01
4.195310000000000059e+02 1.433210000000000039e-01
4.200310000000000059e+02 1.433159999999999989e-01
4.205310000000000059e+02 1.433119999999999949e-01
4.210310000000000059e+02 1.433069999999999899e-01
4.215310000000000059e+02 1.433030000000000137e-01
4.220310000000000059e+02 1.432980000000000087e-01
4.225310000000000059e+02 1.432940000000000047e-01
4.230310000000000059e+02 1.432900000000000007e-01
4.235310000000000059e+02 1.432849999999999957e-01
4.240310000000000059e+02 1.432809999999999917e-01
4.245310000000000059e+02 1.432769999999999877e-01
4.250310000000000059e+02 1.432730000000000115e-01
4.255310000000000059e+02 1.432690000000000075e-01
4.260310000000000059e+02 1.432640000000000025e-01
4.265310000000000059e+02 1.432599999999999985e-01
4.270310000000000059e+02 1.432559999999999945e-01
4.275310000000000059e+02 1.432519999999999905e-01
4.280310000000000059e+02 1.432479999999999865e-01
4.285310000000000059e+02 1.432450000000000112e-01
4.290310000000000059e+02 1.432410000000000072e-01
4.295310000000000059e+02 1.432370000000000032e-01
4.300310000000000059e+02 1.432329999999999992e-01
4.305310000000000059e+02 1.432289999999999952e-01
4.310310000000000059e+02 1.432259999999999922e-01
4.315310000000000059e+02 1.432219999999999882e-01
4.320310000000000059e+02 1.432180000000000120e-01
4.325310000000000059e+02 1.432150000000000090e-01
4.330310000000000059e+02 1.432110000000000050e-01
4.335310000000000059e+02 1.432080000000000020e-01
4.340310000000000059e+02 1.432039999999999980e-01
4.345310000000000059e+02 1.432009999999999950e-01
4.350310000000000059e+02 1.431969999999999910e-01
4.355310000000000059e+02 1.431939999999999880e-01
4.360310000000000059e+02 1.431910000000000127e-01
4.365310000000000059e+02 1.431870000000000087e-01
4.370310000000000059e+02 1.431840000000000057e-01
4.375310000000000059e+02 1.431810000000000027e-01
4.380310000000000059e+02 1.431769999999999987e-01
4.385310000000000059e+02 1.431739999999999957e-01
4.390310000000000059e+02 1.431709999999999927e-01
4.395310000000000059e+02 1.431679999999999897e-01
4.400310000000000059e+02 1.431649999999999867e-01
4.405310000000000059e+02 1.431620000000000115e-01
4.410310000000000059e+02 1.431590000000000085e-01
4.415310000000000059e+02 1.431560000000000055e-01
4.420310000000000059e+02 1.431530000000000025e-01
4.425310000000000059e+02 1.431499999999999995e-01
4.430310000000000059e+02 1.431469999999999965e-01
4.435310000000000059e+02 1.431439999999999935e-01
4.440310000000000059e+02 1.431409999999999905e-01
4.445310000000000059e+02 1.431379999999999875e-01
4.450310000000000059e+02 1.431360000000000132e-01
4.455310000000000059e+02 1.431330000000000102e-01
4.460310000000000059e+02 1.431300000000000072e-01
4.465310000000000059e+02 1.431270000000000042e-01
4.470310000000000059e+02 1.431250000000000022e-01
4.475310000000000059e+02 1.431219999999999992e-01
4.480310000000000059e+02 1.431189999999999962e-01
4.485310000000000059e+02 1.431169999999999942e-01
4.490310000000000059e+02 1.431139999999999912e-01
4.495310000000000059e+02 1.431119999999999892e-01
4.500310000000000059e+02 1.431089999999999862e-01
4.505310000000000059e+02 1.431070000000000120e-01
4.510310000000000059e+02 1.431040000000000090e-01
4.515310000000000059e+02 1.431020000000000070e-01
4.520310000000000059e+02 1.430990000000000040e-01
4.525310000000000059e+02 1.430970000000000020e-01
4.530310000000000059e+02 1.430939999999999990e-01
4.535310000000000059e+02 1.430919999999999970e-01
4.540310000000000059e+02 1.430899999999999950e-01
4.545310000000000059e+02 1.430869999999999920e-01
4.550310000000000059e+02 1.430849999999999900e-01
4.555310000000000059e+02 1.430829999999999880e-01
4.560310000000000059e+02 1.430810000000000137e-01
4.565310000000000059e+02 1.430780000000000107e-01
4.570310000000000059e+02 1.430760000000000087e-01
4.575310000000000059e+02 1.430740000000000067e-01
4.580310000000000059e+02 1.430720000000000047e-01
4.585310000000000059e+02 1.430700000000000027e-01
4.590310000000000059e+02 1.430680000000000007e-01
4.595310000000000059e+02 1.430649999999999977e-01
4.600310000000000059e+02 1.430629999999999957e-01
4.605310000000000059e+02 1.430609999999999937e-01
4.610310000000000059e+02 1.430589999999999917e-01
4.615310000000000059e+02 1.430569999999999897e-01
4.620310000000000059e+02 1.430549999999999877e-01
4.625310000000000059e+02 1.430530000000000135e-01
4.630310000000000059e+02 1.430510000000000115e-01
4.635310000000000059e+02 1.430490000000000095e-01
4.640310000000000059e+02 1.430480000000000085e-01
4.645310000000000059e+02 1.430460000000000065e-01
4.650310000000000059e+02 1.430440000000000045e-01
4.655310000000000059e+02 1.430420000000000025e-01
4.660310000000000059e+02 1.430400000000000005e-01
4.665310000000000059e+02 1.430379999999999985e-01
4.670310000000000059e+02 1.430359999999999965e-01
4.675310000000000059e+02 1.430349999999999955e-01
4.680310000000000059e+02 1.430329999999999935e-01
4.685310000000000059e+02 1.430309999999999915e-01
4.690310000000000059e+02 1.430289999999999895e-01
4.695310000000000059e+02 1.430279999999999885e-01
4.700310000000000059e+02 1.430259999999999865e-01
4.705310000000000059e+02 1.430240000000000122e-01
4.710310000000000059e+02 1.430230000000000112e-01
4.715310000000000059e+02 1.430210000000000092e-01
4.720310000000000059e+02 1.430190000000000072e-01
4.725310000000000059e+02 1.430180000000000062e-01
4.730310000000000059e+02 1.430160000000000042e-01
4.735310000000000059e+02 1.430150000000000032e-01
4.740310000000000059e+02 1.430130000000000012e-01
4.745310000000000059e+02 1.430109999999999992e-01
4.750310000000000059e+02 1.430099999999999982e-01
4.755310000000000059e+02 1.430079999999999962e-01
4.760310000000000059e+02 1.430069999999999952e-01
4.765310000000000059e+02 1.430049999999999932e-01
4.770310000000000059e+02 1.430039999999999922e-01
4.775310000000000059e+02 1.430019999999999902e-01
4.780310000000000059e+02 1.430009999999999892e-01
4.785310000000000059e+02 1.429999999999999882e-01
4.790310000000000059e+02 1.429979999999999862e-01
4.795310000000000059e+02 1.429970000000000130e-01
4.800310000000000059e+02 1.429950000000000110e-01
4.805310000000000059e+02 1.429940000000000100e-01
4.810310000000000059e+02 1.429930000000000090e-01
4.815310000000000059e+02 1.429910000000000070e-01
4.820310000000000059e+02 1.429900000000000060e-01
4.825310000000000059e+02 1.429890000000000050e-01
4.830310000000000059e+02 1.429870000000000030e-01
4.835310000000000059e+02 1.429860000000000020e-01
4.840310000000000059e+02 1.429850000000000010e-01
4.845310000000000059e+02 1.429829999999999990e-01
4.845310000000000059e+02 1.429829999999999990e-01
4.845710000000000264e+02 1.429829999999999990e-01
4.846109999999999900e+02 1.429829999999999990e-01
4.846909999999999741e+02 1.429829999999999990e-01
4.848509999999999991e+02 1.429829999999999990e-01
4.851709999999999923e+02 1.429819999999999980e-01
4.856709999999999923e+02 1.429809999999999970e-01
4.861709999999999923e+02 1.429789999999999950e-01
4.866709999999999923e+02 1.429779999999999940e-01
4.871709999999999923e+02 1.429769999999999930e-01
4.876709999999999923e+02 1.429759999999999920e-01
4.881709999999999923e+02 1.429749999999999910e-01
4.886709999999999923e+02 1.429729999999999890e-01
4.891709999999999923e+02 1.429719999999999880e-01
4.896709999999999923e+02 1.429709999999999870e-01
4.901709999999999923e+02 1.429700000000000137e-01
4.906709999999999923e+02 1.429690000000000127e-01
4.911709999999999923e+02 1.429680000000000117e-01
4.916709999999999923e+02 1.429670000000000107e-01
4.921709999999999923e+02 1.429660000000000097e-01
4.926709999999999923e+02 1.429640000000000077e-01
4.931709999999999923e+02 1.429630000000000067e-01
4.936709999999999923e+02 1.429620000000000057e-01
4.941709999999999923e+02 1.429610000000000047e-01
4.946709999999999923e+02 1.429600000000000037e-01
4.951709999999999923e+02 1.429590000000000027e-01
4.956709999999999923e+02 1.429580000000000017e-01
4.961709999999999923e+02 1.429570000000000007e-01
4.966709999999999923e+02 1.429559999999999997e-01
4.971709999999999923e+02 1.429549999999999987e-01
4.976709999999999923e+02 1.429539999999999977e-01
4.981709999999999923e+02 1.429529999999999967e-01
4.986709999999999923e+02 1.429519999999999957e-01
4.991709999999999923e+02 1.429509999999999947e-01
4.996709999999999923e+02 1.429499999999999937e-01
5.001709999999999923e+02 1.429499999999999937e-01
5.006709999999999923e+02 1.429489999999999927e-01
5.011709999999999923e+02 1.429479999999999917e-01
5.016709999999999923e+02 1.429469999999999907e-01
5.021709999999999923e+02 1.429459999999999897e-01
5.026709999999999923e+02 1.429449999999999887e-01
5.031709999999999923e+02 1.429439999999999877e-01
5.036709999999999923e+02 1.429429999999999867e-01
5.041709999999999923e+02 1.429420000000000135e-01
5.046709999999999923e+02 1.429420000000000135e-01
5.051709999999999923e+02 1.429410000000000125e-01
5.056709999999999923e+02 1.429400000000000115e-01
5.061709999999999923e+02 1.429390000000000105e-01
5.066709999999999923e+02 1.429380000000000095e-01
5.071709999999999923e+02 1.429370000000000085e-01
5.076709999999999923e+02 1.429370000000000085e-01
5.081709999999999923e+02 1.429360000000000075e-01
5.086709999999999923e+02 1.429350000000000065e-01
5.091709999999999923e+02 1.429340000000000055e-01
5.096709999999999923e+02 1.429340000000000055e-01
5.101709999999999923e+02 1.429330000000000045e-01
5.106709999999999923e+02 1.429320000000000035e-01
5.111709999999999923e+02 1.429310000000000025e-01
5.116709999999999923e+02 1.429310000000000025e-01
5.121710000000000491e+02 1.429300000000000015e-01
5.126710000000000491e+02 1.429290000000000005e-01
5.131710000000000491e+02 1.429279999999999995e-01
5.136710000000000491e+02 1.429279999999999995e-01
5.141710000000000491e+02 1.429269999999999985e-01
5.146710000000000491e+02 1.429259999999999975e-01
5.151710000000000491e+02 1.429259999999999975e-01
5.156710000000000491e+02 1.429249999999999965e-01
5.161710000000000491e+02 1.429239999999999955e-01
5.166710000000000491e+02 1.429239999999999955e-01
5.171710000000000491e+02 1.429229999999999945e-01
5.176710000000000491e+02 1.429219999999999935e-01
5.181710000000000491e+02 1.429219999999999935e-01
5.186710000000000491e+02 1.429209999999999925e-01
5.191710000000000491e+02 1.429199999999999915e-01
5.196710000000000491e+02 1.429199999999999915e-01
5.201710000000000491e+02 1.429189999999999905e-01
5.206710000000000491e+02 1.429179999999999895e-01
5.211710000000000491e+02 1.429179999999999895e-01
5.216710000000000491e+02 1.429169999999999885e-01
5.221710000000000491e+02 1.429169999999999885e-01
5.226710000000000491e+02 1.429159999999999875e-01
5.231710000000000491e+02 1.429149999999999865e-01
5.236710000000000491e+02 1.429149999999999865e-01
5.241710000000000491e+02 1.429140000000000132e-01
5.246710000000000491e+02 1.429140000000000132e-01
5.251710000000000491e+02 1.429130000000000122e-01
5.256710000000000491e+02 1.429130000000000122e-01
5.261710000000000491e+02 1.429120000000000112e-01
5.266710000000000491e+02 1.429120000000000112e-01
5.271710000000000491e+02 1.429110000000000102e-01
5.276710000000000491e+02 1.429100000000000092e-01
5.281710000000000491e+02 1.429100000000000092e-01
5.286710000000000491e+02 1.429090000000000082e-01
5.291710000000000491e+02 1.429090000000000082e-01
5.296710000000000491e+02 1.429080000000000072e-01
5.301710000000000491e+02 1.429080000000000072e-01
5.306710000000000491e+02 1.429070000000000062e-01
5.311710000000000491e+02 1.429070000000000062e-01
5.316710000000000491e+02 1.429060000000000052e-01
5.321710000000000491e+02 1.429060000000000052e-01
5.326710000000000491e+02 1.429050000000000042e-01
5.331710000000000491e+02 1.429050000000000042e-01
5.336710000000000491e+02 1.429040000000000032e-01
5.341710000000000491e+02 1.429040000000000032e-01
5.346710000000000491e+02 1.429030000000000022e-01
5.351710000000000491e+02 1.429030000000000022e-01
5.356710000000000491e+02 1.429030000000000022e-01
5.361710000000000491e+02 1.429020000000000012e-01
5.366710000000000491e+02 1.429020000000000012e-01
5.371710000000000491e+02 1.429010000000000002e-01
5.376710000000000491e+02 1.429010000000000002e-01
5.381710000000000491e+02 1.428999999999999992e-01
5.386710000000000491e+02 1.428999999999999992e-01
5.391710000000000491e+02 1.428989999999999982e-01
5.396710000000000491e+02 1.428989999999999982e-01
5.401710000000000491e+02 1.428989999999999982e-01
5.406710000000000491e+02 1.428979999999999972e-01
5.411710000000000491e+02 1.428979999999999972e-01
5.416710000000000491e+02 1.428969999999999962e-01
5.421710000000000491e+02 1.428969999999999962e-01
5.426710000000000491e+02 1.428969999999999962e-01
5.431710000000000491e+02 1.428959999999999952e-01
5.436710000000000491e+02 1.428959999999999952e-01
5.441710000000000491e+02 1.428949999999999942e-01
5.446710000000000491e+02 1.428949999999999942e-01
5.451710000000000491e+02 1.428949999999999942e-01
5.456710000000000491e+02 1.428939999999999932e-01
5.461710000000000491e+02 1.428939999999999932e-01
5.466710000000000491e+02 1.428939999999999932e-01
5.471710000000000491e+02 1.428929999999999922e-01
5.476710000000000491e+02 1.428929999999999922e-01
5.481710000000000491e+02 1.428929999999999922e-01
5.486710000000000491e+02 1.428919999999999912e-01
5.491710000000000491e+02 1.428919999999999912e-01
5.496710000000000491e+02 1.428909999999999902e-01
5.501710000000000491e+02 1.428909999999999902e-01
5.506710000000000491e+02 1.428909999999999902e-01
5.511710000000000491e+02 1.428899999999999892e-01
5.516710000000000491e+02 1.428899999999999892e-01
5.521710000000000491e+02 1.428899999999999892e-01
5.526710000000000491e+02 1.428889999999999882e-01
5.531710000000000491e+02 1.428889999999999882e-01
5.536710000000000491e+02 1.428889999999999882e-01
5.541710000000000491e+02 1.428889999999999882e-01
5.546710000000000491e+02 1.428879999999999872e-01
5.551710000000000491e+02 1.428879999999999872e-01
5.556710000000000491e+02 1.428879999999999872e-01
5.561710000000000491e+02 1.428869999999999862e-01
5.566710000000000491e+02 1.428869999999999862e-01
5.571710000000000491e+02 1.428869999999999862e-01
5.576710000000000491e+02 1.428860000000000130e-01
5.581710000000000491e+02 1.428860000000000130e-01
5.586710000000000491e+02 1.428860000000000130e-01
5.591710000000000491e+02 1.428860000000000130e-01
5.596710000000000491e+02 1.428850000000000120e-01
5.601710000000000491e+02 1.428850000000000120e-01
5.606710000000000491e+02 1.428850000000000120e-01
5.611710000000000491e+02 1.428840000000000110e-01
5.616710000000000491e+02 1.428840000000000110e-01
5.621710000000000491e+02 1.428840000000000110e-01
5.626710000000000491e+02 1.428840000000000110e-01
5.631710000000000491e+02 1.428830000000000100e-01
5.636710000000000491e+02 1.428830000000000100e-01
5.641710000000000491e+02 1.428830000000000100e-01
5.646710000000000491e+02 1.428830000000000100e-01
5.651710000000000491e+02 1.428820000000000090e-01
5.656710000000000491e+02 1.428820000000000090e-01
5.661710000000000491e+02 1.428820000000000090e-01
5.666710000000000491e+02 1.428820000000000090e-01
5.671710000000000491e+02 1.428810000000000080e-01
5.676710000000000491e+02 1.428810000000000080e-01
5.681710000000000491e+02 1.428810000000000080e-01
5.686710000000000491e+02 1.428810000000000080e-01
5.691710000000000491e+02 1.428800000000000070e-01
5.696710000000000491e+02 1.428800000000000070e-01
5.701710000000000491e+02 1.428800000000000070e-01
5.706710000000000491e+02 1.428800000000000070e-01
5.711710000000000491e+02 1.428790000000000060e-01
5.716710000000000491e+02 1.428790000000000060e-01
5.721710000000000491e+02 1.428790000000000060e-01
5.726710000000000491e+02 1.428790000000000060e-01
5.731710000000000491e+02 1.428790000000000060e-01
5.736710000000000491e+02 1.428780000000000050e-01
5.741710000000000491e+02 1.428780000000000050e-01
5.746710000000000491e+02 1.428780000000000050e-01
5.751710000000000491e+02 1.428780000000000050e-01
5.756710000000000491e+02 1.428780000000000050e-01
5.761710000000000491e+02 1.428770000000000040e-01
5.766710000000000491e+02 1.428770000000000040e-01
5.771710000000000491e+02 1.428770000000000040e-01
5.776710000000000491e+02 1.428770000000000040e-01
5.781710000000000491e+02 1.428770000000000040e-01
5.786710000000000491e+02 1.428760000000000030e-01
5.791710000000000491e+02 1.428760000000000030e-01
5.796710000000000491e+02 1.428760000000000030e-01
5.801710000000000491e+02 1.428760000000000030e-01
5.806710000000000491e+02 1.428760000000000030e-01
5.811710000000000491e+02 1.428750000000000020e-01
5.816710000000000491e+02 1.428750000000000020e-01
5.821710000000000491e+02 1.428750000000000020e-01
5.821710000000000491e+02 1.428750000000000020e-01
5.822110000000000127e+02 1.428750000000000020e-01
5.822509999999999764e+02 1.428750000000000020e-01
5.823310000000000173e+02 1.428750000000000020e-01
5.824909999999999854e+02 1.428750000000000020e-01
5.828110000000000355e+02 1.428750000000000020e-01
5.833110000000000355e+02 1.428750000000000020e-01
5.838110000000000355e+02 1.428740000000000010e-01
5.843110000000000355e+02 1.428740000000000010e-01
5.848110000000000355e+02 1.428740000000000010e-01
5.853110000000000355e+02 1.428740000000000010e-01
5.858110000000000355e+02 1.428740000000000010e-01
5.863110000000000355e+02 1.428740000000000010e-01
5.868110000000000355e+02 1.428730000000000000e-01
5.873110000000000355e+02 1.428730000000000000e-01
5.878110000000000355e+02 1.428730000000000000e-01
5.883110000000000355e+02 1.428730000000000000e-01
5.888110000000000355e+02 1.428730000000000000e-01
5.893110000000000355e+02 1.428730000000000000e-01
5.898110000000000355e+02 1.428730000000000000e-01
5.903110000000000355e+02 1.428719999999999990e-01
5.908110000000000355e+02 1.428719999999999990e-01
5.913110000000000355e+02 1.428719999999999990e-01
5.918110000000000355e+02 1.428719999999999990e-01
5.923110000000000355e+02 1.428719999999999990e-01
5.928110000000000355e+02 1.428719999999999990e-01
5.933110000000000355e+02 1.428709999999999980e-01
5.938110000000000355e+02 1.428709999999999980e-01
5.943110000000000355e+02 1.428709999999999980e-01
5.948110000000000355e+02 1.428709999999999980e-01
5.953110000000000355e+02 1.428709999999999980e-01
5.958110000000000355e+02 1.428709999999999980e-01
5.963110000000000355e+02 1.428709999999999980e-01
5.968110000000000355e+02 1.428709999999999980e-01
5.973110000000000355e+02 1.428699999999999970e-01
5.978110000000000355e+02 1.428699999999999970e-01
5.983110000000000355e+02 1.428699999999999970e-01
5.988110000000000355e+02 1.428699999999999970e-01
5.993110000000000355e+02 1.428699999999999970e-01
5.998110000000000355e+02 1.428699999999999970e-01
6.003110000000000355e+02 1.428699999999999970e-01
6.008110000000000355e+02 1.428689999999999960e-01
6.013110000000000355e+02 1.428689999999999960e-01
6.018110000000000355e+02 1.428689999999999960e-01
6.023110000000000355e+02 1.428689999999999960e-01
6.028110000000000355e+02 1.428689999999999960e-01
6.033110000000000355e+02 1.428689999999999960e-01
6.038110000000000355e+02 1.428689999999999960e-01
6.043110000000000355e+02 1.428689999999999960e-01
6.048110000000000355e+02 1.428689999999999960e-01
6.053110000000000355e+02 1.428679999999999950e-01
6.058110000000000355e+02 1.428679999999999950e-01
6.063110000000000355e+02 1.428679999999999950e-01
6.068110000000000355e+02 1.428679999999999950e-01
6.073110000000000355e+02 1.428679999999999950e-01
6.078110000000000355e+02 1.428679999999999950e-01
6.083110000000000355e+02 1.428679999999999950e-01
6.088110000000000355e+02 1.428679999999999950e-01
6.093110000000000355e+02 1.428679999999999950e-01
6.098110000000000355e+02 1.428669999999999940e-01
6.103110000000000355e+02 1.428669999999999940e-01
6.108110000000000355e+02 1.428669999999999940e-01
6.113110000000000355e+02 1.428669999999999940e-01
6.118110000000000355e+02 1.428669999999999940e-01
6.123110000000000355e+02 1.428669999999999940e-01
6.128110000000000355e+02 1.428669999999999940e-01
6.133110000000000355e+02 1.428669999999999940e-01
6.138110000000000355e+02 1.428669999999999940e-01
6.143110000000000355e+02 1.428669999999999940e-01
6.148110000000000355e+02 1.428659999999999930e-01
6.153110000000000355e+02 1.428659999999999930e-01
6.158110000000000355e+02 1.428659999999999930e-01
6.163110000000000355e+02 1.428659999999999930e-01
6.168110000000000355e+02 1.428659999999999930e-01
6.173110000000000355e+02 1.428659999999999930e-01
6.178110000000000355e+02 1.428659999999999930e-01
6.183110000000000355e+02 1.428659999999999930e-01
6.188110000000000355e+02 1.428659999999999930e-01
6.193110000000000355e+02 1.428659999999999930e-01
6.198110000000000355e+02 1.428659999999999930e-01
6.203110000000000355e+02 1.428649999999999920e-01
6.208110000000000355e+02 1.428649999999999920e-01
6.213110000000000355e+02 1.428649999999999920e-01
6.218110000000000355e+02 1.428649999999999920e-01
6.223110000000000355e+02 1.428649999999999920e-01
6.228110000000000355e+02 1.428649999999999920e-01
6.233110000000000355e+02 1.428649999999999920e-01
6.238110000000000355e+02 1.428649999999999920e-01
6.243110000000000355e+02 1.428649999999999920e-01
6.248110000000000355e+02 1.428649999999999920e-01
6.253110000000000355e+02 1.428649999999999920e-01
6.258110000000000355e+02 1.428649999999999920e-01
6.263110000000000355e+02 1.428649999999999920e-01
6.268110000000000355e+02 1.428639999999999910e-01
6.273110000000000355e+02 1.428639999999999910e-01
6.278110000000000355e+02 1.428639999999999910e-01
6.283110000000000355e+02 1.428639999999999910e-01
6.288110000000000355e+02 1.428639999999999910e-01
6.293110000000000355e+02 1.428639999999999910e-01
6.298110000000000355e+02 1.428639999999999910e-01
6.303110000000000355e+02 1.428639999999999910e-01
6.308110000000000355e+02 1.428639999999999910e-01
6.313110000000000355e+02 1.428639999999999910e-01
6.318110000000000355e+02 1.428639999999999910e-01
6.323110000000000355e+02 1.428639999999999910e-01
6.328110000000000355e+02 1.428639999999999910e-01
6.333110000000000355e+02 1.428639999999999910e-01
6.338110000000000355e+02 1.428639999999999910e-01
6.343110000000000355e+02 1.428629999999999900e-01
6.348110000000000355e+02 1.428629999999999900e-01
6.353110000000000355e+02 1.428629999999999900e-01
6.358110000000000355e+02 1.428629999999999900e-01
6.363110000000000355e+02 1.428629999999999900e-01
6.368110000000000355e+02 1.428629999999999900e-01
6.373110000000000355e+02 1.428629999999999900e-01
6.378110000000000355e+02 1.428629999999999900e-01
6.383110000000000355e+02 1.428629999999999900e-01
6.388110000000000355e+02 1.428629999999999900e-01
6.393110000000000355e+02 1.428629999999999900e-01
6.398110000000000355e+02 1.428629999999999900e-01
6.403110000000000355e+02 1.428629999999999900e-01
6.408110000000000355e+02 1.428629999999999900e-01
6.413110000000000355e+02 1.428629999999999900e-01
6.418110000000000355e+02 1.428629999999999900e-01
6.423110000000000355e+02 1.428629999999999900e-01
6.428110000000000355e+02 1.428619999999999890e-01
6.433110000000000355e+02 1.428619999999999890e-01
6.438110000000000355e+02 1.428619999999999890e-01
6.443110000000000355e+02 1.428619999999999890e-01
6.448110000000000355e+02 1.428619999999999890e-01
6.453110000000000355e+02 1.428619999999999890e-01
6.458110000000000355e+02 1.428619999999999890e-01
6.463110000000000355e+02 1.428619999999999890e-01
6.468110000000000355e+02 1.428619999999999890e-01
6.473110000000000355e+02 1.428619999999999890e-01
6.478110000000000355e+02 1.428619999999999890e-01
6.483110000000000355e+02 1.428619999999999890e-01
6.488110000000000355e+02 1.428619999999999890e-01
6.493110000000000355e+02 1.428619999999999890e-01
6.498110000000000355e+02 1.428619999999999890e-01
6.503110000000000355e+02 1.428619999999999890e-01
6.508110000000000355e+02 1.428619999999999890e-01
6.513110000000000355e+02 1.428619999999999890e-01
6.518110000000000355e+02 1.428619999999999890e-01
6.523110000000000355e+02 1.428619999999999890e-01
6.528110000000000355e+02 1.428619999999999890e-01
6.533110000000000355e+02 1.428609999999999880e-01
6.538110000000000355e+02 1.428609999999999880e-01
6.543110000000000355e+02 1.428609999999999880e-01
6.548110000000000355e+02 1.428609999999999880e-01
6.553110000000000355e+02 1.428609999999999880e-01
6.558110000000000355e+02 1.428609999999999880e-01
6.563110000000000355e+02 1.428609999999999880e-01
6.568110000000000355e+02 1.428609999999999880e-01
6.573110000000000355e+02 1.428609999999999880e-01
6.578110000000000355e+02 1.428609999999999880e-01
6.583110000000000355e+02 1.428609999999999880e-01
6.588110000000000355e+02 1.428609999999999880e-01
6.593110000000000355e+02 1.428609999999999880e-01
6.598110000000000355e+02 1.428609999999999880e-01
6.603110000000000355e+02 1.428609999999999880e-01
6.608110000000000355e+02 1.428609999999999880e-01
6.613110000000000355e+02 1.428609999999999880e-01
6.618110000000000355e+02 1.428609999999999880e-01
6.623110000000000355e+02 1.428609999999999880e-01
6.628110000000000355e+02 1.428609999999999880e-01
6.633110000000000355e+02 1.428609999999999880e-01
6.638110000000000355e+02 1.428609999999999880e-01
6.643110000000000355e+02 1.428609999999999880e-01
6.648110000000000355e+02 1.428609999999999880e-01
6.653110000000000355e+02 1.428609999999999880e-01
6.658110000000000355e+02 1.428609999999999880e-01
6.663110000000000355e+02 1.428599999999999870e-01
6.668110000000000355e+02 1.428599999999999870e-01
6.673110000000000355e+02 1.428599999999999870e-01
6.678110000000000355e+02 1.428599999999999870e-01
6.683110000000000355e+02 1.428599999999999870e-01
6.688110000000000355e+02 1.428599999999999870e-01
6.693110000000000355e+02 1.428599999999999870e-01
6.698110000000000355e+02 1.428599999999999870e-01
6.703110000000000355e+02 1.428599999999999870e-01
6.708110000000000355e+02 1.428599999999999870e-01
6.713110000000000355e+02 1.428599999999999870e-01
6.718110000000000355e+02 1.428599999999999870e-01
6.723110000000000355e+02 1.428599999999999870e-01
6.728110000000000355e+02 1.428599999999999870e-01
6.733110000000000355e+02 1.428599999999999870e-01
6.738110000000000355e+02 1.428599999999999870e-01
6.743110000000000355e+02 1.428599999999999870e-01
6.748110000000000355e+02 1.428599999999999870e-01
6.753110000000000355e+02 1.428599999999999870e-01
6.758110000000000355e+02 1.428599999999999870e-01
6.763110000000000355e+02 1.428599999999999870e-01
6.768110000000000355e+02 1.428599999999999870e-01
6.773110000000000355e+02 1.428599999999999870e-01
6.778110000000000355e+02 1.428599999999999870e-01
6.783110000000000355e+02 1.428599999999999870e-01
