1.321110000000000007e+00 2.857140000000000235e-01
1.821059999999999901e+00 2.857140000000000235e-01
2.321019999999999861e+00 2.857140000000000235e-01
2.820990000000000109e+00 2.857140000000000235e-01
3.320949999999999847e+00 2.857140000000000235e-01
3.820910000000000029e+00 2.857140000000000235e-01
4.320879999999999832e+00 2.857140000000000235e-01
4.820850000000000080e+00 2.857140000000000235e-01
5.320820000000000327e+00 2.857140000000000235e-01
5.820789999999999687e+00 2.857140000000000235e-01
6.320759999999999934e+00 2.857140000000000235e-01
6.820730000000000182e+00 2.857140000000000235e-01
7.320700000000000429e+00 2.857140000000000235e-01
7.820680000000000298e+00 2.857140000000000235e-01
8.320650000000000546e+00 2.857140000000000235e-01
8.820629999999999526e+00 2.857140000000000235e-01
9.320610000000000284e+00 2.857140000000000235e-01
9.820579999999999643e+00 2.857140000000000235e-01
1.032060000000000066e+01 2.857140000000000235e-01
1.082049999999999912e+01 2.857140000000000235e-01
1.132049999999999912e+01 2.857140000000000235e-01
1.182049999999999912e+01 2.857140000000000235e-01
1.232049999999999912e+01 2.857140000000000235e-01
1.282049999999999912e+01 2.857140000000000235e-01
1.332049999999999912e+01 2.857140000000000235e-01
1.382039999999999935e+01 2.857140000000000235e-01
1.432039999999999935e+01 2.857140000000000235e-01
1.482039999999999935e+01 2.857140000000000235e-01
1.532039999999999935e+01 2.857140000000000235e-01
1.582039999999999935e+01 2.857140000000000235e-01
1.632039999999999935e+01 2.857140000000000235e-01
1.682039999999999935e+01 2.857140000000000235e-01
1.732029999999999959e+01 2.857140000000000235e-01
1.782029999999999959e+01 2.857140000000000235e-01
1.832029999999999959e+01 2.857140000000000235e-01
1.882029999999999959e+01 2.857140000000000235e-01
1.932029999999999959e+01 2.857140000000000235e-01
1.982029999999999959e+01 2.857140000000000235e-01
2.032029999999999959e+01 2.857140000000000235e-01
2.082029999999999959e+01 2.857140000000000235e-01
2.132029999999999959e+01 2.857140000000000235e-01
2.182019999999999982e+01 2.857140000000000235e-01
2.232019999999999982e+01 2.857140000000000235e-01
2.282019999999999982e+01 2.857140000000000235e-01
2.332019999999999982e+01 2.857140000000000235e-01
2.382019999999999982e+01 2.857140000000000235e-01
2.432019999999999982e+01 2.857140000000000235e-01
2.482019999999999982e+01 2.857140000000000235e-01
2.532019999999999982e+01 2.857140000000000235e-01
2.582019999999999982e+01 2.857140000000000235e-01
2.632019999999999982e+01 2.857140000000000235e-01
2.682019999999999982e+01 2.857140000000000235e-01
2.732019999999999982e+01 2.857140000000000235e-01
2.782019999999999982e+01 2.857140000000000235e-01
2.832019999999999982e+01 2.857140000000000235e-01
2.882010000000000005e+01 2.857140000000000235e-01
2.932010000000000005e+01 2.857140000000000235e-01
2.982010000000000005e+01 2.857140000000000235e-01
3.032010000000000005e+01 2.857140000000000235e-01
3.082010000000000005e+01 2.857140000000000235e-01
3.132010000000000005e+01 2.857140000000000235e-01
3.182010000000000005e+01 2.857140000000000235e-01
3.232009999999999650e+01 2.857140000000000235e-01
3.282009999999999650e+01 2.857140000000000235e-01
3.332009999999999650e+01 2.857140000000000235e-01
3.382009999999999650e+01 2.857140000000000235e-01
3.432009999999999650e+01 2.857140000000000235e-01
3.482009999999999650e+01 2.857140000000000235e-01
3.532009999999999650e+01 2.857140000000000235e-01
3.582009999999999650e+01 2.857140000000000235e-01
3.632009999999999650e+01 2.857140000000000235e-01
3.682009999999999650e+01 2.857140000000000235e-01
3.732009999999999650e+01 2.857140000000000235e-01
3.782009999999999650e+01 2.857140000000000235e-01
3.832009999999999650e+01 2.857140000000000235e-01
3.882009999999999650e+01 2.857140000000000235e-01
3.932009999999999650e+01 2.857140000000000235e-01
3.982009999999999650e+01 2.857140000000000235e-01
4.032000000000000028e+01 2.857140000000000235e-01
4.082000000000000028e+01 2.857140000000000235e-01
4.132000000000000028e+01 2.857140000000000235e-01
4.182000000000000028e+01 2.857140000000000235e-01
4.232000000000000028e+01 2.857140000000000235e-01
4.282000000000000028e+01 2.857140000000000235e-01
4.332000000000000028e+01 2.857140000000000235e-01
4.382000000000000028e+01 2.857140000000000235e-01
4.432000000000000028e+01 2.857140000000000235e-01
4.482000000000000028e+01 2.857140000000000235e-01
4.532000000000000028e+01 2.857140000000000235e-01
4.582000000000000028e+01 2.857140000000000235e-01
4.632000000000000028e+01 2.857140000000000235e-01
4.682000000000000028e+01 2.857140000000000235e-01
4.732000000000000028e+01 2.857140000000000235e-01
4.782000000000000028e+01 2.857140000000000235e-01
4.832000000000000028e+01 2.857140000000000235e-01
4.882000000000000028e+01 2.857140000000000235e-01
4.932000000000000028e+01 2.857140000000000235e-01
4.982000000000000028e+01 2.857140000000000235e-01
5.032000000000000028e+01 2.857140000000000235e-01
5.082000000000000028e+01 2.857140000000000235e-01
5.132000000000000028e+01 2.857140000000000235e-01
5.182000000000000028e+01 2.857140000000000235e-01
5.232000000000000028e+01 2.857140000000000235e-01
5.282000000000000028e+01 2.857140000000000235e-01
5.332000000000000028e+01 2.857140000000000235e-01
5.382000000000000028e+01 2.857140000000000235e-01
5.432000000000000028e+01 2.857140000000000235e-01
5.482000000000000028e+01 2.857140000000000235e-01
5.514000000000000057e+01 2.857140000000000235e-01
5.529999999999999716e+01 2.857140000000000235e-01
5.538000000000000256e+01 2.857140000000000235e-01
5.542000000000000171e+01 2.857140000000000235e-01
5.543999999999999773e+01 2.857140000000000235e-01
5.545000000000000284e+01 2.857140000000000235e-01
5.545499999999999829e+01 2.857140000000000235e-01
5.879690000000000083e+01 2.950740000000000030e-01
5.929679999999999751e+01 2.992179999999999840e-01
5.979679999999999751e+01 3.034149999999999903e-01
6.029679999999999751e+01 3.076630000000000198e-01
6.079670000000000130e+01 3.119609999999999883e-01
6.129670000000000130e+01 3.163070000000000048e-01
6.179670000000000130e+01 3.207010000000000138e-01
6.229670000000000130e+01 3.251410000000000133e-01
6.279659999999999798e+01 3.296250000000000013e-01
6.329659999999999798e+01 3.341529999999999778e-01
6.379659999999999798e+01 3.387220000000000231e-01
6.429649999999999466e+01 3.433320000000000261e-01
6.479649999999999466e+01 3.479820000000000135e-01
6.529649999999999466e+01 3.526690000000000103e-01
6.579649999999999466e+01 3.573930000000000162e-01
6.629640000000000555e+01 3.621510000000000007e-01
6.679640000000000555e+01 3.669430000000000192e-01
6.729640000000000555e+01 3.717670000000000141e-01
6.779630000000000223e+01 3.766220000000000123e-01
6.829630000000000223e+01 3.815049999999999830e-01
6.879630000000000223e+01 3.864170000000000105e-01
6.929619999999999891e+01 3.913539999999999797e-01
6.979619999999999891e+01 3.963169999999999749e-01
7.029619999999999891e+01 4.013019999999999921e-01
7.079619999999999891e+01 4.063100000000000045e-01
7.129609999999999559e+01 4.113379999999999814e-01
7.179609999999999559e+01 4.163850000000000051e-01
7.229609999999999559e+01 4.214499999999999913e-01
7.279600000000000648e+01 4.265300000000000202e-01
7.329600000000000648e+01 4.316249999999999809e-01
7.379600000000000648e+01 4.367340000000000111e-01
7.429600000000000648e+01 4.418540000000000245e-01
7.479590000000000316e+01 4.469850000000000212e-01
7.529590000000000316e+01 4.521249999999999991e-01
7.579590000000000316e+01 4.572720000000000118e-01
7.629579999999999984e+01 4.624260000000000037e-01
7.679579999999999984e+01 4.675839999999999996e-01
7.729579999999999984e+01 4.727469999999999728e-01
7.779569999999999652e+01 4.779109999999999747e-01
7.829569999999999652e+01 4.830760000000000054e-01
7.879569999999999652e+01 4.882409999999999806e-01
7.929569999999999652e+01 4.934040000000000092e-01
7.979559999999999320e+01 4.985649999999999804e-01
8.029559999999999320e+01 5.037209999999999743e-01
8.079559999999999320e+01 5.088709999999999622e-01
8.129550000000000409e+01 5.140149999999999997e-01
8.179550000000000409e+01 5.191510000000000291e-01
8.229550000000000409e+01 5.242780000000000218e-01
8.279550000000000409e+01 5.293949999999999489e-01
8.329540000000000077e+01 5.345010000000000039e-01
8.379540000000000077e+01 5.395940000000000181e-01
8.429540000000000077e+01 5.446729999999999627e-01
8.479540000000000077e+01 5.497379999999999489e-01
8.529529999999999745e+01 5.547870000000000301e-01
8.579529999999999745e+01 5.598189999999999555e-01
8.629529999999999745e+01 5.648339999999999472e-01
8.679519999999999413e+01 5.698299999999999477e-01
8.729519999999999413e+01 5.748060000000000391e-01
8.779519999999999413e+01 5.797619999999999996e-01
8.829519999999999413e+01 5.846959999999999935e-01
8.879510000000000502e+01 5.896080000000000210e-01
8.929510000000000502e+01 5.944960000000000244e-01
8.979510000000000502e+01 5.993600000000000039e-01
9.029510000000000502e+01 6.041999999999999593e-01
9.079500000000000171e+01 6.090130000000000265e-01
9.129500000000000171e+01 6.138000000000000123e-01
9.179500000000000171e+01 6.185599999999999987e-01
9.229500000000000171e+01 6.232910000000000394e-01
9.279500000000000171e+01 6.279940000000000522e-01
9.329489999999999839e+01 6.326680000000000081e-01
9.379489999999999839e+01 6.373109999999999609e-01
9.429489999999999839e+01 6.419240000000000501e-01
9.479489999999999839e+01 6.465060000000000251e-01
9.529479999999999507e+01 6.510550000000000503e-01
9.579479999999999507e+01 6.555729999999999613e-01
9.629479999999999507e+01 6.600570000000000048e-01
9.679479999999999507e+01 6.645079999999999876e-01
9.729479999999999507e+01 6.689249999999999918e-01
9.779470000000000596e+01 6.733080000000000176e-01
9.829470000000000596e+01 6.776560000000000361e-01
9.879470000000000596e+01 6.819690000000000474e-01
9.929470000000000596e+01 6.862460000000000226e-01
9.979470000000000596e+01 6.904879999999999907e-01
1.002950000000000017e+02 6.946930000000000049e-01
1.007950000000000017e+02 6.988609999999999545e-01
1.012950000000000017e+02 7.029929999999999790e-01
1.017950000000000017e+02 7.070870000000000211e-01
1.022950000000000017e+02 7.111439999999999984e-01
1.027950000000000017e+02 7.151629999999999932e-01
1.032950000000000017e+02 7.191440000000000055e-01
1.037950000000000017e+02 7.230879999999999530e-01
1.042950000000000017e+02 7.269930000000000003e-01
1.047950000000000017e+02 7.308590000000000364e-01
1.052939999999999969e+02 7.346869999999999790e-01
1.057939999999999969e+02 7.384770000000000501e-01
1.062939999999999969e+02 7.422279999999999989e-01
1.067939999999999969e+02 7.459390000000000187e-01
1.072939999999999969e+02 7.496119999999999450e-01
1.077939999999999969e+02 7.532459999999999711e-01
1.082939999999999969e+02 7.568409999999999860e-01
1.087939999999999969e+02 7.603969999999999896e-01
1.092939999999999969e+02 7.639139999999999819e-01
1.097939999999999969e+02 7.673919999999999630e-01
1.102939999999999969e+02 7.708310000000000439e-01
1.107939999999999969e+02 7.742310000000000025e-01
1.112939999999999969e+02 7.775919999999999499e-01
1.117939999999999969e+02 7.809150000000000258e-01
1.122939999999999969e+02 7.841979999999999507e-01
1.127939999999999969e+02 7.874440000000000328e-01
1.132939999999999969e+02 7.906499999999999639e-01
1.137939999999999969e+02 7.938180000000000236e-01
1.142939999999999969e+02 7.969490000000000185e-01
1.147939999999999969e+02 8.000399999999999734e-01
1.152939999999999969e+02 8.030939999999999745e-01
1.157939999999999969e+02 8.061110000000000220e-01
1.162939999999999969e+02 8.090889999999999471e-01
1.167939999999999969e+02 8.120309999999999473e-01
1.172939999999999969e+02 8.149349999999999650e-01
1.177939999999999969e+02 8.178020000000000289e-01
1.182939999999999969e+02 8.206320000000000281e-01
1.187939999999999969e+02 8.234249999999999625e-01
1.192939999999999969e+02 8.261830000000000007e-01
1.197939999999999969e+02 8.289039999999999742e-01
1.202939999999999969e+02 8.315890000000000226e-01
1.207939999999999969e+02 8.342389999999999528e-01
1.212939999999999969e+02 8.368529999999999580e-01
1.217939999999999969e+02 8.394319999999999560e-01
1.222939999999999969e+02 8.419759999999999467e-01
1.227939999999999969e+02 8.444859999999999589e-01
1.232939999999999969e+02 8.469609999999999639e-01
1.237939999999999969e+02 8.494030000000000191e-01
1.242939999999999969e+02 8.518099999999999561e-01
1.247939999999999969e+02 8.541849999999999721e-01
1.252939999999999969e+02 8.565260000000000096e-01
1.257939999999999969e+02 8.588339999999999863e-01
1.262939999999999969e+02 8.611090000000000133e-01
1.267939999999999969e+02 8.633530000000000371e-01
1.272939999999999969e+02 8.655640000000000001e-01
1.277939999999999969e+02 8.677439999999999598e-01
1.282940000000000111e+02 8.698919999999999986e-01
1.287940000000000111e+02 8.720090000000000341e-01
1.292940000000000111e+02 8.740959999999999841e-01
1.297940000000000111e+02 8.761520000000000419e-01
1.302940000000000111e+02 8.781780000000000141e-01
1.307940000000000111e+02 8.801750000000000407e-01
1.312940000000000111e+02 8.821419999999999817e-01
1.317940000000000111e+02 8.840799999999999770e-01
1.322940000000000111e+02 8.859890000000000265e-01
1.327940000000000111e+02 8.878690000000000193e-01
1.332940000000000111e+02 8.897220000000000129e-01
1.337940000000000111e+02 8.915459999999999496e-01
1.342940000000000111e+02 8.933429999999999982e-01
1.347940000000000111e+02 8.951130000000000475e-01
1.352940000000000111e+02 8.968559999999999865e-01
1.357940000000000111e+02 8.985729999999999551e-01
1.362940000000000111e+02 9.002630000000000354e-01
1.367940000000000111e+02 9.019270000000000342e-01
1.372940000000000111e+02 9.035659999999999803e-01
1.377940000000000111e+02 9.051789999999999559e-01
1.382940000000000111e+02 9.067669999999999897e-01
1.387940000000000111e+02 9.083309999999999995e-01
1.392940000000000111e+02 9.098709999999999853e-01
1.397940000000000111e+02 9.113860000000000294e-01
1.402940000000000111e+02 9.128779999999999673e-01
1.407940000000000111e+02 9.143459999999999921e-01
1.412940000000000111e+02 9.157910000000000217e-01
1.417940000000000111e+02 9.172139999999999738e-01
1.422940000000000111e+02 9.186130000000000129e-01
1.427940000000000111e+02 9.199910000000000032e-01
1.432940000000000111e+02 9.213470000000000271e-01
1.437940000000000111e+02 9.226809999999999734e-01
1.442940000000000111e+02 9.239939999999999820e-01
1.447940000000000111e+02 9.252860000000000529e-01
1.452940000000000111e+02 9.265569999999999640e-01
1.457940000000000111e+02 9.278079999999999661e-01
1.462940000000000111e+02 9.290380000000000305e-01
1.467940000000000111e+02 9.302489999999999926e-01
1.472940000000000111e+02 9.314400000000000457e-01
1.477940000000000111e+02 9.326119999999999965e-01
1.482940000000000111e+02 9.337649999999999562e-01
1.487940000000000111e+02 9.348990000000000355e-01
1.492940000000000111e+02 9.360140000000000127e-01
1.497940000000000111e+02 9.371119999999999450e-01
1.502940000000000111e+02 9.381909999999999972e-01
1.507940000000000111e+02 9.392530000000000046e-01
1.512940000000000111e+02 9.402970000000000494e-01
1.517940000000000111e+02 9.413240000000000496e-01
1.522940000000000111e+02 9.423340000000000050e-01
1.527940000000000111e+02 9.433270000000000266e-01
1.532940000000000111e+02 9.443040000000000322e-01
1.537940000000000111e+02 9.452650000000000219e-01
1.542940000000000111e+02 9.462099999999999955e-01
1.546140000000000043e+02 9.468069999999999542e-01
1.547740000000000009e+02 9.471030000000000282e-01
1.548540000000000134e+02 9.472500000000000364e-01
1.548940000000000055e+02 9.473240000000000549e-01
1.549339999999999975e+02 9.473970000000000447e-01
1.549739999999999895e+02 9.474700000000000344e-01
1.550140000000000100e+02 9.475430000000000241e-01
1.550939999999999941e+02 9.476900000000000324e-01
1.552539999999999907e+02 9.479809999999999626e-01
1.555740000000000123e+02 9.485580000000000123e-01
1.560740000000000123e+02 9.494479999999999587e-01
1.565740000000000123e+02 9.503239999999999466e-01
1.570740000000000123e+02 9.511840000000000295e-01
1.575740000000000123e+02 9.520309999999999606e-01
1.580740000000000123e+02 9.528630000000000155e-01
1.585740000000000123e+02 9.536810000000000009e-01
1.590740000000000123e+02 9.544850000000000279e-01
1.595740000000000123e+02 9.552760000000000140e-01
1.600740000000000123e+02 9.560539999999999594e-01
1.605740000000000123e+02 9.568179999999999463e-01
1.610740000000000123e+02 9.575690000000000035e-01
1.615740000000000123e+02 9.583080000000000487e-01
1.620740000000000123e+02 9.590340000000000531e-01
1.625740000000000123e+02 9.597480000000000455e-01
1.630740000000000123e+02 9.604500000000000259e-01
1.635740000000000123e+02 9.611399999999999944e-01
1.640740000000000123e+02 9.618189999999999795e-01
1.645740000000000123e+02 9.624850000000000350e-01
1.650740000000000123e+02 9.631410000000000249e-01
1.655740000000000123e+02 9.637850000000000028e-01
1.660740000000000123e+02 9.644179999999999975e-01
1.665740000000000123e+02 9.650400000000000089e-01
1.670740000000000123e+02 9.656519999999999548e-01
1.675740000000000123e+02 9.662530000000000285e-01
1.680740000000000123e+02 9.668440000000000367e-01
1.685740000000000123e+02 9.674249999999999794e-01
1.690740000000000123e+02 9.679959999999999676e-01
1.695740000000000123e+02 9.685570000000000013e-01
1.700740000000000123e+02 9.691089999999999982e-01
1.705740000000000123e+02 9.696510000000000407e-01
1.710740000000000123e+02 9.701830000000000176e-01
1.715740000000000123e+02 9.707069999999999865e-01
1.720740000000000123e+02 9.712210000000000010e-01
1.725740000000000123e+02 9.717270000000000074e-01
1.730740000000000123e+02 9.722239999999999771e-01
1.735740000000000123e+02 9.727120000000000211e-01
1.740740000000000123e+02 9.731919999999999460e-01
1.745740000000000123e+02 9.736629999999999452e-01
1.750740000000000123e+02 9.741269999999999651e-01
1.755740000000000123e+02 9.745819999999999483e-01
1.760740000000000123e+02 9.750299999999999523e-01
1.765740000000000123e+02 9.754690000000000305e-01
1.770740000000000123e+02 9.759020000000000472e-01
1.775740000000000123e+02 9.763260000000000272e-01
1.780740000000000123e+02 9.767430000000000279e-01
1.785740000000000123e+02 9.771530000000000493e-01
1.790740000000000123e+02 9.775559999999999805e-01
1.795740000000000123e+02 9.779520000000000435e-01
1.800740000000000123e+02 9.783410000000000162e-01
1.805740000000000123e+02 9.787230000000000096e-01
1.810740000000000123e+02 9.790990000000000526e-01
1.815740000000000123e+02 9.794680000000000053e-01
1.820740000000000123e+02 9.798299999999999788e-01
1.825740000000000123e+02 9.801870000000000305e-01
1.830740000000000123e+02 9.805369999999999919e-01
1.835740000000000123e+02 9.808810000000000029e-01
1.840740000000000123e+02 9.812180000000000346e-01
1.845740000000000123e+02 9.815500000000000336e-01
1.850740000000000123e+02 9.818769999999999998e-01
1.855740000000000123e+02 9.821969999999999867e-01
1.860740000000000123e+02 9.825120000000000520e-01
1.865740000000000123e+02 9.828209999999999447e-01
1.870740000000000123e+02 9.831250000000000266e-01
1.875740000000000123e+02 9.834239999999999648e-01
1.880740000000000123e+02 9.837169999999999526e-01
1.885740000000000123e+02 9.840050000000000185e-01
1.890740000000000123e+02 9.842889999999999695e-01
1.895740000000000123e+02 9.845669999999999700e-01
1.900740000000000123e+02 9.848400000000000487e-01
1.905740000000000123e+02 9.851090000000000124e-01
1.910740000000000123e+02 9.853730000000000544e-01
1.915740000000000123e+02 9.856319999999999526e-01
1.920740000000000123e+02 9.858860000000000401e-01
1.925740000000000123e+02 9.861360000000000126e-01
1.930740000000000123e+02 9.863819999999999810e-01
1.935740000000000123e+02 9.866239999999999455e-01
1.940740000000000123e+02 9.868609999999999882e-01
1.945740000000000123e+02 9.870940000000000270e-01
1.950740000000000123e+02 9.873229999999999507e-01
1.955740000000000123e+02 9.875479999999999814e-01
1.960740000000000123e+02 9.877679999999999794e-01
1.965740000000000123e+02 9.879850000000000021e-01
1.970740000000000123e+02 9.881990000000000496e-01
1.975740000000000123e+02 9.884079999999999533e-01
1.980740000000000123e+02 9.886139999999999928e-01
1.985740000000000123e+02 9.888160000000000283e-01
1.990740000000000123e+02 9.890139999999999487e-01
1.995740000000000123e+02 9.892100000000000337e-01
2.000740000000000123e+02 9.894009999999999749e-01
2.005740000000000123e+02 9.895890000000000519e-01
2.010740000000000123e+02 9.897740000000000427e-01
2.015740000000000123e+02 9.899559999999999471e-01
2.020740000000000123e+02 9.901339999999999586e-01
2.025740000000000123e+02 9.903100000000000236e-01
2.030740000000000123e+02 9.904819999999999736e-01
2.035740000000000123e+02 9.906509999999999483e-01
2.040740000000000123e+02 9.908169999999999478e-01
2.045740000000000123e+02 9.909799999999999720e-01
2.050740000000000123e+02 9.911400000000000210e-01
2.055740000000000123e+02 9.912980000000000125e-01
2.060740000000000123e+02 9.914530000000000287e-01
2.065740000000000123e+02 9.916040000000000409e-01
2.070740000000000123e+02 9.917540000000000244e-01
2.075740000000000123e+02 9.919000000000000039e-01
2.080740000000000123e+02 9.920440000000000369e-01
2.085740000000000123e+02 9.921860000000000124e-01
2.090740000000000123e+02 9.923250000000000126e-01
2.095740000000000123e+02 9.924610000000000376e-01
2.100740000000000123e+02 9.925950000000000051e-01
2.105740000000000123e+02 9.927270000000000261e-01
2.110740000000000123e+02 9.928559999999999608e-01
2.115740000000000123e+02 9.929839999999999778e-01
2.120740000000000123e+02 9.931079999999999908e-01
2.125740000000000123e+02 9.932309999999999750e-01
2.130740000000000123e+02 9.933509999999999840e-01
2.135740000000000123e+02 9.934699999999999642e-01
2.140740000000000123e+02 9.935859999999999692e-01
2.145740000000000123e+02 9.937000000000000277e-01
2.150740000000000123e+02 9.938120000000000287e-01
2.155740000000000123e+02 9.939219999999999722e-01
2.160740000000000123e+02 9.940299999999999692e-01
2.165740000000000123e+02 9.941370000000000484e-01
2.170740000000000123e+02 9.942410000000000414e-01
2.175740000000000123e+02 9.943440000000000056e-01
2.180740000000000123e+02 9.944439999999999946e-01
2.185740000000000123e+02 9.945429999999999549e-01
2.190740000000000123e+02 9.946399999999999686e-01
2.195740000000000123e+02 9.947359999999999536e-01
2.200740000000000123e+02 9.948299999999999921e-01
2.205740000000000123e+02 9.949219999999999731e-01
2.210740000000000123e+02 9.950120000000000076e-01
2.215740000000000123e+02 9.951010000000000133e-01
2.220740000000000123e+02 9.951879999999999615e-01
2.225740000000000123e+02 9.952739999999999920e-01
2.230740000000000123e+02 9.953579999999999650e-01
2.235740000000000123e+02 9.954410000000000203e-01
2.240740000000000123e+02 9.955220000000000180e-01
2.245740000000000123e+02 9.956019999999999870e-01
2.250740000000000123e+02 9.956800000000000095e-01
2.255740000000000123e+02 9.957570000000000032e-01
2.260740000000000123e+02 9.958320000000000505e-01
2.265740000000000123e+02 9.959069999999999867e-01
2.270740000000000123e+02 9.959799999999999764e-01
2.275740000000000123e+02 9.960510000000000197e-01
2.280740000000000123e+02 9.961219999999999519e-01
2.285740000000000123e+02 9.961910000000000487e-01
2.290740000000000123e+02 9.962590000000000057e-01
2.295740000000000123e+02 9.963250000000000162e-01
2.300740000000000123e+02 9.963910000000000267e-01
2.305740000000000123e+02 9.964549999999999796e-01
2.310740000000000123e+02 9.965180000000000149e-01
2.315740000000000123e+02 9.965800000000000214e-01
2.320740000000000123e+02 9.966409999999999991e-01
2.325740000000000123e+02 9.967009999999999481e-01
2.330740000000000123e+02 9.967599999999999794e-01
2.335740000000000123e+02 9.968179999999999819e-01
2.340740000000000123e+02 9.968740000000000379e-01
2.345740000000000123e+02 9.969299999999999828e-01
2.350740000000000123e+02 9.969850000000000101e-01
2.355740000000000123e+02 9.970379999999999798e-01
2.360740000000000123e+02 9.970909999999999496e-01
2.365740000000000123e+02 9.971430000000000016e-01
2.370740000000000123e+02 9.971940000000000248e-01
2.375740000000000123e+02 9.972440000000000193e-01
2.380740000000000123e+02 9.972929999999999851e-01
2.385740000000000123e+02 9.973410000000000331e-01
2.390740000000000123e+02 9.973889999999999700e-01
2.395740000000000123e+02 9.974349999999999605e-01
2.400740000000000123e+02 9.974809999999999510e-01
2.405740000000000123e+02 9.975260000000000238e-01
2.410740000000000123e+02 9.975699999999999568e-01
2.415740000000000123e+02 9.976129999999999720e-01
2.420740000000000123e+02 9.976559999999999873e-01
2.425740000000000123e+02 9.976979999999999738e-01
2.430740000000000123e+02 9.977390000000000425e-01
2.435740000000000123e+02 9.977789999999999715e-01
2.440740000000000123e+02 9.978190000000000115e-01
2.445740000000000123e+02 9.978580000000000227e-01
2.450740000000000123e+02 9.978960000000000052e-01
2.455740000000000123e+02 9.979329999999999590e-01
2.460740000000000123e+02 9.979700000000000237e-01
2.465740000000000123e+02 9.980059999999999487e-01
2.470740000000000123e+02 9.980419999999999847e-01
2.475740000000000123e+02 9.980769999999999920e-01
2.480740000000000123e+02 9.981109999999999705e-01
2.485740000000000123e+02 9.981449999999999489e-01
2.490740000000000123e+02 9.981780000000000097e-01
2.495740000000000123e+02 9.982100000000000417e-01
2.500740000000000123e+02 9.982419999999999627e-01
2.505740000000000123e+02 9.982739999999999947e-01
2.510740000000000123e+02 9.983039999999999692e-01
2.515740000000000123e+02 9.983349999999999724e-01
2.520740000000000123e+02 9.983640000000000292e-01
2.525740000000000123e+02 9.983929999999999749e-01
2.525740000000000123e+02 9.983929999999999749e-01
2.526140000000000043e+02 9.983959999999999502e-01
2.526539999999999964e+02 9.983980000000000077e-01
2.527340000000000089e+02 9.984030000000000404e-01
2.528940000000000055e+02 9.984119999999999662e-01
2.532139999999999986e+02 9.984300000000000397e-01
2.537139999999999986e+02 9.984579999999999567e-01
2.542139999999999986e+02 9.984849999999999559e-01
2.547139999999999986e+02 9.985119999999999552e-01
2.552139999999999986e+02 9.985389999999999544e-01
2.557139999999999986e+02 9.985650000000000359e-01
2.562139999999999986e+02 9.985910000000000064e-01
2.567139999999999986e+02 9.986159999999999481e-01
2.572139999999999986e+02 9.986399999999999721e-01
2.577139999999999986e+02 9.986650000000000249e-01
2.582139999999999986e+02 9.986890000000000489e-01
2.587139999999999986e+02 9.987120000000000442e-01
2.592139999999999986e+02 9.987350000000000394e-01
2.597139999999999986e+02 9.987570000000000059e-01
2.602139999999999986e+02 9.987800000000000011e-01
2.607139999999999986e+02 9.988010000000000499e-01
2.612139999999999986e+02 9.988230000000000164e-01
2.617139999999999986e+02 9.988439999999999541e-01
2.622139999999999986e+02 9.988639999999999741e-01
2.627139999999999986e+02 9.988850000000000229e-01
2.632139999999999986e+02 9.989050000000000429e-01
2.637139999999999986e+02 9.989240000000000341e-01
2.642139999999999986e+02 9.989430000000000254e-01
2.647139999999999986e+02 9.989620000000000166e-01
2.652139999999999986e+02 9.989810000000000079e-01
2.657139999999999986e+02 9.989989999999999704e-01
2.662139999999999986e+02 9.990170000000000439e-01
2.667139999999999986e+02 9.990339999999999776e-01
2.672139999999999986e+02 9.990510000000000224e-01
2.677139999999999986e+02 9.990679999999999561e-01
2.682139999999999986e+02 9.990850000000000009e-01
2.687139999999999986e+02 9.991010000000000169e-01
2.692139999999999986e+02 9.991170000000000329e-01
2.697139999999999986e+02 9.991330000000000489e-01
2.702139999999999986e+02 9.991489999999999538e-01
2.707139999999999986e+02 9.991640000000000521e-01
2.712139999999999986e+02 9.991790000000000393e-01
2.717139999999999986e+02 9.991929999999999978e-01
2.722139999999999986e+02 9.992079999999999851e-01
2.727139999999999986e+02 9.992220000000000546e-01
2.732139999999999986e+02 9.992360000000000131e-01
2.737139999999999986e+02 9.992490000000000538e-01
2.742139999999999986e+02 9.992630000000000123e-01
2.747139999999999986e+02 9.992760000000000531e-01
2.752139999999999986e+02 9.992889999999999828e-01
2.757139999999999986e+02 9.993009999999999948e-01
2.762139999999999986e+02 9.993140000000000356e-01
2.767139999999999986e+02 9.993260000000000476e-01
2.772139999999999986e+02 9.993379999999999486e-01
2.777139999999999986e+02 9.993499999999999606e-01
2.782139999999999986e+02 9.993619999999999726e-01
2.787139999999999986e+02 9.993729999999999558e-01
2.792139999999999986e+02 9.993840000000000501e-01
2.797139999999999986e+02 9.993950000000000333e-01
2.802139999999999986e+02 9.994060000000000166e-01
2.807139999999999986e+02 9.994169999999999998e-01
2.812139999999999986e+02 9.994269999999999543e-01
2.817139999999999986e+02 9.994370000000000198e-01
2.822139999999999986e+02 9.994469999999999743e-01
2.827139999999999986e+02 9.994570000000000398e-01
2.832139999999999986e+02 9.994669999999999943e-01
2.837139999999999986e+02 9.994760000000000311e-01
2.842139999999999986e+02 9.994859999999999856e-01
2.847139999999999986e+02 9.994950000000000223e-01
2.852139999999999986e+02 9.995039999999999480e-01
2.857139999999999986e+02 9.995129999999999848e-01
2.862139999999999986e+02 9.995209999999999928e-01
2.867139999999999986e+02 9.995300000000000296e-01
2.872139999999999986e+02 9.995380000000000376e-01
2.877139999999999986e+02 9.995460000000000456e-01
2.882139999999999986e+02 9.995549999999999713e-01
2.887139999999999986e+02 9.995629999999999793e-01
2.892139999999999986e+02 9.995699999999999585e-01
2.897139999999999986e+02 9.995779999999999665e-01
2.902139999999999986e+02 9.995859999999999745e-01
2.907139999999999986e+02 9.995929999999999538e-01
2.912139999999999986e+02 9.996000000000000441e-01
2.917139999999999986e+02 9.996070000000000233e-01
2.922139999999999986e+02 9.996140000000000025e-01
2.927139999999999986e+02 9.996209999999999818e-01
2.932139999999999986e+02 9.996279999999999610e-01
2.937139999999999986e+02 9.996350000000000513e-01
2.942139999999999986e+02 9.996410000000000018e-01
2.947139999999999986e+02 9.996469999999999523e-01
2.952139999999999986e+02 9.996540000000000425e-01
2.957139999999999986e+02 9.996599999999999930e-01
2.962139999999999986e+02 9.996660000000000545e-01
2.967139999999999986e+02 9.996720000000000050e-01
2.972139999999999986e+02 9.996779999999999555e-01
2.977139999999999986e+02 9.996840000000000170e-01
2.982139999999999986e+02 9.996890000000000498e-01
2.987139999999999986e+02 9.996950000000000003e-01
2.992139999999999986e+02 9.997000000000000330e-01
2.997139999999999986e+02 9.997059999999999835e-01
3.002139999999999986e+02 9.997110000000000163e-01
3.007139999999999986e+02 9.997160000000000490e-01
3.012139999999999986e+02 9.997209999999999708e-01
3.017139999999999986e+02 9.997260000000000035e-01
3.022139999999999986e+02 9.997310000000000363e-01
3.027139999999999986e+02 9.997359999999999580e-01
3.032139999999999986e+02 9.997399999999999620e-01
3.037139999999999986e+02 9.997449999999999948e-01
3.042139999999999986e+02 9.997500000000000275e-01
3.047139999999999986e+02 9.997540000000000315e-01
3.052139999999999986e+02 9.997580000000000355e-01
3.057139999999999986e+02 9.997629999999999573e-01
3.062139999999999986e+02 9.997669999999999613e-01
3.067139999999999986e+02 9.997709999999999653e-01
3.072139999999999986e+02 9.997749999999999693e-01
3.077139999999999986e+02 9.997789999999999733e-01
3.082139999999999986e+02 9.997829999999999773e-01
3.087139999999999986e+02 9.997869999999999813e-01
3.092139999999999986e+02 9.997909999999999853e-01
3.097139999999999986e+02 9.997949999999999893e-01
3.102139999999999986e+02 9.997979999999999645e-01
3.107139999999999986e+02 9.998019999999999685e-01
3.112139999999999986e+02 9.998050000000000548e-01
3.117139999999999986e+02 9.998089999999999478e-01
3.122139999999999986e+02 9.998120000000000340e-01
3.127139999999999986e+02 9.998160000000000380e-01
3.132139999999999986e+02 9.998190000000000133e-01
3.137139999999999986e+02 9.998219999999999885e-01
3.142139999999999986e+02 9.998249999999999638e-01
3.147139999999999986e+02 9.998280000000000500e-01
3.152139999999999986e+02 9.998310000000000253e-01
3.157139999999999986e+02 9.998340000000000005e-01
3.162139999999999986e+02 9.998369999999999758e-01
3.167139999999999986e+02 9.998399999999999510e-01
3.172139999999999986e+02 9.998430000000000373e-01
3.177139999999999986e+02 9.998460000000000125e-01
3.182139999999999986e+02 9.998489999999999878e-01
3.187139999999999986e+02 9.998510000000000453e-01
3.192139999999999986e+02 9.998540000000000205e-01
3.197139999999999986e+02 9.998569999999999958e-01
3.202139999999999986e+02 9.998590000000000533e-01
3.207139999999999986e+02 9.998620000000000285e-01
3.212139999999999986e+02 9.998639999999999750e-01
3.217139999999999986e+02 9.998669999999999503e-01
3.222139999999999986e+02 9.998690000000000078e-01
3.227139999999999986e+02 9.998709999999999543e-01
3.232139999999999986e+02 9.998740000000000405e-01
3.237139999999999986e+02 9.998759999999999870e-01
3.242139999999999986e+02 9.998780000000000445e-01
3.247139999999999986e+02 9.998799999999999910e-01
3.252139999999999986e+02 9.998820000000000485e-01
3.257139999999999986e+02 9.998850000000000238e-01
3.262139999999999986e+02 9.998869999999999703e-01
3.267139999999999986e+02 9.998890000000000278e-01
3.272139999999999986e+02 9.998909999999999743e-01
3.277139999999999986e+02 9.998930000000000318e-01
3.282139999999999986e+02 9.998939999999999495e-01
3.287139999999999986e+02 9.998960000000000070e-01
3.292139999999999986e+02 9.998979999999999535e-01
3.297139999999999986e+02 9.999000000000000110e-01
3.302139999999999986e+02 9.999019999999999575e-01
3.307139999999999986e+02 9.999040000000000150e-01
3.312139999999999986e+02 9.999050000000000438e-01
3.317139999999999986e+02 9.999069999999999903e-01
3.322139999999999986e+02 9.999090000000000478e-01
3.327139999999999986e+02 9.999099999999999655e-01
3.332139999999999986e+02 9.999120000000000230e-01
3.337139999999999986e+02 9.999130000000000518e-01
3.342139999999999986e+02 9.999149999999999983e-01
3.347139999999999986e+02 9.999160000000000270e-01
3.352139999999999986e+02 9.999179999999999735e-01
3.357139999999999986e+02 9.999190000000000023e-01
3.362139999999999986e+02 9.999209999999999487e-01
3.367139999999999986e+02 9.999219999999999775e-01
3.372139999999999986e+02 9.999240000000000350e-01
3.377139999999999986e+02 9.999249999999999527e-01
3.382139999999999986e+02 9.999259999999999815e-01
3.387139999999999986e+02 9.999280000000000390e-01
3.392139999999999986e+02 9.999289999999999567e-01
3.397139999999999986e+02 9.999299999999999855e-01
3.402139999999999986e+02 9.999310000000000143e-01
3.407139999999999986e+02 9.999329999999999607e-01
3.412139999999999986e+02 9.999339999999999895e-01
3.417139999999999986e+02 9.999350000000000183e-01
3.422139999999999986e+02 9.999360000000000470e-01
3.427139999999999986e+02 9.999369999999999647e-01
3.432139999999999986e+02 9.999379999999999935e-01
3.437139999999999986e+02 9.999400000000000510e-01
3.442139999999999986e+02 9.999409999999999688e-01
3.447139999999999986e+02 9.999419999999999975e-01
3.452139999999999986e+02 9.999430000000000263e-01
3.457139999999999986e+02 9.999440000000000550e-01
3.462139999999999986e+02 9.999449999999999728e-01
3.467139999999999986e+02 9.999460000000000015e-01
3.472139999999999986e+02 9.999470000000000303e-01
3.477139999999999986e+02 9.999479999999999480e-01
3.482139999999999986e+02 9.999489999999999768e-01
3.487139999999999986e+02 9.999500000000000055e-01
3.492139999999999986e+02 9.999500000000000055e-01
3.497139999999999986e+02 9.999510000000000343e-01
3.502139999999999986e+02 9.999519999999999520e-01
3.502139999999999986e+02 9.999519999999999520e-01
3.502540000000000191e+02 9.999519999999999520e-01
3.502939999999999827e+02 9.999519999999999520e-01
3.503740000000000236e+02 9.999519999999999520e-01
3.505339999999999918e+02 9.999529999999999808e-01
3.508539999999999850e+02 9.999529999999999808e-01
3.513539999999999850e+02 9.999540000000000095e-01
3.518539999999999850e+02 9.999550000000000383e-01
3.523539999999999850e+02 9.999559999999999560e-01
3.528539999999999850e+02 9.999569999999999848e-01
3.533539999999999850e+02 9.999569999999999848e-01
3.538539999999999850e+02 9.999580000000000135e-01
3.543539999999999850e+02 9.999590000000000423e-01
3.548539999999999850e+02 9.999599999999999600e-01
3.553539999999999850e+02 9.999599999999999600e-01
3.558539999999999850e+02 9.999609999999999888e-01
3.563539999999999850e+02 9.999620000000000175e-01
3.568539999999999850e+02 9.999620000000000175e-01
3.573539999999999850e+02 9.999630000000000463e-01
3.578539999999999850e+02 9.999639999999999640e-01
3.583539999999999850e+02 9.999639999999999640e-01
3.588539999999999850e+02 9.999649999999999928e-01
3.593539999999999850e+02 9.999660000000000215e-01
3.598539999999999850e+02 9.999660000000000215e-01
3.603539999999999850e+02 9.999670000000000503e-01
3.608539999999999850e+02 9.999670000000000503e-01
3.613539999999999850e+02 9.999679999999999680e-01
3.618539999999999850e+02 9.999689999999999968e-01
3.623539999999999850e+02 9.999689999999999968e-01
3.628539999999999850e+02 9.999700000000000255e-01
3.633539999999999850e+02 9.999700000000000255e-01
3.638539999999999850e+02 9.999710000000000543e-01
3.643539999999999850e+02 9.999710000000000543e-01
3.648539999999999850e+02 9.999719999999999720e-01
3.653539999999999850e+02 9.999719999999999720e-01
3.658539999999999850e+02 9.999730000000000008e-01
3.663539999999999850e+02 9.999730000000000008e-01
3.668539999999999850e+02 9.999740000000000295e-01
3.673539999999999850e+02 9.999740000000000295e-01
3.678539999999999850e+02 9.999749999999999472e-01
3.683539999999999850e+02 9.999749999999999472e-01
3.688539999999999850e+02 9.999759999999999760e-01
3.693539999999999850e+02 9.999759999999999760e-01
3.698539999999999850e+02 9.999759999999999760e-01
3.703539999999999850e+02 9.999770000000000048e-01
3.708539999999999850e+02 9.999770000000000048e-01
3.713539999999999850e+02 9.999780000000000335e-01
3.718539999999999850e+02 9.999780000000000335e-01
3.723539999999999850e+02 9.999780000000000335e-01
3.728539999999999850e+02 9.999789999999999512e-01
3.733539999999999850e+02 9.999789999999999512e-01
3.738539999999999850e+02 9.999799999999999800e-01
3.743539999999999850e+02 9.999799999999999800e-01
3.748539999999999850e+02 9.999799999999999800e-01
3.753539999999999850e+02 9.999810000000000088e-01
3.758539999999999850e+02 9.999810000000000088e-01
3.763539999999999850e+02 9.999810000000000088e-01
3.768539999999999850e+02 9.999820000000000375e-01
3.773539999999999850e+02 9.999820000000000375e-01
3.778539999999999850e+02 9.999820000000000375e-01
3.783539999999999850e+02 9.999829999999999552e-01
3.788539999999999850e+02 9.999829999999999552e-01
3.793539999999999850e+02 9.999829999999999552e-01
3.798539999999999850e+02 9.999839999999999840e-01
3.803539999999999850e+02 9.999839999999999840e-01
3.808539999999999850e+02 9.999839999999999840e-01
3.813539999999999850e+02 9.999839999999999840e-01
3.818539999999999850e+02 9.999850000000000128e-01
3.823539999999999850e+02 9.999850000000000128e-01
3.828539999999999850e+02 9.999850000000000128e-01
3.833539999999999850e+02 9.999860000000000415e-01
3.838539999999999850e+02 9.999860000000000415e-01
3.843539999999999850e+02 9.999860000000000415e-01
3.848539999999999850e+02 9.999860000000000415e-01
3.853539999999999850e+02 9.999869999999999592e-01
3.858539999999999850e+02 9.999869999999999592e-01
3.863539999999999850e+02 9.999869999999999592e-01
3.868539999999999850e+02 9.999869999999999592e-01
3.873539999999999850e+02 9.999869999999999592e-01
3.878539999999999850e+02 9.999879999999999880e-01
3.883539999999999850e+02 9.999879999999999880e-01
3.888539999999999850e+02 9.999879999999999880e-01
3.893539999999999850e+02 9.999879999999999880e-01
3.898539999999999850e+02 9.999890000000000168e-01
3.903539999999999850e+02 9.999890000000000168e-01
3.908539999999999850e+02 9.999890000000000168e-01
3.913539999999999850e+02 9.999890000000000168e-01
3.918539999999999850e+02 9.999890000000000168e-01
3.923539999999999850e+02 9.999900000000000455e-01
3.928539999999999850e+02 9.999900000000000455e-01
3.933539999999999850e+02 9.999900000000000455e-01
3.938539999999999850e+02 9.999900000000000455e-01
3.943539999999999850e+02 9.999900000000000455e-01
3.948539999999999850e+02 9.999900000000000455e-01
3.953539999999999850e+02 9.999909999999999632e-01
3.958539999999999850e+02 9.999909999999999632e-01
3.963539999999999850e+02 9.999909999999999632e-01
3.968539999999999850e+02 9.999909999999999632e-01
3.973539999999999850e+02 9.999909999999999632e-01
3.978539999999999850e+02 9.999909999999999632e-01
3.983539999999999850e+02 9.999919999999999920e-01
3.988539999999999850e+02 9.999919999999999920e-01
3.993539999999999850e+02 9.999919999999999920e-01
3.998539999999999850e+02 9.999919999999999920e-01
4.003539999999999850e+02 9.999919999999999920e-01
4.008539999999999850e+02 9.999919999999999920e-01
4.013539999999999850e+02 9.999919999999999920e-01
4.018539999999999850e+02 9.999930000000000208e-01
4.023539999999999850e+02 9.999930000000000208e-01
4.028539999999999850e+02 9.999930000000000208e-01
4.033539999999999850e+02 9.999930000000000208e-01
4.038539999999999850e+02 9.999930000000000208e-01
4.043539999999999850e+02 9.999930000000000208e-01
4.048539999999999850e+02 9.999930000000000208e-01
4.053539999999999850e+02 9.999930000000000208e-01
4.058539999999999850e+02 9.999940000000000495e-01
4.063539999999999850e+02 9.999940000000000495e-01
4.068539999999999850e+02 9.999940000000000495e-01
4.073539999999999850e+02 9.999940000000000495e-01
4.078539999999999850e+02 9.999940000000000495e-01
4.083539999999999850e+02 9.999940000000000495e-01
4.088539999999999850e+02 9.999940000000000495e-01
4.093539999999999850e+02 9.999940000000000495e-01
4.098539999999999850e+02 9.999940000000000495e-01
4.103539999999999850e+02 9.999949999999999672e-01
4.108539999999999850e+02 9.999949999999999672e-01
4.113539999999999850e+02 9.999949999999999672e-01
4.118539999999999850e+02 9.999949999999999672e-01
4.123539999999999850e+02 9.999949999999999672e-01
4.128539999999999850e+02 9.999949999999999672e-01
4.133539999999999850e+02 9.999949999999999672e-01
4.138539999999999850e+02 9.999949999999999672e-01
4.143539999999999850e+02 9.999949999999999672e-01
4.148539999999999850e+02 9.999949999999999672e-01
4.153539999999999850e+02 9.999949999999999672e-01
4.158539999999999850e+02 9.999959999999999960e-01
4.163539999999999850e+02 9.999959999999999960e-01
4.168539999999999850e+02 9.999959999999999960e-01
4.173539999999999850e+02 9.999959999999999960e-01
4.178539999999999850e+02 9.999959999999999960e-01
4.183539999999999850e+02 9.999959999999999960e-01
4.188539999999999850e+02 9.999959999999999960e-01
4.193539999999999850e+02 9.999959999999999960e-01
4.198539999999999850e+02 9.999959999999999960e-01
4.203539999999999850e+02 9.999959999999999960e-01
4.208539999999999850e+02 9.999959999999999960e-01
4.213539999999999850e+02 9.999959999999999960e-01
4.218539999999999850e+02 9.999959999999999960e-01
4.223539999999999850e+02 9.999959999999999960e-01
4.228539999999999850e+02 9.999970000000000248e-01
4.233539999999999850e+02 9.999970000000000248e-01
4.238539999999999850e+02 9.999970000000000248e-01
4.243539999999999850e+02 9.999970000000000248e-01
4.248539999999999850e+02 9.999970000000000248e-01
4.253539999999999850e+02 9.999970000000000248e-01
4.258539999999999850e+02 9.999970000000000248e-01
4.263539999999999850e+02 9.999970000000000248e-01
4.268539999999999850e+02 9.999970000000000248e-01
4.273539999999999850e+02 9.999970000000000248e-01
4.278539999999999850e+02 9.999970000000000248e-01
4.283539999999999850e+02 9.999970000000000248e-01
4.288539999999999850e+02 9.999970000000000248e-01
4.293539999999999850e+02 9.999970000000000248e-01
4.298539999999999850e+02 9.999970000000000248e-01
4.303539999999999850e+02 9.999970000000000248e-01
4.308539999999999850e+02 9.999970000000000248e-01
4.313539999999999850e+02 9.999970000000000248e-01
4.318539999999999850e+02 9.999970000000000248e-01
4.323539999999999850e+02 9.999980000000000535e-01
4.328539999999999850e+02 9.999980000000000535e-01
4.333539999999999850e+02 9.999980000000000535e-01
4.338539999999999850e+02 9.999980000000000535e-01
4.343539999999999850e+02 9.999980000000000535e-01
4.348539999999999850e+02 9.999980000000000535e-01
4.353539999999999850e+02 9.999980000000000535e-01
4.358539999999999850e+02 9.999980000000000535e-01
4.363539999999999850e+02 9.999980000000000535e-01
4.368539999999999850e+02 9.999980000000000535e-01
4.373539999999999850e+02 9.999980000000000535e-01
4.378539999999999850e+02 9.999980000000000535e-01
4.383539999999999850e+02 9.999980000000000535e-01
4.388539999999999850e+02 9.999980000000000535e-01
4.393539999999999850e+02 9.999980000000000535e-01
4.398539999999999850e+02 9.999980000000000535e-01
4.403539999999999850e+02 9.999980000000000535e-01
4.408539999999999850e+02 9.999980000000000535e-01
4.413539999999999850e+02 9.999980000000000535e-01
4.418539999999999850e+02 9.999980000000000535e-01
4.423539999999999850e+02 9.999980000000000535e-01
4.428539999999999850e+02 9.999980000000000535e-01
4.433539999999999850e+02 9.999980000000000535e-01
4.438539999999999850e+02 9.999980000000000535e-01
4.443539999999999850e+02 9.999980000000000535e-01
4.448539999999999850e+02 9.999980000000000535e-01
4.453539999999999850e+02 9.999980000000000535e-01
4.458539999999999850e+02 9.999980000000000535e-01
4.463539999999999850e+02 9.999980000000000535e-01
4.468539999999999850e+02 9.999989999999999712e-01
4.473539999999999850e+02 9.999989999999999712e-01
4.478539999999999850e+02 9.999989999999999712e-01
4.478539999999999850e+02 9.999989999999999712e-01
4.478940000000000055e+02 9.999989999999999712e-01
4.479340000000000259e+02 9.999989999999999712e-01
4.480140000000000100e+02 9.999989999999999712e-01
4.481739999999999782e+02 9.999989999999999712e-01
4.484940000000000282e+02 9.999989999999999712e-01
4.489940000000000282e+02 9.999989999999999712e-01
4.494940000000000282e+02 9.999989999999999712e-01
4.499940000000000282e+02 9.999989999999999712e-01
4.504940000000000282e+02 9.999989999999999712e-01
4.509940000000000282e+02 9.999989999999999712e-01
4.514940000000000282e+02 9.999989999999999712e-01
4.519940000000000282e+02 9.999989999999999712e-01
4.524940000000000282e+02 9.999989999999999712e-01
4.529940000000000282e+02 9.999989999999999712e-01
4.534940000000000282e+02 9.999989999999999712e-01
4.539940000000000282e+02 9.999989999999999712e-01
4.544940000000000282e+02 9.999989999999999712e-01
4.549940000000000282e+02 9.999989999999999712e-01
4.554940000000000282e+02 9.999989999999999712e-01
4.559940000000000282e+02 9.999989999999999712e-01
4.564940000000000282e+02 9.999989999999999712e-01
4.569940000000000282e+02 9.999989999999999712e-01
4.574940000000000282e+02 9.999989999999999712e-01
4.579940000000000282e+02 9.999989999999999712e-01
4.584940000000000282e+02 9.999989999999999712e-01
4.589940000000000282e+02 9.999989999999999712e-01
4.594940000000000282e+02 9.999989999999999712e-01
4.599940000000000282e+02 9.999989999999999712e-01
4.604940000000000282e+02 9.999989999999999712e-01
4.609940000000000282e+02 9.999989999999999712e-01
4.614940000000000282e+02 9.999989999999999712e-01
4.619940000000000282e+02 9.999989999999999712e-01
4.624940000000000282e+02 9.999989999999999712e-01
4.629940000000000282e+02 9.999989999999999712e-01
4.634940000000000282e+02 9.999989999999999712e-01
4.639940000000000282e+02 9.999989999999999712e-01
4.644940000000000282e+02 9.999989999999999712e-01
4.649940000000000282e+02 9.999989999999999712e-01
4.654940000000000282e+02 9.999989999999999712e-01
4.659940000000000282e+02 9.999989999999999712e-01
4.664940000000000282e+02 9.999989999999999712e-01
4.669940000000000282e+02 9.999989999999999712e-01
4.674940000000000282e+02 9.999989999999999712e-01
4.679940000000000282e+02 9.999989999999999712e-01
4.684940000000000282e+02 9.999989999999999712e-01
4.689940000000000282e+02 9.999989999999999712e-01
4.694940000000000282e+02 9.999989999999999712e-01
4.699940000000000282e+02 9.999989999999999712e-01
4.704940000000000282e+02 9.999989999999999712e-01
4.709940000000000282e+02 9.999989999999999712e-01
4.714940000000000282e+02 9.999989999999999712e-01
4.719940000000000282e+02 9.999989999999999712e-01
4.724940000000000282e+02 9.999989999999999712e-01
4.729940000000000282e+02 9.999989999999999712e-01
4.734940000000000282e+02 9.999989999999999712e-01
4.739940000000000282e+02 9.999989999999999712e-01
4.744940000000000282e+02 9.999989999999999712e-01
4.749940000000000282e+02 9.999989999999999712e-01
4.754940000000000282e+02 9.999989999999999712e-01
4.759940000000000282e+02 9.999989999999999712e-01
4.764940000000000282e+02 9.999989999999999712e-01
4.769940000000000282e+02 1.000000000000000000e+00
4.774940000000000282e+02 1.000000000000000000e+00
4.779940000000000282e+02 1.000000000000000000e+00
4.784940000000000282e+02 1.000000000000000000e+00
4.789940000000000282e+02 1.000000000000000000e+00
4.794940000000000282e+02 1.000000000000000000e+00
4.799940000000000282e+02 1.000000000000000000e+00
4.804940000000000282e+02 1.000000000000000000e+00
4.809940000000000282e+02 1.000000000000000000e+00
4.814940000000000282e+02 1.000000000000000000e+00
4.819940000000000282e+02 1.000000000000000000e+00
4.824940000000000282e+02 1.000000000000000000e+00
4.829940000000000282e+02 1.000000000000000000e+00
4.834940000000000282e+02 1.000000000000000000e+00
4.839940000000000282e+02 1.000000000000000000e+00
4.844940000000000282e+02 1.000000000000000000e+00
4.849940000000000282e+02 1.000000000000000000e+00
4.854940000000000282e+02 1.000000000000000000e+00
4.859940000000000282e+02 1.000000000000000000e+00
4.864940000000000282e+02 1.000000000000000000e+00
4.869940000000000282e+02 1.000000000000000000e+00
4.874940000000000282e+02 1.000000000000000000e+00
4.879940000000000282e+02 1.000000000000000000e+00
4.884940000000000282e+02 1.000000000000000000e+00
4.889940000000000282e+02 1.000000000000000000e+00
4.894940000000000282e+02 1.000000000000000000e+00
4.899940000000000282e+02 1.000000000000000000e+00
4.904940000000000282e+02 1.000000000000000000e+00
4.909940000000000282e+02 1.000000000000000000e+00
4.914940000000000282e+02 1.000000000000000000e+00
4.919940000000000282e+02 1.000000000000000000e+00
4.924940000000000282e+02 1.000000000000000000e+00
4.929940000000000282e+02 1.000000000000000000e+00
4.934940000000000282e+02 1.000000000000000000e+00
4.939940000000000282e+02 1.000000000000000000e+00
4.944940000000000282e+02 1.000000000000000000e+00
4.949940000000000282e+02 1.000000000000000000e+00
4.954940000000000282e+02 1.000000000000000000e+00
4.959940000000000282e+02 1.000000000000000000e+00
4.964940000000000282e+02 1.000000000000000000e+00
4.969940000000000282e+02 1.000000000000000000e+00
4.974940000000000282e+02 1.000000000000000000e+00
4.979940000000000282e+02 1.000000000000000000e+00
4.984940000000000282e+02 1.000000000000000000e+00
4.989940000000000282e+02 1.000000000000000000e+00
4.994940000000000282e+02 1.000000000000000000e+00
4.999940000000000282e+02 1.000000000000000000e+00
5.004940000000000282e+02 1.000000000000000000e+00
5.009940000000000282e+02 1.000000000000000000e+00
5.014940000000000282e+02 1.000000000000000000e+00
5.019940000000000282e+02 1.000000000000000000e+00
5.024940000000000282e+02 1.000000000000000000e+00
5.029940000000000282e+02 1.000000000000000000e+00
5.034940000000000282e+02 1.000000000000000000e+00
5.039940000000000282e+02 1.000000000000000000e+00
5.044940000000000282e+02 1.000000000000000000e+00
5.049940000000000282e+02 1.000000000000000000e+00
5.054940000000000282e+02 1.000000000000000000e+00
5.059940000000000282e+02 1.000000000000000000e+00
5.064940000000000282e+02 1.000000000000000000e+00
5.069940000000000282e+02 1.000000000000000000e+00
5.074940000000000282e+02 1.000000000000000000e+00
5.079940000000000282e+02 1.000000000000000000e+00
5.084940000000000282e+02 1.000000000000000000e+00
5.089940000000000282e+02 1.000000000000000000e+00
5.094940000000000282e+02 1.000000000000000000e+00
5.099940000000000282e+02 1.000000000000000000e+00
5.104940000000000282e+02 1.000000000000000000e+00
5.109940000000000282e+02 1.000000000000000000e+00
5.114940000000000282e+02 1.000000000000000000e+00
5.119940000000000282e+02 1.000000000000000000e+00
5.124940000000000282e+02 1.000000000000000000e+00
5.129940000000000282e+02 1.000000000000000000e+00
5.134940000000000282e+02 1.000000000000000000e+00
5.139940000000000282e+02 1.000000000000000000e+00
5.144940000000000282e+02 1.000000000000000000e+00
5.149940000000000282e+02 1.000000000000000000e+00
5.154940000000000282e+02 1.000000000000000000e+00
5.159940000000000282e+02 1.000000000000000000e+00
5.164940000000000282e+02 1.000000000000000000e+00
5.169940000000000282e+02 1.000000000000000000e+00
5.174940000000000282e+02 1.000000000000000000e+00
5.179940000000000282e+02 1.000000000000000000e+00
5.184940000000000282e+02 1.000000000000000000e+00
5.189940000000000282e+02 1.000000000000000000e+00
5.194940000000000282e+02 1.000000000000000000e+00
5.199940000000000282e+02 1.000000000000000000e+00
5.204940000000000282e+02 1.000000000000000000e+00
5.209940000000000282e+02 1.000000000000000000e+00
5.214940000000000282e+02 1.000000000000000000e+00
5.219940000000000282e+02 1.000000000000000000e+00
5.224940000000000282e+02 1.000000000000000000e+00
5.229940000000000282e+02 1.000000000000000000e+00
5.234940000000000282e+02 1.000000000000000000e+00
5.239940000000000282e+02 1.000000000000000000e+00
5.244940000000000282e+02 1.000000000000000000e+00
5.249940000000000282e+02 1.000000000000000000e+00
5.254940000000000282e+02 1.000000000000000000e+00
5.259940000000000282e+02 1.000000000000000000e+00
5.264940000000000282e+02 1.000000000000000000e+00
5.269940000000000282e+02 1.000000000000000000e+00
5.274940000000000282e+02 1.000000000000000000e+00
5.279940000000000282e+02 1.000000000000000000e+00
5.284940000000000282e+02 1.000000000000000000e+00
5.289940000000000282e+02 1.000000000000000000e+00
5.294940000000000282e+02 1.000000000000000000e+00
5.299940000000000282e+02 1.000000000000000000e+00
5.304940000000000282e+02 1.000000000000000000e+00
5.309940000000000282e+02 1.000000000000000000e+00
5.314940000000000282e+02 1.000000000000000000e+00
5.319940000000000282e+02 1.000000000000000000e+00
5.324940000000000282e+02 1.000000000000000000e+00
5.329940000000000282e+02 1.000000000000000000e+00
5.334940000000000282e+02 1.000000000000000000e+00
5.339940000000000282e+02 1.000000000000000000e+00
5.344940000000000282e+02 1.000000000000000000e+00
5.349940000000000282e+02 1.000000000000000000e+00
5.354940000000000282e+02 1.000000000000000000e+00
5.359940000000000282e+02 1.000000000000000000e+00
5.364940000000000282e+02 1.000000000000000000e+00
5.369940000000000282e+02 1.000000000000000000e+00
5.374940000000000282e+02 1.000000000000000000e+00
5.379940000000000282e+02 1.000000000000000000e+00
5.384940000000000282e+02 1.000000000000000000e+00
5.389940000000000282e+02 1.000000000000000000e+00
5.394940000000000282e+02 1.000000000000000000e+00
5.399940000000000282e+02 1.000000000000000000e+00
5.404940000000000282e+02 1.000000000000000000e+00
5.409940000000000282e+02 1.000000000000000000e+00
5.414940000000000282e+02 1.000000000000000000e+00
5.419940000000000282e+02 1.000000000000000000e+00
5.424940000000000282e+02 1.000000000000000000e+00
5.429940000000000282e+02 1.000000000000000000e+00
5.434940000000000282e+02 1.000000000000000000e+00
5.439940000000000282e+02 1.000000000000000000e+00
5.444940000000000282e+02 1.000000000000000000e+00
5.449940000000000282e+02 1.000000000000000000e+00
5.454940000000000282e+02 1.000000000000000000e+00
5.454940000000000282e+02 1.000000000000000000e+00
5.455339999999999918e+02 1.000000000000000000e+00
5.455739999999999554e+02 1.000000000000000000e+00
5.456539999999999964e+02 1.000000000000000000e+00
5.458139999999999645e+02 1.000000000000000000e+00
5.461340000000000146e+02 1.000000000000000000e+00
5.466340000000000146e+02 1.000000000000000000e+00
5.471340000000000146e+02 1.000000000000000000e+00
5.476340000000000146e+02 1.000000000000000000e+00
5.481340000000000146e+02 1.000000000000000000e+00
5.486340000000000146e+02 1.000000000000000000e+00
5.491340000000000146e+02 1.000000000000000000e+00
5.496340000000000146e+02 1.000000000000000000e+00
5.501340000000000146e+02 1.000000000000000000e+00
5.506340000000000146e+02 1.000000000000000000e+00
5.511340000000000146e+02 1.000000000000000000e+00
5.516340000000000146e+02 1.000000000000000000e+00
5.521340000000000146e+02 1.000000000000000000e+00
5.526340000000000146e+02 1.000000000000000000e+00
5.531340000000000146e+02 1.000000000000000000e+00
5.536340000000000146e+02 1.000000000000000000e+00
5.541340000000000146e+02 1.000000000000000000e+00
5.546340000000000146e+02 1.000000000000000000e+00
5.551340000000000146e+02 1.000000000000000000e+00
5.556340000000000146e+02 1.000000000000000000e+00
5.561340000000000146e+02 1.000000000000000000e+00
5.566340000000000146e+02 1.000000000000000000e+00
5.571340000000000146e+02 1.000000000000000000e+00
5.576340000000000146e+02 1.000000000000000000e+00
5.581340000000000146e+02 1.000000000000000000e+00
5.586340000000000146e+02 1.000000000000000000e+00
5.591340000000000146e+02 1.000000000000000000e+00
5.596340000000000146e+02 1.000000000000000000e+00
5.601340000000000146e+02 1.000000000000000000e+00
5.606340000000000146e+02 1.000000000000000000e+00
5.611340000000000146e+02 1.000000000000000000e+00
5.616340000000000146e+02 1.000000000000000000e+00
5.621340000000000146e+02 1.000000000000000000e+00
5.626340000000000146e+02 1.000000000000000000e+00
5.631340000000000146e+02 1.000000000000000000e+00
5.636340000000000146e+02 1.000000000000000000e+00
5.641340000000000146e+02 1.000000000000000000e+00
5.646340000000000146e+02 1.000000000000000000e+00
5.651340000000000146e+02 1.000000000000000000e+00
5.656340000000000146e+02 1.000000000000000000e+00
5.661340000000000146e+02 1.000000000000000000e+00
5.666340000000000146e+02 1.000000000000000000e+00
5.671340000000000146e+02 1.000000000000000000e+00
5.676340000000000146e+02 1.000000000000000000e+00
5.681340000000000146e+02 1.000000000000000000e+00
5.686340000000000146e+02 1.000000000000000000e+00
5.691340000000000146e+02 1.000000000000000000e+00
5.696340000000000146e+02 1.000000000000000000e+00
5.701340000000000146e+02 1.000000000000000000e+00
5.706340000000000146e+02 1.000000000000000000e+00
5.711340000000000146e+02 1.000000000000000000e+00
5.716340000000000146e+02 1.000000000000000000e+00
5.721340000000000146e+02 1.000000000000000000e+00
5.726340000000000146e+02 1.000000000000000000e+00
5.731340000000000146e+02 1.000000000000000000e+00
5.736340000000000146e+02 1.000000000000000000e+00
5.741340000000000146e+02 1.000000000000000000e+00
5.746340000000000146e+02 1.000000000000000000e+00
5.751340000000000146e+02 1.000000000000000000e+00
5.756340000000000146e+02 1.000000000000000000e+00
5.761340000000000146e+02 1.000000000000000000e+00
5.766340000000000146e+02 1.000000000000000000e+00
5.771340000000000146e+02 1.000000000000000000e+00
5.776340000000000146e+02 1.000000000000000000e+00
5.781340000000000146e+02 1.000000000000000000e+00
5.786340000000000146e+02 1.000000000000000000e+00
5.791340000000000146e+02 1.000000000000000000e+00
5.796340000000000146e+02 1.000000000000000000e+00
5.801340000000000146e+02 1.000000000000000000e+00
5.806340000000000146e+02 1.000000000000000000e+00
5.811340000000000146e+02 1.000000000000000000e+00
5.816340000000000146e+02 1.000000000000000000e+00
5.821340000000000146e+02 1.000000000000000000e+00
5.826340000000000146e+02 1.000000000000000000e+00
5.831340000000000146e+02 1.000000000000000000e+00
5.836340000000000146e+02 1.000000000000000000e+00
5.841340000000000146e+02 1.000000000000000000e+00
5.846340000000000146e+02 1.000000000000000000e+00
5.851340000000000146e+02 1.000000000000000000e+00
5.856340000000000146e+02 1.000000000000000000e+00
5.861340000000000146e+02 1.000000000000000000e+00
5.866340000000000146e+02 1.000000000000000000e+00
5.871340000000000146e+02 1.000000000000000000e+00
5.876340000000000146e+02 1.000000000000000000e+00
5.881340000000000146e+02 1.000000000000000000e+00
5.886340000000000146e+02 1.000000000000000000e+00
5.891340000000000146e+02 1.000000000000000000e+00
5.896340000000000146e+02 1.000000000000000000e+00
5.901340000000000146e+02 1.000000000000000000e+00
5.906340000000000146e+02 1.000000000000000000e+00
5.911340000000000146e+02 1.000000000000000000e+00
5.916340000000000146e+02 1.000000000000000000e+00
5.921340000000000146e+02 1.000000000000000000e+00
5.926340000000000146e+02 1.000000000000000000e+00
5.931340000000000146e+02 1.000000000000000000e+00
5.936340000000000146e+02 1.000000000000000000e+00
5.941340000000000146e+02 1.000000000000000000e+00
5.946340000000000146e+02 1.000000000000000000e+00
5.951340000000000146e+02 1.000000000000000000e+00
5.956340000000000146e+02 1.000000000000000000e+00
5.961340000000000146e+02 1.000000000000000000e+00
5.966340000000000146e+02 1.000000000000000000e+00
5.971340000000000146e+02 1.000000000000000000e+00
5.976340000000000146e+02 1.000000000000000000e+00
5.981340000000000146e+02 1.000000000000000000e+00
5.986340000000000146e+02 1.000000000000000000e+00
5.991340000000000146e+02 1.000000000000000000e+00
5.996340000000000146e+02 1.000000000000000000e+00
6.001340000000000146e+02 1.000000000000000000e+00
6.006340000000000146e+02 1.000000000000000000e+00
6.011340000000000146e+02 1.000000000000000000e+00
6.016340000000000146e+02 1.000000000000000000e+00
6.021340000000000146e+02 1.000000000000000000e+00
6.026340000000000146e+02 1.000000000000000000e+00
6.031340000000000146e+02 1.000000000000000000e+00
6.036340000000000146e+02 1.000000000000000000e+00
6.041340000000000146e+02 1.000000000000000000e+00
6.046340000000000146e+02 1.000000000000000000e+00
6.051340000000000146e+02 1.000000000000000000e+00
6.056340000000000146e+02 1.000000000000000000e+00
6.061340000000000146e+02 1.000000000000000000e+00
6.066340000000000146e+02 1.000000000000000000e+00
6.071340000000000146e+02 1.000000000000000000e+00
6.076340000000000146e+02 1.000000000000000000e+00
6.081340000000000146e+02 1.000000000000000000e+00
6.086340000000000146e+02 1.000000000000000000e+00
6.091340000000000146e+02 1.000000000000000000e+00
6.096340000000000146e+02 1.000000000000000000e+00
6.101340000000000146e+02 1.000000000000000000e+00
6.106340000000000146e+02 1.000000000000000000e+00
6.111340000000000146e+02 1.000000000000000000e+00
6.116340000000000146e+02 1.000000000000000000e+00
6.121340000000000146e+02 1.000000000000000000e+00
6.126340000000000146e+02 1.000000000000000000e+00
6.131340000000000146e+02 1.000000000000000000e+00
6.136340000000000146e+02 1.000000000000000000e+00
6.141340000000000146e+02 1.000000000000000000e+00
6.146340000000000146e+02 1.000000000000000000e+00
6.151340000000000146e+02 1.000000000000000000e+00
6.156340000000000146e+02 1.000000000000000000e+00
6.161340000000000146e+02 1.000000000000000000e+00
6.166340000000000146e+02 1.000000000000000000e+00
6.171340000000000146e+02 1.000000000000000000e+00
6.176340000000000146e+02 1.000000000000000000e+00
6.181340000000000146e+02 1.000000000000000000e+00
6.186340000000000146e+02 1.000000000000000000e+00
6.191340000000000146e+02 1.000000000000000000e+00
6.196340000000000146e+02 1.000000000000000000e+00
6.201340000000000146e+02 1.000000000000000000e+00
6.206340000000000146e+02 1.000000000000000000e+00
6.211340000000000146e+02 1.000000000000000000e+00
6.216340000000000146e+02 1.000000000000000000e+00
6.221340000000000146e+02 1.000000000000000000e+00
6.226340000000000146e+02 1.000000000000000000e+00
6.231340000000000146e+02 1.000000000000000000e+00
6.236340000000000146e+02 1.000000000000000000e+00
6.241340000000000146e+02 1.000000000000000000e+00
6.246340000000000146e+02 1.000000000000000000e+00
6.251340000000000146e+02 1.000000000000000000e+00
6.256340000000000146e+02 1.000000000000000000e+00
6.261340000000000146e+02 1.000000000000000000e+00
6.266340000000000146e+02 1.000000000000000000e+00
6.271340000000000146e+02 1.000000000000000000e+00
6.276340000000000146e+02 1.000000000000000000e+00
6.281340000000000146e+02 1.000000000000000000e+00
6.286340000000000146e+02 1.000000000000000000e+00
6.291340000000000146e+02 1.000000000000000000e+00
6.296340000000000146e+02 1.000000000000000000e+00
6.301340000000000146e+02 1.000000000000000000e+00
6.306340000000000146e+02 1.000000000000000000e+00
6.311340000000000146e+02 1.000000000000000000e+00
6.316340000000000146e+02 1.000000000000000000e+00
6.321340000000000146e+02 1.000000000000000000e+00
6.326340000000000146e+02 1.000000000000000000e+00
6.331340000000000146e+02 1.000000000000000000e+00
6.336340000000000146e+02 1.000000000000000000e+00
6.341340000000000146e+02 1.000000000000000000e+00
6.346340000000000146e+02 1.000000000000000000e+00
6.351340000000000146e+02 1.000000000000000000e+00
6.356340000000000146e+02 1.000000000000000000e+00
6.361340000000000146e+02 1.000000000000000000e+00
6.366340000000000146e+02 1.000000000000000000e+00
6.371340000000000146e+02 1.000000000000000000e+00
6.376340000000000146e+02 1.000000000000000000e+00
6.381340000000000146e+02 1.000000000000000000e+00
6.386340000000000146e+02 1.000000000000000000e+00
6.391340000000000146e+02 1.000000000000000000e+00
6.396340000000000146e+02 1.000000000000000000e+00
6.401340000000000146e+02 1.000000000000000000e+00
6.406340000000000146e+02 1.000000000000000000e+00
6.411340000000000146e+02 1.000000000000000000e+00
6.416340000000000146e+02 1.000000000000000000e+00
6.421340000000000146e+02 1.000000000000000000e+00
6.426340000000000146e+02 1.000000000000000000e+00
6.431340000000000146e+02 1.000000000000000000e+00
