215.214 0 0 2 2 2
215.214 0 0 2 2 2
215.214 0 0 2 2 2
215.214 0 0 2 2 2
215.214 0 0 2 2 2
215.214 0.01 0.01 2 2 2
215.204 0.010092 0.010092 2 2 2
215.197 0.0102042 0.0102042 2 2 2
215.195 0.0102729 0.0102729 2 2 2
215.194 0.0102968 0.0102968 2 2 2
215.194 0.0103195 0.0103195 2 2 2
215.195 0.0103581 0.0103581 2 2 2
215.195 0.0103593 0.0103593 2 2 2
215.195 0.0103668 0.0103668 2 2 2
215.195 0.0103763 0.0103763 2 2 2
215.196 0.0103922 0.0103922 2 2 2
215.197 0.0104172 0.0104172 2 2 2
215.198 0.0104464 0.0104464 2 2 2
215.2 0.0104811 0.0104811 2 2 2
215.203 0.0105229 0.0105229 2 2 2
215.208 0.0105733 0.0105733 2 2 2
215.215 0.0106346 0.0106346 2 2 2
215.226 0.0107094 0.0107094 2 2 2
215.243 0.0108008 0.0108008 2 2 2
215.267 0.0109125 0.0109125 2 2 2
215.304 0.0110492 0.0110492 2 2 2
215.359 0.0112166 0.0112166 2 2 2
215.442 0.0114218 0.0114218 2 2 2
215.566 0.0116733 0.0116733 2 2 2
215.752 0.0119815 0.0119815 2 2 2
216.032 0.0123593 0.0123593 2 2 2
216.451 0.012822 0.012822 2 2 2
216.951 0.0132808 0.0132808 2 2 2
217.451 0.013677 0.013677 2 2 2
217.951 0.0140303 0.0140303 2 2 2
218.451 0.0143517 0.0143517 2 2 2
218.951 0.0146483 0.0146483 2 2 2
219.451 0.0149247 0.0149247 2 2 2
219.951 0.0151843 0.0151843 2 2 2
220.451 0.0154296 0.0154296 2 2 2
220.951 0.0156625 0.0156625 2 2 2
221.451 0.0158846 0.0158846 2 2 2
221.951 0.0160971 0.0160971 2 2 2
222.451 0.0163009 0.0163009 2 2 2
222.951 0.016497 0.016497 2 2 2
223.451 0.0166859 0.0166859 2 2 2
223.951 0.0168684 0.0168684 2 2 2
224.451 0.017045 0.017045 2 2 2
224.951 0.017216 0.017216 2 2 2
225.451 0.017382 0.017382 2 2 2
225.951 0.0175431 0.0175431 2 2 2
226.451 0.0176999 0.0176999 2 2 2
226.951 0.0178524 0.0178524 2 2 2
227.451 0.018001 0.018001 2 2 2
227.951 0.018146 0.018146 2 2 2
228.451 0.0182874 0.0182874 2 2 2
228.951 0.0184255 0.0184255 2 2 2
229.451 0.0185605 0.0185605 2 2 2
229.951 0.0186924 0.0186924 2 2 2
230.451 0.0188215 0.0188215 2 2 2
230.951 0.0189479 0.0189479 2 2 2
231.451 0.0190717 0.0190717 2 2 2
231.951 0.019193 0.019193 2 2 2
232.451 0.0193119 0.0193119 2 2 2
232.951 0.0194285 0.0194285 2 2 2
233.451 0.0195429 0.0195429 2 2 2
233.951 0.0196552 0.0196552 2 2 2
234.451 0.0197655 0.0197655 2 2 2
234.951 0.0198737 0.0198737 2 2 2
235.451 0.0199801 0.0199801 2 2 2
235.951 0.0200847 0.0200847 2 2 2
236.451 0.0201875 0.0201875 2 2 2
236.951 0.0202885 0.0202885 2 2 2
237.451 0.0203879 0.0203879 2 2 2
237.951 0.0204858 0.0204858 2 2 2
238.451 0.020582 0.020582 2 2 2
238.951 0.0206767 0.0206767 2 2 2
239.451 0.02077 0.02077 2 2 2
239.951 0.0208619 0.0208619 2 2 2
240.451 0.0209524 0.0209524 2 2 2
240.951 0.0210415 0.0210415 2 2 2
241.451 0.0211293 0.0211293 2 2 2
241.951 0.0212159 0.0212159 2 2 2
242.451 0.0213012 0.0213012 2 2 2
242.951 0.0213853 0.0213853 2 2 2
243.451 0.0214682 0.0214682 2 2 2
243.951 0.02155 0.02155 2 2 2
244.451 0.0216306 0.0216306 2 2 2
244.951 0.0217102 0.0217102 2 2 2
245.451 0.0217887 0.0217887 2 2 2
245.951 0.0218662 0.0218662 2 2 2
246.451 0.0219426 0.0219426 2 2 2
246.951 0.022018 0.022018 2 2 2
247.451 0.0220925 0.0220925 2 2 2
247.951 0.0221661 0.0221661 2 2 2
248.451 0.0222387 0.0222387 2 2 2
248.951 0.0223104 0.0223104 2 2 2
249.451 0.0223812 0.0223812 2 2 2
249.951 0.0224511 0.0224511 2 2 2
250.451 0.0225202 0.0225202 2 2 2
250.951 0.0225884 0.0225884 2 2 2
251.451 0.0226558 0.0226558 2 2 2
251.951 0.0227224 0.0227224 2 2 2
252.451 0.0227882 0.0227882 2 2 2
252.951 0.0228533 0.0228533 2 2 2
253.451 0.0229176 0.0229176 2 2 2
253.951 0.0229811 0.0229811 2 2 2
254.451 0.023044 0.023044 2 2 2
254.951 0.0231061 0.0231061 2 2 2
255.451 0.0231675 0.0231675 2 2 2
255.951 0.0232282 0.0232282 2 2 2
256.451 0.0232882 0.0232882 2 2 2
256.951 0.0233476 0.0233476 2 2 2
257.451 0.0234063 0.0234063 2 2 2
257.951 0.0234644 0.0234644 2 2 2
258.451 0.0235218 0.0235218 2 2 2
258.951 0.0235786 0.0235786 2 2 2
259.451 0.0236348 0.0236348 2 2 2
259.951 0.0236904 0.0236904 2 2 2
260.451 0.0237455 0.0237455 2 2 2
260.951 0.0237999 0.0237999 2 2 2
261.451 0.0238538 0.0238538 2 2 2
261.951 0.0239071 0.0239071 2 2 2
262.451 0.0239598 0.0239598 2 2 2
262.951 0.024012 0.024012 2 2 2
263.451 0.0240637 0.0240637 2 2 2
263.951 0.0241148 0.0241148 2 2 2
264.451 0.0241654 0.0241654 2 2 2
264.951 0.0242156 0.0242156 2 2 2
265.451 0.0242652 0.0242652 2 2 2
265.951 0.0243143 0.0243143 2 2 2
266.451 0.0243629 0.0243629 2 2 2
266.951 0.024411 0.024411 2 2 2
267.451 0.0244587 0.0244587 2 2 2
267.951 0.0245059 0.0245059 2 2 2
268.451 0.0245526 0.0245526 2 2 2
268.951 0.0245989 0.0245989 2 2 2
269.451 0.0246447 0.0246447 2 2 2
269.951 0.0246901 0.0246901 2 2 2
270.451 0.024735 0.024735 2 2 2
270.951 0.0247796 0.0247796 2 2 2
271.451 0.0248236 0.0248236 2 2 2
271.951 0.0248673 0.0248673 2 2 2
272.451 0.0249106 0.0249106 2 2 2
272.951 0.0249534 0.0249534 2 2 2
273.451 0.0249959 0.0249959 2 2 2
273.951 0.025038 0.025038 2 2 2
274.451 0.0250796 0.0250796 2 2 2
274.951 0.0251209 0.0251209 2 2 2
275.451 0.0251618 0.0251618 2 2 2
275.951 0.0252023 0.0252023 2 2 2
276.451 0.0252425 0.0252425 2 2 2
276.951 0.0252823 0.0252823 2 2 2
277.451 0.0253217 0.0253217 2 2 2
277.951 0.0253608 0.0253608 2 2 2
278.451 0.0253995 0.0253995 2 2 2
278.951 0.0254379 0.0254379 2 2 2
279.451 0.0254759 0.0254759 2 2 2
279.951 0.0255136 0.0255136 2 2 2
280.451 0.0255509 0.0255509 2 2 2
280.951 0.025588 0.025588 2 2 2
281.451 0.0256247 0.0256247 2 2 2
281.951 0.025661 0.025661 2 2 2
282.451 0.0256971 0.0256971 2 2 2
282.951 0.0257328 0.0257328 2 2 2
283.451 0.0257682 0.0257682 2 2 2
283.951 0.0258034 0.0258034 2 2 2
284.451 0.0258382 0.0258382 2 2 2
284.951 0.0258727 0.0258727 2 2 2
285.451 0.0259069 0.0259069 2 2 2
285.951 0.0259408 0.0259408 2 2 2
286.451 0.0259745 0.0259745 2 2 2
286.951 0.0260078 0.0260078 2 2 2
287.451 0.0260408 0.0260408 2 2 2
287.951 0.0260736 0.0260736 2 2 2
288.451 0.0261061 0.0261061 2 2 2
288.951 0.0261384 0.0261384 2 2 2
289.451 0.0261703 0.0261703 2 2 2
289.951 0.026202 0.026202 2 2 2
290.451 0.0262334 0.0262334 2 2 2
290.951 0.0262646 0.0262646 2 2 2
291.451 0.0262955 0.0262955 2 2 2
291.951 0.0263261 0.0263261 2 2 2
292.451 0.0263565 0.0263565 2 2 2
292.951 0.0263867 0.0263867 2 2 2
293.451 0.0264165 0.0264165 2 2 2
293.951 0.0264462 0.0264462 2 2 2
294.451 0.0264756 0.0264756 2 2 2
294.951 0.0265048 0.0265048 2 2 2
295.451 0.0265337 0.0265337 2 2 2
295.951 0.0265624 0.0265624 2 2 2
296.451 0.0265909 0.0265909 2 2 2
296.951 0.0266191 0.0266191 2 2 2
297.451 0.0266471 0.0266471 2 2 2
297.951 0.0266749 0.0266749 2 2 2
298.451 0.0267024 0.0267024 2 2 2
298.951 0.0267297 0.0267297 2 2 2
299.451 0.0267568 0.0267568 2 2 2
299.951 0.0267837 0.0267837 2 2 2
300.451 0.0268104 0.0268104 2 2 2
300.951 0.0268369 0.0268369 2 2 2
301.45 0.0268631 0.0268631 2 2 2
301.95 0.0268891 0.0268891 2 2 2
302.45 0.026915 0.026915 2 2 2
302.949 0.0269406 0.0269406 2 2 2
215.214 0.0269406 0.0269406 2 3 2
215.214 0.0269406 0.0269406 2 3 2
215.214 0.0269406 0.0269406 2 3 2
215.214 0.0269406 0.0269406 2 3 2
215.214 0.0269406 0.0269406 2 3 2
215.214 0.01 0.01 2 3 2
215.234 0.0098704 0.0098704 2 3 2
215.264 0.00972802 0.00972802 2 3 2
215.309 0.00956425 0.00956425 2 3 2
215.377 0.00937139 0.00937139 2 3 2
215.478 0.00914147 0.00914147 2 3 2
215.63 0.00886548 0.00886548 2 3 2
215.857 0.00853313 0.00853313 2 3 2
216.199 0.00813259 0.00813259 2 3 2
216.699 0.00766131 0.00766131 2 3 2
217.199 0.00726971 0.00726971 2 3 2
217.699 0.00692951 0.00692951 2 3 2
218.199 0.00662614 0.00662614 2 3 2
218.699 0.00635091 0.00635091 2 3 2
219.199 0.00609813 0.00609813 2 3 2
219.699 0.00586385 0.00586385 2 3 2
220.199 0.00564516 0.00564516 2 3 2
220.699 0.00543986 0.00543986 2 3 2
221.199 0.0052463 0.0052463 2 3 2
221.699 0.00506306 0.00506306 2 3 2
222.199 0.00488905 0.00488905 2 3 2
222.699 0.00472336 0.00472336 2 3 2
223.199 0.00456521 0.00456521 2 3 2
223.699 0.00441395 0.00441395 2 3 2
224.199 0.00426903 0.00426903 2 3 2
224.699 0.00412996 0.00412996 2 3 2
225.199 0.00399633 0.00399633 2 3 2
225.699 0.00386775 0.00386775 2 3 2
226.199 0.00374391 0.00374391 2 3 2
226.699 0.00362451 0.00362451 2 3 2
227.199 0.00350928 0.00350928 2 3 2
227.699 0.00339801 0.00339801 2 3 2
228.199 0.00329046 0.00329046 2 3 2
228.699 0.00318646 0.00318646 2 3 2
229.199 0.00308581 0.00308581 2 3 2
229.699 0.00298837 0.00298837 2 3 2
230.199 0.00289399 0.00289399 2 3 2
230.699 0.00280252 0.00280252 2 3 2
231.199 0.00271385 0.00271385 2 3 2
231.699 0.00262786 0.00262786 2 3 2
232.199 0.00254444 0.00254444 2 3 2
232.699 0.00246349 0.00246349 2 3 2
233.199 0.00238491 0.00238491 2 3 2
233.699 0.00230863 0.00230863 2 3 2
234.199 0.00223455 0.00223455 2 3 2
234.699 0.0021626 0.0021626 2 3 2
235.199 0.00209271 0.00209271 2 3 2
235.699 0.00202481 0.00202481 2 3 2
236.199 0.00195884 0.00195884 2 3 2
236.699 0.00189472 0.00189472 2 3 2
237.199 0.0018324 0.0018324 2 3 2
237.699 0.00177182 0.00177182 2 3 2
238.199 0.00171294 0.00171294 2 3 2
238.699 0.00165569 0.00165569 2 3 2
239.199 0.00160004 0.00160004 2 3 2
239.699 0.00154591 0.00154591 2 3 2
240.199 0.00149328 0.00149328 2 3 2
240.699 0.00144209 0.00144209 2 3 2
241.199 0.0013923 0.0013923 2 3 2
241.699 0.00134386 0.00134386 2 3 2
242.199 0.00129677 0.00129677 2 3 2
242.699 0.00125091 0.00125091 2 3 2
243.199 0.00120628 0.00120628 2 3 2
243.699 0.00116281 0.00116281 2 3 2
244.199 0.00112049 0.00112049 2 3 2
244.699 0.00107927 0.00107927 2 3 2
245.199 0.00103911 0.00103911 2 3 2
245.699 0.000999934 0.000999934 2 3 2
246.199 0.000961716 0.000961716 2 3 2
246.699 0.000924427 0.000924427 2 3 2
247.199 0.000887988 0.000887988 2 3 2
247.699 0.000852365 0.000852365 2 3 2
248.199 0.000817484 0.000817484 2 3 2
248.699 0.000783354 0.000783354 2 3 2
249.199 0.000749917 0.000749917 2 3 2
249.699 0.000717209 0.000717209 2 3 2
250.198 0.000685339 0.000685339 2 3 2
250.448 0.000669721 0.000669721 2 3 2
250.572 0.000661021 0.000661021 2 3 2
250.634 0.000656518 0.000656518 2 3 2
250.668 0.000653539 0.000653539 2 3 2
250.706 0.000653445 0.000653445 2 3 2
250.743 0.00065108 0.00065108 2 3 2
250.761 0.00064989 0.00064989 2 3 2
250.772 0.000650518 0.000650518 2 3 2
250.782 0.000650073 0.000650073 2 3 2
250.792 0.00064962 0.00064962 2 3 2
250.792 0.00064962 0.00064962 2 3 2
302.949 0.0269406 0.0269406 2 2 2
302.969 0.0269416 0.0269416 2 2 2
302.999 0.0269431 0.0269431 2 2 2
303.044 0.0269454 0.0269454 2 2 2
303.112 0.0269488 0.0269488 2 2 2
303.213 0.026954 0.026954 2 2 2
303.364 0.0269617 0.0269617 2 2 2
303.592 0.0269732 0.0269732 2 2 2
303.933 0.0269904 0.0269904 2 2 2
304.432 0.0270153 0.0270153 2 2 2
304.93 0.0270401 0.0270401 2 2 2
305.429 0.0270647 0.0270647 2 2 2
305.929 0.0270892 0.0270892 2 2 2
306.428 0.0271134 0.0271134 2 2 2
306.928 0.0271375 0.0271375 2 2 2
307.428 0.0271614 0.0271614 2 2 2
307.927 0.0271851 0.0271851 2 2 2
308.427 0.0272086 0.0272086 2 2 2
308.927 0.027232 0.027232 2 2 2
309.427 0.0272552 0.0272552 2 2 2
309.927 0.0272782 0.0272782 2 2 2
310.427 0.027301 0.027301 2 2 2
310.927 0.0273237 0.0273237 2 2 2
311.427 0.0273462 0.0273462 2 2 2
311.927 0.0273684 0.0273684 2 2 2
312.427 0.0273906 0.0273906 2 2 2
312.927 0.0274125 0.0274125 2 2 2
313.427 0.0274343 0.0274343 2 2 2
313.927 0.027456 0.027456 2 2 2
314.427 0.0274774 0.0274774 2 2 2
314.927 0.0274987 0.0274987 2 2 2
315.427 0.0275199 0.0275199 2 2 2
315.927 0.0275409 0.0275409 2 2 2
316.427 0.0275617 0.0275617 2 2 2
316.927 0.0275824 0.0275824 2 2 2
317.427 0.0276029 0.0276029 2 2 2
317.927 0.0276233 0.0276233 2 2 2
318.427 0.0276436 0.0276436 2 2 2
318.927 0.0276637 0.0276637 2 2 2
319.427 0.0276836 0.0276836 2 2 2
319.927 0.0277034 0.0277034 2 2 2
320.427 0.027723 0.027723 2 2 2
320.927 0.0277425 0.0277425 2 2 2
321.427 0.0277618 0.0277618 2 2 2
321.927 0.0277811 0.0277811 2 2 2
322.427 0.0278001 0.0278001 2 2 2
322.927 0.0278191 0.0278191 2 2 2
323.427 0.0278378 0.0278378 2 2 2
323.927 0.0278565 0.0278565 2 2 2
324.427 0.027875 0.027875 2 2 2
324.927 0.0278934 0.0278934 2 2 2
325.427 0.0279117 0.0279117 2 2 2
325.927 0.0279298 0.0279298 2 2 2
326.427 0.0279478 0.0279478 2 2 2
326.927 0.0279656 0.0279656 2 2 2
327.427 0.0279834 0.0279834 2 2 2
327.927 0.028001 0.028001 2 2 2
328.427 0.0280184 0.0280184 2 2 2
328.927 0.0280358 0.0280358 2 2 2
329.427 0.028053 0.028053 2 2 2
329.927 0.0280701 0.0280701 2 2 2
330.427 0.0280871 0.0280871 2 2 2
330.927 0.0281039 0.0281039 2 2 2
331.427 0.0281206 0.0281206 2 2 2
331.927 0.0281372 0.0281372 2 2 2
332.427 0.0281537 0.0281537 2 2 2
332.927 0.0281702 0.0281702 2 2 2
333.427 0.0281864 0.0281864 2 2 2
333.927 0.0282026 0.0282026 2 2 2
334.427 0.0282187 0.0282187 2 2 2
334.927 0.0282347 0.0282347 2 2 2
335.427 0.0282505 0.0282505 2 2 2
335.927 0.0282661 0.0282661 2 2 2
336.427 0.0282817 0.0282817 2 2 2
336.927 0.0282972 0.0282972 2 2 2
337.427 0.0283126 0.0283126 2 2 2
337.927 0.0283279 0.0283279 2 2 2
338.427 0.028343 0.028343 2 2 2
338.927 0.028358 0.028358 2 2 2
339.427 0.0283729 0.0283729 2 2 2
339.927 0.0283878 0.0283878 2 2 2
340.427 0.0284028 0.0284028 2 2 2
340.927 0.0284175 0.0284175 2 2 2
341.427 0.0284321 0.0284321 2 2 2
341.927 0.0284463 0.0284463 2 2 2
342.427 0.0284606 0.0284606 2 2 2
342.927 0.0284749 0.0284749 2 2 2
343.427 0.0284895 0.0284895 2 2 2
343.927 0.0285035 0.0285035 2 2 2
344.427 0.0285175 0.0285175 2 2 2
344.927 0.0285312 0.0285312 2 2 2
345.427 0.028545 0.028545 2 2 2
345.927 0.0285586 0.0285586 2 2 2
346.427 0.0285722 0.0285722 2 2 2
346.927 0.0285857 0.0285857 2 2 2
347.427 0.0285991 0.0285991 2 2 2
347.927 0.0286123 0.0286123 2 2 2
348.427 0.0286256 0.0286256 2 2 2
348.927 0.0286387 0.0286387 2 2 2
349.427 0.0286517 0.0286517 2 2 2
349.927 0.0286646 0.0286646 2 2 2
350.427 0.0286775 0.0286775 2 2 2
350.927 0.0286902 0.0286902 2 2 2
351.427 0.0287029 0.0287029 2 2 2
351.927 0.0287155 0.0287155 2 2 2
352.427 0.0287279 0.0287279 2 2 2
352.927 0.0287404 0.0287404 2 2 2
353.427 0.0287527 0.0287527 2 2 2
353.927 0.0287652 0.0287652 2 2 2
354.427 0.0287774 0.0287774 2 2 2
354.927 0.0287895 0.0287895 2 2 2
355.427 0.0288014 0.0288014 2 2 2
355.927 0.0288134 0.0288134 2 2 2
356.427 0.0288252 0.0288252 2 2 2
356.927 0.0288371 0.0288371 2 2 2
357.427 0.0288488 0.0288488 2 2 2
357.927 0.0288604 0.0288604 2 2 2
358.427 0.028872 0.028872 2 2 2
358.927 0.0288835 0.0288835 2 2 2
359.427 0.0288949 0.0288949 2 2 2
359.927 0.0289063 0.0289063 2 2 2
360.427 0.0289175 0.0289175 2 2 2
360.927 0.0289287 0.0289287 2 2 2
361.427 0.0289398 0.0289398 2 2 2
361.927 0.0289508 0.0289508 2 2 2
362.427 0.0289618 0.0289618 2 2 2
362.927 0.0289728 0.0289728 2 2 2
363.427 0.0289836 0.0289836 2 2 2
363.927 0.0289944 0.0289944 2 2 2
364.427 0.0290055 0.0290055 2 2 2
364.927 0.0290161 0.0290161 2 2 2
365.427 0.0290266 0.0290266 2 2 2
365.927 0.0290372 0.0290372 2 2 2
366.427 0.0290476 0.0290476 2 2 2
366.927 0.0290579 0.0290579 2 2 2
367.427 0.0290682 0.0290682 2 2 2
367.927 0.0290784 0.0290784 2 2 2
368.427 0.0290886 0.0290886 2 2 2
368.927 0.0290986 0.0290986 2 2 2
369.427 0.0291086 0.0291086 2 2 2
369.927 0.0291186 0.0291186 2 2 2
370.427 0.0291284 0.0291284 2 2 2
370.927 0.0291383 0.0291383 2 2 2
371.427 0.029148 0.029148 2 2 2
371.927 0.0291576 0.0291576 2 2 2
372.427 0.0291673 0.0291673 2 2 2
372.927 0.0291769 0.0291769 2 2 2
373.427 0.0291867 0.0291867 2 2 2
373.927 0.0291961 0.0291961 2 2 2
374.427 0.0292055 0.0292055 2 2 2
374.927 0.0292148 0.0292148 2 2 2
375.427 0.029224 0.029224 2 2 2
375.927 0.0292333 0.0292333 2 2 2
376.427 0.0292423 0.0292423 2 2 2
376.927 0.0292514 0.0292514 2 2 2
377.427 0.0292605 0.0292605 2 2 2
377.927 0.0292694 0.0292694 2 2 2
378.427 0.0292783 0.0292783 2 2 2
378.927 0.0292872 0.0292872 2 2 2
379.427 0.029296 0.029296 2 2 2
379.927 0.0293048 0.0293048 2 2 2
380.427 0.0293135 0.0293135 2 2 2
380.927 0.029322 0.029322 2 2 2
381.427 0.0293306 0.0293306 2 2 2
381.927 0.0293391 0.0293391 2 2 2
382.427 0.0293485 0.0293485 2 2 2
382.927 0.029357 0.029357 2 2 2
383.427 0.0293654 0.0293654 2 2 2
383.927 0.0293734 0.0293734 2 2 2
384.427 0.0293817 0.0293817 2 2 2
384.927 0.02939 0.02939 2 2 2
385.427 0.029398 0.029398 2 2 2
385.927 0.0294062 0.0294062 2 2 2
386.427 0.0294143 0.0294143 2 2 2
386.927 0.0294223 0.0294223 2 2 2
387.427 0.0294303 0.0294303 2 2 2
387.927 0.0294383 0.0294383 2 2 2
388.427 0.0294466 0.0294466 2 2 2
388.927 0.0294544 0.0294544 2 2 2
389.427 0.0294622 0.0294622 2 2 2
389.927 0.0294696 0.0294696 2 2 2
390.427 0.0294773 0.0294773 2 2 2
390.927 0.029485 0.029485 2 2 2
391.427 0.0294925 0.0294925 2 2 2
391.927 0.0295001 0.0295001 2 2 2
392.427 0.0295076 0.0295076 2 2 2
392.927 0.0295151 0.0295151 2 2 2
393.427 0.0295225 0.0295225 2 2 2
393.927 0.0295299 0.0295299 2 2 2
394.427 0.0295371 0.0295371 2 2 2
394.927 0.0295444 0.0295444 2 2 2
395.427 0.0295517 0.0295517 2 2 2
395.927 0.0295587 0.0295587 2 2 2
396.427 0.0295659 0.0295659 2 2 2
396.927 0.029573 0.029573 2 2 2
397.427 0.0295799 0.0295799 2 2 2
397.927 0.0295869 0.0295869 2 2 2
398.427 0.0295939 0.0295939 2 2 2
398.927 0.029601 0.029601 2 2 2
399.427 0.0296079 0.0296079 2 2 2
399.427 0.0296079 0.0296079 2 2 2
399.447 0.0296081 0.0296081 2 2 2
399.477 0.0296085 0.0296085 2 2 2
399.522 0.0296088 0.0296088 2 2 2
399.59 0.0296097 0.0296097 2 2 2
399.691 0.0296111 0.0296111 2 2 2
399.843 0.0296142 0.0296142 2 2 2
400.071 0.0296173 0.0296173 2 2 2
400.412 0.0296219 0.0296219 2 2 2
400.912 0.0296286 0.0296286 2 2 2
401.412 0.0296353 0.0296353 2 2 2
401.912 0.029642 0.029642 2 2 2
402.412 0.0296485 0.0296485 2 2 2
402.912 0.0296551 0.0296551 2 2 2
403.412 0.0296617 0.0296617 2 2 2
403.912 0.0296681 0.0296681 2 2 2
404.412 0.0296746 0.0296746 2 2 2
404.912 0.0296811 0.0296811 2 2 2
405.412 0.0296873 0.0296873 2 2 2
405.912 0.0296936 0.0296936 2 2 2
406.412 0.0297 0.0297 2 2 2
406.912 0.0297068 0.0297068 2 2 2
407.412 0.0297131 0.0297131 2 2 2
407.912 0.0297193 0.0297193 2 2 2
408.412 0.0297254 0.0297254 2 2 2
408.912 0.0297316 0.0297316 2 2 2
409.412 0.0297377 0.0297377 2 2 2
409.912 0.0297436 0.0297436 2 2 2
410.412 0.0297497 0.0297497 2 2 2
410.912 0.0297557 0.0297557 2 2 2
411.412 0.0297617 0.0297617 2 2 2
411.912 0.0297676 0.0297676 2 2 2
412.412 0.0297735 0.0297735 2 2 2
412.912 0.0297788 0.0297788 2 2 2
413.412 0.0297847 0.0297847 2 2 2
413.912 0.0297904 0.0297904 2 2 2
414.412 0.0297974 0.0297974 2 2 2
414.912 0.0298031 0.0298031 2 2 2
415.412 0.0298088 0.0298088 2 2 2
415.912 0.0298148 0.0298148 2 2 2
416.412 0.0298204 0.0298204 2 2 2
416.912 0.0298261 0.0298261 2 2 2
417.412 0.0298314 0.0298314 2 2 2
417.912 0.029837 0.029837 2 2 2
418.412 0.0298425 0.0298425 2 2 2
418.912 0.0298478 0.0298478 2 2 2
419.412 0.0298532 0.0298532 2 2 2
419.912 0.0298587 0.0298587 2 2 2
420.412 0.0298633 0.0298633 2 2 2
420.912 0.0298687 0.0298687 2 2 2
421.412 0.029874 0.029874 2 2 2
421.912 0.0298814 0.0298814 2 2 2
422.412 0.0298867 0.0298867 2 2 2
422.912 0.029892 0.029892 2 2 2
423.412 0.0298962 0.0298962 2 2 2
423.912 0.0299014 0.0299014 2 2 2
424.412 0.0299066 0.0299066 2 2 2
424.912 0.0299113 0.0299113 2 2 2
425.412 0.0299164 0.0299164 2 2 2
425.912 0.0299215 0.0299215 2 2 2
426.412 0.0299265 0.0299265 2 2 2
426.912 0.0299315 0.0299315 2 2 2
427.412 0.0299364 0.0299364 2 2 2
427.912 0.0299419 0.0299419 2 2 2
428.412 0.0299468 0.0299468 2 2 2
428.912 0.0299517 0.0299517 2 2 2
429.412 0.0299562 0.0299562 2 2 2
429.912 0.029961 0.029961 2 2 2
430.412 0.0299658 0.0299658 2 2 2
430.912 0.0299707 0.0299707 2 2 2
431.412 0.0299755 0.0299755 2 2 2
431.912 0.0299802 0.0299802 2 2 2
432.412 0.0299846 0.0299846 2 2 2
432.912 0.0299893 0.0299893 2 2 2
433.412 0.0299939 0.0299939 2 2 2
433.912 0.029999 0.029999 2 2 2
434.412 0.0300036 0.0300036 2 2 2
434.912 0.0300082 0.0300082 2 2 2
435.412 0.0300124 0.0300124 2 2 2
435.912 0.030017 0.030017 2 2 2
436.412 0.0300215 0.0300215 2 2 2
436.912 0.0300264 0.0300264 2 2 2
437.412 0.0300308 0.0300308 2 2 2
437.912 0.0300353 0.0300353 2 2 2
438.412 0.0300394 0.0300394 2 2 2
438.912 0.0300437 0.0300437 2 2 2
439.412 0.0300481 0.0300481 2 2 2
439.912 0.0300529 0.0300529 2 2 2
440.412 0.0300573 0.0300573 2 2 2
440.912 0.0300616 0.0300616 2 2 2
441.412 0.0300655 0.0300655 2 2 2
441.912 0.0300697 0.0300697 2 2 2
442.412 0.0300739 0.0300739 2 2 2
442.912 0.0300785 0.0300785 2 2 2
443.412 0.0300826 0.0300826 2 2 2
443.912 0.0300868 0.0300868 2 2 2
444.412 0.0300905 0.0300905 2 2 2
444.912 0.0300946 0.0300946 2 2 2
445.412 0.0300987 0.0300987 2 2 2
445.912 0.0301035 0.0301035 2 2 2
446.412 0.0301076 0.0301076 2 2 2
446.912 0.0301116 0.0301116 2 2 2
447.412 0.030115 0.030115 2 2 2
447.912 0.030119 0.030119 2 2 2
448.412 0.030123 0.030123 2 2 2
448.912 0.0301269 0.0301269 2 2 2
449.412 0.0301308 0.0301308 2 2 2
449.912 0.0301346 0.0301346 2 2 2
450.412 0.0301386 0.0301386 2 2 2
450.912 0.0301424 0.0301424 2 2 2
451.412 0.0301462 0.0301462 2 2 2
451.912 0.0301499 0.0301499 2 2 2
452.412 0.0301536 0.0301536 2 2 2
452.912 0.0301574 0.0301574 2 2 2
453.412 0.0301617 0.0301617 2 2 2
453.912 0.0301654 0.0301654 2 2 2
454.412 0.0301692 0.0301692 2 2 2
454.912 0.0301724 0.0301724 2 2 2
455.412 0.030176 0.030176 2 2 2
455.912 0.0301797 0.0301797 2 2 2
456.412 0.0301838 0.0301838 2 2 2
456.912 0.0301874 0.0301874 2 2 2
457.412 0.030191 0.030191 2 2 2
457.912 0.030194 0.030194 2 2 2
458.412 0.0301976 0.0301976 2 2 2
458.912 0.0302011 0.0302011 2 2 2
459.412 0.0302056 0.0302056 2 2 2
459.912 0.0302091 0.0302091 2 2 2
460.412 0.0302126 0.0302126 2 2 2
460.912 0.0302151 0.0302151 2 2 2
461.412 0.0302186 0.0302186 2 2 2
461.912 0.030222 0.030222 2 2 2
462.412 0.0302255 0.0302255 2 2 2
462.912 0.0302288 0.0302288 2 2 2
463.412 0.0302322 0.0302322 2 2 2
463.912 0.0302351 0.0302351 2 2 2
464.412 0.0302385 0.0302385 2 2 2
464.912 0.0302418 0.0302418 2 2 2
465.412 0.0302488 0.0302488 2 2 2
465.912 0.0302521 0.0302521 2 2 2
466.412 0.0302553 0.0302553 2 2 2
466.912 0.030256 0.030256 2 2 2
467.412 0.0302592 0.0302592 2 2 2
467.912 0.0302624 0.0302624 2 2 2
468.412 0.0302647 0.0302647 2 2 2
468.912 0.0302679 0.0302679 2 2 2
469.412 0.030271 0.030271 2 2 2
469.912 0.0302755 0.0302755 2 2 2
470.412 0.0302786 0.0302786 2 2 2
470.912 0.0302817 0.0302817 2 2 2
471.412 0.0302836 0.0302836 2 2 2
471.912 0.0302866 0.0302866 2 2 2
472.412 0.0302897 0.0302897 2 2 2
472.912 0.0302928 0.0302928 2 2 2
473.412 0.0302958 0.0302958 2 2 2
473.912 0.0302988 0.0302988 2 2 2
474.412 0.0303016 0.0303016 2 2 2
474.912 0.0303047 0.0303047 2 2 2
475.412 0.0303078 0.0303078 2 2 2
475.912 0.0303151 0.0303151 2 2 2
476.412 0.0303179 0.0303179 2 2 2
476.912 0.0303208 0.0303208 2 2 2
477.412 0.0303193 0.0303193 2 2 2
477.912 0.0303222 0.0303222 2 2 2
478.412 0.0303251 0.0303251 2 2 2
478.912 0.0303279 0.0303279 2 2 2
479.412 0.0303307 0.0303307 2 2 2
479.912 0.0303336 0.0303336 2 2 2
480.412 0.030338 0.030338 2 2 2
480.912 0.0303408 0.0303408 2 2 2
481.412 0.0303437 0.0303437 2 2 2
481.912 0.0303449 0.0303449 2 2 2
482.412 0.0303477 0.0303477 2 2 2
482.912 0.0303504 0.0303504 2 2 2
483.412 0.0303536 0.0303536 2 2 2
483.912 0.0303564 0.0303564 2 2 2
484.412 0.0303591 0.0303591 2 2 2
484.912 0.0303605 0.0303605 2 2 2
485.412 0.0303633 0.0303633 2 2 2
485.912 0.0303662 0.0303662 2 2 2
486.412 0.0303695 0.0303695 2 2 2
486.912 0.0303721 0.0303721 2 2 2
487.412 0.0303748 0.0303748 2 2 2
487.912 0.0303771 0.0303771 2 2 2
488.412 0.0303797 0.0303797 2 2 2
488.912 0.0303822 0.0303822 2 2 2
489.412 0.0303852 0.0303852 2 2 2
489.912 0.0303878 0.0303878 2 2 2
490.412 0.0303904 0.0303904 2 2 2
490.912 0.030396 0.030396 2 2 2
491.412 0.0303984 0.0303984 2 2 2
491.912 0.0304009 0.0304009 2 2 2
492.412 0.0303996 0.0303996 2 2 2
492.912 0.0304021 0.0304021 2 2 2
493.412 0.0304046 0.0304046 2 2 2
493.912 0.030407 0.030407 2 2 2
494.412 0.0304094 0.0304094 2 2 2
494.912 0.0304118 0.0304118 2 2 2
495.412 0.0304139 0.0304139 2 2 2
495.912 0.0304164 0.0304164 2 2 2
495.912 0.0304164 0.0304164 2 2 2
495.932 0.0304166 0.0304166 2 2 2
495.962 0.0304168 0.0304168 2 2 2
496.007 0.0304177 0.0304177 2 2 2
496.057 0.0304179 0.0304179 2 2 2
496.131 0.0304183 0.0304183 2 2 2
496.242 0.0304182 0.0304182 2 2 2
496.365 0.030419 0.030419 2 2 2
496.549 0.03042 0.03042 2 2 2
496.824 0.0304213 0.0304213 2 2 2
497.128 0.0304228 0.0304228 2 2 2
497.582 0.0304249 0.0304249 2 2 2
498.082 0.0304278 0.0304278 2 2 2
498.582 0.0304302 0.0304302 2 2 2
499.082 0.0304325 0.0304325 2 2 2
499.582 0.0304362 0.0304362 2 2 2
500.082 0.0304385 0.0304385 2 2 2
500.582 0.0304408 0.0304408 2 2 2
501.082 0.0304408 0.0304408 2 2 2
501.582 0.0304431 0.0304431 2 2 2
502.082 0.0304453 0.0304453 2 2 2
502.582 0.0304481 0.0304481 2 2 2
503.082 0.0304504 0.0304504 2 2 2
503.582 0.0304527 0.0304527 2 2 2
504.082 0.0304533 0.0304533 2 2 2
504.582 0.0304557 0.0304557 2 2 2
505.082 0.0304581 0.0304581 2 2 2
505.582 0.0304617 0.0304617 2 2 2
506.082 0.0304638 0.0304638 2 2 2
506.582 0.030466 0.030466 2 2 2
507.082 0.0304698 0.0304698 2 2 2
507.582 0.0304719 0.0304719 2 2 2
508.082 0.0304741 0.0304741 2 2 2
508.582 0.0304734 0.0304734 2 2 2
509.082 0.0304755 0.0304755 2 2 2
509.582 0.0304775 0.0304775 2 2 2
510.082 0.0304795 0.0304795 2 2 2
510.582 0.0304816 0.0304816 2 2 2
511.082 0.0304837 0.0304837 2 2 2
511.582 0.0304826 0.0304826 2 2 2
512.082 0.0304845 0.0304845 2 2 2
512.582 0.0304863 0.0304863 2 2 2
513.082 0.0304924 0.0304924 2 2 2
513.582 0.0304944 0.0304944 2 2 2
514.082 0.0304964 0.0304964 2 2 2
514.582 0.0304983 0.0304983 2 2 2
515.082 0.0305004 0.0305004 2 2 2
515.582 0.0305025 0.0305025 2 2 2
516.082 0.0305043 0.0305043 2 2 2
516.582 0.0305063 0.0305063 2 2 2
517.082 0.0305082 0.0305082 2 2 2
517.582 0.030508 0.030508 2 2 2
518.082 0.0305098 0.0305098 2 2 2
518.582 0.0305117 0.0305117 2 2 2
519.082 0.0305158 0.0305158 2 2 2
519.582 0.0305177 0.0305177 2 2 2
520.082 0.0305197 0.0305197 2 2 2
520.582 0.0305235 0.0305235 2 2 2
521.082 0.0305254 0.0305254 2 2 2
521.582 0.0305273 0.0305273 2 2 2
522.082 0.0305267 0.0305267 2 2 2
522.582 0.0305285 0.0305285 2 2 2
523.082 0.0305303 0.0305303 2 2 2
523.582 0.0305326 0.0305326 2 2 2
524.082 0.0305344 0.0305344 2 2 2
524.582 0.0305362 0.0305362 2 2 2
525.082 0.0305347 0.0305347 2 2 2
525.582 0.0305367 0.0305367 2 2 2
526.082 0.0305388 0.0305388 2 2 2
526.582 0.0305431 0.0305431 2 2 2
527.082 0.0305449 0.0305449 2 2 2
527.582 0.0305466 0.0305466 2 2 2
528.082 0.0305466 0.0305466 2 2 2
528.582 0.0305483 0.0305483 2 2 2
529.082 0.03055 0.03055 2 2 2
529.582 0.0305538 0.0305538 2 2 2
530.082 0.0305556 0.0305556 2 2 2
530.582 0.0305573 0.0305573 2 2 2
531.082 0.0305629 0.0305629 2 2 2
531.582 0.0305644 0.0305644 2 2 2
532.082 0.030566 0.030566 2 2 2
532.582 0.030563 0.030563 2 2 2
533.082 0.0305646 0.0305646 2 2 2
533.582 0.0305663 0.0305663 2 2 2
534.082 0.0305695 0.0305695 2 2 2
534.582 0.0305712 0.0305712 2 2 2
535.082 0.0305728 0.0305728 2 2 2
535.582 0.0305748 0.0305748 2 2 2
536.082 0.0305765 0.0305765 2 2 2
536.582 0.0305781 0.0305781 2 2 2
537.082 0.030578 0.030578 2 2 2
537.582 0.0305796 0.0305796 2 2 2
538.082 0.0305812 0.0305812 2 2 2
538.582 0.030583 0.030583 2 2 2
539.082 0.0305846 0.0305846 2 2 2
539.582 0.0305861 0.0305861 2 2 2
540.082 0.0305847 0.0305847 2 2 2
540.582 0.0305862 0.0305862 2 2 2
541.082 0.0305877 0.0305877 2 2 2
541.582 0.0305917 0.0305917 2 2 2
542.082 0.0305931 0.0305931 2 2 2
542.582 0.0305946 0.0305946 2 2 2
543.082 0.0305944 0.0305944 2 2 2
543.582 0.0305962 0.0305962 2 2 2
544.082 0.0305979 0.0305979 2 2 2
544.582 0.0306011 0.0306011 2 2 2
545.083 0.0306026 0.0306026 2 2 2
545.582 0.030604 0.030604 2 2 2
546.083 0.0306026 0.0306026 2 2 2
546.583 0.0306041 0.0306041 2 2 2
547.083 0.0306057 0.0306057 2 2 2
547.583 0.0306105 0.0306105 2 2 2
548.083 0.030612 0.030612 2 2 2
548.583 0.0306134 0.0306134 2 2 2
549.083 0.0306102 0.0306102 2 2 2
549.583 0.0306119 0.0306119 2 2 2
550.083 0.0306136 0.0306136 2 2 2
550.583 0.0306183 0.0306183 2 2 2
551.083 0.0306198 0.0306198 2 2 2
551.583 0.0306212 0.0306212 2 2 2
552.083 0.0306187 0.0306187 2 2 2
552.583 0.0306203 0.0306203 2 2 2
553.083 0.0306218 0.0306218 2 2 2
553.583 0.0306265 0.0306265 2 2 2
554.083 0.0306278 0.0306278 2 2 2
554.583 0.0306292 0.0306292 2 2 2
555.083 0.0306284 0.0306284 2 2 2
555.583 0.03063 0.03063 2 2 2
556.083 0.0306315 0.0306315 2 2 2
556.583 0.0306338 0.0306338 2 2 2
557.083 0.0306351 0.0306351 2 2 2
557.583 0.0306364 0.0306364 2 2 2
558.083 0.0306379 0.0306379 2 2 2
558.583 0.0306391 0.0306391 2 2 2
559.083 0.0306404 0.0306404 2 2 2
559.583 0.0306392 0.0306392 2 2 2
560.083 0.0306404 0.0306404 2 2 2
560.583 0.0306415 0.0306415 2 2 2
561.083 0.0306444 0.0306444 2 2 2
561.583 0.0306456 0.0306456 2 2 2
562.083 0.0306469 0.0306469 2 2 2
562.583 0.0306454 0.0306454 2 2 2
563.083 0.0306466 0.0306466 2 2 2
563.583 0.0306479 0.0306479 2 2 2
564.083 0.0306528 0.0306528 2 2 2
564.583 0.030654 0.030654 2 2 2
565.083 0.0306552 0.0306552 2 2 2
565.583 0.030654 0.030654 2 2 2
566.083 0.0306554 0.0306554 2 2 2
566.583 0.0306567 0.0306567 2 2 2
567.083 0.0306622 0.0306622 2 2 2
567.583 0.0306632 0.0306632 2 2 2
568.083 0.0306643 0.0306643 2 2 2
568.583 0.0306639 0.0306639 2 2 2
569.083 0.0306652 0.0306652 2 2 2
569.583 0.0306665 0.0306665 2 2 2
570.083 0.0306693 0.0306693 2 2 2
570.583 0.0306703 0.0306703 2 2 2
571.083 0.0306714 0.0306714 2 2 2
571.583 0.0306705 0.0306705 2 2 2
572.083 0.0306717 0.0306717 2 2 2
572.583 0.030673 0.030673 2 2 2
573.083 0.0306776 0.0306776 2 2 2
573.583 0.0306783 0.0306783 2 2 2
574.083 0.0306791 0.0306791 2 2 2
574.583 0.0306783 0.0306783 2 2 2
575.083 0.0306795 0.0306795 2 2 2
575.583 0.0306806 0.0306806 2 2 2
576.083 0.0306828 0.0306828 2 2 2
576.583 0.0306837 0.0306837 2 2 2
577.083 0.0306846 0.0306846 2 2 2
577.583 0.0306832 0.0306832 2 2 2
578.083 0.0306844 0.0306844 2 2 2
578.583 0.0306856 0.0306856 2 2 2
579.083 0.0306894 0.0306894 2 2 2
579.583 0.0306902 0.0306902 2 2 2
580.083 0.0306911 0.0306911 2 2 2
580.583 0.0306911 0.0306911 2 2 2
581.083 0.0306922 0.0306922 2 2 2
581.583 0.0306932 0.0306932 2 2 2
582.083 0.0306954 0.0306954 2 2 2
582.583 0.0306962 0.0306962 2 2 2
583.083 0.030697 0.030697 2 2 2
583.583 0.0306932 0.0306932 2 2 2
584.083 0.0306945 0.0306945 2 2 2
584.583 0.0306958 0.0306958 2 2 2
585.083 0.0307006 0.0307006 2 2 2
585.583 0.0307015 0.0307015 2 2 2
586.083 0.0307025 0.0307025 2 2 2
586.583 0.0307036 0.0307036 2 2 2
587.083 0.0307046 0.0307046 2 2 2
587.583 0.0307055 0.0307055 2 2 2
588.083 0.0307068 0.0307068 2 2 2
588.583 0.0307076 0.0307076 2 2 2
589.083 0.0307084 0.0307084 2 2 2
589.583 0.030702 0.030702 2 2 2
590.083 0.030703 0.030703 2 2 2
590.583 0.030704 0.030704 2 2 2
591.083 0.0307101 0.0307101 2 2 2
591.583 0.0307111 0.0307111 2 2 2
