50 0.20372 0.20372 2 1 0
50.04 0.203835 0.203835 1 1 0
50.08 0.20395 0.20395 1 1 0
50.16 0.204181 0.204181 1 1 0
50.32 0.204643 0.204643 1 1 0
50.64 0.205573 0.205573 1 1 0
51.14 0.20704 0.20704 1 1 0
51.64 0.208525 0.208525 1 1 0
52.14 0.210028 0.210028 1 1 0
52.64 0.211549 0.211549 1 1 0
53.14 0.213088 0.213088 1 1 0
53.6399 0.214645 0.214645 1 1 0
54.1399 0.216221 0.216221 1 1 0
54.6399 0.217815 0.217815 1 1 0
55.1399 0.219427 0.219427 1 1 0
55.6399 0.221059 0.221059 1 1 0
56.1399 0.222709 0.222709 1 1 0
56.6399 0.224378 0.224378 1 1 0
57.1399 0.226066 0.226066 1 1 0
57.6399 0.227773 0.227773 1 1 0
58.1399 0.229499 0.229499 1 1 0
58.6399 0.231245 0.231245 1 1 0
59.1399 0.23301 0.23301 1 1 0
59.6398 0.234794 0.234794 1 1 0
60.1398 0.236597 0.236597 1 1 0
60.6398 0.238421 0.238421 1 1 0
61.1398 0.240263 0.240263 1 1 0
61.6398 0.242125 0.242125 1 1 0
62.1398 0.244007 0.244007 1 1 0
62.6398 0.245909 0.245909 1 1 0
63.1398 0.24783 0.24783 1 1 0
63.6398 0.249771 0.249771 1 1 0
64.1398 0.251732 0.251732 1 1 0
64.6398 0.253713 0.253713 1 1 0
65.1398 0.255713 0.255713 1 1 0
65.6397 0.257734 0.257734 1 1 0
66.1397 0.259774 0.259774 1 1 0
66.6397 0.261834 0.261834 1 1 0
67.1397 0.263914 0.263914 1 1 0
67.6397 0.266014 0.266014 1 1 0
68.1397 0.268134 0.268134 1 1 0
68.6397 0.270273 0.270273 1 1 0
69.1397 0.272432 0.272432 1 1 0
69.6397 0.274611 0.274611 1 1 0
70.1397 0.27681 0.27681 1 1 0
70.6397 0.279028 0.279028 1 1 0
71.1396 0.281266 0.281266 1 1 0
71.6396 0.283523 0.283523 1 1 0
72.1208 0.285714 0.285714 1 1 0
72.6208 0.28801 0.28801 2 1 0
73.1207 0.290325 0.290325 2 1 0
73.6207 0.292659 0.292659 2 1 0
74.1207 0.295013 0.295013 2 1 0
74.6207 0.297385 0.297385 2 1 0
75.1207 0.299777 0.299777 2 1 0
75.6207 0.302187 0.302187 2 1 0
76.1207 0.304617 0.304617 2 1 0
76.6207 0.307065 0.307065 2 1 0
77.1207 0.309532 0.309532 2 1 0
77.6207 0.312017 0.312017 2 1 0
78.1207 0.31452 0.31452 2 1 0
78.6206 0.317042 0.317042 2 1 0
79.1206 0.319582 0.319582 2 1 0
79.6206 0.322139 0.322139 2 1 0
80.1206 0.324715 0.324715 2 1 0
80.6206 0.327308 0.327308 2 1 0
81.1206 0.329918 0.329918 2 1 0
81.6206 0.332546 0.332546 2 1 0
82.1206 0.335191 0.335191 2 1 0
82.6206 0.337852 0.337852 2 1 0
83.1206 0.340531 0.340531 2 1 0
83.6205 0.343226 0.343226 2 1 0
84.1205 0.345937 0.345937 2 1 0
84.6205 0.348665 0.348665 2 1 0
85.1205 0.351408 0.351408 2 1 0
85.6205 0.354168 0.354168 2 1 0
86.1205 0.356942 0.356942 2 1 0
86.6205 0.359733 0.359733 2 1 0
87.1205 0.362538 0.362538 2 1 0
87.6205 0.365358 0.365358 2 1 0
88.1205 0.368193 0.368193 2 1 0
88.6204 0.371042 0.371042 2 1 0
89.1204 0.373905 0.373905 2 1 0
89.6204 0.376783 0.376783 2 1 0
90.1204 0.379673 0.379673 2 1 0
90.6204 0.382578 0.382578 2 1 0
91.1204 0.385495 0.385495 2 1 0
91.6204 0.388426 0.388426 2 1 0
92.1204 0.391369 0.391369 2 1 0
92.6204 0.394325 0.394325 2 1 0
93.1204 0.397292 0.397292 2 1 0
93.6203 0.400272 0.400272 2 1 0
94.1203 0.403263 0.403263 2 1 0
94.6203 0.406265 0.406265 2 1 0
95.1203 0.409278 0.409278 2 1 0
95.6203 0.412303 0.412303 2 1 0
96.1203 0.415337 0.415337 2 1 0
96.6203 0.418382 0.418382 2 1 0
97.1203 0.421436 0.421436 2 1 0
97.6203 0.4245 0.4245 2 1 0
98.1202 0.427573 0.427573 2 1 0
98.6202 0.430655 0.430655 2 1 0
99.1202 0.433746 0.433746 2 1 0
99.6202 0.436845 0.436845 2 1 0
100.12 0.439953 0.439953 2 1 0
100.62 0.443068 0.443068 2 1 0
101.12 0.44619 0.44619 2 1 0
101.62 0.449319 0.449319 2 1 0
102.12 0.452455 0.452455 2 1 0
102.62 0.455598 0.455598 2 1 0
103.12 0.458747 0.458747 2 1 0
103.62 0.461901 0.461901 2 1 0
104.12 0.465061 0.465061 2 1 0
104.62 0.468227 0.468227 2 1 0
105.12 0.471397 0.471397 2 1 0
105.62 0.474571 0.474571 2 1 0
106.12 0.47775 0.47775 2 1 0
106.62 0.480933 0.480933 2 1 0
107.12 0.484119 0.484119 2 1 0
107.62 0.487309 0.487309 2 1 0
108.12 0.490501 0.490501 2 1 0
108.62 0.493696 0.493696 2 1 0
109.12 0.496894 0.496894 2 1 0
109.62 0.500093 0.500093 2 1 0
110.12 0.503294 0.503294 2 1 0
110.62 0.506496 0.506496 2 1 0
111.12 0.509699 0.509699 2 1 0
111.62 0.512903 0.512903 2 1 0
112.12 0.516107 0.516107 2 1 0
112.62 0.519312 0.519312 2 1 0
113.12 0.522516 0.522516 2 1 0
113.62 0.525719 0.525719 2 1 0
114.12 0.528921 0.528921 2 1 0
114.62 0.532123 0.532123 2 1 0
115.12 0.535322 0.535322 2 1 0
115.62 0.53852 0.53852 2 1 0
116.12 0.541716 0.541716 2 1 0
116.62 0.544909 0.544909 2 1 0
117.12 0.548099 0.548099 2 1 0
117.62 0.551286 0.551286 2 1 0
118.12 0.55447 0.55447 2 1 0
118.62 0.55765 0.55765 2 1 0
119.12 0.560827 0.560827 2 1 0
119.62 0.563998 0.563998 2 1 0
120.12 0.567166 0.567166 2 1 0
120.62 0.570328 0.570328 2 1 0
121.12 0.573486 0.573486 2 1 0
121.62 0.576638 0.576638 2 1 0
122.12 0.579784 0.579784 2 1 0
122.62 0.582924 0.582924 2 1 0
123.12 0.586058 0.586058 2 1 0
123.62 0.589185 0.589185 2 1 0
124.12 0.592306 0.592306 2 1 0
124.62 0.59542 0.59542 2 1 0
125.12 0.598526 0.598526 2 1 0
125.62 0.601624 0.601624 2 1 0
126.12 0.604715 0.604715 2 1 0
126.62 0.607798 0.607798 2 1 0
127.12 0.610872 0.610872 2 1 0
127.62 0.613938 0.613938 2 1 0
128.12 0.616995 0.616995 2 1 0
128.62 0.620042 0.620042 2 1 0
129.12 0.623081 0.623081 2 1 0
129.62 0.62611 0.62611 2 1 0
130.12 0.629129 0.629129 2 1 0
130.62 0.632138 0.632138 2 1 0
131.12 0.635137 0.635137 2 1 0
131.62 0.638126 0.638126 2 1 0
132.12 0.641103 0.641103 2 1 0
132.62 0.64407 0.64407 2 1 0
133.12 0.647026 0.647026 2 1 0
133.62 0.649971 0.649971 2 1 0
134.119 0.652904 0.652904 2 1 0
134.619 0.655826 0.655826 2 1 0
135.119 0.658736 0.658736 2 1 0
135.619 0.661633 0.661633 2 1 0
136.119 0.664519 0.664519 2 1 0
136.619 0.667392 0.667392 2 1 0
137.119 0.670253 0.670253 2 1 0
137.619 0.673101 0.673101 2 1 0
138.119 0.675936 0.675936 2 1 0
138.619 0.678758 0.678758 2 1 0
139.119 0.681566 0.681566 2 1 0
139.619 0.684362 0.684362 2 1 0
140.119 0.687144 0.687144 2 1 0
140.619 0.689912 0.689912 2 1 0
141.119 0.692667 0.692667 2 1 0
141.619 0.695407 0.695407 2 1 0
142.119 0.698134 0.698134 2 1 0
142.619 0.700846 0.700846 2 1 0
143.119 0.703545 0.703545 2 1 0
143.619 0.706228 0.706228 2 1 0
144.119 0.708898 0.708898 2 1 0
144.619 0.711552 0.711552 2 1 0
145.119 0.714192 0.714192 2 1 0
145.619 0.716817 0.716817 2 1 0
146.119 0.719427 0.719427 2 1 0
146.619 0.722022 0.722022 2 1 0
147.119 0.724602 0.724602 2 1 0
147.619 0.727167 0.727167 2 1 0
72.1208 0.285714 0.285714 2 2 0
68.2718 0.285714 0.285714 2 2 0
68.2705 0.285714 0.285714 2 2 0
68.2691 0.285714 0.285714 2 2 0
68.2666 0.285714 0.285714 2 2 0
68.2616 0.285714 0.285714 2 2 0
68.2516 0.285714 0.285714 2 2 0
68.2316 0.285714 0.285714 2 2 0
68.1916 0.285714 0.285714 2 2 0
68.1116 0.285714 0.285714 2 2 0
67.9516 0.285714 0.285714 2 2 0
67.6316 0.285714 0.285714 2 2 0
67.1316 0.285714 0.285714 2 2 0
66.6316 0.285714 0.285714 2 2 0
66.1316 0.285714 0.285714 2 2 0
65.6316 0.285714 0.285714 2 2 0
65.1316 0.285714 0.285714 2 2 0
64.6316 0.285714 0.285714 2 2 0
64.1316 0.285714 0.285714 2 2 0
63.6316 0.285714 0.285714 2 2 0
63.1316 0.285714 0.285714 2 2 0
62.6316 0.285714 0.285714 2 2 0
62.1316 0.285714 0.285714 2 2 0
61.6316 0.285714 0.285714 2 2 0
61.1316 0.285714 0.285714 2 2 0
60.6316 0.285714 0.285714 2 2 0
60.1316 0.285714 0.285714 2 2 0
59.6316 0.285714 0.285714 2 2 0
59.1316 0.285714 0.285714 2 2 0
58.6316 0.285714 0.285714 2 2 0
58.1316 0.285714 0.285714 2 2 0
57.6316 0.285714 0.285714 2 2 0
57.1316 0.285714 0.285714 2 2 0
56.6316 0.285714 0.285714 2 2 0
56.1316 0.285714 0.285714 2 2 0
55.6316 0.285714 0.285714 2 2 0
55.1316 0.285714 0.285714 2 2 0
54.6316 0.285714 0.285714 2 2 0
54.1316 0.285714 0.285714 2 2 0
53.6316 0.285714 0.285714 2 2 0
53.1316 0.285714 0.285714 2 2 0
52.6316 0.285714 0.285714 2 2 0
52.1316 0.285714 0.285714 2 2 0
51.6316 0.285714 0.285714 2 2 0
51.1316 0.285714 0.285714 2 2 0
50.6316 0.285714 0.285714 2 2 0
50.1316 0.285714 0.285714 2 2 0
49.6316 0.285714 0.285714 2 2 0
49.1316 0.285714 0.285714 2 2 0
48.6316 0.285714 0.285714 2 2 0
48.1316 0.285714 0.285714 2 2 0
47.6316 0.285714 0.285714 2 2 0
47.1316 0.285714 0.285714 2 2 0
46.6316 0.285714 0.285714 2 2 0
46.1316 0.285714 0.285714 2 2 0
45.6316 0.285714 0.285714 2 2 0
45.1316 0.285714 0.285714 2 2 0
44.6316 0.285714 0.285714 2 2 0
44.1316 0.285714 0.285714 2 2 0
43.6316 0.285714 0.285714 2 2 0
43.1316 0.285714 0.285714 2 2 0
42.6316 0.285714 0.285714 2 2 0
42.1316 0.285714 0.285714 2 2 0
41.6316 0.285714 0.285714 2 2 0
41.1316 0.285714 0.285714 2 2 0
40.6316 0.285714 0.285714 2 2 0
40.1316 0.285714 0.285714 2 2 0
39.6316 0.285714 0.285714 2 2 0
39.1316 0.285714 0.285714 2 2 0
38.6316 0.285714 0.285714 2 2 0
38.1316 0.285714 0.285714 2 2 0
37.6316 0.285714 0.285714 2 2 0
37.1316 0.285714 0.285714 2 2 0
36.6316 0.285714 0.285714 2 2 0
36.1316 0.285714 0.285714 2 2 0
35.6316 0.285714 0.285714 2 2 0
35.1316 0.285714 0.285714 2 2 0
34.6316 0.285714 0.285714 2 2 0
34.1317 0.285714 0.285714 2 2 0
33.6317 0.285714 0.285714 2 2 0
33.1317 0.285714 0.285714 2 2 0
32.6317 0.285714 0.285714 2 2 0
32.1317 0.285714 0.285714 2 2 0
31.6317 0.285714 0.285714 2 2 0
31.1317 0.285714 0.285714 2 2 0
30.6317 0.285714 0.285714 2 2 0
30.1317 0.285714 0.285714 2 2 0
29.6317 0.285714 0.285714 2 2 0
29.1317 0.285714 0.285714 2 2 0
28.6317 0.285714 0.285714 2 2 0
28.1317 0.285714 0.285714 2 2 0
27.6317 0.285714 0.285714 2 2 0
27.1317 0.285714 0.285714 2 2 0
26.6317 0.285714 0.285714 2 2 0
26.1317 0.285714 0.285714 2 2 0
25.6317 0.285714 0.285714 2 2 0
25.1317 0.285714 0.285714 2 2 0
24.6317 0.285714 0.285714 2 2 0
24.1317 0.285714 0.285714 2 2 0
23.6317 0.285714 0.285714 2 2 0
23.1318 0.285714 0.285714 2 2 0
22.6318 0.285714 0.285714 2 2 0
22.1318 0.285714 0.285714 2 2 0
21.6318 0.285714 0.285714 2 2 0
21.1318 0.285714 0.285714 2 2 0
20.6318 0.285714 0.285714 2 2 0
20.1318 0.285714 0.285714 2 2 0
19.6318 0.285714 0.285714 2 2 0
19.1318 0.285714 0.285714 2 2 0
18.6318 0.285714 0.285714 2 2 0
18.1318 0.285714 0.285714 2 2 0
17.6318 0.285714 0.285714 2 2 0
17.1318 0.285714 0.285714 2 2 0
16.6319 0.285714 0.285714 2 2 0
16.1319 0.285714 0.285714 2 2 0
15.6319 0.285714 0.285714 2 2 0
15.1319 0.285714 0.285714 2 2 0
14.6319 0.285714 0.285714 2 2 0
14.1319 0.285714 0.285714 2 2 0
13.6319 0.285714 0.285714 2 2 0
13.1319 0.285714 0.285714 2 2 0
12.632 0.285714 0.285714 2 2 0
12.132 0.285714 0.285714 2 2 0
11.632 0.285714 0.285714 2 2 0
11.132 0.285714 0.285714 2 2 0
10.632 0.285714 0.285714 2 2 0
10.132 0.285714 0.285714 2 2 0
9.63207 0.285714 0.285714 2 2 0
9.13209 0.285714 0.285714 2 2 0
8.63211 0.285714 0.285714 2 2 0
8.13213 0.285714 0.285714 2 2 0
7.63215 0.285714 0.285714 2 2 0
7.13218 0.285714 0.285714 2 2 0
6.63221 0.285714 0.285714 2 2 0
6.13223 0.285714 0.285714 2 2 0
5.63226 0.285714 0.285714 2 2 0
5.1323 0.285714 0.285714 2 2 0
4.63233 0.285714 0.285714 2 2 0
4.13236 0.285714 0.285714 2 2 0
3.6324 0.285714 0.285714 2 2 0
3.13244 0.285714 0.285714 2 2 0
2.63248 0.285714 0.285714 2 2 0
2.13252 0.285714 0.285714 2 2 0
1.63257 0.285714 0.285714 2 2 0
1.13262 0.285714 0.285714 2 2 0
0.63267 0.285714 0.285714 2 2 0
0.132725 0.285714 0.285714 2 2 0
-0.367217 0.285714 0.285714 2 2 0
72.1208 0.285714 0.285714 2 2 0
75.9368 0.285714 0.285714 2 2 0
75.9424 0.285714 0.285714 1 2 0
75.9452 0.285714 0.285714 1 2 0
75.9503 0.285714 0.285714 1 2 0
75.9603 0.285714 0.285714 1 2 0
75.9803 0.285714 0.285714 1 2 0
76.0203 0.285714 0.285714 1 2 0
76.1003 0.285714 0.285714 1 2 0
76.2603 0.285714 0.285714 1 2 0
76.5803 0.285714 0.285714 1 2 0
77.0803 0.285714 0.285714 1 2 0
77.5803 0.285714 0.285714 1 2 0
78.0803 0.285714 0.285714 1 2 0
78.5803 0.285714 0.285714 1 2 0
79.0803 0.285714 0.285714 1 2 0
79.5803 0.285714 0.285714 1 2 0
80.0803 0.285714 0.285714 1 2 0
80.5803 0.285714 0.285714 1 2 0
81.0803 0.285714 0.285714 1 2 0
81.5803 0.285714 0.285714 1 2 0
82.0803 0.285714 0.285714 1 2 0
82.5803 0.285714 0.285714 1 2 0
83.0803 0.285714 0.285714 1 2 0
83.5803 0.285714 0.285714 1 2 0
84.0803 0.285714 0.285714 1 2 0
84.5803 0.285714 0.285714 1 2 0
85.0803 0.285714 0.285714 1 2 0
85.5803 0.285714 0.285714 1 2 0
86.0803 0.285714 0.285714 1 2 0
86.5803 0.285714 0.285714 1 2 0
87.0803 0.285714 0.285714 1 2 0
87.5803 0.285714 0.285714 1 2 0
88.0803 0.285714 0.285714 1 2 0
88.5803 0.285714 0.285714 1 2 0
89.0803 0.285714 0.285714 1 2 0
89.5803 0.285714 0.285714 1 2 0
90.0803 0.285714 0.285714 1 2 0
90.5803 0.285714 0.285714 1 2 0
91.0803 0.285714 0.285714 1 2 0
91.5803 0.285714 0.285714 1 2 0
92.0803 0.285714 0.285714 1 2 0
92.5803 0.285714 0.285714 1 2 0
93.0803 0.285714 0.285714 1 2 0
93.5803 0.285714 0.285714 1 2 0
94.0803 0.285714 0.285714 1 2 0
94.5803 0.285714 0.285714 1 2 0
95.0803 0.285714 0.285714 1 2 0
95.5803 0.285714 0.285714 1 2 0
96.0803 0.285714 0.285714 1 2 0
96.5803 0.285714 0.285714 1 2 0
97.0803 0.285714 0.285714 1 2 0
97.5803 0.285714 0.285714 1 2 0
98.0803 0.285714 0.285714 1 2 0
98.5803 0.285714 0.285714 1 2 0
99.0803 0.285714 0.285714 1 2 0
99.5803 0.285714 0.285714 1 2 0
100.08 0.285714 0.285714 1 2 0
100.58 0.285714 0.285714 1 2 0
101.08 0.285714 0.285714 1 2 0
101.58 0.285714 0.285714 1 2 0
102.08 0.285714 0.285714 1 2 0
102.58 0.285714 0.285714 1 2 0
103.08 0.285714 0.285714 1 2 0
103.58 0.285714 0.285714 1 2 0
104.08 0.285714 0.285714 1 2 0
104.58 0.285714 0.285714 1 2 0
105.08 0.285714 0.285714 1 2 0
105.58 0.285714 0.285714 1 2 0
106.08 0.285714 0.285714 1 2 0
106.58 0.285714 0.285714 1 2 0
107.08 0.285714 0.285714 1 2 0
107.58 0.285714 0.285714 1 2 0
108.08 0.285714 0.285714 1 2 0
108.58 0.285714 0.285714 1 2 0
109.08 0.285714 0.285714 1 2 0
109.58 0.285714 0.285714 1 2 0
110.08 0.285714 0.285714 1 2 0
110.58 0.285714 0.285714 1 2 0
111.08 0.285714 0.285714 1 2 0
111.58 0.285714 0.285714 1 2 0
112.08 0.285714 0.285714 1 2 0
112.58 0.285714 0.285714 1 2 0
113.08 0.285714 0.285714 1 2 0
113.58 0.285714 0.285714 1 2 0
114.08 0.285714 0.285714 1 2 0
114.58 0.285714 0.285714 1 2 0
115.08 0.285714 0.285714 1 2 0
115.58 0.285714 0.285714 1 2 0
116.08 0.285714 0.285714 1 2 0
116.58 0.285714 0.285714 1 2 0
117.08 0.285714 0.285714 1 2 0
117.58 0.285714 0.285714 1 2 0
118.08 0.285714 0.285714 1 2 0
118.58 0.285714 0.285714 1 2 0
119.08 0.285714 0.285714 1 2 0
119.58 0.285714 0.285714 1 2 0
120.08 0.285714 0.285714 1 2 0
120.58 0.285714 0.285714 1 2 0
121.08 0.285714 0.285714 1 2 0
121.58 0.285714 0.285714 1 2 0
122.08 0.285714 0.285714 1 2 0
122.58 0.285714 0.285714 1 2 0
123.08 0.285714 0.285714 1 2 0
123.58 0.285714 0.285714 1 2 0
124.08 0.285714 0.285714 1 2 0
124.58 0.285714 0.285714 1 2 0
125.08 0.285714 0.285714 1 2 0
125.58 0.285714 0.285714 1 2 0
126.08 0.285714 0.285714 1 2 0
126.58 0.285714 0.285714 1 2 0
127.08 0.285714 0.285714 1 2 0
127.58 0.285714 0.285714 1 2 0
128.08 0.285714 0.285714 1 2 0
128.58 0.285714 0.285714 1 2 0
129.08 0.285714 0.285714 1 2 0
129.58 0.285714 0.285714 1 2 0
130.08 0.285714 0.285714 1 2 0
130.58 0.285714 0.285714 1 2 0
131.08 0.285714 0.285714 1 2 0
131.58 0.285714 0.285714 1 2 0
132.08 0.285714 0.285714 1 2 0
132.58 0.285714 0.285714 1 2 0
133.08 0.285714 0.285714 1 2 0
133.58 0.285714 0.285714 1 2 0
134.08 0.285714 0.285714 1 2 0
134.58 0.285714 0.285714 1 2 0
135.08 0.285714 0.285714 1 2 0
135.58 0.285714 0.285714 1 2 0
136.08 0.285714 0.285714 1 2 0
136.58 0.285714 0.285714 1 2 0
137.08 0.285714 0.285714 1 2 0
137.58 0.285714 0.285714 1 2 0
138.08 0.285714 0.285714 1 2 0
138.58 0.285714 0.285714 1 2 0
139.08 0.285714 0.285714 1 2 0
139.58 0.285714 0.285714 1 2 0
140.08 0.285714 0.285714 1 2 0
140.58 0.285714 0.285714 1 2 0
141.08 0.285714 0.285714 1 2 0
141.58 0.285714 0.285714 1 2 0
142.08 0.285714 0.285714 1 2 0
142.58 0.285714 0.285714 1 2 0
143.08 0.285714 0.285714 1 2 0
143.58 0.285714 0.285714 1 2 0
144.08 0.285714 0.285714 1 2 0
144.58 0.285714 0.285714 1 2 0
145.08 0.285714 0.285714 1 2 0
145.58 0.285714 0.285714 1 2 0
146.08 0.285714 0.285714 1 2 0
146.58 0.285714 0.285714 1 2 0
147.08 0.285714 0.285714 1 2 0
147.58 0.285714 0.285714 1 2 0
148.08 0.285714 0.285714 1 2 0
148.58 0.285714 0.285714 1 2 0
149.08 0.285714 0.285714 1 2 0
149.58 0.285714 0.285714 1 2 0
150.08 0.285714 0.285714 1 2 0
150.58 0.285714 0.285714 1 2 0
151.08 0.285714 0.285714 1 2 0
151.58 0.285714 0.285714 1 2 0
152.08 0.285714 0.285714 1 2 0
152.58 0.285714 0.285714 1 2 0
153.08 0.285714 0.285714 1 2 0
153.58 0.285714 0.285714 1 2 0
154.08 0.285714 0.285714 1 2 0
154.58 0.285714 0.285714 1 2 0
155.08 0.285714 0.285714 1 2 0
155.58 0.285714 0.285714 1 2 0
156.08 0.285714 0.285714 1 2 0
156.58 0.285714 0.285714 1 2 0
157.08 0.285714 0.285714 1 2 0
157.58 0.285714 0.285714 1 2 0
158.08 0.285714 0.285714 1 2 0
158.58 0.285714 0.285714 1 2 0
159.08 0.285714 0.285714 1 2 0
159.58 0.285714 0.285714 1 2 0
160.08 0.285714 0.285714 1 2 0
160.58 0.285714 0.285714 1 2 0
161.08 0.285714 0.285714 1 2 0
161.58 0.285714 0.285714 1 2 0
162.08 0.285714 0.285714 1 2 0
162.58 0.285714 0.285714 1 2 0
163.08 0.285714 0.285714 1 2 0
163.58 0.285714 0.285714 1 2 0
164.08 0.285714 0.285714 1 2 0
164.58 0.285714 0.285714 1 2 0
165.08 0.285714 0.285714 1 2 0
165.58 0.285714 0.285714 1 2 0
166.08 0.285714 0.285714 1 2 0
166.58 0.285714 0.285714 1 2 0
167.08 0.285714 0.285714 1 2 0
167.58 0.285714 0.285714 1 2 0
168.08 0.285714 0.285714 1 2 0
168.58 0.285714 0.285714 1 2 0
169.08 0.285714 0.285714 1 2 0
169.58 0.285714 0.285714 1 2 0
170.08 0.285714 0.285714 1 2 0
170.58 0.285714 0.285714 1 2 0
171.08 0.285714 0.285714 1 2 0
147.619 0.727167 0.727167 2 1 0
147.659 0.727371 0.727371 2 1 0
147.699 0.727576 0.727576 2 1 0
147.779 0.727984 0.727984 2 1 0
147.939 0.7288 0.7288 2 1 0
148.259 0.730427 0.730427 2 1 0
148.759 0.732957 0.732957 2 1 0
149.259 0.735472 0.735472 2 1 0
149.759 0.73797 0.73797 2 1 0
150.259 0.740453 0.740453 2 1 0
150.759 0.742921 0.742921 2 1 0
151.259 0.745373 0.745373 2 1 0
151.759 0.747809 0.747809 2 1 0
152.259 0.750229 0.750229 2 1 0
152.759 0.752633 0.752633 2 1 0
153.259 0.755022 0.755022 2 1 0
153.759 0.757394 0.757394 2 1 0
154.259 0.759751 0.759751 2 1 0
154.759 0.762091 0.762091 2 1 0
155.259 0.764415 0.764415 2 1 0
155.759 0.766723 0.766723 2 1 0
156.259 0.769016 0.769016 2 1 0
156.759 0.771292 0.771292 2 1 0
157.259 0.773551 0.773551 2 1 0
157.759 0.775795 0.775795 2 1 0
158.259 0.778022 0.778022 2 1 0
158.759 0.780234 0.780234 2 1 0
159.259 0.782429 0.782429 2 1 0
159.759 0.784608 0.784608 2 1 0
160.259 0.78677 0.78677 2 1 0
160.759 0.788917 0.788917 2 1 0
161.259 0.791047 0.791047 2 1 0
161.759 0.793161 0.793161 2 1 0
162.259 0.795259 0.795259 2 1 0
162.759 0.79734 0.79734 2 1 0
163.259 0.799406 0.799406 2 1 0
163.759 0.801455 0.801455 2 1 0
164.259 0.803489 0.803489 2 1 0
164.759 0.805506 0.805506 2 1 0
165.259 0.807507 0.807507 2 1 0
165.759 0.809492 0.809492 2 1 0
166.259 0.811461 0.811461 2 1 0
166.759 0.813415 0.813415 2 1 0
167.259 0.815352 0.815352 2 1 0
167.759 0.817273 0.817273 2 1 0
168.259 0.819179 0.819179 2 1 0
168.759 0.821068 0.821068 2 1 0
169.259 0.822942 0.822942 2 1 0
169.759 0.8248 0.8248 2 1 0
170.259 0.826643 0.826643 2 1 0
170.759 0.82847 0.82847 2 1 0
171.259 0.830281 0.830281 2 1 0
171.759 0.832076 0.832076 2 1 0
172.259 0.833857 0.833857 2 1 0
172.759 0.835622 0.835622 2 1 0
173.259 0.837371 0.837371 2 1 0
173.759 0.839105 0.839105 2 1 0
174.259 0.840824 0.840824 2 1 0
174.759 0.842528 0.842528 2 1 0
175.259 0.844216 0.844216 2 1 0
175.759 0.84589 0.84589 2 1 0
176.259 0.847548 0.847548 2 1 0
176.759 0.849192 0.849192 2 1 0
177.259 0.850821 0.850821 2 1 0
177.759 0.852435 0.852435 2 1 0
178.259 0.854034 0.854034 2 1 0
178.759 0.855619 0.855619 2 1 0
179.259 0.857189 0.857189 2 1 0
179.759 0.858744 0.858744 2 1 0
180.259 0.860286 0.860286 2 1 0
180.759 0.861812 0.861812 2 1 0
181.259 0.863325 0.863325 2 1 0
181.759 0.864823 0.864823 2 1 0
182.259 0.866308 0.866308 2 1 0
182.759 0.867778 0.867778 2 1 0
183.259 0.869234 0.869234 2 1 0
183.759 0.870677 0.870677 2 1 0
184.259 0.872105 0.872105 2 1 0
184.759 0.87352 0.87352 2 1 0
185.259 0.874922 0.874922 2 1 0
185.759 0.876309 0.876309 2 1 0
186.259 0.877684 0.877684 2 1 0
186.759 0.879045 0.879045 2 1 0
187.259 0.880393 0.880393 2 1 0
187.759 0.881727 0.881727 2 1 0
188.259 0.883049 0.883049 2 1 0
188.759 0.884357 0.884357 2 1 0
189.259 0.885653 0.885653 2 1 0
189.759 0.886935 0.886935 2 1 0
190.259 0.888205 0.888205 2 1 0
190.759 0.889462 0.889462 2 1 0
191.259 0.890707 0.890707 2 1 0
191.759 0.891939 0.891939 2 1 0
192.259 0.893159 0.893159 2 1 0
192.759 0.894367 0.894367 2 1 0
193.259 0.895562 0.895562 2 1 0
193.759 0.896745 0.896745 2 1 0
194.259 0.897916 0.897916 2 1 0
194.759 0.899076 0.899076 2 1 0
195.259 0.900223 0.900223 2 1 0
195.759 0.901359 0.901359 2 1 0
196.259 0.902482 0.902482 2 1 0
196.759 0.903595 0.903595 2 1 0
197.259 0.904696 0.904696 2 1 0
197.759 0.905785 0.905785 2 1 0
198.259 0.906863 0.906863 2 1 0
198.759 0.90793 0.90793 2 1 0
199.259 0.908986 0.908986 2 1 0
199.759 0.910031 0.910031 2 1 0
200.259 0.911064 0.911064 2 1 0
200.759 0.912087 0.912087 2 1 0
201.259 0.9131 0.9131 2 1 0
201.759 0.914101 0.914101 2 1 0
202.259 0.915092 0.915092 2 1 0
202.759 0.916072 0.916072 2 1 0
203.259 0.917042 0.917042 2 1 0
203.759 0.918002 0.918002 2 1 0
204.259 0.918951 0.918951 2 1 0
204.759 0.919891 0.919891 2 1 0
205.259 0.92082 0.92082 2 1 0
205.759 0.921739 0.921739 2 1 0
206.259 0.922649 0.922649 2 1 0
206.759 0.923548 0.923548 2 1 0
207.259 0.924438 0.924438 2 1 0
207.759 0.925318 0.925318 2 1 0
208.259 0.926189 0.926189 2 1 0
208.759 0.92705 0.92705 2 1 0
209.259 0.927902 0.927902 2 1 0
209.759 0.928745 0.928745 2 1 0
210.259 0.929578 0.929578 2 1 0
210.759 0.930403 0.930403 2 1 0
211.259 0.931218 0.931218 2 1 0
211.759 0.932024 0.932024 2 1 0
212.259 0.932822 0.932822 2 1 0
212.759 0.933611 0.933611 2 1 0
213.259 0.934391 0.934391 2 1 0
213.759 0.935162 0.935162 2 1 0
214.259 0.935925 0.935925 2 1 0
214.759 0.936679 0.936679 2 1 0
215.259 0.937426 0.937426 2 1 0
215.759 0.938163 0.938163 2 1 0
216.259 0.938893 0.938893 2 1 0
216.759 0.939614 0.939614 2 1 0
217.259 0.940328 0.940328 2 1 0
217.759 0.941033 0.941033 2 1 0
218.259 0.941731 0.941731 2 1 0
218.759 0.942421 0.942421 2 1 0
219.259 0.943103 0.943103 2 1 0
219.759 0.943777 0.943777 2 1 0
220.259 0.944444 0.944444 2 1 0
220.759 0.945103 0.945103 2 1 0
221.259 0.945755 0.945755 2 1 0
221.759 0.946399 0.946399 2 1 0
222.259 0.947036 0.947036 2 1 0
222.759 0.947666 0.947666 2 1 0
223.259 0.948289 0.948289 2 1 0
223.759 0.948905 0.948905 2 1 0
224.259 0.949514 0.949514 2 1 0
224.759 0.950116 0.950116 2 1 0
225.259 0.950711 0.950711 2 1 0
225.759 0.951299 0.951299 2 1 0
226.259 0.95188 0.95188 2 1 0
226.759 0.952455 0.952455 2 1 0
227.259 0.953023 0.953023 2 1 0
227.759 0.953585 0.953585 2 1 0
228.259 0.95414 0.95414 2 1 0
228.759 0.954689 0.954689 2 1 0
229.259 0.955232 0.955232 2 1 0
229.759 0.955768 0.955768 2 1 0
230.259 0.956298 0.956298 2 1 0
230.759 0.956822 0.956822 2 1 0
231.259 0.957341 0.957341 2 1 0
231.759 0.957853 0.957853 2 1 0
232.259 0.958359 0.958359 2 1 0
232.759 0.958859 0.958859 2 1 0
233.259 0.959354 0.959354 2 1 0
233.759 0.959842 0.959842 2 1 0
234.259 0.960325 0.960325 2 1 0
234.759 0.960803 0.960803 2 1 0
235.259 0.961275 0.961275 2 1 0
235.759 0.961741 0.961741 2 1 0
236.259 0.962202 0.962202 2 1 0
236.759 0.962658 0.962658 2 1 0
237.259 0.963108 0.963108 2 1 0
237.759 0.963553 0.963553 2 1 0
238.259 0.963993 0.963993 2 1 0
238.759 0.964428 0.964428 2 1 0
239.259 0.964857 0.964857 2 1 0
239.759 0.965282 0.965282 2 1 0
240.259 0.965702 0.965702 2 1 0
240.759 0.966116 0.966116 2 1 0
241.259 0.966526 0.966526 2 1 0
241.759 0.966931 0.966931 2 1 0
242.259 0.967331 0.967331 2 1 0
242.759 0.967727 0.967727 2 1 0
243.259 0.968118 0.968118 2 1 0
243.759 0.968504 0.968504 2 1 0
244.259 0.968886 0.968886 2 1 0
244.759 0.969263 0.969263 2 1 0
245.259 0.969636 0.969636 2 1 0
245.259 0.969636 0.969636 2 1 0
245.299 0.969665 0.969665 2 1 0
245.339 0.969695 0.969695 2 1 0
245.419 0.969754 0.969754 2 1 0
245.579 0.969872 0.969872 2 1 0
245.899 0.970106 0.970106 2 1 0
246.399 0.970469 0.970469 2 1 0
246.899 0.970828 0.970828 2 1 0
247.399 0.971182 0.971182 2 1 0
247.899 0.971532 0.971532 2 1 0
248.399 0.971878 0.971878 2 1 0
248.899 0.97222 0.97222 2 1 0
249.399 0.972558 0.972558 2 1 0
249.899 0.972891 0.972891 2 1 0
250.399 0.973221 0.973221 2 1 0
250.899 0.973547 0.973547 2 1 0
251.399 0.973869 0.973869 2 1 0
251.899 0.974187 0.974187 2 1 0
252.399 0.974501 0.974501 2 1 0
252.899 0.974812 0.974812 2 1 0
253.399 0.975119 0.975119 2 1 0
253.899 0.975422 0.975422 2 1 0
254.399 0.975722 0.975722 2 1 0
254.899 0.976018 0.976018 2 1 0
255.399 0.97631 0.97631 2 1 0
255.899 0.976599 0.976599 2 1 0
256.399 0.976885 0.976885 2 1 0
256.899 0.977167 0.977167 2 1 0
257.399 0.977446 0.977446 2 1 0
257.899 0.977721 0.977721 2 1 0
258.399 0.977993 0.977993 2 1 0
258.899 0.978262 0.978262 2 1 0
259.399 0.978528 0.978528 2 1 0
259.899 0.97879 0.97879 2 1 0
260.399 0.979049 0.979049 2 1 0
260.899 0.979305 0.979305 2 1 0
261.399 0.979559 0.979559 2 1 0
261.899 0.979809 0.979809 2 1 0
262.399 0.980056 0.980056 2 1 0
262.899 0.9803 0.9803 2 1 0
263.399 0.980541 0.980541 2 1 0
263.899 0.980779 0.980779 2 1 0
264.399 0.981014 0.981014 2 1 0
264.899 0.981247 0.981247 2 1 0
265.399 0.981477 0.981477 2 1 0
265.899 0.981704 0.981704 2 1 0
266.399 0.981928 0.981928 2 1 0
266.899 0.982149 0.982149 2 1 0
267.399 0.982368 0.982368 2 1 0
267.899 0.982584 0.982584 2 1 0
268.399 0.982798 0.982798 2 1 0
268.899 0.983009 0.983009 2 1 0
269.399 0.983217 0.983217 2 1 0
269.899 0.983423 0.983423 2 1 0
270.399 0.983626 0.983626 2 1 0
270.899 0.983827 0.983827 2 1 0
271.399 0.984026 0.984026 2 1 0
271.899 0.984222 0.984222 2 1 0
272.399 0.984416 0.984416 2 1 0
272.899 0.984607 0.984607 2 1 0
273.399 0.984796 0.984796 2 1 0
273.899 0.984983 0.984983 2 1 0
274.399 0.985167 0.985167 2 1 0
274.899 0.98535 0.98535 2 1 0
275.399 0.98553 0.98553 2 1 0
275.899 0.985708 0.985708 2 1 0
276.399 0.985883 0.985883 2 1 0
276.899 0.986057 0.986057 2 1 0
277.399 0.986228 0.986228 2 1 0
277.899 0.986398 0.986398 2 1 0
278.399 0.986565 0.986565 2 1 0
278.899 0.98673 0.98673 2 1 0
279.399 0.986893 0.986893 2 1 0
279.899 0.987055 0.987055 2 1 0
280.399 0.987214 0.987214 2 1 0
280.899 0.987371 0.987371 2 1 0
281.399 0.987527 0.987527 2 1 0
281.899 0.98768 0.98768 2 1 0
282.399 0.987832 0.987832 2 1 0
282.899 0.987982 0.987982 2 1 0
283.399 0.98813 0.98813 2 1 0
283.899 0.988276 0.988276 2 1 0
284.399 0.98842 0.98842 2 1 0
284.899 0.988563 0.988563 2 1 0
285.399 0.988704 0.988704 2 1 0
285.899 0.988843 0.988843 2 1 0
286.399 0.988981 0.988981 2 1 0
286.899 0.989116 0.989116 2 1 0
287.399 0.989251 0.989251 2 1 0
287.899 0.989383 0.989383 2 1 0
288.399 0.989514 0.989514 2 1 0
288.899 0.989643 0.989643 2 1 0
289.399 0.989771 0.989771 2 1 0
289.899 0.989897 0.989897 2 1 0
290.399 0.990022 0.990022 2 1 0
290.899 0.990145 0.990145 2 1 0
291.399 0.990266 0.990266 2 1 0
291.899 0.990386 0.990386 2 1 0
292.399 0.990505 0.990505 2 1 0
292.899 0.990622 0.990622 2 1 0
293.399 0.990738 0.990738 2 1 0
293.899 0.990852 0.990852 2 1 0
294.399 0.990965 0.990965 2 1 0
294.899 0.991077 0.991077 2 1 0
295.399 0.991187 0.991187 2 1 0
295.899 0.991296 0.991296 2 1 0
296.399 0.991403 0.991403 2 1 0
296.899 0.991509 0.991509 2 1 0
297.399 0.991614 0.991614 2 1 0
297.899 0.991718 0.991718 2 1 0
298.399 0.99182 0.99182 2 1 0
298.899 0.991921 0.991921 2 1 0
299.399 0.992021 0.992021 2 1 0
299.899 0.992119 0.992119 2 1 0
300.399 0.992217 0.992217 2 1 0
300.899 0.992313 0.992313 2 1 0
301.399 0.992408 0.992408 2 1 0
301.899 0.992502 0.992502 2 1 0
302.399 0.992594 0.992594 2 1 0
302.899 0.992686 0.992686 2 1 0
303.399 0.992776 0.992776 2 1 0
303.899 0.992866 0.992866 2 1 0
304.399 0.992954 0.992954 2 1 0
304.899 0.993041 0.993041 2 1 0
305.399 0.993127 0.993127 2 1 0
305.899 0.993212 0.993212 2 1 0
306.399 0.993296 0.993296 2 1 0
306.899 0.993379 0.993379 2 1 0
307.399 0.993461 0.993461 2 1 0
307.899 0.993541 0.993541 2 1 0
308.399 0.993621 0.993621 2 1 0
308.899 0.9937 0.9937 2 1 0
309.399 0.993778 0.993778 2 1 0
309.899 0.993855 0.993855 2 1 0
310.399 0.993931 0.993931 2 1 0
310.899 0.994006 0.994006 2 1 0
311.399 0.99408 0.99408 2 1 0
311.899 0.994154 0.994154 2 1 0
312.399 0.994226 0.994226 2 1 0
312.899 0.994297 0.994297 2 1 0
313.399 0.994368 0.994368 2 1 0
313.899 0.994438 0.994438 2 1 0
314.399 0.994506 0.994506 2 1 0
314.899 0.994574 0.994574 2 1 0
315.399 0.994642 0.994642 2 1 0
315.899 0.994708 0.994708 2 1 0
316.399 0.994773 0.994773 2 1 0
316.899 0.994838 0.994838 2 1 0
317.399 0.994902 0.994902 2 1 0
317.899 0.994965 0.994965 2 1 0
318.399 0.995027 0.995027 2 1 0
318.899 0.995089 0.995089 2 1 0
319.399 0.99515 0.99515 2 1 0
319.899 0.99521 0.99521 2 1 0
320.399 0.995269 0.995269 2 1 0
320.899 0.995328 0.995328 2 1 0
321.399 0.995386 0.995386 2 1 0
321.899 0.995443 0.995443 2 1 0
322.399 0.995499 0.995499 2 1 0
322.899 0.995555 0.995555 2 1 0
323.399 0.99561 0.99561 2 1 0
323.899 0.995664 0.995664 2 1 0
324.399 0.995718 0.995718 2 1 0
324.899 0.995771 0.995771 2 1 0
325.399 0.995823 0.995823 2 1 0
325.899 0.995875 0.995875 2 1 0
326.399 0.995926 0.995926 2 1 0
326.899 0.995977 0.995977 2 1 0
327.399 0.996027 0.996027 2 1 0
327.899 0.996076 0.996076 2 1 0
328.399 0.996124 0.996124 2 1 0
328.899 0.996173 0.996173 2 1 0
329.399 0.99622 0.99622 2 1 0
329.899 0.996267 0.996267 2 1 0
330.399 0.996313 0.996313 2 1 0
330.899 0.996359 0.996359 2 1 0
331.399 0.996404 0.996404 2 1 0
331.899 0.996448 0.996448 2 1 0
332.399 0.996492 0.996492 2 1 0
332.899 0.996536 0.996536 2 1 0
333.399 0.996579 0.996579 2 1 0
333.899 0.996621 0.996621 2 1 0
334.399 0.996663 0.996663 2 1 0
334.899 0.996704 0.996704 2 1 0
335.399 0.996745 0.996745 2 1 0
335.899 0.996786 0.996786 2 1 0
336.399 0.996826 0.996826 2 1 0
336.899 0.996865 0.996865 2 1 0
337.399 0.996904 0.996904 2 1 0
337.899 0.996942 0.996942 2 1 0
338.399 0.99698 0.99698 2 1 0
338.899 0.997017 0.997017 2 1 0
339.399 0.997054 0.997054 2 1 0
339.899 0.997091 0.997091 2 1 0
340.399 0.997127 0.997127 2 1 0
340.899 0.997163 0.997163 2 1 0
341.399 0.997198 0.997198 2 1 0
341.899 0.997233 0.997233 2 1 0
342.399 0.997267 0.997267 2 1 0
342.899 0.997301 0.997301 2 1 0
342.899 0.997301 0.997301 2 1 0
342.939 0.997304 0.997304 2 1 0
342.979 0.997306 0.997306 2 1 0
343.059 0.997312 0.997312 2 1 0
343.219 0.997322 0.997322 2 1 0
343.539 0.997344 0.997344 2 1 0
344.039 0.997377 0.997377 2 1 0
344.539 0.997409 0.997409 2 1 0
345.039 0.997441 0.997441 2 1 0
345.539 0.997473 0.997473 2 1 0
346.039 0.997504 0.997504 2 1 0
346.539 0.997535 0.997535 2 1 0
347.039 0.997566 0.997566 2 1 0
347.539 0.997596 0.997596 2 1 0
348.039 0.997626 0.997626 2 1 0
348.539 0.997655 0.997655 2 1 0
349.039 0.997684 0.997684 2 1 0
349.539 0.997713 0.997713 2 1 0
350.039 0.997741 0.997741 2 1 0
350.539 0.997769 0.997769 2 1 0
351.039 0.997797 0.997797 2 1 0
351.539 0.997824 0.997824 2 1 0
352.039 0.997851 0.997851 2 1 0
352.539 0.997878 0.997878 2 1 0
353.039 0.997904 0.997904 2 1 0
353.539 0.99793 0.99793 2 1 0
354.039 0.997956 0.997956 2 1 0
354.539 0.997981 0.997981 2 1 0
355.039 0.998006 0.998006 2 1 0
355.539 0.998031 0.998031 2 1 0
356.039 0.998056 0.998056 2 1 0
356.539 0.99808 0.99808 2 1 0
357.039 0.998104 0.998104 2 1 0
357.539 0.998127 0.998127 2 1 0
358.039 0.99815 0.99815 2 1 0
358.539 0.998173 0.998173 2 1 0
359.039 0.998196 0.998196 2 1 0
359.539 0.998218 0.998218 2 1 0
360.039 0.99824 0.99824 2 1 0
360.539 0.998262 0.998262 2 1 0
361.039 0.998284 0.998284 2 1 0
361.539 0.998305 0.998305 2 1 0
362.039 0.998326 0.998326 2 1 0
362.539 0.998347 0.998347 2 1 0
363.039 0.998367 0.998367 2 1 0
363.539 0.998388 0.998388 2 1 0
364.039 0.998408 0.998408 2 1 0
364.539 0.998428 0.998428 2 1 0
365.039 0.998447 0.998447 2 1 0
365.539 0.998466 0.998466 2 1 0
366.039 0.998485 0.998485 2 1 0
366.539 0.998504 0.998504 2 1 0
367.039 0.998523 0.998523 2 1 0
367.539 0.998541 0.998541 2 1 0
368.039 0.998559 0.998559 2 1 0
368.539 0.998577 0.998577 2 1 0
369.039 0.998595 0.998595 2 1 0
369.539 0.998612 0.998612 2 1 0
370.039 0.998629 0.998629 2 1 0
370.539 0.998646 0.998646 2 1 0
371.039 0.998663 0.998663 2 1 0
371.539 0.99868 0.99868 2 1 0
372.039 0.998696 0.998696 2 1 0
372.539 0.998712 0.998712 2 1 0
373.039 0.998728 0.998728 2 1 0
373.539 0.998744 0.998744 2 1 0
374.039 0.99876 0.99876 2 1 0
374.539 0.998775 0.998775 2 1 0
375.039 0.99879 0.99879 2 1 0
375.539 0.998805 0.998805 2 1 0
376.039 0.99882 0.99882 2 1 0
376.539 0.998835 0.998835 2 1 0
377.039 0.998849 0.998849 2 1 0
377.539 0.998864 0.998864 2 1 0
378.039 0.998878 0.998878 2 1 0
378.539 0.998892 0.998892 2 1 0
379.039 0.998905 0.998905 2 1 0
379.539 0.998919 0.998919 2 1 0
380.039 0.998932 0.998932 2 1 0
380.539 0.998946 0.998946 2 1 0
381.039 0.998959 0.998959 2 1 0
381.539 0.998972 0.998972 2 1 0
382.039 0.998984 0.998984 2 1 0
382.539 0.998997 0.998997 2 1 0
383.039 0.999009 0.999009 2 1 0
383.539 0.999022 0.999022 2 1 0
384.039 0.999034 0.999034 2 1 0
384.539 0.999046 0.999046 2 1 0
385.039 0.999058 0.999058 2 1 0
385.539 0.999069 0.999069 2 1 0
386.039 0.999081 0.999081 2 1 0
386.539 0.999092 0.999092 2 1 0
387.039 0.999104 0.999104 2 1 0
387.539 0.999115 0.999115 2 1 0
388.039 0.999126 0.999126 2 1 0
388.539 0.999137 0.999137 2 1 0
389.039 0.999147 0.999147 2 1 0
389.539 0.999158 0.999158 2 1 0
390.039 0.999168 0.999168 2 1 0
390.539 0.999179 0.999179 2 1 0
391.039 0.999189 0.999189 2 1 0
391.539 0.999199 0.999199 2 1 0
392.039 0.999209 0.999209 2 1 0
392.539 0.999219 0.999219 2 1 0
393.039 0.999228 0.999228 2 1 0
393.539 0.999238 0.999238 2 1 0
394.039 0.999247 0.999247 2 1 0
394.539 0.999257 0.999257 2 1 0
395.039 0.999266 0.999266 2 1 0
395.539 0.999275 0.999275 2 1 0
396.039 0.999284 0.999284 2 1 0
396.539 0.999293 0.999293 2 1 0
397.039 0.999302 0.999302 2 1 0
397.539 0.999311 0.999311 2 1 0
398.039 0.999319 0.999319 2 1 0
398.539 0.999328 0.999328 2 1 0
399.039 0.999336 0.999336 2 1 0
399.539 0.999344 0.999344 2 1 0
400.039 0.999352 0.999352 2 1 0
400.539 0.99936 0.99936 2 1 0
401.039 0.999368 0.999368 2 1 0
401.539 0.999376 0.999376 2 1 0
402.039 0.999384 0.999384 2 1 0
402.539 0.999392 0.999392 2 1 0
403.039 0.999399 0.999399 2 1 0
403.539 0.999407 0.999407 2 1 0
404.039 0.999414 0.999414 2 1 0
404.539 0.999421 0.999421 2 1 0
405.039 0.999428 0.999428 2 1 0
405.539 0.999435 0.999435 2 1 0
406.039 0.999442 0.999442 2 1 0
406.539 0.999449 0.999449 2 1 0
407.039 0.999456 0.999456 2 1 0
407.539 0.999463 0.999463 2 1 0
408.039 0.99947 0.99947 2 1 0
408.539 0.999476 0.999476 2 1 0
409.039 0.999483 0.999483 2 1 0
409.539 0.999489 0.999489 2 1 0
410.039 0.999496 0.999496 2 1 0
410.539 0.999502 0.999502 2 1 0
411.039 0.999508 0.999508 2 1 0
411.539 0.999514 0.999514 2 1 0
412.039 0.99952 0.99952 2 1 0
412.539 0.999526 0.999526 2 1 0
413.039 0.999532 0.999532 2 1 0
413.539 0.999538 0.999538 2 1 0
414.039 0.999544 0.999544 2 1 0
414.539 0.999549 0.999549 2 1 0
415.039 0.999555 0.999555 2 1 0
415.539 0.99956 0.99956 2 1 0
416.039 0.999566 0.999566 2 1 0
416.539 0.999571 0.999571 2 1 0
417.039 0.999576 0.999576 2 1 0
417.539 0.999582 0.999582 2 1 0
418.039 0.999587 0.999587 2 1 0
418.539 0.999592 0.999592 2 1 0
419.039 0.999597 0.999597 2 1 0
419.539 0.999602 0.999602 2 1 0
420.039 0.999607 0.999607 2 1 0
420.539 0.999612 0.999612 2 1 0
421.039 0.999617 0.999617 2 1 0
421.539 0.999622 0.999622 2 1 0
422.039 0.999626 0.999626 2 1 0
422.539 0.999631 0.999631 2 1 0
423.039 0.999635 0.999635 2 1 0
423.539 0.99964 0.99964 2 1 0
424.039 0.999644 0.999644 2 1 0
424.539 0.999649 0.999649 2 1 0
425.039 0.999653 0.999653 2 1 0
425.539 0.999658 0.999658 2 1 0
426.039 0.999662 0.999662 2 1 0
426.539 0.999666 0.999666 2 1 0
427.039 0.99967 0.99967 2 1 0
427.539 0.999674 0.999674 2 1 0
428.039 0.999678 0.999678 2 1 0
428.539 0.999682 0.999682 2 1 0
429.039 0.999686 0.999686 2 1 0
429.539 0.99969 0.99969 2 1 0
430.039 0.999694 0.999694 2 1 0
430.539 0.999698 0.999698 2 1 0
431.039 0.999702 0.999702 2 1 0
431.539 0.999705 0.999705 2 1 0
432.039 0.999709 0.999709 2 1 0
432.539 0.999713 0.999713 2 1 0
433.039 0.999716 0.999716 2 1 0
433.539 0.99972 0.99972 2 1 0
434.039 0.999723 0.999723 2 1 0
434.539 0.999727 0.999727 2 1 0
435.039 0.99973 0.99973 2 1 0
435.539 0.999733 0.999733 2 1 0
436.039 0.999737 0.999737 2 1 0
436.539 0.99974 0.99974 2 1 0
437.039 0.999743 0.999743 2 1 0
437.539 0.999746 0.999746 2 1 0
438.039 0.999749 0.999749 2 1 0
438.539 0.999753 0.999753 2 1 0
439.039 0.999756 0.999756 2 1 0
439.539 0.999759 0.999759 2 1 0
440.039 0.999762 0.999762 2 1 0
440.539 0.999765 0.999765 2 1 0
440.539 0.999765 0.999765 2 1 0
440.579 0.999765 0.999765 2 1 0
440.619 0.999765 0.999765 2 1 0
440.699 0.999766 0.999766 2 1 0
440.859 0.999766 0.999766 2 1 0
441.179 0.999768 0.999768 2 1 0
441.679 0.999771 0.999771 2 1 0
442.179 0.999774 0.999774 2 1 0
442.679 0.999777 0.999777 2 1 0
443.179 0.99978 0.99978 2 1 0
443.679 0.999782 0.999782 2 1 0
444.179 0.999785 0.999785 2 1 0
444.679 0.999788 0.999788 2 1 0
445.179 0.99979 0.99979 2 1 0
445.679 0.999793 0.999793 2 1 0
446.179 0.999796 0.999796 2 1 0
446.679 0.999798 0.999798 2 1 0
447.179 0.999801 0.999801 2 1 0
447.679 0.999803 0.999803 2 1 0
448.179 0.999806 0.999806 2 1 0
448.679 0.999808 0.999808 2 1 0
449.179 0.99981 0.99981 2 1 0
449.679 0.999813 0.999813 2 1 0
450.179 0.999815 0.999815 2 1 0
450.679 0.999817 0.999817 2 1 0
451.179 0.99982 0.99982 2 1 0
451.679 0.999822 0.999822 2 1 0
452.179 0.999824 0.999824 2 1 0
452.679 0.999826 0.999826 2 1 0
453.179 0.999828 0.999828 2 1 0
453.679 0.999831 0.999831 2 1 0
454.179 0.999833 0.999833 2 1 0
454.679 0.999835 0.999835 2 1 0
455.179 0.999837 0.999837 2 1 0
455.679 0.999839 0.999839 2 1 0
456.179 0.999841 0.999841 2 1 0
456.679 0.999843 0.999843 2 1 0
457.179 0.999845 0.999845 2 1 0
457.679 0.999847 0.999847 2 1 0
458.179 0.999849 0.999849 2 1 0
458.679 0.99985 0.99985 2 1 0
459.179 0.999852 0.999852 2 1 0
459.679 0.999854 0.999854 2 1 0
460.179 0.999856 0.999856 2 1 0
460.679 0.999858 0.999858 2 1 0
461.179 0.999859 0.999859 2 1 0
461.679 0.999861 0.999861 2 1 0
462.179 0.999863 0.999863 2 1 0
462.679 0.999865 0.999865 2 1 0
463.179 0.999866 0.999866 2 1 0
463.679 0.999868 0.999868 2 1 0
464.179 0.99987 0.99987 2 1 0
464.679 0.999871 0.999871 2 1 0
465.179 0.999873 0.999873 2 1 0
465.679 0.999874 0.999874 2 1 0
466.179 0.999876 0.999876 2 1 0
466.679 0.999878 0.999878 2 1 0
467.179 0.999879 0.999879 2 1 0
467.679 0.999881 0.999881 2 1 0
468.179 0.999882 0.999882 2 1 0
468.679 0.999884 0.999884 2 1 0
469.179 0.999885 0.999885 2 1 0
469.679 0.999886 0.999886 2 1 0
470.179 0.999888 0.999888 2 1 0
470.679 0.999889 0.999889 2 1 0
471.179 0.999891 0.999891 2 1 0
471.679 0.999892 0.999892 2 1 0
472.179 0.999893 0.999893 2 1 0
472.679 0.999895 0.999895 2 1 0
473.179 0.999896 0.999896 2 1 0
473.679 0.999897 0.999897 2 1 0
474.179 0.999898 0.999898 2 1 0
474.679 0.9999 0.9999 2 1 0
475.179 0.999901 0.999901 2 1 0
475.679 0.999902 0.999902 2 1 0
476.179 0.999903 0.999903 2 1 0
476.679 0.999905 0.999905 2 1 0
477.179 0.999906 0.999906 2 1 0
477.679 0.999907 0.999907 2 1 0
478.179 0.999908 0.999908 2 1 0
478.679 0.999909 0.999909 2 1 0
479.179 0.99991 0.99991 2 1 0
479.679 0.999912 0.999912 2 1 0
480.179 0.999913 0.999913 2 1 0
480.679 0.999914 0.999914 2 1 0
481.179 0.999915 0.999915 2 1 0
481.679 0.999916 0.999916 2 1 0
482.179 0.999917 0.999917 2 1 0
482.679 0.999918 0.999918 2 1 0
483.179 0.999919 0.999919 2 1 0
483.679 0.99992 0.99992 2 1 0
484.179 0.999921 0.999921 2 1 0
484.679 0.999922 0.999922 2 1 0
485.179 0.999923 0.999923 2 1 0
485.679 0.999924 0.999924 2 1 0
486.179 0.999925 0.999925 2 1 0
486.679 0.999926 0.999926 2 1 0
487.179 0.999927 0.999927 2 1 0
487.679 0.999928 0.999928 2 1 0
488.179 0.999928 0.999928 2 1 0
488.679 0.999929 0.999929 2 1 0
489.179 0.99993 0.99993 2 1 0
489.679 0.999931 0.999931 2 1 0
490.179 0.999932 0.999932 2 1 0
490.679 0.999933 0.999933 2 1 0
491.179 0.999934 0.999934 2 1 0
491.679 0.999934 0.999934 2 1 0
492.179 0.999935 0.999935 2 1 0
492.679 0.999936 0.999936 2 1 0
493.179 0.999937 0.999937 2 1 0
493.679 0.999938 0.999938 2 1 0
494.179 0.999938 0.999938 2 1 0
494.679 0.999939 0.999939 2 1 0
495.179 0.99994 0.99994 2 1 0
495.679 0.999941 0.999941 2 1 0
496.179 0.999941 0.999941 2 1 0
496.679 0.999942 0.999942 2 1 0
497.179 0.999943 0.999943 2 1 0
497.679 0.999944 0.999944 2 1 0
498.179 0.999944 0.999944 2 1 0
498.679 0.999945 0.999945 2 1 0
499.179 0.999946 0.999946 2 1 0
499.679 0.999946 0.999946 2 1 0
500.179 0.999947 0.999947 2 1 0
500.679 0.999948 0.999948 2 1 0
501.179 0.999948 0.999948 2 1 0
501.679 0.999949 0.999949 2 1 0
502.179 0.99995 0.99995 2 1 0
502.679 0.99995 0.99995 2 1 0
503.179 0.999951 0.999951 2 1 0
503.679 0.999951 0.999951 2 1 0
504.179 0.999952 0.999952 2 1 0
504.679 0.999953 0.999953 2 1 0
505.179 0.999953 0.999953 2 1 0
505.679 0.999954 0.999954 2 1 0
506.179 0.999954 0.999954 2 1 0
506.679 0.999955 0.999955 2 1 0
507.179 0.999956 0.999956 2 1 0
507.679 0.999956 0.999956 2 1 0
508.179 0.999957 0.999957 2 1 0
508.679 0.999957 0.999957 2 1 0
509.179 0.999958 0.999958 2 1 0
509.679 0.999958 0.999958 2 1 0
510.179 0.999959 0.999959 2 1 0
510.679 0.999959 0.999959 2 1 0
511.179 0.99996 0.99996 2 1 0
511.679 0.99996 0.99996 2 1 0
512.179 0.999961 0.999961 2 1 0
512.679 0.999961 0.999961 2 1 0
513.179 0.999962 0.999962 2 1 0
513.679 0.999962 0.999962 2 1 0
514.179 0.999963 0.999963 2 1 0
514.679 0.999963 0.999963 2 1 0
515.179 0.999964 0.999964 2 1 0
515.679 0.999964 0.999964 2 1 0
516.179 0.999964 0.999964 2 1 0
516.679 0.999965 0.999965 2 1 0
517.179 0.999965 0.999965 2 1 0
517.679 0.999966 0.999966 2 1 0
518.179 0.999966 0.999966 2 1 0
518.679 0.999967 0.999967 2 1 0
519.179 0.999967 0.999967 2 1 0
519.679 0.999967 0.999967 2 1 0
520.179 0.999968 0.999968 2 1 0
520.679 0.999968 0.999968 2 1 0
521.179 0.999969 0.999969 2 1 0
521.679 0.999969 0.999969 2 1 0
522.179 0.999969 0.999969 2 1 0
522.679 0.99997 0.99997 2 1 0
523.179 0.99997 0.99997 2 1 0
523.679 0.999971 0.999971 2 1 0
524.179 0.999971 0.999971 2 1 0
524.679 0.999971 0.999971 2 1 0
525.179 0.999972 0.999972 2 1 0
525.679 0.999972 0.999972 2 1 0
526.179 0.999972 0.999972 2 1 0
526.679 0.999973 0.999973 2 1 0
527.179 0.999973 0.999973 2 1 0
527.679 0.999973 0.999973 2 1 0
528.179 0.999974 0.999974 2 1 0
528.679 0.999974 0.999974 2 1 0
529.179 0.999974 0.999974 2 1 0
529.679 0.999975 0.999975 2 1 0
530.179 0.999975 0.999975 2 1 0
530.679 0.999975 0.999975 2 1 0
531.179 0.999976 0.999976 2 1 0
531.679 0.999976 0.999976 2 1 0
532.179 0.999976 0.999976 2 1 0
532.679 0.999976 0.999976 2 1 0
533.179 0.999977 0.999977 2 1 0
533.679 0.999977 0.999977 2 1 0
534.179 0.999977 0.999977 2 1 0
534.679 0.999978 0.999978 2 1 0
535.179 0.999978 0.999978 2 1 0
535.679 0.999978 0.999978 2 1 0
536.179 0.999978 0.999978 2 1 0
536.679 0.999979 0.999979 2 1 0
537.179 0.999979 0.999979 2 1 0
537.679 0.999979 0.999979 2 1 0
538.179 0.99998 0.99998 2 1 0
538.179 0.99998 0.99998 2 1 0
538.219 0.99998 0.99998 2 1 0
538.259 0.99998 0.99998 2 1 0
538.339 0.99998 0.99998 2 1 0
538.499 0.99998 0.99998 2 1 0
538.819 0.99998 0.99998 2 1 0
539.319 0.99998 0.99998 2 1 0
539.819 0.99998 0.99998 2 1 0
540.319 0.999981 0.999981 2 1 0
540.819 0.999981 0.999981 2 1 0
541.319 0.999981 0.999981 2 1 0
541.819 0.999981 0.999981 2 1 0
542.319 0.999982 0.999982 2 1 0
542.819 0.999982 0.999982 2 1 0
543.319 0.999982 0.999982 2 1 0
543.819 0.999982 0.999982 2 1 0
544.319 0.999982 0.999982 2 1 0
544.819 0.999983 0.999983 2 1 0
545.319 0.999983 0.999983 2 1 0
545.819 0.999983 0.999983 2 1 0
546.319 0.999983 0.999983 2 1 0
546.819 0.999983 0.999983 2 1 0
547.319 0.999984 0.999984 2 1 0
547.819 0.999984 0.999984 2 1 0
548.319 0.999984 0.999984 2 1 0
548.819 0.999984 0.999984 2 1 0
549.319 0.999984 0.999984 2 1 0
549.819 0.999985 0.999985 2 1 0
550.319 0.999985 0.999985 2 1 0
550.819 0.999985 0.999985 2 1 0
551.319 0.999985 0.999985 2 1 0
551.819 0.999985 0.999985 2 1 0
552.319 0.999986 0.999986 2 1 0
552.819 0.999986 0.999986 2 1 0
553.319 0.999986 0.999986 2 1 0
553.819 0.999986 0.999986 2 1 0
554.319 0.999986 0.999986 2 1 0
554.819 0.999986 0.999986 2 1 0
555.319 0.999987 0.999987 2 1 0
555.819 0.999987 0.999987 2 1 0
556.319 0.999987 0.999987 2 1 0
556.819 0.999987 0.999987 2 1 0
557.319 0.999987 0.999987 2 1 0
557.819 0.999987 0.999987 2 1 0
558.319 0.999988 0.999988 2 1 0
558.819 0.999988 0.999988 2 1 0
559.319 0.999988 0.999988 2 1 0
559.819 0.999988 0.999988 2 1 0
560.319 0.999988 0.999988 2 1 0
560.819 0.999988 0.999988 2 1 0
561.319 0.999989 0.999989 2 1 0
561.819 0.999989 0.999989 2 1 0
562.319 0.999989 0.999989 2 1 0
562.819 0.999989 0.999989 2 1 0
563.319 0.999989 0.999989 2 1 0
563.819 0.999989 0.999989 2 1 0
564.319 0.999989 0.999989 2 1 0
564.819 0.999989 0.999989 2 1 0
565.319 0.99999 0.99999 2 1 0
565.819 0.99999 0.99999 2 1 0
566.319 0.99999 0.99999 2 1 0
566.819 0.99999 0.99999 2 1 0
567.319 0.99999 0.99999 2 1 0
567.819 0.99999 0.99999 2 1 0
568.319 0.99999 0.99999 2 1 0
568.819 0.99999 0.99999 2 1 0
569.319 0.999991 0.999991 2 1 0
569.819 0.999991 0.999991 2 1 0
570.319 0.999991 0.999991 2 1 0
570.819 0.999991 0.999991 2 1 0
571.319 0.999991 0.999991 2 1 0
571.819 0.999991 0.999991 2 1 0
572.319 0.999991 0.999991 2 1 0
572.819 0.999991 0.999991 2 1 0
573.319 0.999991 0.999991 2 1 0
573.819 0.999992 0.999992 2 1 0
574.319 0.999992 0.999992 2 1 0
574.819 0.999992 0.999992 2 1 0
575.319 0.999992 0.999992 2 1 0
575.819 0.999992 0.999992 2 1 0
576.319 0.999992 0.999992 2 1 0
576.819 0.999992 0.999992 2 1 0
577.319 0.999992 0.999992 2 1 0
577.819 0.999992 0.999992 2 1 0
578.319 0.999992 0.999992 2 1 0
578.819 0.999993 0.999993 2 1 0
579.319 0.999993 0.999993 2 1 0
579.819 0.999993 0.999993 2 1 0
580.319 0.999993 0.999993 2 1 0
580.819 0.999993 0.999993 2 1 0
581.319 0.999993 0.999993 2 1 0
581.819 0.999993 0.999993 2 1 0
582.319 0.999993 0.999993 2 1 0
582.819 0.999993 0.999993 2 1 0
583.319 0.999993 0.999993 2 1 0
583.819 0.999993 0.999993 2 1 0
584.319 0.999994 0.999994 2 1 0
584.819 0.999994 0.999994 2 1 0
585.319 0.999994 0.999994 2 1 0
585.819 0.999994 0.999994 2 1 0
586.319 0.999994 0.999994 2 1 0
586.819 0.999994 0.999994 2 1 0
587.319 0.999994 0.999994 2 1 0
587.819 0.999994 0.999994 2 1 0
588.319 0.999994 0.999994 2 1 0
588.819 0.999994 0.999994 2 1 0
589.319 0.999994 0.999994 2 1 0
589.819 0.999994 0.999994 2 1 0
590.319 0.999994 0.999994 2 1 0
590.819 0.999995 0.999995 2 1 0
591.319 0.999995 0.999995 2 1 0
591.819 0.999995 0.999995 2 1 0
592.319 0.999995 0.999995 2 1 0
592.819 0.999995 0.999995 2 1 0
593.319 0.999995 0.999995 2 1 0
593.819 0.999995 0.999995 2 1 0
594.319 0.999995 0.999995 2 1 0
594.819 0.999995 0.999995 2 1 0
595.319 0.999995 0.999995 2 1 0
595.819 0.999995 0.999995 2 1 0
596.319 0.999995 0.999995 2 1 0
596.819 0.999995 0.999995 2 1 0
597.319 0.999995 0.999995 2 1 0
597.819 0.999995 0.999995 2 1 0
598.319 0.999995 0.999995 2 1 0
598.819 0.999995 0.999995 2 1 0
599.319 0.999996 0.999996 2 1 0
599.819 0.999996 0.999996 2 1 0
600.319 0.999996 0.999996 2 1 0
600.819 0.999996 0.999996 2 1 0
601.319 0.999996 0.999996 2 1 0
601.819 0.999996 0.999996 2 1 0
602.319 0.999996 0.999996 2 1 0
602.819 0.999996 0.999996 2 1 0
603.319 0.999996 0.999996 2 1 0
603.819 0.999996 0.999996 2 1 0
604.319 0.999996 0.999996 2 1 0
604.819 0.999996 0.999996 2 1 0
605.319 0.999996 0.999996 2 1 0
605.819 0.999996 0.999996 2 1 0
606.319 0.999996 0.999996 2 1 0
606.819 0.999996 0.999996 2 1 0
607.319 0.999996 0.999996 2 1 0
607.819 0.999996 0.999996 2 1 0
608.319 0.999996 0.999996 2 1 0
608.819 0.999996 0.999996 2 1 0
609.319 0.999997 0.999997 2 1 0
609.819 0.999997 0.999997 2 1 0
610.319 0.999997 0.999997 2 1 0
610.819 0.999997 0.999997 2 1 0
611.319 0.999997 0.999997 2 1 0
611.819 0.999997 0.999997 2 1 0
612.319 0.999997 0.999997 2 1 0
612.819 0.999997 0.999997 2 1 0
613.319 0.999997 0.999997 2 1 0
613.819 0.999997 0.999997 2 1 0
614.319 0.999997 0.999997 2 1 0
614.819 0.999997 0.999997 2 1 0
615.319 0.999997 0.999997 2 1 0
615.819 0.999997 0.999997 2 1 0
616.319 0.999997 0.999997 2 1 0
616.819 0.999997 0.999997 2 1 0
617.319 0.999997 0.999997 2 1 0
617.819 0.999997 0.999997 2 1 0
618.319 0.999997 0.999997 2 1 0
618.819 0.999997 0.999997 2 1 0
619.319 0.999997 0.999997 2 1 0
619.819 0.999997 0.999997 2 1 0
620.319 0.999997 0.999997 2 1 0
620.819 0.999997 0.999997 2 1 0
621.319 0.999997 0.999997 2 1 0
621.819 0.999997 0.999997 2 1 0
622.319 0.999997 0.999997 2 1 0
622.819 0.999998 0.999998 2 1 0
623.319 0.999998 0.999998 2 1 0
623.819 0.999998 0.999998 2 1 0
624.319 0.999998 0.999998 2 1 0
624.819 0.999998 0.999998 2 1 0
625.319 0.999998 0.999998 2 1 0
625.819 0.999998 0.999998 2 1 0
626.319 0.999998 0.999998 2 1 0
626.819 0.999998 0.999998 2 1 0
627.319 0.999998 0.999998 2 1 0
627.819 0.999998 0.999998 2 1 0
628.319 0.999998 0.999998 2 1 0
628.819 0.999998 0.999998 2 1 0
629.319 0.999998 0.999998 2 1 0
629.819 0.999998 0.999998 2 1 0
630.319 0.999998 0.999998 2 1 0
630.819 0.999998 0.999998 2 1 0
631.319 0.999998 0.999998 2 1 0
631.819 0.999998 0.999998 2 1 0
632.319 0.999998 0.999998 2 1 0
632.819 0.999998 0.999998 2 1 0
633.319 0.999998 0.999998 2 1 0
633.819 0.999998 0.999998 2 1 0
634.319 0.999998 0.999998 2 1 0
634.819 0.999998 0.999998 2 1 0
635.319 0.999998 0.999998 2 1 0
635.819 0.999998 0.999998 2 1 0
171.08 0.285714 0.285714 2 2 0
171.12 0.285714 0.285714 1 2 0
171.16 0.285714 0.285714 1 2 0
171.24 0.285714 0.285714 1 2 0
171.4 0.285714 0.285714 1 2 0
171.72 0.285714 0.285714 1 2 0
172.22 0.285714 0.285714 1 2 0
172.72 0.285714 0.285714 1 2 0
173.22 0.285714 0.285714 1 2 0
173.72 0.285714 0.285714 1 2 0
174.22 0.285714 0.285714 1 2 0
174.72 0.285714 0.285714 1 2 0
175.22 0.285714 0.285714 1 2 0
175.72 0.285714 0.285714 1 2 0
176.22 0.285714 0.285714 1 2 0
176.72 0.285714 0.285714 1 2 0
177.22 0.285714 0.285714 1 2 0
177.72 0.285714 0.285714 1 2 0
178.22 0.285714 0.285714 1 2 0
178.72 0.285714 0.285714 1 2 0
179.22 0.285714 0.285714 1 2 0
179.72 0.285714 0.285714 1 2 0
180.22 0.285714 0.285714 1 2 0
180.72 0.285714 0.285714 1 2 0
181.22 0.285714 0.285714 1 2 0
181.72 0.285714 0.285714 1 2 0
182.22 0.285714 0.285714 1 2 0
182.72 0.285714 0.285714 1 2 0
183.22 0.285714 0.285714 1 2 0
183.72 0.285714 0.285714 1 2 0
184.22 0.285714 0.285714 1 2 0
184.72 0.285714 0.285714 1 2 0
185.22 0.285714 0.285714 1 2 0
185.72 0.285714 0.285714 1 2 0
186.22 0.285714 0.285714 1 2 0
186.72 0.285714 0.285714 1 2 0
187.22 0.285714 0.285714 1 2 0
187.72 0.285714 0.285714 1 2 0
188.22 0.285714 0.285714 1 2 0
188.72 0.285714 0.285714 1 2 0
189.22 0.285714 0.285714 1 2 0
189.72 0.285714 0.285714 1 2 0
190.22 0.285714 0.285714 1 2 0
190.72 0.285714 0.285714 1 2 0
191.22 0.285714 0.285714 1 2 0
191.72 0.285714 0.285714 1 2 0
192.22 0.285714 0.285714 1 2 0
192.72 0.285714 0.285714 1 2 0
193.22 0.285714 0.285714 1 2 0
193.72 0.285714 0.285714 1 2 0
194.22 0.285714 0.285714 1 2 0
194.72 0.285714 0.285714 1 2 0
195.22 0.285714 0.285714 1 2 0
195.72 0.285714 0.285714 1 2 0
196.22 0.285714 0.285714 1 2 0
196.72 0.285714 0.285714 1 2 0
197.22 0.285714 0.285714 1 2 0
197.72 0.285714 0.285714 1 2 0
198.22 0.285714 0.285714 1 2 0
198.72 0.285714 0.285714 1 2 0
199.22 0.285714 0.285714 1 2 0
199.72 0.285714 0.285714 1 2 0
200.22 0.285714 0.285714 1 2 0
200.72 0.285714 0.285714 1 2 0
201.22 0.285714 0.285714 1 2 0
201.72 0.285714 0.285714 1 2 0
202.22 0.285714 0.285714 1 2 0
202.72 0.285714 0.285714 1 2 0
203.22 0.285714 0.285714 1 2 0
203.72 0.285714 0.285714 1 2 0
204.22 0.285714 0.285714 1 2 0
204.72 0.285714 0.285714 1 2 0
205.22 0.285714 0.285714 1 2 0
205.72 0.285714 0.285714 1 2 0
206.22 0.285714 0.285714 1 2 0
206.72 0.285714 0.285714 1 2 0
207.22 0.285714 0.285714 1 2 0
207.72 0.285714 0.285714 1 2 0
208.22 0.285714 0.285714 1 2 0
208.72 0.285714 0.285714 1 2 0
209.22 0.285714 0.285714 1 2 0
209.72 0.285714 0.285714 1 2 0
210.22 0.285714 0.285714 1 2 0
210.72 0.285714 0.285714 1 2 0
211.22 0.285714 0.285714 1 2 0
211.72 0.285714 0.285714 1 2 0
212.22 0.285714 0.285714 1 2 0
212.72 0.285714 0.285714 1 2 0
213.22 0.285714 0.285714 1 2 0
213.72 0.285714 0.285714 1 2 0
214.22 0.285714 0.285714 1 2 0
214.72 0.285714 0.285714 1 2 0
215.22 0.285714 0.285714 1 2 0
215.72 0.285714 0.285714 1 2 0
216.22 0.285714 0.285714 1 2 0
216.72 0.285714 0.285714 1 2 0
217.22 0.285714 0.285714 1 2 0
217.72 0.285714 0.285714 1 2 0
218.22 0.285714 0.285714 1 2 0
218.72 0.285714 0.285714 1 2 0
219.22 0.285714 0.285714 1 2 0
219.72 0.285714 0.285714 1 2 0
220.22 0.285714 0.285714 1 2 0
220.72 0.285714 0.285714 1 2 0
221.22 0.285714 0.285714 1 2 0
221.72 0.285714 0.285714 1 2 0
222.22 0.285714 0.285714 1 2 0
222.72 0.285714 0.285714 1 2 0
223.22 0.285714 0.285714 1 2 0
223.72 0.285714 0.285714 1 2 0
224.22 0.285714 0.285714 1 2 0
224.72 0.285714 0.285714 1 2 0
225.22 0.285714 0.285714 1 2 0
225.72 0.285714 0.285714 1 2 0
226.22 0.285714 0.285714 1 2 0
226.72 0.285714 0.285714 1 2 0
227.22 0.285714 0.285714 1 2 0
227.72 0.285714 0.285714 1 2 0
228.22 0.285714 0.285714 1 2 0
228.72 0.285714 0.285714 1 2 0
229.22 0.285714 0.285714 1 2 0
229.72 0.285714 0.285714 1 2 0
230.22 0.285714 0.285714 1 2 0
230.72 0.285714 0.285714 1 2 0
231.22 0.285714 0.285714 1 2 0
231.72 0.285714 0.285714 1 2 0
232.22 0.285714 0.285714 1 2 0
232.72 0.285714 0.285714 1 2 0
233.22 0.285714 0.285714 1 2 0
233.72 0.285714 0.285714 1 2 0
234.22 0.285714 0.285714 1 2 0
234.72 0.285714 0.285714 1 2 0
235.22 0.285714 0.285714 1 2 0
235.72 0.285714 0.285714 1 2 0
236.22 0.285714 0.285714 1 2 0
236.72 0.285714 0.285714 1 2 0
237.22 0.285714 0.285714 1 2 0
237.72 0.285714 0.285714 1 2 0
238.22 0.285714 0.285714 1 2 0
238.72 0.285714 0.285714 1 2 0
239.22 0.285714 0.285714 1 2 0
239.72 0.285714 0.285714 1 2 0
240.22 0.285714 0.285714 1 2 0
240.72 0.285714 0.285714 1 2 0
241.22 0.285714 0.285714 1 2 0
241.72 0.285714 0.285714 1 2 0
242.22 0.285714 0.285714 1 2 0
242.72 0.285714 0.285714 1 2 0
243.22 0.285714 0.285714 1 2 0
243.72 0.285714 0.285714 1 2 0
244.22 0.285714 0.285714 1 2 0
244.72 0.285714 0.285714 1 2 0
245.22 0.285714 0.285714 1 2 0
245.72 0.285714 0.285714 1 2 0
246.22 0.285714 0.285714 1 2 0
246.72 0.285714 0.285714 1 2 0
247.22 0.285714 0.285714 1 2 0
247.72 0.285714 0.285714 1 2 0
248.22 0.285714 0.285714 1 2 0
248.72 0.285714 0.285714 1 2 0
249.22 0.285714 0.285714 1 2 0
249.72 0.285714 0.285714 1 2 0
250.22 0.285714 0.285714 1 2 0
250.72 0.285714 0.285714 1 2 0
251.22 0.285714 0.285714 1 2 0
251.72 0.285714 0.285714 1 2 0
252.22 0.285714 0.285714 1 2 0
252.72 0.285714 0.285714 1 2 0
253.22 0.285714 0.285714 1 2 0
253.72 0.285714 0.285714 1 2 0
254.22 0.285714 0.285714 1 2 0
254.72 0.285714 0.285714 1 2 0
255.22 0.285714 0.285714 1 2 0
255.72 0.285714 0.285714 1 2 0
256.22 0.285714 0.285714 1 2 0
256.72 0.285714 0.285714 1 2 0
257.22 0.285714 0.285714 1 2 0
257.72 0.285714 0.285714 1 2 0
258.22 0.285714 0.285714 1 2 0
258.72 0.285714 0.285714 1 2 0
259.22 0.285714 0.285714 1 2 0
259.72 0.285714 0.285714 1 2 0
260.22 0.285714 0.285714 1 2 0
260.72 0.285714 0.285714 1 2 0
261.22 0.285714 0.285714 1 2 0
261.72 0.285714 0.285714 1 2 0
262.22 0.285714 0.285714 1 2 0
262.72 0.285714 0.285714 1 2 0
263.22 0.285714 0.285714 1 2 0
263.72 0.285714 0.285714 1 2 0
264.22 0.285714 0.285714 1 2 0
264.72 0.285714 0.285714 1 2 0
265.22 0.285714 0.285714 1 2 0
265.72 0.285714 0.285714 1 2 0
266.22 0.285714 0.285714 1 2 0
266.72 0.285714 0.285714 1 2 0
267.22 0.285714 0.285714 1 2 0
267.72 0.285714 0.285714 1 2 0
268.22 0.285714 0.285714 1 2 0
268.72 0.285714 0.285714 1 2 0
268.72 0.285714 0.285714 2 2 0
268.76 0.285714 0.285714 1 2 0
268.8 0.285714 0.285714 1 2 0
268.88 0.285714 0.285714 1 2 0
269.04 0.285714 0.285714 1 2 0
269.36 0.285714 0.285714 1 2 0
269.86 0.285714 0.285714 1 2 0
270.36 0.285714 0.285714 1 2 0
270.86 0.285714 0.285714 1 2 0
271.36 0.285714 0.285714 1 2 0
271.86 0.285714 0.285714 1 2 0
272.36 0.285714 0.285714 1 2 0
272.86 0.285714 0.285714 1 2 0
273.36 0.285714 0.285714 1 2 0
273.86 0.285714 0.285714 1 2 0
274.36 0.285714 0.285714 1 2 0
274.86 0.285714 0.285714 1 2 0
275.36 0.285714 0.285714 1 2 0
275.86 0.285714 0.285714 1 2 0
276.36 0.285714 0.285714 1 2 0
276.86 0.285714 0.285714 1 2 0
277.36 0.285714 0.285714 1 2 0
277.86 0.285714 0.285714 1 2 0
278.36 0.285714 0.285714 1 2 0
278.86 0.285714 0.285714 1 2 0
279.36 0.285714 0.285714 1 2 0
279.86 0.285714 0.285714 1 2 0
280.36 0.285714 0.285714 1 2 0
280.86 0.285714 0.285714 1 2 0
281.36 0.285714 0.285714 1 2 0
281.86 0.285714 0.285714 1 2 0
282.36 0.285714 0.285714 1 2 0
282.86 0.285714 0.285714 1 2 0
283.36 0.285714 0.285714 1 2 0
283.86 0.285714 0.285714 1 2 0
284.36 0.285714 0.285714 1 2 0
284.86 0.285714 0.285714 1 2 0
285.36 0.285714 0.285714 1 2 0
285.86 0.285714 0.285714 1 2 0
286.36 0.285714 0.285714 1 2 0
286.86 0.285714 0.285714 1 2 0
287.36 0.285714 0.285714 1 2 0
287.86 0.285714 0.285714 1 2 0
288.36 0.285714 0.285714 1 2 0
288.86 0.285714 0.285714 1 2 0
289.36 0.285714 0.285714 1 2 0
289.86 0.285714 0.285714 1 2 0
290.36 0.285714 0.285714 1 2 0
290.86 0.285714 0.285714 1 2 0
291.36 0.285714 0.285714 1 2 0
291.86 0.285714 0.285714 1 2 0
292.36 0.285714 0.285714 1 2 0
292.86 0.285714 0.285714 1 2 0
293.36 0.285714 0.285714 1 2 0
293.86 0.285714 0.285714 1 2 0
294.36 0.285714 0.285714 1 2 0
294.86 0.285714 0.285714 1 2 0
295.36 0.285714 0.285714 1 2 0
295.86 0.285714 0.285714 1 2 0
296.36 0.285714 0.285714 1 2 0
296.86 0.285714 0.285714 1 2 0
297.36 0.285714 0.285714 1 2 0
297.86 0.285714 0.285714 1 2 0
298.36 0.285714 0.285714 1 2 0
298.86 0.285714 0.285714 1 2 0
299.36 0.285714 0.285714 1 2 0
299.86 0.285714 0.285714 1 2 0
300.36 0.285714 0.285714 1 2 0
300.86 0.285714 0.285714 1 2 0
301.36 0.285714 0.285714 1 2 0
301.86 0.285714 0.285714 1 2 0
302.36 0.285714 0.285714 1 2 0
302.86 0.285714 0.285714 1 2 0
303.36 0.285714 0.285714 1 2 0
303.86 0.285714 0.285714 1 2 0
304.36 0.285714 0.285714 1 2 0
304.86 0.285714 0.285714 1 2 0
305.36 0.285714 0.285714 1 2 0
305.86 0.285714 0.285714 1 2 0
306.36 0.285714 0.285714 1 2 0
306.86 0.285714 0.285714 1 2 0
307.36 0.285714 0.285714 1 2 0
307.86 0.285714 0.285714 1 2 0
308.36 0.285714 0.285714 1 2 0
308.86 0.285714 0.285714 1 2 0
309.36 0.285714 0.285714 1 2 0
309.86 0.285714 0.285714 1 2 0
310.36 0.285714 0.285714 1 2 0
310.86 0.285714 0.285714 1 2 0
311.36 0.285714 0.285714 1 2 0
311.86 0.285714 0.285714 1 2 0
312.36 0.285714 0.285714 1 2 0
312.86 0.285714 0.285714 1 2 0
313.36 0.285714 0.285714 1 2 0
313.86 0.285714 0.285714 1 2 0
314.36 0.285714 0.285714 1 2 0
314.86 0.285714 0.285714 1 2 0
315.36 0.285714 0.285714 1 2 0
315.86 0.285714 0.285714 1 2 0
316.36 0.285714 0.285714 1 2 0
316.86 0.285714 0.285714 1 2 0
317.36 0.285714 0.285714 1 2 0
317.86 0.285714 0.285714 1 2 0
318.36 0.285714 0.285714 1 2 0
318.86 0.285714 0.285714 1 2 0
319.36 0.285714 0.285714 1 2 0
319.86 0.285714 0.285714 1 2 0
320.36 0.285714 0.285714 1 2 0
320.86 0.285714 0.285714 1 2 0
321.36 0.285714 0.285714 1 2 0
321.86 0.285714 0.285714 1 2 0
322.36 0.285714 0.285714 1 2 0
322.86 0.285714 0.285714 1 2 0
323.36 0.285714 0.285714 1 2 0
323.86 0.285714 0.285714 1 2 0
324.36 0.285714 0.285714 1 2 0
324.86 0.285714 0.285714 1 2 0
325.36 0.285714 0.285714 1 2 0
325.86 0.285714 0.285714 1 2 0
326.36 0.285714 0.285714 1 2 0
326.86 0.285714 0.285714 1 2 0
327.36 0.285714 0.285714 1 2 0
327.86 0.285714 0.285714 1 2 0
328.36 0.285714 0.285714 1 2 0
328.86 0.285714 0.285714 1 2 0
329.36 0.285714 0.285714 1 2 0
329.86 0.285714 0.285714 1 2 0
330.36 0.285714 0.285714 1 2 0
330.86 0.285714 0.285714 1 2 0
331.36 0.285714 0.285714 1 2 0
331.86 0.285714 0.285714 1 2 0
332.36 0.285714 0.285714 1 2 0
332.86 0.285714 0.285714 1 2 0
333.36 0.285714 0.285714 1 2 0
333.86 0.285714 0.285714 1 2 0
334.36 0.285714 0.285714 1 2 0
334.86 0.285714 0.285714 1 2 0
335.36 0.285714 0.285714 1 2 0
335.86 0.285714 0.285714 1 2 0
336.36 0.285714 0.285714 1 2 0
336.86 0.285714 0.285714 1 2 0
337.36 0.285714 0.285714 1 2 0
337.86 0.285714 0.285714 1 2 0
338.36 0.285714 0.285714 1 2 0
338.86 0.285714 0.285714 1 2 0
339.36 0.285714 0.285714 1 2 0
339.86 0.285714 0.285714 1 2 0
340.36 0.285714 0.285714 1 2 0
340.86 0.285714 0.285714 1 2 0
341.36 0.285714 0.285714 1 2 0
341.86 0.285714 0.285714 1 2 0
342.36 0.285714 0.285714 1 2 0
342.86 0.285714 0.285714 1 2 0
343.36 0.285714 0.285714 1 2 0
343.86 0.285714 0.285714 1 2 0
344.36 0.285714 0.285714 1 2 0
344.86 0.285714 0.285714 1 2 0
345.36 0.285714 0.285714 1 2 0
345.86 0.285714 0.285714 1 2 0
346.36 0.285714 0.285714 1 2 0
346.86 0.285714 0.285714 1 2 0
347.36 0.285714 0.285714 1 2 0
347.86 0.285714 0.285714 1 2 0
348.36 0.285714 0.285714 1 2 0
348.86 0.285714 0.285714 1 2 0
349.36 0.285714 0.285714 1 2 0
349.86 0.285714 0.285714 1 2 0
350.36 0.285714 0.285714 1 2 0
350.86 0.285714 0.285714 1 2 0
351.36 0.285714 0.285714 1 2 0
351.86 0.285714 0.285714 1 2 0
352.36 0.285714 0.285714 1 2 0
352.86 0.285714 0.285714 1 2 0
353.36 0.285714 0.285714 1 2 0
353.86 0.285714 0.285714 1 2 0
354.36 0.285714 0.285714 1 2 0
354.86 0.285714 0.285714 1 2 0
355.36 0.285714 0.285714 1 2 0
355.86 0.285714 0.285714 1 2 0
356.36 0.285714 0.285714 1 2 0
356.86 0.285714 0.285714 1 2 0
357.36 0.285714 0.285714 1 2 0
357.86 0.285714 0.285714 1 2 0
358.36 0.285714 0.285714 1 2 0
358.86 0.285714 0.285714 1 2 0
359.36 0.285714 0.285714 1 2 0
359.86 0.285714 0.285714 1 2 0
360.36 0.285714 0.285714 1 2 0
360.86 0.285714 0.285714 1 2 0
361.36 0.285714 0.285714 1 2 0
361.86 0.285714 0.285714 1 2 0
362.36 0.285714 0.285714 1 2 0
362.86 0.285714 0.285714 1 2 0
363.36 0.285714 0.285714 1 2 0
363.86 0.285714 0.285714 1 2 0
364.36 0.285714 0.285714 1 2 0
364.86 0.285714 0.285714 1 2 0
365.36 0.285714 0.285714 1 2 0
365.86 0.285714 0.285714 1 2 0
366.36 0.285714 0.285714 1 2 0
366.36 0.285714 0.285714 2 2 0
366.4 0.285714 0.285714 1 2 0
366.44 0.285714 0.285714 1 2 0
366.52 0.285714 0.285714 1 2 0
366.68 0.285714 0.285714 1 2 0
367 0.285714 0.285714 1 2 0
367.5 0.285714 0.285714 1 2 0
368 0.285714 0.285714 1 2 0
368.5 0.285714 0.285714 1 2 0
369 0.285714 0.285714 1 2 0
369.5 0.285714 0.285714 1 2 0
370 0.285714 0.285714 1 2 0
370.5 0.285714 0.285714 1 2 0
371 0.285714 0.285714 1 2 0
371.5 0.285714 0.285714 1 2 0
372 0.285714 0.285714 1 2 0
372.5 0.285714 0.285714 1 2 0
373 0.285714 0.285714 1 2 0
373.5 0.285714 0.285714 1 2 0
374 0.285714 0.285714 1 2 0
374.5 0.285714 0.285714 1 2 0
375 0.285714 0.285714 1 2 0
375.5 0.285714 0.285714 1 2 0
376 0.285714 0.285714 1 2 0
376.5 0.285714 0.285714 1 2 0
377 0.285714 0.285714 1 2 0
377.5 0.285714 0.285714 1 2 0
378 0.285714 0.285714 1 2 0
378.5 0.285714 0.285714 1 2 0
379 0.285714 0.285714 1 2 0
379.5 0.285714 0.285714 1 2 0
380 0.285714 0.285714 1 2 0
380.5 0.285714 0.285714 1 2 0
381 0.285714 0.285714 1 2 0
381.5 0.285714 0.285714 1 2 0
382 0.285714 0.285714 1 2 0
382.5 0.285714 0.285714 1 2 0
383 0.285714 0.285714 1 2 0
383.5 0.285714 0.285714 1 2 0
384 0.285714 0.285714 1 2 0
384.5 0.285714 0.285714 1 2 0
385 0.285714 0.285714 1 2 0
385.5 0.285714 0.285714 1 2 0
386 0.285714 0.285714 1 2 0
386.5 0.285714 0.285714 1 2 0
387 0.285714 0.285714 1 2 0
387.5 0.285714 0.285714 1 2 0
388 0.285714 0.285714 1 2 0
388.5 0.285714 0.285714 1 2 0
389 0.285714 0.285714 1 2 0
389.5 0.285714 0.285714 1 2 0
390 0.285714 0.285714 1 2 0
390.5 0.285714 0.285714 1 2 0
391 0.285714 0.285714 1 2 0
391.5 0.285714 0.285714 1 2 0
392 0.285714 0.285714 1 2 0
392.5 0.285714 0.285714 1 2 0
393 0.285714 0.285714 1 2 0
393.5 0.285714 0.285714 1 2 0
394 0.285714 0.285714 1 2 0
394.5 0.285714 0.285714 1 2 0
395 0.285714 0.285714 1 2 0
395.5 0.285714 0.285714 1 2 0
396 0.285714 0.285714 1 2 0
396.5 0.285714 0.285714 1 2 0
397 0.285714 0.285714 1 2 0
397.5 0.285714 0.285714 1 2 0
398 0.285714 0.285714 1 2 0
398.5 0.285714 0.285714 1 2 0
399 0.285714 0.285714 1 2 0
399.5 0.285714 0.285714 1 2 0
400 0.285714 0.285714 1 2 0
400.5 0.285714 0.285714 1 2 0
401 0.285714 0.285714 1 2 0
401.5 0.285714 0.285714 1 2 0
402 0.285714 0.285714 1 2 0
402.5 0.285714 0.285714 1 2 0
403 0.285714 0.285714 1 2 0
403.5 0.285714 0.285714 1 2 0
404 0.285714 0.285714 1 2 0
404.5 0.285714 0.285714 1 2 0
405 0.285714 0.285714 1 2 0
405.5 0.285714 0.285714 1 2 0
406 0.285714 0.285714 1 2 0
406.5 0.285714 0.285714 1 2 0
407 0.285714 0.285714 1 2 0
407.5 0.285714 0.285714 1 2 0
408 0.285714 0.285714 1 2 0
408.5 0.285714 0.285714 1 2 0
409 0.285714 0.285714 1 2 0
409.5 0.285714 0.285714 1 2 0
410 0.285714 0.285714 1 2 0
410.5 0.285714 0.285714 1 2 0
411 0.285714 0.285714 1 2 0
411.5 0.285714 0.285714 1 2 0
412 0.285714 0.285714 1 2 0
412.5 0.285714 0.285714 1 2 0
413 0.285714 0.285714 1 2 0
413.5 0.285714 0.285714 1 2 0
414 0.285714 0.285714 1 2 0
414.5 0.285714 0.285714 1 2 0
415 0.285714 0.285714 1 2 0
415.5 0.285714 0.285714 1 2 0
416 0.285714 0.285714 1 2 0
416.5 0.285714 0.285714 1 2 0
417 0.285714 0.285714 1 2 0
417.5 0.285714 0.285714 1 2 0
418 0.285714 0.285714 1 2 0
418.5 0.285714 0.285714 1 2 0
419 0.285714 0.285714 1 2 0
419.5 0.285714 0.285714 1 2 0
420 0.285714 0.285714 1 2 0
420.5 0.285714 0.285714 1 2 0
421 0.285714 0.285714 1 2 0
421.5 0.285714 0.285714 1 2 0
422 0.285714 0.285714 1 2 0
422.5 0.285714 0.285714 1 2 0
423 0.285714 0.285714 1 2 0
423.5 0.285714 0.285714 1 2 0
424 0.285714 0.285714 1 2 0
424.5 0.285714 0.285714 1 2 0
425 0.285714 0.285714 1 2 0
425.5 0.285714 0.285714 1 2 0
426 0.285714 0.285714 1 2 0
426.5 0.285714 0.285714 1 2 0
427 0.285714 0.285714 1 2 0
427.5 0.285714 0.285714 1 2 0
428 0.285714 0.285714 1 2 0
428.5 0.285714 0.285714 1 2 0
429 0.285714 0.285714 1 2 0
429.5 0.285714 0.285714 1 2 0
430 0.285714 0.285714 1 2 0
430.5 0.285714 0.285714 1 2 0
431 0.285714 0.285714 1 2 0
431.5 0.285714 0.285714 1 2 0
432 0.285714 0.285714 1 2 0
432.5 0.285714 0.285714 1 2 0
433 0.285714 0.285714 1 2 0
433.5 0.285714 0.285714 1 2 0
434 0.285714 0.285714 1 2 0
434.5 0.285714 0.285714 1 2 0
435 0.285714 0.285714 1 2 0
435.5 0.285714 0.285714 1 2 0
436 0.285714 0.285714 1 2 0
436.5 0.285714 0.285714 1 2 0
437 0.285714 0.285714 1 2 0
437.5 0.285714 0.285714 1 2 0
438 0.285714 0.285714 1 2 0
438.5 0.285714 0.285714 1 2 0
439 0.285714 0.285714 1 2 0
439.5 0.285714 0.285714 1 2 0
440 0.285714 0.285714 1 2 0
440.5 0.285714 0.285714 1 2 0
441 0.285714 0.285714 1 2 0
441.5 0.285714 0.285714 1 2 0
442 0.285714 0.285714 1 2 0
442.5 0.285714 0.285714 1 2 0
443 0.285714 0.285714 1 2 0
443.5 0.285714 0.285714 1 2 0
444 0.285714 0.285714 1 2 0
444.5 0.285714 0.285714 1 2 0
445 0.285714 0.285714 1 2 0
445.5 0.285714 0.285714 1 2 0
446 0.285714 0.285714 1 2 0
446.5 0.285714 0.285714 1 2 0
447 0.285714 0.285714 1 2 0
447.5 0.285714 0.285714 1 2 0
448 0.285714 0.285714 1 2 0
448.5 0.285714 0.285714 1 2 0
449 0.285714 0.285714 1 2 0
449.5 0.285714 0.285714 1 2 0
450 0.285714 0.285714 1 2 0
450.5 0.285714 0.285714 1 2 0
451 0.285714 0.285714 1 2 0
451.5 0.285714 0.285714 1 2 0
452 0.285714 0.285714 1 2 0
452.5 0.285714 0.285714 1 2 0
453 0.285714 0.285714 1 2 0
453.5 0.285714 0.285714 1 2 0
454 0.285714 0.285714 1 2 0
454.5 0.285714 0.285714 1 2 0
455 0.285714 0.285714 1 2 0
455.5 0.285714 0.285714 1 2 0
456 0.285714 0.285714 1 2 0
456.5 0.285714 0.285714 1 2 0
457 0.285714 0.285714 1 2 0
457.5 0.285714 0.285714 1 2 0
458 0.285714 0.285714 1 2 0
458.5 0.285714 0.285714 1 2 0
459 0.285714 0.285714 1 2 0
459.5 0.285714 0.285714 1 2 0
460 0.285714 0.285714 1 2 0
460.5 0.285714 0.285714 1 2 0
461 0.285714 0.285714 1 2 0
461.5 0.285714 0.285714 1 2 0
462 0.285714 0.285714 1 2 0
462.5 0.285714 0.285714 1 2 0
463 0.285714 0.285714 1 2 0
463.5 0.285714 0.285714 1 2 0
464 0.285714 0.285714 1 2 0
464 0.285714 0.285714 2 2 0
464.04 0.285714 0.285714 1 2 0
464.08 0.285714 0.285714 1 2 0
464.16 0.285714 0.285714 1 2 0
464.32 0.285714 0.285714 1 2 0
464.64 0.285714 0.285714 1 2 0
465.14 0.285714 0.285714 1 2 0
465.64 0.285714 0.285714 1 2 0
466.14 0.285714 0.285714 1 2 0
466.64 0.285714 0.285714 1 2 0
467.14 0.285714 0.285714 1 2 0
467.64 0.285714 0.285714 1 2 0
468.14 0.285714 0.285714 1 2 0
468.64 0.285714 0.285714 1 2 0
469.14 0.285714 0.285714 1 2 0
469.64 0.285714 0.285714 1 2 0
470.14 0.285714 0.285714 1 2 0
470.64 0.285714 0.285714 1 2 0
471.14 0.285714 0.285714 1 2 0
471.64 0.285714 0.285714 1 2 0
472.14 0.285714 0.285714 1 2 0
472.64 0.285714 0.285714 1 2 0
473.14 0.285714 0.285714 1 2 0
473.64 0.285714 0.285714 1 2 0
474.14 0.285714 0.285714 1 2 0
474.64 0.285714 0.285714 1 2 0
475.14 0.285714 0.285714 1 2 0
475.64 0.285714 0.285714 1 2 0
476.14 0.285714 0.285714 1 2 0
476.64 0.285714 0.285714 1 2 0
477.14 0.285714 0.285714 1 2 0
477.64 0.285714 0.285714 1 2 0
478.14 0.285714 0.285714 1 2 0
478.64 0.285714 0.285714 1 2 0
479.14 0.285714 0.285714 1 2 0
479.64 0.285714 0.285714 1 2 0
480.14 0.285714 0.285714 1 2 0
480.64 0.285714 0.285714 1 2 0
481.14 0.285714 0.285714 1 2 0
481.64 0.285714 0.285714 1 2 0
482.14 0.285714 0.285714 1 2 0
482.64 0.285714 0.285714 1 2 0
483.14 0.285714 0.285714 1 2 0
483.64 0.285714 0.285714 1 2 0
484.14 0.285714 0.285714 1 2 0
484.64 0.285714 0.285714 1 2 0
485.14 0.285714 0.285714 1 2 0
485.64 0.285714 0.285714 1 2 0
486.14 0.285714 0.285714 1 2 0
486.64 0.285714 0.285714 1 2 0
487.14 0.285714 0.285714 1 2 0
487.64 0.285714 0.285714 1 2 0
488.14 0.285714 0.285714 1 2 0
488.64 0.285714 0.285714 1 2 0
489.14 0.285714 0.285714 1 2 0
489.64 0.285714 0.285714 1 2 0
490.14 0.285714 0.285714 1 2 0
490.64 0.285714 0.285714 1 2 0
491.14 0.285714 0.285714 1 2 0
491.64 0.285714 0.285714 1 2 0
492.14 0.285714 0.285714 1 2 0
492.64 0.285714 0.285714 1 2 0
493.14 0.285714 0.285714 1 2 0
493.64 0.285714 0.285714 1 2 0
494.14 0.285714 0.285714 1 2 0
494.64 0.285714 0.285714 1 2 0
495.14 0.285714 0.285714 1 2 0
495.64 0.285714 0.285714 1 2 0
496.14 0.285714 0.285714 1 2 0
496.64 0.285714 0.285714 1 2 0
497.14 0.285714 0.285714 1 2 0
497.64 0.285714 0.285714 1 2 0
498.14 0.285714 0.285714 1 2 0
498.64 0.285714 0.285714 1 2 0
499.14 0.285714 0.285714 1 2 0
499.64 0.285714 0.285714 1 2 0
500.14 0.285714 0.285714 1 2 0
500.64 0.285714 0.285714 1 2 0
501.14 0.285714 0.285714 1 2 0
501.64 0.285714 0.285714 1 2 0
502.14 0.285714 0.285714 1 2 0
502.64 0.285714 0.285714 1 2 0
503.14 0.285714 0.285714 1 2 0
503.64 0.285714 0.285714 1 2 0
504.14 0.285714 0.285714 1 2 0
504.64 0.285714 0.285714 1 2 0
505.14 0.285714 0.285714 1 2 0
505.64 0.285714 0.285714 1 2 0
506.14 0.285714 0.285714 1 2 0
506.64 0.285714 0.285714 1 2 0
507.14 0.285714 0.285714 1 2 0
507.64 0.285714 0.285714 1 2 0
508.14 0.285714 0.285714 1 2 0
508.64 0.285714 0.285714 1 2 0
509.14 0.285714 0.285714 1 2 0
509.64 0.285714 0.285714 1 2 0
510.14 0.285714 0.285714 1 2 0
510.64 0.285714 0.285714 1 2 0
511.14 0.285714 0.285714 1 2 0
511.64 0.285714 0.285714 1 2 0
512.14 0.285714 0.285714 1 2 0
512.64 0.285714 0.285714 1 2 0
513.14 0.285714 0.285714 1 2 0
513.64 0.285714 0.285714 1 2 0
514.14 0.285714 0.285714 1 2 0
514.64 0.285714 0.285714 1 2 0
515.14 0.285714 0.285714 1 2 0
515.64 0.285714 0.285714 1 2 0
516.14 0.285714 0.285714 1 2 0
516.64 0.285714 0.285714 1 2 0
517.14 0.285714 0.285714 1 2 0
517.64 0.285714 0.285714 1 2 0
518.14 0.285714 0.285714 1 2 0
518.64 0.285714 0.285714 1 2 0
519.14 0.285714 0.285714 1 2 0
519.64 0.285714 0.285714 1 2 0
520.14 0.285714 0.285714 1 2 0
520.64 0.285714 0.285714 1 2 0
521.14 0.285714 0.285714 1 2 0
521.64 0.285714 0.285714 1 2 0
522.14 0.285714 0.285714 1 2 0
522.64 0.285714 0.285714 1 2 0
523.14 0.285714 0.285714 1 2 0
523.64 0.285714 0.285714 1 2 0
524.14 0.285714 0.285714 1 2 0
524.64 0.285714 0.285714 1 2 0
525.14 0.285714 0.285714 1 2 0
525.64 0.285714 0.285714 1 2 0
526.14 0.285714 0.285714 1 2 0
526.64 0.285714 0.285714 1 2 0
527.14 0.285714 0.285714 1 2 0
527.64 0.285714 0.285714 1 2 0
528.14 0.285714 0.285714 1 2 0
528.64 0.285714 0.285714 1 2 0
529.14 0.285714 0.285714 1 2 0
529.64 0.285714 0.285714 1 2 0
530.14 0.285714 0.285714 1 2 0
530.64 0.285714 0.285714 1 2 0
531.14 0.285714 0.285714 1 2 0
531.64 0.285714 0.285714 1 2 0
532.14 0.285714 0.285714 1 2 0
532.64 0.285714 0.285714 1 2 0
533.14 0.285714 0.285714 1 2 0
533.64 0.285714 0.285714 1 2 0
534.14 0.285714 0.285714 1 2 0
534.64 0.285714 0.285714 1 2 0
535.14 0.285714 0.285714 1 2 0
535.64 0.285714 0.285714 1 2 0
536.14 0.285714 0.285714 1 2 0
536.64 0.285714 0.285714 1 2 0
537.14 0.285714 0.285714 1 2 0
537.64 0.285714 0.285714 1 2 0
538.14 0.285714 0.285714 1 2 0
538.64 0.285714 0.285714 1 2 0
539.14 0.285714 0.285714 1 2 0
539.64 0.285714 0.285714 1 2 0
540.14 0.285714 0.285714 1 2 0
540.64 0.285714 0.285714 1 2 0
541.14 0.285714 0.285714 1 2 0
541.64 0.285714 0.285714 1 2 0
542.14 0.285714 0.285714 1 2 0
542.64 0.285714 0.285714 1 2 0
543.14 0.285714 0.285714 1 2 0
543.64 0.285714 0.285714 1 2 0
544.14 0.285714 0.285714 1 2 0
544.64 0.285714 0.285714 1 2 0
545.14 0.285714 0.285714 1 2 0
545.64 0.285714 0.285714 1 2 0
546.14 0.285714 0.285714 1 2 0
546.64 0.285714 0.285714 1 2 0
547.14 0.285714 0.285714 1 2 0
547.64 0.285714 0.285714 1 2 0
548.14 0.285714 0.285714 1 2 0
548.64 0.285714 0.285714 1 2 0
549.14 0.285714 0.285714 1 2 0
549.64 0.285714 0.285714 1 2 0
550.14 0.285714 0.285714 1 2 0
550.64 0.285714 0.285714 1 2 0
551.14 0.285714 0.285714 1 2 0
551.64 0.285714 0.285714 1 2 0
552.14 0.285714 0.285714 1 2 0
552.64 0.285714 0.285714 1 2 0
553.14 0.285714 0.285714 1 2 0
553.64 0.285714 0.285714 1 2 0
554.14 0.285714 0.285714 1 2 0
554.64 0.285714 0.285714 1 2 0
555.14 0.285714 0.285714 1 2 0
555.64 0.285714 0.285714 1 2 0
556.14 0.285714 0.285714 1 2 0
556.64 0.285714 0.285714 1 2 0
557.14 0.285714 0.285714 1 2 0
557.64 0.285714 0.285714 1 2 0
558.14 0.285714 0.285714 1 2 0
558.64 0.285714 0.285714 1 2 0
559.14 0.285714 0.285714 1 2 0
559.64 0.285714 0.285714 1 2 0
560.14 0.285714 0.285714 1 2 0
560.64 0.285714 0.285714 1 2 0
561.14 0.285714 0.285714 1 2 0
561.64 0.285714 0.285714 1 2 0
561.64 0.285714 0.285714 2 2 0
561.68 0.285714 0.285714 1 2 0
561.72 0.285714 0.285714 1 2 0
561.8 0.285714 0.285714 1 2 0
561.96 0.285714 0.285714 1 2 0
562.28 0.285714 0.285714 1 2 0
562.78 0.285714 0.285714 1 2 0
563.28 0.285714 0.285714 1 2 0
563.78 0.285714 0.285714 1 2 0
564.28 0.285714 0.285714 1 2 0
564.78 0.285714 0.285714 1 2 0
565.28 0.285714 0.285714 1 2 0
565.78 0.285714 0.285714 1 2 0
566.28 0.285714 0.285714 1 2 0
566.78 0.285714 0.285714 1 2 0
567.28 0.285714 0.285714 1 2 0
567.78 0.285714 0.285714 1 2 0
568.28 0.285714 0.285714 1 2 0
568.78 0.285714 0.285714 1 2 0
569.28 0.285714 0.285714 1 2 0
569.78 0.285714 0.285714 1 2 0
570.28 0.285714 0.285714 1 2 0
570.78 0.285714 0.285714 1 2 0
571.28 0.285714 0.285714 1 2 0
571.78 0.285714 0.285714 1 2 0
572.28 0.285714 0.285714 1 2 0
572.78 0.285714 0.285714 1 2 0
573.28 0.285714 0.285714 1 2 0
573.78 0.285714 0.285714 1 2 0
574.28 0.285714 0.285714 1 2 0
574.78 0.285714 0.285714 1 2 0
575.28 0.285714 0.285714 1 2 0
575.78 0.285714 0.285714 1 2 0
576.28 0.285714 0.285714 1 2 0
576.78 0.285714 0.285714 1 2 0
577.28 0.285714 0.285714 1 2 0
577.78 0.285714 0.285714 1 2 0
578.28 0.285714 0.285714 1 2 0
578.78 0.285714 0.285714 1 2 0
579.28 0.285714 0.285714 1 2 0
579.78 0.285714 0.285714 1 2 0
580.28 0.285714 0.285714 1 2 0
580.78 0.285714 0.285714 1 2 0
581.28 0.285714 0.285714 1 2 0
581.78 0.285714 0.285714 1 2 0
582.28 0.285714 0.285714 1 2 0
582.78 0.285714 0.285714 1 2 0
583.28 0.285714 0.285714 1 2 0
583.78 0.285714 0.285714 1 2 0
584.28 0.285714 0.285714 1 2 0
584.78 0.285714 0.285714 1 2 0
585.28 0.285714 0.285714 1 2 0
585.78 0.285714 0.285714 1 2 0
586.28 0.285714 0.285714 1 2 0
586.78 0.285714 0.285714 1 2 0
587.28 0.285714 0.285714 1 2 0
587.78 0.285714 0.285714 1 2 0
588.28 0.285714 0.285714 1 2 0
588.78 0.285714 0.285714 1 2 0
589.28 0.285714 0.285714 1 2 0
589.78 0.285714 0.285714 1 2 0
590.28 0.285714 0.285714 1 2 0
590.78 0.285714 0.285714 1 2 0
591.28 0.285714 0.285714 1 2 0
591.78 0.285714 0.285714 1 2 0
592.28 0.285714 0.285714 1 2 0
592.78 0.285714 0.285714 1 2 0
593.28 0.285714 0.285714 1 2 0
593.78 0.285714 0.285714 1 2 0
594.28 0.285714 0.285714 1 2 0
594.78 0.285714 0.285714 1 2 0
595.28 0.285714 0.285714 1 2 0
595.78 0.285714 0.285714 1 2 0
596.28 0.285714 0.285714 1 2 0
596.78 0.285714 0.285714 1 2 0
597.28 0.285714 0.285714 1 2 0
597.78 0.285714 0.285714 1 2 0
598.28 0.285714 0.285714 1 2 0
598.78 0.285714 0.285714 1 2 0
599.28 0.285714 0.285714 1 2 0
599.78 0.285714 0.285714 1 2 0
600.28 0.285714 0.285714 1 2 0
600.78 0.285714 0.285714 1 2 0
601.28 0.285714 0.285714 1 2 0
601.78 0.285714 0.285714 1 2 0
602.28 0.285714 0.285714 1 2 0
602.78 0.285714 0.285714 1 2 0
603.28 0.285714 0.285714 1 2 0
603.78 0.285714 0.285714 1 2 0
604.28 0.285714 0.285714 1 2 0
604.78 0.285714 0.285714 1 2 0
605.28 0.285714 0.285714 1 2 0
605.78 0.285714 0.285714 1 2 0
606.28 0.285714 0.285714 1 2 0
606.78 0.285714 0.285714 1 2 0
607.28 0.285714 0.285714 1 2 0
607.78 0.285714 0.285714 1 2 0
608.28 0.285714 0.285714 1 2 0
608.78 0.285714 0.285714 1 2 0
609.28 0.285714 0.285714 1 2 0
609.78 0.285714 0.285714 1 2 0
610.28 0.285714 0.285714 1 2 0
610.78 0.285714 0.285714 1 2 0
611.28 0.285714 0.285714 1 2 0
611.78 0.285714 0.285714 1 2 0
612.28 0.285714 0.285714 1 2 0
612.78 0.285714 0.285714 1 2 0
613.28 0.285714 0.285714 1 2 0
613.78 0.285714 0.285714 1 2 0
614.28 0.285714 0.285714 1 2 0
614.78 0.285714 0.285714 1 2 0
615.28 0.285714 0.285714 1 2 0
615.78 0.285714 0.285714 1 2 0
616.28 0.285714 0.285714 1 2 0
616.78 0.285714 0.285714 1 2 0
617.28 0.285714 0.285714 1 2 0
617.78 0.285714 0.285714 1 2 0
618.28 0.285714 0.285714 1 2 0
618.78 0.285714 0.285714 1 2 0
619.28 0.285714 0.285714 1 2 0
619.78 0.285714 0.285714 1 2 0
620.28 0.285714 0.285714 1 2 0
620.78 0.285714 0.285714 1 2 0
621.28 0.285714 0.285714 1 2 0
621.78 0.285714 0.285714 1 2 0
622.28 0.285714 0.285714 1 2 0
622.78 0.285714 0.285714 1 2 0
623.28 0.285714 0.285714 1 2 0
623.78 0.285714 0.285714 1 2 0
624.28 0.285714 0.285714 1 2 0
624.78 0.285714 0.285714 1 2 0
625.28 0.285714 0.285714 1 2 0
625.78 0.285714 0.285714 1 2 0
626.28 0.285714 0.285714 1 2 0
626.78 0.285714 0.285714 1 2 0
627.28 0.285714 0.285714 1 2 0
627.78 0.285714 0.285714 1 2 0
628.28 0.285714 0.285714 1 2 0
628.78 0.285714 0.285714 1 2 0
629.28 0.285714 0.285714 1 2 0
629.78 0.285714 0.285714 1 2 0
630.28 0.285714 0.285714 1 2 0
630.78 0.285714 0.285714 1 2 0
631.28 0.285714 0.285714 1 2 0
631.78 0.285714 0.285714 1 2 0
632.28 0.285714 0.285714 1 2 0
632.78 0.285714 0.285714 1 2 0
633.28 0.285714 0.285714 1 2 0
633.78 0.285714 0.285714 1 2 0
634.28 0.285714 0.285714 1 2 0
634.78 0.285714 0.285714 1 2 0
635.28 0.285714 0.285714 1 2 0
635.78 0.285714 0.285714 1 2 0
636.28 0.285714 0.285714 1 2 0
636.78 0.285714 0.285714 1 2 0
637.28 0.285714 0.285714 1 2 0
637.78 0.285714 0.285714 1 2 0
638.28 0.285714 0.285714 1 2 0
638.78 0.285714 0.285714 1 2 0
639.28 0.285714 0.285714 1 2 0
639.78 0.285714 0.285714 1 2 0
640.28 0.285714 0.285714 1 2 0
640.78 0.285714 0.285714 1 2 0
641.28 0.285714 0.285714 1 2 0
641.78 0.285714 0.285714 1 2 0
642.28 0.285714 0.285714 1 2 0
642.78 0.285714 0.285714 1 2 0
643.28 0.285714 0.285714 1 2 0
643.78 0.285714 0.285714 1 2 0
644.28 0.285714 0.285714 1 2 0
644.78 0.285714 0.285714 1 2 0
645.28 0.285714 0.285714 1 2 0
645.78 0.285714 0.285714 1 2 0
646.28 0.285714 0.285714 1 2 0
646.78 0.285714 0.285714 1 2 0
647.28 0.285714 0.285714 1 2 0
647.78 0.285714 0.285714 1 2 0
648.28 0.285714 0.285714 1 2 0
648.78 0.285714 0.285714 1 2 0
649.28 0.285714 0.285714 1 2 0
649.78 0.285714 0.285714 1 2 0
650.28 0.285714 0.285714 1 2 0
650.78 0.285714 0.285714 1 2 0
651.28 0.285714 0.285714 1 2 0
651.78 0.285714 0.285714 1 2 0
652.28 0.285714 0.285714 1 2 0
652.78 0.285714 0.285714 1 2 0
653.28 0.285714 0.285714 1 2 0
653.78 0.285714 0.285714 1 2 0
654.28 0.285714 0.285714 1 2 0
654.78 0.285714 0.285714 1 2 0
655.28 0.285714 0.285714 1 2 0
655.78 0.285714 0.285714 1 2 0
656.28 0.285714 0.285714 1 2 0
656.78 0.285714 0.285714 1 2 0
657.28 0.285714 0.285714 1 2 0
657.78 0.285714 0.285714 1 2 0
658.28 0.285714 0.285714 1 2 0
658.78 0.285714 0.285714 1 2 0
659.28 0.285714 0.285714 1 2 0
