100 0.408305 0.100826 4 1 0
100.02 0.40837 0.10084 3 1 0
100.042 0.408451 0.100834 3 1 0
100.066 0.408502 0.100446 3 1 0
100.093 0.408585 0.10038 3 1 0
100.122 0.408677 0.100308 3 1 0
100.181 0.408859 0.100152 3 1 0
100.269 0.409128 0.0999422 3 1 0
100.401 0.409528 0.0996346 3 1 0
100.664 0.410309 0.0990986 3 1 0
101.059 0.411444 0.0982361 3 1 0
101.559 0.412823 0.0972236 3 1 0
102.059 0.414274 0.0962835 3 1 0
102.559 0.415677 0.0954095 3 1 0
103.059 0.417034 0.0945895 3 1 0
103.559 0.418355 0.093874 3 1 0
104.059 0.419632 0.0931572 3 1 0
104.559 0.420876 0.0924337 3 1 0
105.059 0.422095 0.0917119 3 1 0
105.559 0.423284 0.09107 3 1 0
106.059 0.424448 0.090457 3 1 0
106.559 0.425594 0.0898663 3 1 0
107.059 0.426712 0.0893017 3 1 0
107.559 0.427809 0.08876 3 1 0
108.059 0.428886 0.0882424 3 1 0
108.559 0.429946 0.0877424 3 1 0
109.059 0.431063 0.0872605 3 1 0
109.559 0.432183 0.0867641 3 1 0
110.059 0.433261 0.0863112 3 1 0
110.559 0.434321 0.0858737 3 1 0
111.059 0.43536 0.0854573 3 1 0
111.559 0.436389 0.0850437 3 1 0
112.059 0.437403 0.0846264 3 1 0
112.559 0.438403 0.084217 3 1 0
113.059 0.439388 0.0838273 3 1 0
113.559 0.440359 0.0834498 3 1 0
114.059 0.441318 0.0830803 3 1 0
114.559 0.442263 0.0827302 3 1 0
115.059 0.443196 0.0823904 3 1 0
115.559 0.444104 0.0820715 3 1 0
116.059 0.445011 0.0817404 3 1 0
116.559 0.445907 0.0814186 3 1 0
117.059 0.446793 0.0810985 3 1 0
117.559 0.447668 0.0807981 3 1 0
118.059 0.448534 0.0805061 3 1 0
118.559 0.449405 0.0802259 3 1 0
119.059 0.450252 0.0799503 3 1 0
119.559 0.45109 0.0796819 3 1 0
120.059 0.451925 0.0794048 3 1 0
120.559 0.452745 0.0791433 3 1 0
121.059 0.453557 0.0788885 3 1 0
121.559 0.454344 0.0786669 3 1 0
122.059 0.455159 0.0784195 3 1 0
122.559 0.455986 0.0781784 3 1 0
123.059 0.456805 0.0779477 3 1 0
123.559 0.457616 0.0777244 3 1 0
124.059 0.458419 0.077506 3 1 0
124.559 0.459241 0.0772698 3 1 0
125.059 0.460027 0.0770594 3 1 0
125.559 0.460806 0.0768535 3 1 0
126.059 0.461595 0.076643 3 1 0
126.559 0.462359 0.0764438 3 1 0
127.059 0.463117 0.076249 3 1 0
127.559 0.463873 0.076074 3 1 0
128.059 0.46462 0.0758847 3 1 0
128.559 0.465359 0.0756996 3 1 0
129.059 0.466091 0.075528 3 1 0
129.559 0.466818 0.0753502 3 1 0
130.059 0.46754 0.0751763 3 1 0
130.559 0.468261 0.0750036 3 1 0
131.059 0.468971 0.074837 3 1 0
131.559 0.469675 0.0746738 3 1 0
132.059 0.47039 0.0745116 3 1 0
132.559 0.471084 0.0743551 3 1 0
133.059 0.471772 0.0742017 3 1 0
133.559 0.472465 0.0740501 3 1 0
134.059 0.473147 0.073903 3 1 0
134.559 0.473824 0.0737586 3 1 0
135.059 0.474483 0.0736309 3 1 0
135.559 0.475151 0.0734922 3 1 0
136.059 0.475816 0.0733561 3 1 0
136.559 0.476456 0.0732286 3 1 0
137.059 0.477112 0.0730963 3 1 0
137.559 0.477764 0.0729661 3 1 0
138.059 0.478487 0.0728273 3 1 0
138.559 0.479104 0.0727018 3 1 0
139.059 0.479718 0.0725792 3 1 0
139.559 0.48036 0.0724611 3 1 0
140.059 0.480996 0.0723437 3 1 0
140.559 0.48163 0.0722284 3 1 0
141.059 0.482237 0.0720997 3 1 0
141.559 0.482866 0.0719874 3 1 0
142.059 0.483491 0.0718771 3 1 0
142.559 0.48404 0.0717719 3 1 0
143.058 0.484666 0.0716669 3 1 0
143.558 0.485289 0.0715642 3 1 0
144.058 0.485932 0.0714619 3 1 0
144.558 0.486549 0.0713586 3 1 0
145.058 0.487164 0.0712574 3 1 0
145.558 0.48775 0.0711639 3 1 0
146.058 0.488365 0.0710654 3 1 0
146.558 0.488978 0.0709688 3 1 0
147.058 0.488815 0.0709059 3 1 0
147.558 0.489391 0.0708087 3 1 0
148.058 0.489965 0.0707143 3 1 0
148.558 0.491454 0.0706 3 1 0
149.058 0.492057 0.0705126 3 1 0
149.558 0.492657 0.0704265 3 1 0
150.058 0.493228 0.070345 3 1 0
150.558 0.493805 0.0702606 3 1 0
151.058 0.494377 0.0701776 3 1 0
151.558 0.494858 0.0701133 3 1 0
152.058 0.495346 0.0700282 3 1 0
152.558 0.495779 0.069945 3 1 0
153.058 0.496475 0.0698653 3 1 0
153.558 0.497079 0.069791 3 1 0
154.058 0.497683 0.0697185 3 1 0
154.558 0.498451 0.0696353 3 1 0
155.058 0.499025 0.0695627 3 1 0
155.558 0.49961 0.0694909 3 1 0
156.058 0.500199 0.0694276 3 1 0
156.558 0.50076 0.0693589 3 1 0
157.058 0.501303 0.0692922 3 1 0
157.558 0.501835 0.0692166 3 1 0
158.058 0.502431 0.0691513 3 1 0
158.558 0.503027 0.0690875 3 1 0
159.058 0.503667 0.0690181 3 1 0
159.558 0.504222 0.0689544 3 1 0
160.058 0.504767 0.0688917 3 1 0
160.558 0.505391 0.0688419 3 1 0
161.058 0.506001 0.0687813 3 1 0
161.558 0.506611 0.0687172 3 1 0
162.058 0.507002 0.0686847 3 1 0
162.558 0.507607 0.0686338 3 1 0
163.058 0.508211 0.0685844 3 1 0
163.558 0.508927 0.0684913 3 1 0
164.058 0.50947 0.0684336 3 1 0
164.558 0.510003 0.0683763 3 1 0
165.058 0.510495 0.0683147 4 1 0
165.558 0.511238 0.0682577 4 1 0
166.058 0.511845 0.0682029 4 1 0
166.558 0.512228 0.0682144 3 1 0
167.058 0.51266 0.0681609 3 1 0
167.558 0.513116 0.0681103 3 1 0
168.058 0.51407 0.0679995 3 1 0
168.558 0.514608 0.0679488 3 1 0
169.058 0.515241 0.0678987 3 1 0
169.558 0.515923 0.0678768 3 1 0
170.058 0.516516 0.0678262 3 1 0
170.558 0.517096 0.067775 3 1 0
171.058 0.517828 0.0677652 3 1 0
171.558 0.5185 0.0677212 3 1 0
172.058 0.519147 0.0676819 3 1 0
172.558 0.519813 0.0675738 3 1 0
173.058 0.520426 0.0675294 3 1 0
173.558 0.521037 0.0674859 3 1 0
174.058 0.521862 0.067452 3 1 0
174.558 0.522302 0.0673996 3 1 0
175.058 0.522887 0.0673528 3 1 0
175.558 0.523352 0.0673134 3 1 0
176.058 0.524011 0.0672712 3 1 0
176.558 0.52467 0.0672292 3 1 0
177.058 0.525124 0.0671994 3 1 0
177.558 0.525827 0.0671607 3 1 0
178.058 0.526504 0.0671243 3 1 0
178.558 0.527178 0.0670833 3 1 0
179.058 0.527866 0.0670452 3 1 0
179.558 0.528564 0.0670087 3 1 0
180.058 0.529218 0.0669954 3 1 0
180.558 0.529922 0.0669641 3 1 0
181.058 0.5306 0.0669361 3 1 0
181.558 0.531133 0.0669051 3 1 0
182.058 0.531854 0.0668744 3 1 0
182.558 0.53256 0.0668473 3 1 0
183.058 0.533252 0.0667565 3 1 0
183.558 0.533946 0.066714 3 1 0
184.058 0.534666 0.0666729 3 1 0
184.558 0.535341 0.0666289 3 1 0
185.058 0.536108 0.0665957 3 1 0
185.558 0.536882 0.0665645 3 1 0
186.058 0.537319 0.0665872 3 1 0
186.558 0.538047 0.0665493 3 1 0
187.058 0.53892 0.0665138 3 1 0
187.558 0.540152 0.0664658 3 1 0
188.058 0.541108 0.06641 3 1 0
188.558 0.541895 0.066366 3 1 0
189.058 0.542494 0.0663374 3 1 0
189.558 0.543366 0.0663158 3 1 0
190.058 0.544193 0.0662988 3 1 0
190.558 0.544739 0.0662387 3 1 0
191.058 0.545598 0.0662088 3 1 0
191.558 0.546465 0.066181 3 1 0
192.058 0.547065 0.0661491 3 1 0
192.558 0.548046 0.0661196 4 1 0
193.058 0.548992 0.0660933 4 1 0
193.557 0.550162 0.0660764 3 1 0
194.057 0.55097 0.0660641 4 1 0
194.557 0.551822 0.0660539 4 1 0
195.057 0.552457 0.0660124 3 1 0
195.557 0.553461 0.0659733 3 1 0
100 0.408305 0.100826 4 1 0
99.98 0.40824 0.100938 3 1 0
99.9579 0.408181 0.101038 3 1 0
99.9336 0.408082 0.100808 3 1 0
99.9069 0.407997 0.100878 3 1 0
99.867 0.40787 0.100983 3 1 0
99.7871 0.407612 0.101145 3 1 0
99.6673 0.407219 0.101465 3 1 0
99.4877 0.406616 0.101965 3 1 0
99.2182 0.405678 0.102873 3 1 0
98.8139 0.404174 0.104224 3 1 0
98.314 0.402083 0.106211 3 1 0
97.8141 0.399524 0.108637 3 1 0
97.3143 0.395848 0.113261 3 1 0
97.2519 0.39489 0.114626 3 1 0
97.2179 0.393532 0.116572 3 1 0
97.2179 0.393532 0.116572 3 1 0
100 0.408305 0.100826 4 1 0
99.98 0.40824 0.100938 3 1 0
99.9579 0.408181 0.101038 3 1 0
99.9336 0.408082 0.100808 3 1 0
99.9069 0.407997 0.100878 3 1 0
99.867 0.40787 0.100983 3 1 0
99.7871 0.407612 0.101145 3 1 0
99.6871 0.407284 0.101412 3 1 0
99.5871 0.406952 0.101685 3 1 0
99.4871 0.406614 0.101961 3 1 0
99.3871 0.406271 0.102249 3 1 0
99.2871 0.405923 0.102544 3 1 0
99.1872 0.405567 0.102925 3 1 0
99.0872 0.405205 0.103232 3 1 0
98.9872 0.404835 0.103549 3 1 0
98.8872 0.404457 0.103862 3 1 0
98.7872 0.40407 0.104213 3 1 0
98.6872 0.403673 0.104576 3 1 0
98.5872 0.403265 0.104894 3 1 0
98.4872 0.402845 0.105285 3 1 0
98.3873 0.402411 0.105695 3 1 0
98.2873 0.401962 0.106157 3 1 0
98.1873 0.401494 0.106606 3 1 0
98.0873 0.401005 0.107082 3 1 0
97.9873 0.400491 0.107563 3 1 0
97.8874 0.399946 0.108119 3 1 0
97.7874 0.399364 0.108726 3 1 0
97.6874 0.398733 0.109447 3 1 0
97.5875 0.398057 0.110201 3 1 0
97.4875 0.397385 0.111083 3 1 0
97.3876 0.396561 0.112175 3 1 0
97.2877 0.39545 0.113736 3 1 0
97.2378 0.394522 0.115086 3 1 0
97.2242 0.394081 0.115804 3 1 0
97.2205 0.393867 0.116123 3 1 0
97.218 0.393559 0.116585 3 1 0
97.2178 0.393444 0.116713 4 1 0
97.2182 0.393318 0.116903 4 1 0
97.2188 0.393231 0.117035 4 1 0
97.2197 0.393142 0.117245 4 1 0
97.2211 0.393035 0.117408 4 1 0
97.2232 0.392907 0.117601 4 1 0
97.2264 0.392762 0.117765 4 1 0
97.2312 0.392578 0.118046 4 1 0
97.2385 0.392354 0.118387 4 1 0
97.2494 0.392081 0.118819 4 1 0
97.2658 0.391748 0.119335 4 1 0
97.2905 0.391338 0.119975 4 1 0
97.3276 0.390831 0.120754 4 1 0
97.3832 0.390202 0.121747 4 1 0
97.4666 0.389419 0.122997 4 1 0
97.5665 0.388614 0.124356 4 1 0
97.6665 0.387909 0.125489 4 1 0
97.7665 0.387267 0.126525 4 1 0
97.8664 0.386663 0.127425 4 1 0
97.9664 0.386102 0.128341 4 1 0
98.0664 0.385569 0.129213 4 1 0
98.1664 0.385025 0.130045 4 1 0
98.2664 0.384534 0.130848 4 1 0
98.3664 0.384059 0.131624 4 1 0
98.4664 0.383636 0.132455 4 1 0
98.5663 0.383191 0.133182 4 1 0
98.6663 0.382758 0.13389 4 1 0
98.7663 0.382363 0.13454 4 1 0
98.8663 0.381951 0.135217 4 1 0
98.9663 0.381547 0.135881 4 1 0
99.0663 0.381136 0.136551 4 1 0
99.1663 0.380747 0.137189 4 1 0
99.2663 0.380366 0.137815 4 1 0
99.3663 0.379993 0.138462 4 1 0
99.4663 0.379642 0.139073 4 1 0
99.5663 0.379296 0.13967 4 1 0
99.6663 0.378974 0.1402 4 1 0
99.7663 0.378636 0.14078 4 1 0
99.8662 0.378303 0.141353 4 1 0
99.9662 0.377953 0.141921 4 1 0
100.066 0.377628 0.142479 4 1 0
100.166 0.377307 0.143029 4 1 0
100.266 0.376989 0.143574 4 1 0
100.366 0.376675 0.144111 4 1 0
100.466 0.376364 0.144643 4 1 0
100.566 0.376059 0.145177 4 1 0
100.666 0.375755 0.145696 4 1 0
100.766 0.375454 0.146209 4 1 0
100.866 0.375158 0.146742 4 1 0
100.966 0.374862 0.147244 4 1 0
101.066 0.374569 0.14774 4 1 0
101.166 0.374283 0.148258 4 1 0
101.266 0.373995 0.148749 4 1 0
101.366 0.37371 0.149236 4 1 0
101.466 0.37343 0.14969 4 1 0
101.566 0.37315 0.150167 4 1 0
101.666 0.372872 0.15064 4 1 0
101.766 0.372611 0.15108 4 1 0
101.866 0.372337 0.151541 4 1 0
101.966 0.372066 0.151999 4 1 0
102.066 0.371796 0.152458 4 1 0
102.166 0.371529 0.15291 4 1 0
102.266 0.371264 0.153358 4 1 0
102.366 0.371011 0.153835 4 1 0
102.466 0.37075 0.154272 4 1 0
102.566 0.37049 0.154705 4 1 0
102.666 0.370211 0.155155 4 1 0
102.766 0.369956 0.155586 4 1 0
102.866 0.369702 0.156014 4 1 0
102.966 0.369466 0.156394 4 1 0
103.066 0.369216 0.156811 4 1 0
103.166 0.368968 0.157225 4 1 0
103.266 0.368693 0.15763 4 1 0
103.366 0.368449 0.158039 4 1 0
103.466 0.368206 0.158444 4 1 0
103.566 0.36796 0.15885 4 1 0
103.666 0.367721 0.159249 4 1 0
103.766 0.367484 0.159646 4 1 0
103.866 0.367249 0.160075 4 1 0
103.966 0.367015 0.160465 4 1 0
104.066 0.366783 0.160852 4 1 0
104.166 0.366551 0.16123 4 1 0
104.266 0.366321 0.161612 4 1 0
104.366 0.366093 0.161992 4 1 0
104.466 0.365875 0.162358 4 1 0
104.566 0.365649 0.162735 4 1 0
104.666 0.365425 0.163109 4 1 0
104.766 0.365189 0.163477 4 1 0
104.866 0.364968 0.163846 4 1 0
104.966 0.364748 0.164213 4 1 0
105.066 0.364515 0.164563 4 1 0
105.166 0.364299 0.164924 4 1 0
105.266 0.364084 0.165283 4 1 0
105.366 0.363873 0.165637 4 1 0
105.466 0.36366 0.165991 4 1 0
105.566 0.363449 0.166343 4 1 0
105.666 0.363242 0.166692 4 1 0
105.766 0.363034 0.167039 4 1 0
105.866 0.362826 0.167384 4 1 0
105.966 0.362631 0.167761 4 1 0
106.066 0.362425 0.1681 4 1 0
106.166 0.362221 0.168437 4 1 0
106.266 0.361994 0.168749 4 1 0
106.366 0.361793 0.169085 4 1 0
106.466 0.361592 0.169417 4 1 0
106.566 0.361393 0.169744 4 1 0
106.666 0.361195 0.170073 4 1 0
106.766 0.360999 0.170399 4 1 0
106.866 0.360807 0.170725 4 1 0
106.966 0.360612 0.171047 4 1 0
107.066 0.360419 0.171366 4 1 0
107.166 0.360211 0.171687 4 1 0
107.266 0.36002 0.172004 4 1 0
107.366 0.35983 0.17232 4 1 0
107.466 0.359647 0.172627 4 1 0
107.566 0.359459 0.172937 4 1 0
107.666 0.359272 0.173246 4 1 0
107.766 0.35907 0.173575 4 1 0
107.866 0.358886 0.173882 4 1 0
107.966 0.358702 0.174187 4 1 0
108.066 0.358524 0.174464 4 1 0
108.166 0.358342 0.174764 4 1 0
108.266 0.358161 0.175063 4 1 0
108.366 0.357971 0.175385 4 1 0
108.466 0.357792 0.175681 4 1 0
108.566 0.357614 0.175976 4 1 0
108.666 0.357451 0.176255 4 1 0
108.766 0.357275 0.176544 4 1 0
108.866 0.3571 0.176832 4 1 0
108.966 0.356901 0.177158 4 1 0
109.066 0.356728 0.177442 4 1 0
109.166 0.356556 0.177724 4 1 0
109.266 0.356386 0.177988 4 1 0
109.366 0.356215 0.17827 4 1 0
109.466 0.356046 0.17855 4 1 0
109.566 0.355876 0.178831 4 1 0
109.666 0.355708 0.179108 4 1 0
109.766 0.355541 0.179384 4 1 0
109.866 0.355375 0.179642 4 1 0
109.966 0.355209 0.179915 4 1 0
110.066 0.355045 0.180186 4 1 0
110.166 0.354874 0.180477 4 1 0
110.266 0.354711 0.180742 4 1 0
110.366 0.354549 0.181006 4 1 0
110.466 0.35439 0.181257 4 1 0
110.566 0.35423 0.181521 4 1 0
110.666 0.35407 0.181783 4 1 0
110.766 0.353903 0.182044 4 1 0
110.866 0.353745 0.182301 4 1 0
110.966 0.353588 0.182557 4 1 0
111.066 0.353435 0.182824 4 1 0
111.166 0.353279 0.18308 4 1 0
111.266 0.353125 0.183334 4 1 0
111.366 0.352963 0.183567 4 1 0
111.466 0.35281 0.183816 4 1 0
111.566 0.352657 0.184064 4 1 0
111.666 0.352508 0.184327 4 1 0
111.766 0.352358 0.184573 4 1 0
111.866 0.352207 0.184817 4 1 0
111.966 0.352049 0.185041 4 1 0
112.066 0.351901 0.185283 4 1 0
112.166 0.351753 0.185524 4 1 0
112.266 0.351607 0.185766 4 1 0
112.366 0.35146 0.186004 4 1 0
112.366 0.35146 0.186004 4 1 0
112.386 0.351431 0.186052 4 1 0
112.426 0.351373 0.186147 4 1 0
112.506 0.351251 0.186327 4 1 0
112.606 0.351107 0.186563 4 1 0
112.706 0.350962 0.186798 4 1 0
112.806 0.350822 0.18703 4 1 0
112.906 0.350679 0.187262 4 1 0
113.006 0.350537 0.187494 4 1 0
113.106 0.350392 0.187722 4 1 0
113.206 0.350251 0.187951 4 1 0
113.306 0.350111 0.188179 4 1 0
113.406 0.349969 0.188411 4 1 0
113.506 0.349831 0.188636 4 1 0
113.606 0.349693 0.188861 4 1 0
113.706 0.349546 0.18908 4 1 0
113.806 0.349409 0.189303 4 1 0
113.906 0.349273 0.189524 4 1 0
114.006 0.349141 0.189752 4 1 0
114.106 0.349006 0.18997 4 1 0
114.206 0.348872 0.190188 4 1 0
114.306 0.348725 0.1904 4 1 0
114.406 0.348592 0.190616 4 1 0
114.506 0.34846 0.190832 4 1 0
114.606 0.348336 0.191051 4 1 0
114.706 0.348205 0.191264 4 1 0
114.806 0.348074 0.191475 4 1 0
114.906 0.347928 0.191683 4 1 0
115.006 0.347799 0.191894 4 1 0
115.106 0.34767 0.192103 4 1 0
115.206 0.347554 0.192313 4 1 0
115.306 0.347426 0.19252 4 1 0
115.406 0.347299 0.192725 4 1 0
115.506 0.347154 0.192931 4 1 0
115.606 0.347028 0.193136 4 1 0
115.706 0.346903 0.193339 4 1 0
115.806 0.346793 0.19354 4 1 0
115.906 0.346669 0.193741 4 1 0
116.006 0.346546 0.193941 4 1 0
116.106 0.3464 0.194146 4 1 0
116.206 0.346277 0.194344 4 1 0
116.306 0.346156 0.194542 4 1 0
116.406 0.346059 0.19475 4 1 0
116.506 0.345938 0.194945 4 1 0
116.606 0.345818 0.195139 4 1 0
116.706 0.345663 0.195327 4 1 0
116.806 0.345544 0.19552 4 1 0
116.906 0.345426 0.195713 4 1 0
117.006 0.345322 0.195892 4 1 0
117.106 0.345204 0.196083 4 1 0
117.206 0.345087 0.196272 4 1 0
117.306 0.344961 0.196481 4 1 0
117.406 0.344844 0.19667 4 1 0
117.506 0.344729 0.196857 4 1 0
117.606 0.344624 0.197023 4 1 0
117.706 0.34451 0.197208 4 1 0
117.806 0.344395 0.197393 4 1 0
117.906 0.344265 0.197597 4 1 0
118.006 0.344152 0.19778 4 1 0
118.106 0.344039 0.197962 4 1 0
118.206 0.343936 0.198134 4 1 0
118.306 0.343824 0.198315 4 1 0
118.406 0.343713 0.198495 4 1 0
118.506 0.343594 0.198692 4 1 0
118.606 0.343484 0.19887 4 1 0
118.706 0.343374 0.199048 4 1 0
118.806 0.343271 0.199214 4 1 0
118.906 0.343162 0.19939 4 1 0
119.006 0.343054 0.199565 4 1 0
119.106 0.342937 0.199752 4 1 0
119.206 0.34283 0.199923 4 1 0
119.306 0.342723 0.200094 4 1 0
119.406 0.34262 0.200261 4 1 0
119.506 0.342514 0.20043 4 1 0
119.606 0.342408 0.200599 4 1 0
119.706 0.342302 0.200766 4 1 0
119.806 0.342198 0.200933 4 1 0
119.906 0.342093 0.201099 4 1 0
120.006 0.341985 0.201255 4 1 0
120.106 0.341881 0.20142 4 1 0
120.206 0.341778 0.201585 4 1 0
120.306 0.34169 0.201761 4 1 0
120.406 0.341588 0.201925 4 1 0
120.506 0.341487 0.202089 4 1 0
120.606 0.341355 0.202239 4 1 0
120.706 0.341254 0.2024 4 1 0
120.806 0.341154 0.202561 4 1 0
120.906 0.341066 0.202719 4 1 0
121.006 0.340966 0.202878 4 1 0
121.106 0.340867 0.203036 4 1 0
121.206 0.340771 0.203178 4 1 0
121.306 0.340673 0.203336 4 1 0
121.406 0.340575 0.203492 4 1 0
121.506 0.340474 0.203686 4 1 0
121.606 0.340377 0.203843 4 1 0
121.706 0.34028 0.203998 4 1 0
121.806 0.340171 0.204121 4 1 0
121.906 0.340075 0.204274 4 1 0
122.006 0.339979 0.204426 4 1 0
122.106 0.339861 0.204572 4 1 0
122.206 0.339766 0.204724 4 1 0
122.306 0.339672 0.204875 4 1 0
122.406 0.339591 0.205064 4 1 0
122.506 0.339498 0.205214 4 1 0
122.606 0.339404 0.205363 4 1 0
122.706 0.339319 0.205468 4 1 0
122.806 0.339227 0.205616 4 1 0
122.906 0.339134 0.205763 4 1 0
123.006 0.33902 0.205933 4 1 0
123.106 0.338929 0.20608 4 1 0
123.206 0.338838 0.206225 4 1 0
123.306 0.338741 0.206376 4 1 0
123.406 0.33865 0.20652 4 1 0
123.506 0.33856 0.206664 4 1 0
123.606 0.338471 0.206812 4 1 0
123.706 0.338382 0.206955 4 1 0
123.806 0.338293 0.207097 4 1 0
123.906 0.338199 0.207236 4 1 0
124.006 0.338111 0.207377 4 1 0
124.106 0.338024 0.207517 4 1 0
124.206 0.337931 0.207651 4 1 0
124.306 0.337844 0.20779 4 1 0
124.406 0.337757 0.207929 4 1 0
124.506 0.337668 0.208066 4 1 0
124.606 0.337582 0.208204 4 1 0
124.706 0.337496 0.208341 4 1 0
124.806 0.337408 0.20848 4 1 0
124.906 0.337323 0.208616 4 1 0
125.006 0.337238 0.208751 4 1 0
125.106 0.337149 0.208886 4 1 0
125.206 0.337065 0.20902 4 1 0
125.306 0.336982 0.209154 4 1 0
125.406 0.336893 0.209281 4 1 0
125.506 0.33681 0.209413 4 1 0
125.606 0.336727 0.209545 4 1 0
125.706 0.336642 0.209675 4 1 0
125.806 0.33656 0.209806 4 1 0
125.906 0.336478 0.209937 4 1 0
126.006 0.336393 0.210068 4 1 0
126.106 0.336312 0.210197 4 1 0
126.206 0.336231 0.210326 4 1 0
126.306 0.336146 0.210454 4 1 0
126.406 0.336066 0.210582 4 1 0
126.506 0.335986 0.210709 4 1 0
126.606 0.335902 0.210831 4 1 0
126.706 0.335822 0.210957 4 1 0
126.806 0.335743 0.211083 4 1 0
126.906 0.335661 0.211206 4 1 0
127.006 0.335583 0.211331 4 1 0
127.106 0.335505 0.211455 4 1 0
127.206 0.335423 0.211578 4 1 0
127.306 0.335346 0.211701 4 1 0
127.406 0.335269 0.211824 4 1 0
127.506 0.335188 0.211946 4 1 0
127.606 0.335112 0.212068 4 1 0
127.706 0.335035 0.212189 4 1 0
127.806 0.334954 0.212307 4 1 0
127.906 0.334879 0.212428 4 1 0
128.006 0.334803 0.212547 4 1 0
128.106 0.334724 0.212663 4 1 0
128.206 0.334649 0.212782 4 1 0
128.306 0.334574 0.2129 4 1 0
128.406 0.334496 0.213016 4 1 0
128.506 0.334423 0.213133 4 1 0
128.606 0.334349 0.21325 4 1 0
128.706 0.334272 0.213367 4 1 0
128.806 0.334199 0.213483 4 1 0
128.906 0.334126 0.213599 4 1 0
129.006 0.334049 0.213714 4 1 0
129.106 0.333977 0.213828 4 1 0
129.206 0.333905 0.213941 4 1 0
129.306 0.333827 0.214053 4 1 0
129.406 0.333756 0.214166 4 1 0
129.506 0.333685 0.214279 4 1 0
129.606 0.333609 0.214387 4 1 0
129.706 0.333539 0.214499 4 1 0
129.806 0.333468 0.21461 4 1 0
129.906 0.333396 0.214719 4 1 0
130.006 0.333326 0.214829 4 1 0
130.106 0.333256 0.21494 4 1 0
130.206 0.333186 0.215053 4 1 0
130.306 0.333116 0.215163 4 1 0
130.406 0.333048 0.215271 4 1 0
130.506 0.332974 0.215371 4 1 0
130.606 0.332905 0.215478 4 1 0
130.706 0.332837 0.215585 4 1 0
130.806 0.332758 0.215699 4 1 0
130.906 0.332691 0.215805 4 1 0
131.006 0.332623 0.21591 4 1 0
131.106 0.33255 0.216006 4 1 0
131.206 0.332483 0.216112 4 1 0
131.306 0.332417 0.216217 4 1 0
131.406 0.332357 0.216309 4 1 0
131.506 0.332291 0.216413 4 1 0
131.606 0.332225 0.216517 4 1 0
131.706 0.332166 0.216623 4 1 0
131.806 0.332101 0.216726 4 1 0
131.906 0.332036 0.216829 4 1 0
132.006 0.331977 0.216911 4 1 0
132.106 0.331912 0.217012 4 1 0
132.106 0.331912 0.217012 4 1 0
132.126 0.3319 0.217033 4 1 0
132.166 0.331874 0.217073 4 1 0
132.246 0.331808 0.21716 4 1 0
132.346 0.331743 0.217261 4 1 0
132.446 0.331679 0.217361 4 1 0
132.546 0.331613 0.217469 4 1 0
132.646 0.331549 0.217569 4 1 0
132.746 0.331485 0.217668 4 1 0
132.846 0.331419 0.217781 4 1 0
132.946 0.331356 0.21788 4 1 0
133.046 0.331293 0.217979 4 1 0
133.146 0.331225 0.218048 4 1 0
133.246 0.331162 0.218145 4 1 0
133.346 0.3311 0.218242 4 1 0
133.446 0.331057 0.218353 4 1 0
133.546 0.330995 0.21845 4 1 0
133.646 0.330934 0.218546 4 1 0
133.746 0.330872 0.218637 4 1 0
133.846 0.330811 0.218732 4 1 0
133.946 0.33075 0.218827 4 1 0
134.046 0.330691 0.218939 4 1 0
134.146 0.33063 0.219033 4 1 0
134.246 0.33057 0.219126 4 1 0
134.346 0.330513 0.2192 4 1 0
134.446 0.330453 0.219293 4 1 0
134.546 0.330394 0.219386 4 1 0
134.646 0.330336 0.219484 4 1 0
134.746 0.330276 0.219576 4 1 0
134.846 0.330218 0.219667 4 1 0
134.946 0.330167 0.219772 4 1 0
135.046 0.330108 0.219863 4 1 0
135.146 0.33005 0.219954 4 1 0
135.246 0.329991 0.220026 4 1 0
135.346 0.329934 0.220116 4 1 0
135.446 0.329876 0.220206 4 1 0
135.546 0.329823 0.220309 4 1 0
135.646 0.329766 0.220398 4 1 0
135.746 0.329709 0.220486 4 1 0
135.846 0.32965 0.220548 4 1 0
135.946 0.329593 0.220636 4 1 0
136.046 0.329537 0.220723 4 1 0
136.146 0.329489 0.220827 4 1 0
136.246 0.329433 0.220913 4 1 0
136.346 0.329377 0.220999 4 1 0
136.446 0.329326 0.221087 4 1 0
136.546 0.329271 0.221173 4 1 0
136.646 0.329215 0.221259 4 1 0
136.746 0.329163 0.221358 4 1 0
136.846 0.329108 0.221444 4 1 0
136.946 0.329053 0.221529 4 1 0
137.046 0.329 0.2216 4 1 0
137.146 0.328946 0.221684 4 1 0
137.246 0.328892 0.221768 4 1 0
137.346 0.328842 0.221865 4 1 0
137.446 0.328788 0.221948 4 1 0
137.546 0.328734 0.222032 4 1 0
137.646 0.328683 0.222101 4 1 0
137.746 0.328629 0.222184 4 1 0
137.846 0.328576 0.222266 4 1 0
137.946 0.328527 0.222359 4 1 0
138.046 0.328474 0.222441 4 1 0
138.146 0.328422 0.222522 4 1 0
138.246 0.328371 0.222594 4 1 0
138.346 0.328319 0.222675 4 1 0
138.446 0.328267 0.222755 4 1 0
138.546 0.328218 0.222843 4 1 0
138.646 0.328167 0.222923 4 1 0
138.746 0.328115 0.223002 4 1 0
138.846 0.328066 0.223076 4 1 0
138.946 0.328015 0.223155 4 1 0
139.046 0.327964 0.223234 4 1 0
139.146 0.327916 0.223317 4 1 0
139.246 0.327865 0.223395 4 1 0
139.346 0.327815 0.223473 4 1 0
139.446 0.327767 0.223548 4 1 0
139.546 0.327716 0.223625 4 1 0
139.646 0.327667 0.223702 4 1 0
139.746 0.327619 0.22378 4 1 0
139.846 0.327569 0.223855 4 1 0
139.946 0.32752 0.223931 4 1 0
140.046 0.327473 0.224007 4 1 0
140.146 0.327424 0.224082 4 1 0
140.246 0.327375 0.224157 4 1 0
140.346 0.327328 0.22423 4 1 0
140.446 0.32728 0.224304 4 1 0
140.546 0.327231 0.224378 4 1 0
140.646 0.327185 0.224451 4 1 0
140.746 0.327137 0.224525 4 1 0
140.846 0.327089 0.224598 4 1 0
140.946 0.327043 0.22467 4 1 0
141.046 0.326996 0.224742 4 1 0
141.146 0.326948 0.224815 4 1 0
141.246 0.326903 0.224886 4 1 0
141.346 0.326855 0.224958 4 1 0
141.446 0.326809 0.22503 4 1 0
141.546 0.326764 0.2251 4 1 0
141.646 0.326717 0.225171 4 1 0
141.746 0.32667 0.225242 4 1 0
141.846 0.326626 0.225312 4 1 0
141.946 0.32658 0.225382 4 1 0
142.046 0.326533 0.225452 4 1 0
142.146 0.326489 0.225521 4 1 0
142.246 0.326443 0.22559 4 1 0
142.346 0.326398 0.22566 4 1 0
142.446 0.326354 0.225727 4 1 0
142.546 0.326309 0.225796 4 1 0
142.646 0.326263 0.225865 4 1 0
142.746 0.32622 0.225931 4 1 0
142.846 0.326175 0.225999 4 1 0
142.946 0.32613 0.226067 4 1 0
143.046 0.326087 0.226132 4 1 0
143.146 0.326042 0.2262 4 1 0
143.246 0.325998 0.226267 4 1 0
143.346 0.325956 0.22634 4 1 0
143.446 0.325912 0.226407 4 1 0
143.546 0.325868 0.226474 4 1 0
143.646 0.325828 0.226536 4 1 0
143.746 0.325784 0.226603 4 1 0
143.846 0.325741 0.226668 4 1 0
143.946 0.325699 0.226738 4 1 0
144.046 0.325656 0.226803 4 1 0
144.146 0.325613 0.226868 4 1 0
144.246 0.325572 0.226931 4 1 0
144.346 0.32553 0.226996 4 1 0
144.446 0.325487 0.22706 4 1 0
144.546 0.325446 0.227126 4 1 0
144.646 0.325404 0.22719 4 1 0
144.746 0.325362 0.227254 4 1 0
144.846 0.325321 0.227317 4 1 0
144.946 0.32528 0.22738 4 1 0
145.046 0.325238 0.227444 4 1 0
145.146 0.325198 0.227507 4 1 0
145.246 0.325156 0.22757 4 1 0
145.346 0.325115 0.227632 4 1 0
145.446 0.325075 0.227694 4 1 0
145.546 0.325034 0.227756 4 1 0
145.646 0.324993 0.227818 4 1 0
145.746 0.324954 0.22788 4 1 0
145.846 0.324913 0.227941 4 1 0
145.946 0.324873 0.228003 4 1 0
146.046 0.324834 0.228063 4 1 0
146.146 0.324793 0.228124 4 1 0
146.246 0.324753 0.228185 4 1 0
146.346 0.324715 0.228245 4 1 0
146.446 0.324675 0.228305 4 1 0
146.546 0.324635 0.228365 4 1 0
146.646 0.324597 0.228425 4 1 0
146.746 0.324557 0.228484 4 1 0
146.846 0.324518 0.228544 4 1 0
146.946 0.32448 0.228603 4 1 0
147.046 0.324441 0.228662 4 1 0
147.146 0.324402 0.22872 4 1 0
147.246 0.324364 0.228779 4 1 0
147.346 0.324325 0.228837 4 1 0
147.446 0.324287 0.228895 4 1 0
147.546 0.32425 0.228953 4 1 0
147.646 0.324211 0.229011 4 1 0
147.746 0.324173 0.229068 4 1 0
147.846 0.324136 0.229125 4 1 0
147.946 0.324098 0.229182 4 1 0
148.046 0.32406 0.229239 4 1 0
148.146 0.324023 0.229296 4 1 0
148.246 0.323986 0.229352 4 1 0
148.346 0.323948 0.229409 4 1 0
148.446 0.323912 0.229465 4 1 0
148.546 0.323874 0.229521 4 1 0
148.646 0.323837 0.229577 4 1 0
148.746 0.323801 0.229632 4 1 0
148.846 0.323764 0.229687 4 1 0
148.946 0.323727 0.229742 4 1 0
149.046 0.323691 0.229797 4 1 0
149.146 0.323655 0.229852 4 1 0
149.246 0.323618 0.229907 4 1 0
149.346 0.323583 0.229961 4 1 0
149.446 0.323547 0.230015 4 1 0
149.546 0.32351 0.230069 4 1 0
149.646 0.323475 0.230123 4 1 0
149.746 0.323439 0.230176 4 1 0
149.846 0.323403 0.23023 4 1 0
149.946 0.323368 0.230283 4 1 0
150.046 0.323332 0.230336 4 1 0
150.146 0.323297 0.230389 4 1 0
150.246 0.32326 0.230442 4 1 0
150.346 0.323225 0.230495 4 1 0
150.446 0.32319 0.230547 4 1 0
150.546 0.323157 0.230603 4 1 0
150.646 0.323122 0.230655 4 1 0
150.746 0.323087 0.230707 4 1 0
150.846 0.323055 0.230756 4 1 0
150.946 0.323021 0.230808 4 1 0
151.046 0.322986 0.230859 4 1 0
151.146 0.322949 0.23092 4 1 0
151.246 0.322915 0.230971 4 1 0
151.346 0.322881 0.231022 4 1 0
151.446 0.322852 0.231067 4 1 0
151.546 0.322818 0.231117 4 1 0
151.646 0.322784 0.231168 4 1 0
151.746 0.322743 0.231241 4 1 0
151.846 0.322709 0.231291 4 1 0
151.846 0.322709 0.231291 4 1 0
151.866 0.322703 0.231301 4 1 0
151.906 0.322689 0.231321 4 1 0
151.986 0.322677 0.231337 4 1 0
152.086 0.322644 0.231387 4 1 0
152.186 0.32261 0.231436 4 1 0
152.286 0.322558 0.231506 4 1 0
152.386 0.322525 0.231555 4 1 0
152.486 0.322492 0.231604 4 1 0
152.586 0.322481 0.231634 4 1 0
152.686 0.322448 0.231683 4 1 0
152.786 0.322416 0.231732 4 1 0
152.886 0.322367 0.23179 4 1 0
152.986 0.322335 0.231838 4 1 0
153.086 0.322302 0.231886 4 1 0
153.186 0.32229 0.231931 4 1 0
153.286 0.322257 0.231979 4 1 0
153.386 0.322225 0.232027 4 1 0
153.486 0.32217 0.23208 4 1 0
153.586 0.322138 0.232127 4 1 0
153.686 0.322106 0.232174 4 1 0
153.786 0.322139 0.232232 4 1 0
153.886 0.322107 0.232279 4 1 0
153.986 0.322076 0.232326 4 1 0
154.086 0.321949 0.232375 4 1 0
154.186 0.321918 0.232421 4 1 0
154.286 0.321887 0.232467 4 1 0
154.386 0.321885 0.232485 4 1 0
154.486 0.321854 0.232531 4 1 0
154.586 0.321823 0.232576 4 1 0
154.686 0.321829 0.232623 4 1 0
154.786 0.321799 0.232668 4 1 0
154.886 0.321768 0.232714 4 1 0
154.986 0.321694 0.232772 4 1 0
155.086 0.321664 0.232816 4 1 0
155.186 0.321633 0.232861 4 1 0
155.286 0.321634 0.232894 4 1 0
155.386 0.321604 0.232939 4 1 0
155.486 0.321574 0.232983 4 1 0
155.586 0.32153 0.233035 4 1 0
155.686 0.3215 0.233079 4 1 0
155.786 0.321471 0.233123 4 1 0
155.886 0.321463 0.233161 4 1 0
155.986 0.321433 0.233205 4 1 0
156.086 0.321404 0.233248 4 1 0
156.186 0.321344 0.23331 4 1 0
156.286 0.321315 0.233353 4 1 0
156.386 0.321286 0.233396 4 1 0
156.486 0.321307 0.233441 4 1 0
156.586 0.321278 0.233484 4 1 0
156.686 0.321249 0.233526 4 1 0
156.786 0.321154 0.233559 4 1 0
156.886 0.321126 0.233601 4 1 0
156.986 0.321097 0.233643 4 1 0
157.086 0.321094 0.233672 4 1 0
157.186 0.321065 0.233714 4 1 0
157.286 0.321037 0.233756 4 1 0
157.386 0.321032 0.233797 4 1 0
157.486 0.321004 0.233839 4 1 0
157.586 0.320975 0.23388 4 1 0
157.686 0.320914 0.233925 4 1 0
157.786 0.320886 0.233966 4 1 0
157.886 0.320858 0.234007 4 1 0
157.986 0.320861 0.23405 4 1 0
158.086 0.320833 0.234091 4 1 0
158.186 0.320806 0.234131 4 1 0
158.286 0.320748 0.234184 4 1 0
158.386 0.320721 0.234224 4 1 0
158.486 0.320693 0.234264 4 1 0
158.586 0.320707 0.234302 4 1 0
158.686 0.32068 0.234342 4 1 0
158.786 0.320653 0.234381 4 1 0
158.886 0.320576 0.234424 4 1 0
158.986 0.320549 0.234463 4 1 0
159.086 0.320522 0.234503 4 1 0
159.186 0.320526 0.234537 4 1 0
159.286 0.320499 0.234577 4 1 0
159.386 0.320473 0.234616 4 1 0
159.486 0.320434 0.234651 4 1 0
159.586 0.320408 0.23469 4 1 0
159.686 0.320381 0.234729 4 1 0
159.786 0.320376 0.234762 4 1 0
159.886 0.32035 0.2348 4 1 0
159.986 0.320324 0.234838 4 1 0
160.086 0.320269 0.234883 4 1 0
160.186 0.320243 0.234921 4 1 0
160.286 0.320217 0.234959 4 1 0
160.386 0.320243 0.23501 4 1 0
160.486 0.320217 0.235048 4 1 0
160.586 0.320191 0.235085 4 1 0
160.686 0.320093 0.235113 4 1 0
160.786 0.320067 0.23515 4 1 0
160.886 0.320042 0.235187 4 1 0
160.986 0.320046 0.235217 4 1 0
161.086 0.320021 0.235254 4 1 0
161.186 0.319995 0.235291 4 1 0
161.286 0.319982 0.235324 4 1 0
161.386 0.319957 0.23536 4 1 0
161.486 0.319932 0.235397 4 1 0
161.586 0.319894 0.235427 4 1 0
161.686 0.319869 0.235463 4 1 0
161.786 0.319844 0.235499 4 1 0
161.886 0.319849 0.235539 4 1 0
161.986 0.319824 0.235575 4 1 0
162.086 0.319799 0.235611 4 1 0
162.186 0.31973 0.235648 4 1 0
162.286 0.319706 0.235683 4 1 0
162.386 0.319681 0.235718 4 1 0
162.486 0.31969 0.235756 4 1 0
162.586 0.319666 0.235791 4 1 0
162.686 0.319642 0.235826 4 1 0
162.786 0.319595 0.235859 4 1 0
162.886 0.319571 0.235894 4 1 0
162.986 0.319547 0.235929 4 1 0
163.086 0.319556 0.235967 4 1 0
163.186 0.319532 0.236002 4 1 0
163.286 0.319508 0.236036 4 1 0
163.386 0.319442 0.236077 4 1 0
163.486 0.319418 0.236111 4 1 0
163.586 0.319394 0.236144 4 1 0
163.686 0.319414 0.236179 4 1 0
163.786 0.319391 0.236213 4 1 0
163.886 0.319368 0.236246 4 1 0
163.986 0.319301 0.236279 4 1 0
164.086 0.319277 0.236312 4 1 0
164.186 0.319254 0.236345 4 1 0
164.286 0.319275 0.23638 4 1 0
164.386 0.319252 0.236413 4 1 0
164.486 0.319229 0.236446 4 1 0
164.586 0.319162 0.236476 4 1 0
164.686 0.319139 0.236509 4 1 0
164.786 0.319116 0.236541 4 1 0
164.886 0.319139 0.236578 4 1 0
164.986 0.319117 0.236611 4 1 0
165.086 0.319094 0.236643 4 1 0
165.186 0.319025 0.23667 4 1 0
165.286 0.319003 0.236702 4 1 0
165.386 0.31898 0.236734 4 1 0
165.486 0.319005 0.236772 4 1 0
165.586 0.318983 0.236803 4 1 0
165.686 0.318961 0.236835 4 1 0
165.786 0.318891 0.236861 4 1 0
165.886 0.318869 0.236892 4 1 0
165.986 0.318847 0.236923 4 1 0
166.086 0.318875 0.236963 4 1 0
166.186 0.318853 0.236995 4 1 0
166.286 0.318832 0.237026 4 1 0
166.386 0.318759 0.237045 4 1 0
166.486 0.318737 0.237076 4 1 0
166.586 0.318715 0.237107 4 1 0
166.686 0.318743 0.237146 4 1 0
166.786 0.318721 0.237177 4 1 0
166.886 0.3187 0.237207 4 1 0
166.986 0.31863 0.237234 4 1 0
167.086 0.318609 0.237264 4 1 0
167.186 0.318588 0.237294 4 1 0
167.286 0.318626 0.237322 4 1 0
167.386 0.318605 0.237352 4 1 0
167.486 0.318584 0.237381 4 1 0
167.586 0.318498 0.237403 4 1 0
167.686 0.318477 0.237432 4 1 0
167.786 0.318456 0.237462 4 1 0
167.886 0.318482 0.237499 4 1 0
167.986 0.318461 0.237529 4 1 0
168.086 0.31844 0.237558 4 1 0
168.186 0.318385 0.237582 4 1 0
168.286 0.318365 0.237611 4 1 0
168.386 0.318344 0.23764 4 1 0
168.486 0.31836 0.237675 4 1 0
168.586 0.31834 0.237704 4 1 0
168.686 0.318319 0.237733 4 1 0
168.786 0.318262 0.237759 4 1 0
168.886 0.318242 0.237787 4 1 0
168.986 0.318222 0.237816 4 1 0
169.086 0.318236 0.237847 4 1 0
169.186 0.318216 0.237875 4 1 0
169.286 0.318196 0.237903 4 1 0
169.386 0.318143 0.237933 4 1 0
169.486 0.318123 0.237961 4 1 0
169.586 0.318103 0.237989 4 1 0
169.686 0.318112 0.238014 4 1 0
169.786 0.318093 0.238042 4 1 0
169.886 0.318073 0.238069 4 1 0
169.986 0.318028 0.238098 4 1 0
170.086 0.318008 0.238126 4 1 0
170.186 0.317989 0.238153 4 1 0
170.286 0.31799 0.238176 4 1 0
170.386 0.317971 0.238203 4 1 0
170.486 0.317952 0.23823 4 1 0
170.586 0.317918 0.238247 4 1 0
170.686 0.317899 0.238274 4 1 0
170.786 0.31788 0.238301 4 1 0
170.886 0.317872 0.238331 4 1 0
170.986 0.317852 0.238357 4 1 0
171.086 0.317834 0.238384 4 1 0
171.186 0.31781 0.238403 4 1 0
171.286 0.317791 0.238429 4 1 0
171.386 0.317772 0.238455 4 1 0
171.486 0.317756 0.238485 4 1 0
171.586 0.317737 0.238511 4 1 0
171.586 0.317737 0.238511 4 1 0
171.606 0.317734 0.238516 4 1 0
171.646 0.317726 0.238527 4 1 0
171.726 0.31771 0.238545 4 1 0
171.886 0.317681 0.238587 4 1 0
172.206 0.317622 0.238669 4 1 0
172.706 0.31753 0.238796 4 1 0
173.206 0.317441 0.23892 4 1 0
173.706 0.317352 0.239042 4 1 0
174.206 0.317264 0.239162 4 1 0
174.706 0.317178 0.239281 4 1 0
175.206 0.317093 0.239397 4 1 0
175.706 0.31701 0.239512 4 1 0
176.206 0.316927 0.239624 4 1 0
176.706 0.316846 0.239734 4 1 0
177.206 0.316765 0.239843 4 1 0
177.706 0.316687 0.23995 4 1 0
178.206 0.316609 0.240055 4 1 0
178.706 0.316532 0.240159 4 1 0
179.206 0.316456 0.24026 4 1 0
179.706 0.316382 0.24036 4 1 0
180.206 0.316308 0.240459 4 1 0
180.706 0.316236 0.240555 4 1 0
181.206 0.316164 0.24065 4 1 0
181.706 0.316094 0.240744 4 1 0
182.206 0.316024 0.240835 4 1 0
182.706 0.315956 0.240925 4 1 0
183.206 0.315888 0.241015 4 1 0
183.706 0.315822 0.241102 4 1 0
184.206 0.315756 0.241187 4 1 0
184.706 0.315691 0.241272 4 1 0
185.206 0.315628 0.241354 4 1 0
185.706 0.315565 0.241435 4 1 0
186.206 0.315503 0.241516 4 1 0
186.706 0.315442 0.241594 4 1 0
187.206 0.315382 0.24167 4 1 0
187.706 0.315323 0.241747 4 1 0
188.206 0.315264 0.241821 4 1 0
188.706 0.315207 0.241894 4 1 0
189.206 0.31515 0.241966 4 1 0
189.706 0.315094 0.242036 4 1 0
190.206 0.315039 0.242105 4 1 0
190.706 0.314985 0.242174 4 1 0
191.206 0.314931 0.24224 4 1 0
191.706 0.314878 0.242305 4 1 0
192.206 0.314826 0.24237 4 1 0
192.706 0.314775 0.242433 4 1 0
193.206 0.314724 0.242494 4 1 0
193.706 0.314675 0.242556 4 1 0
194.206 0.314626 0.242615 4 1 0
194.706 0.314577 0.242673 4 1 0
195.206 0.31453 0.242732 4 1 0
195.706 0.314483 0.242787 4 1 0
196.206 0.314437 0.242842 4 1 0
196.706 0.314391 0.242897 4 1 0
197.206 0.314346 0.242949 4 1 0
197.706 0.314302 0.243001 4 1 0
198.206 0.314259 0.243053 4 1 0
198.706 0.314216 0.243102 4 1 0
199.206 0.314173 0.243151 4 1 0
199.706 0.314132 0.2432 4 1 0
200.206 0.314091 0.243246 4 1 0
200.706 0.31405 0.243291 4 1 0
201.206 0.314011 0.243338 4 1 0
201.706 0.313972 0.243381 4 1 0
202.206 0.313933 0.243424 4 1 0
202.706 0.313896 0.243467 4 1 0
203.206 0.313858 0.243508 4 1 0
203.706 0.313821 0.243548 4 1 0
204.206 0.313785 0.243589 4 1 0
204.706 0.313749 0.243626 4 1 0
205.206 0.313714 0.243663 4 1 0
205.706 0.31368 0.243702 4 1 0
206.206 0.313646 0.243737 4 1 0
206.706 0.313612 0.243772 4 1 0
207.206 0.31358 0.243807 4 1 0
207.706 0.313547 0.24384 4 1 0
208.206 0.313515 0.243872 4 1 0
208.706 0.313485 0.243906 4 1 0
209.206 0.313453 0.243936 4 1 0
209.706 0.313423 0.243966 4 1 0
210.206 0.313394 0.243997 4 1 0
210.706 0.313364 0.244025 4 1 0
211.206 0.313335 0.244052 4 1 0
211.706 0.313307 0.244081 4 1 0
212.206 0.313279 0.244107 4 1 0
212.706 0.313251 0.244132 4 1 0
213.206 0.313225 0.244159 4 1 0
213.706 0.313198 0.244182 4 1 0
214.206 0.313172 0.244205 4 1 0
214.706 0.313148 0.244229 4 1 0
215.206 0.313122 0.244251 4 1 0
215.706 0.313097 0.244272 4 1 0
216.206 0.313074 0.244292 4 1 0
216.706 0.31305 0.244312 4 1 0
217.206 0.313026 0.244332 4 1 0
217.706 0.313005 0.244349 4 1 0
218.206 0.312982 0.244367 4 1 0
218.706 0.312959 0.244385 4 1 0
219.206 0.312939 0.2444 4 1 0
219.706 0.312917 0.244417 4 1 0
220.206 0.312896 0.244433 4 1 0
220.706 0.312878 0.244446 4 1 0
221.206 0.312857 0.24446 4 1 0
221.706 0.312837 0.244475 4 1 0
222.206 0.312821 0.244486 4 1 0
222.706 0.312801 0.244499 4 1 0
223.206 0.312782 0.244511 4 1 0
223.706 0.312768 0.24452 4 1 0
224.206 0.312749 0.244532 4 1 0
224.706 0.312731 0.244542 4 1 0
225.206 0.31272 0.244549 4 1 0
225.706 0.312703 0.244559 4 1 0
226.206 0.312686 0.244568 4 1 0
226.706 0.312682 0.244572 4 1 0
227.206 0.312666 0.24458 4 1 0
227.706 0.31265 0.244587 4 1 0
228.206 0.312623 0.244593 4 1 0
228.706 0.312608 0.244598 4 1 0
229.206 0.312593 0.244603 4 1 0
229.706 0.312575 0.244605 4 1 0
230.206 0.312561 0.24461 4 1 0
230.706 0.312547 0.244614 4 1 0
231.206 0.312528 0.244626 4 1 0
231.706 0.312514 0.24463 4 1 0
232.206 0.312501 0.244633 4 1 0
232.706 0.312483 0.244633 4 1 0
233.206 0.31247 0.244635 4 1 0
233.706 0.312458 0.244637 4 1 0
234.206 0.312443 0.244635 4 1 0
234.706 0.312431 0.244636 4 1 0
235.206 0.31242 0.244636 4 1 0
235.706 0.312405 0.244635 4 1 0
236.206 0.312394 0.244634 4 1 0
236.706 0.312384 0.244633 4 1 0
237.206 0.312372 0.244628 4 1 0
237.706 0.312362 0.244626 4 1 0
238.206 0.312352 0.244623 4 1 0
238.706 0.31234 0.244621 4 1 0
239.206 0.312331 0.244618 4 1 0
239.706 0.312322 0.244614 4 1 0
240.206 0.312314 0.244602 4 1 0
240.706 0.312306 0.244597 4 1 0
241.206 0.312297 0.244592 4 1 0
241.706 0.312282 0.244578 4 1 0
242.206 0.312274 0.244571 4 1 0
242.706 0.312266 0.244564 4 1 0
243.206 0.312268 0.244556 4 1 0
243.706 0.312261 0.244548 4 1 0
244.206 0.312254 0.244541 4 1 0
244.706 0.312256 0.244532 4 1 0
245.206 0.31225 0.244523 4 1 0
245.706 0.312244 0.244514 4 1 0
246.206 0.312232 0.244511 4 1 0
246.706 0.312226 0.244501 4 1 0
247.206 0.312221 0.244491 4 1 0
247.706 0.31221 0.244487 4 1 0
248.206 0.312205 0.244477 4 1 0
248.706 0.3122 0.244466 4 1 0
249.206 0.312175 0.244452 4 1 0
249.706 0.31217 0.244441 4 1 0
250.206 0.312166 0.244429 4 1 0
250.706 0.312129 0.2444 4 1 0
251.206 0.312125 0.244387 4 1 0
251.706 0.312122 0.244374 4 1 0
252.206 0.312124 0.24436 4 1 0
252.706 0.312123 0.244346 4 1 0
253.206 0.312123 0.244331 4 1 0
253.706 0.312133 0.244316 4 1 0
254.206 0.312133 0.244301 4 1 0
254.706 0.312134 0.244286 4 1 0
255.206 0.312144 0.24427 4 1 0
255.706 0.312145 0.244254 4 1 0
256.206 0.312146 0.244237 4 1 0
256.706 0.31216 0.24422 4 1 0
257.206 0.312161 0.244203 4 1 0
257.706 0.312163 0.244186 4 1 0
258.206 0.312175 0.244171 4 1 0
258.706 0.312177 0.244153 4 1 0
259.206 0.31218 0.244134 4 1 0
259.706 0.312186 0.244119 4 1 0
260.206 0.312188 0.2441 4 1 0
260.706 0.312191 0.24408 4 1 0
261.206 0.312195 0.244057 4 1 0
261.706 0.312198 0.244037 4 1 0
262.206 0.312202 0.244017 4 1 0
262.706 0.312211 0.243999 4 1 0
263.206 0.312215 0.243978 4 1 0
263.706 0.312219 0.243957 4 1 0
264.206 0.312228 0.243938 4 1 0
264.706 0.312232 0.243916 4 1 0
265.206 0.312237 0.243894 4 1 0
265.706 0.312246 0.243875 4 1 0
266.206 0.312251 0.243852 4 1 0
266.706 0.312255 0.243829 4 1 0
267.206 0.312265 0.24381 4 1 0
267.706 0.31227 0.243787 4 1 0
268.206 0.312275 0.243763 4 1 0
268.706 0.312285 0.243744 4 1 0
269.206 0.312291 0.24372 4 1 0
269.206 0.312291 0.24372 4 1 0
269.226 0.312291 0.243719 4 1 0
269.266 0.312291 0.243717 4 1 0
269.346 0.312295 0.243714 4 1 0
269.506 0.312297 0.243706 4 1 0
269.826 0.3123 0.24369 4 1 0
270.326 0.312307 0.243664 4 1 0
270.826 0.312313 0.243638 4 1 0
271.326 0.312319 0.243613 4 1 0
271.826 0.312332 0.243582 4 1 0
272.326 0.312339 0.243557 4 1 0
272.826 0.312345 0.243532 4 1 0
273.326 0.312359 0.243502 4 1 0
273.826 0.312365 0.243476 4 1 0
274.326 0.312372 0.24345 4 1 0
274.826 0.312379 0.24342 4 1 0
275.326 0.312387 0.243393 4 1 0
275.826 0.312394 0.243366 4 1 0
276.326 0.312392 0.243341 4 1 0
276.826 0.312399 0.243314 4 1 0
277.326 0.312407 0.243286 4 1 0
277.826 0.312417 0.243256 4 1 0
278.326 0.312426 0.243227 4 1 0
278.826 0.312434 0.243199 4 1 0
279.326 0.312445 0.24317 4 1 0
279.826 0.312453 0.243142 4 1 0
280.326 0.312462 0.243113 4 1 0
280.826 0.312472 0.243083 4 1 0
281.326 0.312482 0.243054 4 1 0
281.826 0.312491 0.243025 4 1 0
282.326 0.312501 0.242995 4 1 0
282.826 0.312511 0.242965 4 1 0
283.326 0.31252 0.242935 4 1 0
283.826 0.312531 0.242905 4 1 0
284.326 0.312541 0.242874 4 1 0
284.826 0.312551 0.242843 4 1 0
285.326 0.312562 0.242813 4 1 0
285.826 0.312573 0.242782 4 1 0
286.326 0.312583 0.242751 4 1 0
286.826 0.312594 0.24272 4 1 0
287.326 0.312605 0.242688 4 1 0
287.826 0.312616 0.242656 4 1 0
288.326 0.312627 0.242625 4 1 0
288.826 0.312638 0.242593 4 1 0
289.326 0.312649 0.24256 4 1 0
289.826 0.312661 0.242529 4 1 0
290.326 0.312673 0.242496 4 1 0
290.826 0.312684 0.242463 4 1 0
291.326 0.312696 0.242431 4 1 0
291.826 0.312708 0.242398 4 1 0
292.326 0.31272 0.242365 4 1 0
292.826 0.312732 0.242333 4 1 0
293.326 0.312744 0.242299 4 1 0
293.826 0.312756 0.242266 4 1 0
294.326 0.312769 0.242233 4 1 0
294.826 0.312781 0.242198 4 1 0
295.326 0.312793 0.242162 4 1 0
295.826 0.312806 0.242124 4 1 0
296.326 0.312819 0.242088 4 1 0
296.826 0.312831 0.242052 4 1 0
297.326 0.312844 0.242012 4 1 0
297.826 0.312857 0.241976 4 1 0
298.326 0.31287 0.241939 4 1 0
298.826 0.312883 0.241897 4 1 0
299.326 0.312896 0.24186 4 1 0
299.826 0.31291 0.241824 4 1 0
300.326 0.312923 0.241787 4 1 0
300.826 0.312936 0.24175 4 1 0
301.326 0.31295 0.241713 4 1 0
301.826 0.312963 0.241676 4 1 0
302.326 0.312977 0.241639 4 1 0
302.826 0.312991 0.241601 4 1 0
303.326 0.313004 0.241565 4 1 0
303.826 0.313018 0.241527 4 1 0
304.326 0.313032 0.241489 4 1 0
304.826 0.313045 0.24145 4 1 0
305.326 0.313059 0.241412 4 1 0
305.826 0.313074 0.241374 4 1 0
306.326 0.313089 0.241338 4 1 0
306.826 0.313104 0.241299 4 1 0
307.326 0.313118 0.24126 4 1 0
307.826 0.313133 0.241227 4 1 0
308.326 0.313148 0.241188 4 1 0
308.826 0.313163 0.241148 4 1 0
309.326 0.313177 0.241111 4 1 0
309.826 0.313192 0.241072 4 1 0
310.326 0.313207 0.241032 4 1 0
310.826 0.313222 0.240995 4 1 0
311.326 0.313237 0.240955 4 1 0
311.826 0.313253 0.240914 4 1 0
312.326 0.313268 0.24088 4 1 0
312.826 0.313283 0.240839 4 1 0
313.326 0.313299 0.240798 4 1 0
313.826 0.313315 0.240757 4 1 0
314.326 0.313331 0.240718 4 1 0
314.826 0.313346 0.240678 4 1 0
315.326 0.313362 0.240629 4 1 0
315.826 0.313378 0.240588 4 1 0
316.326 0.313395 0.240548 4 1 0
316.826 0.31341 0.240501 4 1 0
317.326 0.313427 0.24046 4 1 0
317.826 0.313443 0.240419 4 1 0
318.326 0.313459 0.240375 4 1 0
318.826 0.313475 0.240333 4 1 0
319.326 0.313492 0.240292 4 1 0
319.826 0.313507 0.240249 4 1 0
320.326 0.313524 0.240207 4 1 0
320.826 0.313541 0.240165 4 1 0
321.326 0.313556 0.240123 4 1 0
321.826 0.313573 0.24008 4 1 0
322.326 0.31359 0.240038 4 1 0
322.826 0.313606 0.239996 4 1 0
323.326 0.313623 0.239953 4 1 0
323.826 0.31364 0.239911 4 1 0
324.326 0.313655 0.239869 4 1 0
324.826 0.313673 0.239826 4 1 0
325.326 0.31369 0.239783 4 1 0
325.826 0.313705 0.239741 4 1 0
326.326 0.313723 0.239698 4 1 0
326.826 0.31374 0.239654 4 1 0
327.326 0.313756 0.239613 4 1 0
327.826 0.313773 0.239569 4 1 0
328.326 0.313791 0.239525 4 1 0
328.826 0.313806 0.239484 4 1 0
329.326 0.313824 0.239439 4 1 0
329.826 0.313842 0.239395 4 1 0
330.326 0.313857 0.239354 4 1 0
330.826 0.313875 0.23931 4 1 0
331.326 0.313893 0.239265 4 1 0
331.826 0.313907 0.239225 4 1 0
332.326 0.313925 0.23918 4 1 0
332.826 0.313943 0.239135 4 1 0
333.326 0.313957 0.239096 4 1 0
333.826 0.313975 0.239051 4 1 0
334.326 0.313993 0.239006 4 1 0
334.826 0.314005 0.238955 4 1 0
335.326 0.314023 0.238911 4 1 0
335.826 0.314041 0.238867 4 1 0
336.326 0.314047 0.238811 4 1 0
336.826 0.314065 0.238766 4 1 0
337.326 0.314084 0.23872 4 1 0
337.826 0.314102 0.238679 4 1 0
338.326 0.314124 0.238634 4 1 0
338.826 0.314147 0.238588 4 1 0
339.326 0.31417 0.238541 4 1 0
339.826 0.314189 0.238495 4 1 0
340.326 0.314208 0.238449 4 1 0
340.826 0.314225 0.238409 4 1 0
341.326 0.314244 0.238364 4 1 0
341.826 0.314263 0.238318 4 1 0
342.326 0.314305 0.238265 4 1 0
342.826 0.314328 0.238219 4 1 0
343.326 0.31435 0.238173 4 1 0
343.826 0.314382 0.238126 4 1 0
344.326 0.314405 0.238079 4 1 0
344.826 0.314428 0.238033 4 1 0
345.326 0.314433 0.237988 4 1 0
345.826 0.314456 0.237942 4 1 0
346.326 0.314479 0.237895 4 1 0
346.826 0.314495 0.237859 4 1 0
347.326 0.314519 0.237813 4 1 0
347.826 0.314542 0.237767 4 1 0
348.326 0.314587 0.237707 4 1 0
348.826 0.31461 0.23766 4 1 0
349.326 0.314633 0.237613 4 1 0
349.826 0.314669 0.237567 4 1 0
350.326 0.314692 0.237519 4 1 0
350.826 0.314715 0.237472 4 1 0
351.326 0.314709 0.237433 4 1 0
351.826 0.314733 0.237386 4 1 0
352.326 0.314757 0.237339 4 1 0
352.826 0.314766 0.237282 4 1 0
353.326 0.31479 0.237234 4 1 0
353.826 0.314814 0.237187 4 1 0
354.326 0.314855 0.237148 4 1 0
354.826 0.314879 0.2371 4 1 0
355.326 0.314903 0.237052 4 1 0
355.826 0.314939 0.23701 4 1 0
356.326 0.314963 0.236962 4 1 0
356.826 0.314987 0.236914 4 1 0
357.326 0.315001 0.236859 4 1 0
357.826 0.315025 0.236811 4 1 0
358.326 0.315049 0.236764 4 1 0
358.826 0.315057 0.236717 4 1 0
359.326 0.315081 0.236669 4 1 0
359.826 0.315106 0.236621 4 1 0
360.326 0.315135 0.236568 4 1 0
360.826 0.315159 0.23652 4 1 0
361.326 0.315184 0.236472 4 1 0
361.826 0.315213 0.236421 4 1 0
362.326 0.315237 0.236373 4 1 0
362.826 0.315262 0.236325 4 1 0
363.326 0.315287 0.236276 4 1 0
363.826 0.315312 0.236228 4 1 0
364.326 0.315337 0.23618 4 1 0
364.826 0.315362 0.236133 4 1 0
365.326 0.315386 0.236084 4 1 0
365.826 0.315411 0.236036 4 1 0
366.326 0.315435 0.235992 4 1 0
366.826 0.31546 0.235944 4 1 0
366.826 0.31546 0.235944 4 1 0
366.846 0.315461 0.235942 4 1 0
366.886 0.315463 0.235938 4 1 0
366.966 0.315467 0.235934 4 1 0
367.126 0.315475 0.235918 4 1 0
367.446 0.315491 0.235887 4 1 0
367.946 0.315516 0.235841 4 1 0
368.446 0.315541 0.235793 4 1 0
368.946 0.315566 0.235744 4 1 0
369.446 0.315592 0.235696 4 1 0
369.946 0.315618 0.235646 4 1 0
370.446 0.315643 0.235597 4 1 0
370.946 0.315668 0.235542 4 1 0
371.446 0.315694 0.235493 4 1 0
371.946 0.315719 0.235444 4 1 0
372.446 0.315745 0.23539 4 1 0
372.946 0.31577 0.235341 4 1 0
373.446 0.315796 0.235291 4 1 0
373.946 0.315822 0.235239 4 1 0
374.446 0.315848 0.235189 4 1 0
374.946 0.315873 0.23514 4 1 0
375.446 0.3159 0.235089 4 1 0
375.946 0.315925 0.23504 4 1 0
376.446 0.315951 0.234991 4 1 0
376.946 0.315978 0.234943 4 1 0
377.446 0.316004 0.234894 4 1 0
377.946 0.316029 0.234845 4 1 0
378.446 0.316058 0.234807 4 1 0
378.946 0.316083 0.234758 4 1 0
379.446 0.316109 0.234709 4 1 0
379.946 0.31614 0.234646 4 1 0
380.446 0.316166 0.234596 4 1 0
380.946 0.316191 0.234546 4 1 0
381.446 0.316216 0.234501 4 1 0
381.946 0.316241 0.234451 4 1 0
382.446 0.316267 0.234402 4 1 0
382.946 0.316293 0.234351 4 1 0
383.446 0.316319 0.234301 4 1 0
383.946 0.316345 0.234252 4 1 0
384.446 0.316371 0.234199 4 1 0
384.946 0.316396 0.234149 4 1 0
385.446 0.316422 0.234099 4 1 0
385.946 0.316448 0.234065 4 1 0
386.446 0.316473 0.234015 4 1 0
386.946 0.316499 0.233965 4 1 0
387.446 0.31652 0.233912 4 1 0
387.946 0.316546 0.233862 4 1 0
388.446 0.316572 0.233812 4 1 0
388.946 0.316602 0.233756 4 1 0
389.446 0.316628 0.233706 4 1 0
389.946 0.316654 0.233656 4 1 0
390.446 0.316679 0.233609 4 1 0
390.946 0.316705 0.233559 4 1 0
391.446 0.31673 0.23351 4 1 0
391.946 0.316756 0.233471 4 1 0
392.446 0.316782 0.233421 4 1 0
392.946 0.316808 0.233371 4 1 0
393.446 0.316835 0.233316 4 1 0
393.946 0.316861 0.233265 4 1 0
394.446 0.316887 0.233215 4 1 0
394.946 0.316911 0.233152 4 1 0
395.446 0.316937 0.233102 4 1 0
395.946 0.316963 0.233052 4 1 0
396.446 0.316988 0.233018 4 1 0
396.946 0.317013 0.232968 4 1 0
397.446 0.317039 0.232919 4 1 0
397.946 0.317067 0.232856 4 1 0
398.446 0.317093 0.232806 4 1 0
398.946 0.317119 0.232757 4 1 0
399.446 0.317146 0.232702 4 1 0
399.946 0.317172 0.232652 4 1 0
400.446 0.317198 0.232602 4 1 0
400.946 0.317213 0.232563 4 1 0
401.446 0.317239 0.232513 4 1 0
401.946 0.317265 0.232462 4 1 0
402.446 0.317306 0.232405 4 1 0
402.946 0.317332 0.232355 4 1 0
403.446 0.317359 0.232305 4 1 0
403.946 0.31738 0.232252 4 1 0
404.446 0.317406 0.232202 4 1 0
404.946 0.317432 0.232152 4 1 0
405.446 0.317448 0.232136 4 1 0
405.946 0.317474 0.232086 4 1 0
406.446 0.3175 0.232035 4 1 0
406.946 0.317546 0.231977 4 1 0
407.446 0.317573 0.231927 4 1 0
407.946 0.317599 0.231876 4 1 0
408.446 0.317615 0.231811 4 1 0
408.946 0.317642 0.231761 4 1 0
409.446 0.317668 0.231711 4 1 0
409.946 0.317687 0.231657 4 1 0
410.446 0.317713 0.231607 4 1 0
410.946 0.317739 0.231558 4 1 0
411.446 0.317773 0.231502 4 1 0
411.946 0.3178 0.231452 4 1 0
412.446 0.317826 0.231402 4 1 0
412.946 0.317835 0.231387 4 1 0
413.446 0.317861 0.231338 4 1 0
413.946 0.317887 0.231287 4 1 0
414.446 0.317921 0.23121 4 1 0
414.946 0.317947 0.23116 4 1 0
415.446 0.317973 0.23111 4 1 0
415.946 0.318017 0.231067 4 1 0
416.446 0.318044 0.231017 4 1 0
416.946 0.31807 0.230967 4 1 0
417.446 0.31808 0.230903 4 1 0
417.946 0.318106 0.230854 4 1 0
418.446 0.318132 0.230804 4 1 0
418.946 0.31816 0.230754 4 1 0
419.446 0.318187 0.230704 4 1 0
419.946 0.318213 0.230654 4 1 0
420.446 0.318212 0.230614 4 1 0
420.946 0.318238 0.230564 4 1 0
421.446 0.318264 0.230513 4 1 0
421.946 0.31833 0.230463 4 1 0
422.446 0.318357 0.230413 4 1 0
422.946 0.318383 0.230363 4 1 0
423.446 0.318387 0.230313 4 1 0
423.946 0.318413 0.230264 4 1 0
424.446 0.318439 0.230214 4 1 0
424.946 0.318464 0.230161 4 1 0
425.446 0.31849 0.230112 4 1 0
425.946 0.318516 0.230062 4 1 0
426.446 0.318556 0.230009 4 1 0
426.946 0.318582 0.22996 4 1 0
427.446 0.318609 0.22991 4 1 0
427.946 0.318602 0.229885 4 1 0
428.446 0.318628 0.229835 4 1 0
428.946 0.318654 0.229785 4 1 0
429.446 0.318715 0.229713 4 1 0
429.946 0.318742 0.229663 4 1 0
430.446 0.318768 0.229613 4 1 0
430.946 0.318761 0.229596 4 1 0
431.446 0.318787 0.229547 4 1 0
431.946 0.318813 0.229498 4 1 0
432.446 0.318831 0.229443 4 1 0
432.946 0.318857 0.229394 4 1 0
433.446 0.318883 0.229345 4 1 0
433.946 0.318962 0.229284 4 1 0
434.446 0.318989 0.229235 4 1 0
434.946 0.319015 0.229185 4 1 0
435.446 0.319006 0.229121 4 1 0
435.946 0.319032 0.229072 4 1 0
436.446 0.319058 0.229023 4 1 0
435.088 0.318998 0.229154 4 1 0
435.588 0.319024 0.229105 4 1 0
436.088 0.31905 0.229055 4 1 0
436.588 0.31909 0.229008 4 1 0
437.088 0.319119 0.228958 4 1 0
437.588 0.319149 0.228909 4 1 0
437.588 0.319121 0.228908 4 1 0
438.088 0.319147 0.228858 4 1 0
438.588 0.319173 0.228809 4 1 0
439.088 0.319211 0.228786 4 1 0
439.588 0.31924 0.228738 4 1 0
440.088 0.31927 0.228689 4 1 0
440.588 0.319325 0.228638 4 1 0
441.088 0.319354 0.228588 4 1 0
441.588 0.319384 0.228539 4 1 0
442.088 0.319372 0.228473 4 1 0
442.588 0.319398 0.228424 4 1 0
443.088 0.319424 0.228375 4 1 0
443.588 0.319475 0.228337 4 1 0
444.088 0.319505 0.228289 4 1 0
444.588 0.319534 0.228241 4 1 0
445.088 0.319553 0.228174 4 1 0
445.588 0.319583 0.228126 4 1 0
446.088 0.319612 0.228077 4 1 0
446.588 0.319637 0.228027 4 1 0
447.088 0.319666 0.227978 4 1 0
447.588 0.319696 0.227929 4 1 0
447.588 0.319769 0.227946 4 1 0
447.715 0.319777 0.227933 4 1 0
447.84 0.319784 0.22792 4 1 0
447.841 0.319678 0.227905 4 1 0
448.341 0.319704 0.227857 4 1 0
448.841 0.319733 0.227808 4 1 0
449.341 0.319816 0.22777 4 1 0
449.841 0.319845 0.227722 4 1 0
450.341 0.319875 0.227674 4 1 0
450.841 0.319933 0.227631 4 1 0
451.341 0.319962 0.227583 4 1 0
451.841 0.319991 0.227534 4 1 0
452.341 0.319952 0.227487 4 1 0
452.841 0.319982 0.227439 4 1 0
453.341 0.320012 0.22739 4 1 0
453.841 0.320086 0.227338 4 1 0
454.341 0.320115 0.22729 4 1 0
454.841 0.320145 0.227242 4 1 0
455.341 0.320145 0.227183 4 1 0
455.841 0.320174 0.227135 4 1 0
456.341 0.320204 0.227087 4 1 0
456.841 0.320285 0.227038 4 1 0
457.341 0.320314 0.22699 4 1 0
457.841 0.320343 0.226942 4 1 0
458.341 0.320323 0.226915 4 1 0
458.841 0.320352 0.226866 4 1 0
459.341 0.320381 0.226818 4 1 0
459.841 0.320429 0.226746 4 1 0
460.341 0.320458 0.226699 4 1 0
460.341 0.320458 0.226699 4 1 0
460.361 0.320459 0.226697 4 1 0
460.401 0.320462 0.226693 4 1 0
460.481 0.320481 0.226695 4 1 0
460.641 0.32049 0.22668 4 1 0
460.961 0.320509 0.226649 4 1 0
461.461 0.320554 0.226613 4 1 0
461.961 0.320583 0.226565 4 1 0
462.461 0.320612 0.226517 4 1 0
462.961 0.320589 0.226477 4 1 0
463.461 0.320618 0.226429 4 1 0
463.961 0.320647 0.226381 4 1 0
464.461 0.320701 0.226305 4 1 0
464.961 0.320731 0.226257 4 1 0
465.461 0.32076 0.22621 4 1 0
465.961 0.320807 0.226193 4 1 0
466.461 0.320836 0.226146 4 1 0
466.961 0.320865 0.226099 4 1 0
467.461 0.320897 0.226041 4 1 0
467.961 0.320926 0.225994 4 1 0
468.461 0.320955 0.225947 4 1 0
468.961 0.320948 0.225896 4 1 0
469.461 0.320977 0.225848 4 1 0
469.961 0.321006 0.225801 4 1 0
470.461 0.321058 0.225739 4 1 0
470.961 0.321087 0.225692 4 1 0
471.461 0.321116 0.225645 4 1 0
471.961 0.321151 0.225601 4 1 0
472.461 0.32118 0.225555 4 1 0
472.961 0.321209 0.225508 4 1 0
473.461 0.321239 0.22546 4 1 0
473.961 0.321268 0.225413 4 1 0
474.461 0.321296 0.225366 4 1 0
474.961 0.321322 0.225314 4 1 0
475.461 0.321351 0.225268 4 1 0
475.961 0.32138 0.225221 4 1 0
476.461 0.321417 0.225201 4 1 0
476.961 0.321445 0.225154 4 1 0
477.461 0.321474 0.225107 4 1 0
477.961 0.321491 0.225035 4 1 0
478.461 0.32152 0.224989 4 1 0
478.961 0.321549 0.224942 4 1 0
479.461 0.321588 0.224894 4 1 0
479.961 0.321616 0.224847 4 1 0
480.461 0.321645 0.224801 4 1 0
480.961 0.321663 0.224755 4 1 0
481.461 0.321692 0.224709 4 1 0
481.961 0.321721 0.224662 4 1 0
482.461 0.321749 0.224623 4 1 0
482.961 0.321777 0.224576 4 1 0
483.461 0.321804 0.224529 4 1 0
483.461 0.32179 0.224529 4 1 0
483.961 0.321819 0.224483 4 1 0
484.461 0.321848 0.224436 4 1 0
484.461 0.321867 0.224434 4 1 0
484.711 0.321881 0.224412 4 1 0
484.961 0.321895 0.224389 4 1 0
485.461 0.321926 0.224354 4 1 0
485.961 0.321954 0.224308 4 1 0
486.461 0.321982 0.224262 4 1 0
486.469 0.321974 0.224258 4 1 0
486.969 0.322002 0.224212 4 1 0
487.469 0.322031 0.224166 4 1 0
487.469 0.322039 0.224167 4 1 0
487.97 0.322067 0.224121 4 1 0
488.47 0.322095 0.224076 4 1 0
488.97 0.322124 0.22403 4 1 0
489.47 0.322152 0.223985 4 1 0
489.97 0.32218 0.22394 4 1 0
489.971 0.322179 0.223927 4 1 0
490.471 0.322207 0.223881 4 1 0
490.971 0.322235 0.223836 4 1 0
490.971 0.322233 0.223843 4 1 0
491.472 0.322261 0.223797 4 1 0
491.972 0.322288 0.223751 4 1 0
492.472 0.322307 0.223743 4 1 0
492.972 0.322334 0.223698 4 1 0
493.472 0.322362 0.223653 4 1 0
493.472 0.322375 0.22362 4 1 0
493.972 0.322404 0.223574 4 1 0
494.472 0.322432 0.223529 4 1 0
494.972 0.322461 0.223487 4 1 0
495.472 0.322489 0.223442 4 1 0
495.972 0.322517 0.223396 4 1 0
496.472 0.322545 0.223335 4 1 0
496.972 0.322573 0.223289 4 1 0
497.472 0.322601 0.223244 4 1 0
497.472 0.322585 0.223244 4 1 0
497.973 0.322612 0.223199 4 1 0
498.223 0.322626 0.223177 4 1 0
498.223 0.322643 0.223177 4 1 0
498.723 0.322671 0.223132 4 1 0
499.223 0.322699 0.223087 4 1 0
499.723 0.32272 0.223065 4 1 0
500.223 0.322748 0.22302 4 1 0
500.723 0.322776 0.222976 4 1 0
501.223 0.322797 0.222917 4 1 0
501.723 0.322824 0.222872 4 1 0
502.223 0.322851 0.222828 4 1 0
502.723 0.322892 0.222778 4 1 0
503.223 0.32292 0.222733 4 1 0
503.723 0.322948 0.222689 4 1 0
504.223 0.322966 0.222671 4 1 0
504.723 0.322994 0.222627 4 1 0
505.223 0.323021 0.222583 4 1 0
505.723 0.323044 0.222511 4 1 0
506.223 0.323072 0.222467 4 1 0
506.723 0.323099 0.222423 4 1 0
507.223 0.323115 0.222393 4 1 0
507.723 0.323142 0.222349 4 1 0
508.223 0.323168 0.222305 4 1 0
508.723 0.323211 0.222243 4 1 0
509.223 0.323238 0.222199 4 1 0
509.723 0.323265 0.222155 4 1 0
510.223 0.323273 0.222131 4 1 0
510.723 0.3233 0.222088 4 1 0
511.223 0.323327 0.222044 4 1 0
511.723 0.323357 0.221995 4 1 0
512.223 0.323384 0.221952 4 1 0
512.723 0.323411 0.221908 4 1 0
513.223 0.323473 0.221854 4 1 0
513.723 0.3235 0.22181 4 1 0
514.223 0.323528 0.221767 4 1 0
514.723 0.323536 0.221717 4 1 0
515.223 0.323563 0.221674 4 1 0
515.723 0.32359 0.22163 4 1 0
516.223 0.323595 0.221627 4 1 0
516.723 0.323622 0.221585 4 1 0
517.223 0.323648 0.221542 4 1 0
517.723 0.323688 0.221465 4 1 0
518.223 0.323715 0.221422 4 1 0
518.723 0.323741 0.221379 4 1 0
519.223 0.323758 0.221374 4 1 0
519.723 0.323784 0.221332 4 1 0
520.223 0.32381 0.221289 4 1 0
520.723 0.32383 0.221214 4 1 0
521.223 0.323857 0.221171 4 1 0
521.723 0.323883 0.221128 4 1 0
522.223 0.323915 0.221081 4 1 0
522.723 0.323941 0.221038 4 1 0
523.223 0.323967 0.220995 4 1 0
523.723 0.323978 0.220982 4 1 0
524.223 0.324004 0.220938 4 1 0
524.723 0.324031 0.220895 4 1 0
525.223 0.324091 0.220822 4 1 0
525.723 0.324117 0.22078 4 1 0
526.223 0.324143 0.220738 4 1 0
526.723 0.324151 0.220718 4 1 0
527.223 0.324177 0.220675 4 1 0
527.723 0.324204 0.220633 4 1 0
528.223 0.324234 0.220557 4 1 0
528.723 0.32426 0.220514 4 1 0
529.223 0.324286 0.220472 4 1 0
529.723 0.32433 0.220447 4 1 0
530.223 0.324356 0.220405 4 1 0
530.723 0.324382 0.220363 4 1 0
531.223 0.324367 0.220344 4 1 0
531.723 0.324392 0.220301 4 1 0
532.223 0.324418 0.220259 4 1 0
532.723 0.324484 0.220191 4 1 0
533.223 0.32451 0.220149 4 1 0
533.723 0.324536 0.220108 4 1 0
534.223 0.324562 0.220053 4 1 0
534.723 0.324588 0.220012 4 1 0
535.223 0.324614 0.21997 4 1 0
535.723 0.324588 0.219926 4 1 0
536.223 0.324614 0.219884 4 1 0
536.723 0.324639 0.219843 4 1 0
537.223 0.324704 0.219829 4 1 0
537.723 0.32473 0.219787 4 1 0
538.223 0.324756 0.219745 4 1 0
538.723 0.324846 0.219702 4 1 0
539.223 0.324872 0.219661 4 1 0
539.723 0.324898 0.219619 4 1 0
540.223 0.324891 0.219559 4 1 0
540.723 0.324917 0.219518 4 1 0
541.223 0.324942 0.219477 4 1 0
541.723 0.324934 0.219459 4 1 0
542.223 0.32496 0.219419 4 1 0
542.723 0.324985 0.219378 4 1 0
543.223 0.324975 0.219331 4 1 0
543.723 0.325 0.21929 4 1 0
544.223 0.325025 0.21925 4 1 0
544.723 0.325065 0.21924 4 1 0
545.223 0.325094 0.2192 4 1 0
545.723 0.325122 0.219159 4 1 0
546.223 0.325146 0.219079 4 1 0
546.723 0.325172 0.219039 4 1 0
547.223 0.325197 0.218998 4 1 0
547.723 0.325204 0.218953 4 1 0
548.223 0.325229 0.218912 4 1 0
548.723 0.325255 0.218872 4 1 0
549.223 0.325355 0.218842 4 1 0
549.723 0.325383 0.218801 4 1 0
550.223 0.32541 0.21876 4 1 0
550.723 0.325402 0.218727 4 1 0
551.223 0.325427 0.218688 4 1 0
551.723 0.325452 0.218648 4 1 0
552.223 0.325469 0.218576 4 1 0
552.723 0.325494 0.218536 4 1 0
552.723 0.325494 0.218536 4 1 0
552.743 0.325495 0.218534 4 1 0
552.783 0.325498 0.218531 4 1 0
552.863 0.325505 0.218525 4 1 0
552.983 0.325512 0.218515 4 1 0
553.163 0.325523 0.218501 4 1 0
553.433 0.325539 0.218508 4 1 0
553.838 0.325559 0.218476 4 1 0
554.338 0.325584 0.218437 4 1 0
554.838 0.325581 0.218368 4 1 0
555.338 0.325606 0.218328 4 1 0
555.838 0.325631 0.218288 4 1 0
556.338 0.325716 0.218249 4 1 0
556.838 0.325744 0.218209 4 1 0
557.338 0.325772 0.218168 4 1 0
557.838 0.325743 0.218165 4 1 0
558.338 0.325768 0.218125 4 1 0
558.838 0.325792 0.218085 4 1 0
559.338 0.325844 0.218011 4 1 0
559.838 0.325868 0.217972 4 1 0
560.338 0.325893 0.217932 4 1 0
560.838 0.325933 0.217913 4 1 0
561.338 0.325961 0.217873 4 1 0
561.838 0.325989 0.217833 4 1 0
562.338 0.326009 0.217773 4 1 0
562.838 0.326034 0.217734 4 1 0
563.338 0.326059 0.217695 4 1 0
563.838 0.326069 0.21771 4 1 0
564.338 0.326097 0.217671 4 1 0
564.838 0.326125 0.217632 4 1 0
565.338 0.326197 0.217572 4 1 0
565.838 0.326224 0.217532 4 1 0
566.338 0.326252 0.217493 4 1 0
566.838 0.32627 0.217429 4 1 0
567.338 0.326295 0.21739 4 1 0
567.838 0.32632 0.217351 4 1 0
568.338 0.326298 0.217328 4 1 0
568.838 0.326326 0.217288 4 1 0
569.338 0.326353 0.217249 4 1 0
569.838 0.326377 0.217214 4 1 0
570.338 0.326405 0.217175 4 1 0
570.838 0.326432 0.217137 4 1 0
571.338 0.326502 0.217096 4 1 0
571.838 0.326529 0.217058 4 1 0
572.338 0.326556 0.21702 4 1 0
572.838 0.326601 0.216975 4 1 0
573.338 0.326628 0.216937 4 1 0
573.838 0.326655 0.216899 4 1 0
574.338 0.326706 0.216876 4 1 0
574.838 0.326733 0.216838 4 1 0
575.338 0.32676 0.2168 4 1 0
575.838 0.326779 0.216746 4 1 0
576.338 0.326806 0.216709 4 1 0
576.838 0.326833 0.216671 4 1 0
577.338 0.326864 0.216631 4 1 0
577.838 0.32689 0.216594 4 1 0
578.338 0.326917 0.216556 4 1 0
578.838 0.326964 0.216571 4 1 0
579.338 0.32699 0.216532 4 1 0
579.838 0.327017 0.216494 4 1 0
580.338 0.326998 0.216411 4 1 0
580.838 0.327025 0.216374 4 1 0
581.338 0.327052 0.216337 4 1 0
581.838 0.327091 0.2163 4 1 0
582.338 0.327118 0.216263 4 1 0
582.838 0.327144 0.216226 4 1 0
583.338 0.327174 0.216184 4 1 0
583.838 0.327201 0.216147 4 1 0
584.338 0.327227 0.21611 4 1 0
584.838 0.32726 0.216079 4 1 0
585.338 0.327287 0.216042 4 1 0
585.838 0.327313 0.216005 4 1 0
586.338 0.327347 0.215994 4 1 0
586.838 0.327373 0.215957 4 1 0
587.338 0.327399 0.215921 4 1 0
587.838 0.327365 0.215829 4 1 0
588.338 0.327391 0.215792 4 1 0
588.838 0.327418 0.215755 4 1 0
589.338 0.327486 0.215776 4 1 0
589.838 0.327512 0.215739 4 1 0
590.338 0.327538 0.215703 4 1 0
590.838 0.327554 0.215637 4 1 0
591.338 0.32758 0.215601 4 1 0
591.838 0.327606 0.215564 4 1 0
592.338 0.327615 0.215502 4 1 0
592.838 0.327641 0.215466 4 1 0
593.338 0.327667 0.215429 4 1 0
593.838 0.327741 0.215424 4 1 0
594.338 0.327767 0.215388 4 1 0
594.838 0.327792 0.215351 4 1 0
595.338 0.327811 0.21531 4 1 0
595.838 0.327836 0.215273 4 1 0
596.338 0.327862 0.215236 4 1 0
596.838 0.327867 0.215208 4 1 0
597.338 0.327893 0.215172 4 1 0
597.838 0.327918 0.215136 4 1 0
598.338 0.327901 0.21506 4 1 0
598.838 0.327927 0.215024 4 1 0
599.338 0.327953 0.214988 4 1 0
599.838 0.328035 0.214978 4 1 0
600.338 0.328061 0.214941 4 1 0
600.838 0.328087 0.214905 4 1 0
601.338 0.328098 0.214885 4 1 0
601.838 0.328123 0.214849 4 1 0
602.338 0.328149 0.214813 4 1 0
602.838 0.328107 0.214737 4 1 0
603.338 0.328133 0.214701 4 1 0
603.838 0.328158 0.214665 4 1 0
604.338 0.328275 0.214631 4 1 0
604.838 0.328301 0.214595 4 1 0
605.338 0.328326 0.21456 4 1 0
605.838 0.328336 0.214524 4 1 0
606.338 0.328361 0.214489 4 1 0
606.838 0.328386 0.214453 4 1 0
607.338 0.328286 0.21442 4 1 0
607.838 0.328312 0.214385 4 1 0
608.338 0.328338 0.214349 4 1 0
608.838 0.328492 0.214311 4 1 0
609.338 0.328518 0.214276 4 1 0
609.838 0.328543 0.214241 4 1 0
610.338 0.328554 0.214213 4 1 0
610.838 0.328579 0.214178 4 1 0
611.338 0.328604 0.214143 4 1 0
611.838 0.328539 0.214102 4 1 0
612.338 0.328565 0.214067 4 1 0
612.838 0.328591 0.214032 4 1 0
613.338 0.328717 0.213999 4 1 0
613.838 0.328742 0.213964 4 1 0
614.338 0.328767 0.213929 4 1 0
614.838 0.328789 0.213899 4 1 0
615.338 0.328814 0.213864 4 1 0
615.838 0.328839 0.213829 4 1 0
616.338 0.32877 0.213788 4 1 0
616.838 0.328795 0.213754 4 1 0
617.338 0.328821 0.213719 4 1 0
617.838 0.328939 0.213693 4 1 0
618.338 0.328964 0.213658 4 1 0
618.838 0.328988 0.213623 4 1 0
619.338 0.329021 0.213581 4 1 0
619.838 0.329045 0.213547 4 1 0
620.338 0.32907 0.213512 4 1 0
620.838 0.328997 0.213478 4 1 0
621.338 0.329022 0.213444 4 1 0
621.838 0.329047 0.21341 4 1 0
622.338 0.329155 0.213428 4 1 0
622.838 0.329179 0.213394 4 1 0
623.338 0.329204 0.213359 4 1 0
623.838 0.32924 0.213278 4 1 0
624.338 0.329264 0.213244 4 1 0
624.838 0.329288 0.21321 4 1 0
625.338 0.329239 0.213172 4 1 0
625.838 0.329263 0.213139 4 1 0
626.338 0.329288 0.213105 4 1 0
626.838 0.329378 0.213131 4 1 0
627.338 0.329403 0.213097 4 1 0
627.838 0.329427 0.213064 4 1 0
628.338 0.329455 0.212997 4 1 0
628.838 0.329479 0.212963 4 1 0
629.338 0.329503 0.212929 4 1 0
629.838 0.329493 0.212876 4 1 0
630.338 0.329517 0.212843 4 1 0
630.838 0.329542 0.21281 4 1 0
631.338 0.329601 0.212811 4 1 0
631.838 0.329625 0.212778 4 1 0
632.338 0.329649 0.212745 4 1 0
632.838 0.329675 0.21267 4 1 0
633.338 0.329699 0.212637 4 1 0
633.838 0.329723 0.212604 4 1 0
634.338 0.329698 0.212577 4 1 0
634.838 0.329723 0.212544 4 1 0
635.338 0.329747 0.212511 4 1 0
635.838 0.329814 0.212513 4 1 0
636.338 0.329838 0.21248 4 1 0
636.838 0.329861 0.212447 4 1 0
637.338 0.329886 0.21241 4 1 0
637.838 0.32991 0.212376 4 1 0
638.338 0.329933 0.212343 4 1 0
638.838 0.329944 0.212297 4 1 0
639.338 0.329968 0.212265 4 1 0
639.838 0.329992 0.212232 4 1 0
640.338 0.330025 0.212198 4 1 0
640.838 0.330048 0.212166 4 1 0
641.338 0.330072 0.212134 4 1 0
641.838 0.330099 0.212118 4 1 0
642.338 0.330122 0.212086 4 1 0
642.838 0.330146 0.212054 4 1 0
643.338 0.330166 0.211996 4 1 0
643.838 0.330189 0.211963 4 1 0
644.338 0.330213 0.211931 4 1 0
644.838 0.330239 0.211938 4 1 0
645.338 0.330262 0.211905 4 1 0
645.838 0.330285 0.211872 4 1 0
646.338 0.330302 0.211805 4 1 0
646.838 0.330326 0.211773 4 1 0
647.338 0.330349 0.211741 4 1 0
647.838 0.330379 0.211747 4 1 0
648.338 0.330402 0.211714 4 1 0
648.838 0.330425 0.211682 4 1 0
649.338 0.330443 0.211613 4 1 0
649.838 0.330466 0.211581 4 1 0
649.838 0.330466 0.211581 4 1 0
649.858 0.330467 0.21158 4 1 0
649.898 0.330469 0.211577 4 1 0
649.978 0.330477 0.211612 4 1 0
650.138 0.330485 0.211602 4 1 0
650.458 0.3305 0.211582 4 1 0
650.958 0.33052 0.211511 4 1 0
651.458 0.330543 0.211479 4 1 0
651.958 0.330566 0.211448 4 1 0
652.458 0.330592 0.211442 4 1 0
652.958 0.330615 0.211411 4 1 0
653.458 0.330637 0.211379 4 1 0
653.958 0.33066 0.211328 4 1 0
654.458 0.330683 0.211297 4 1 0
654.958 0.330706 0.211266 4 1 0
655.458 0.330729 0.21122 4 1 0
655.958 0.330752 0.211189 4 1 0
656.458 0.330775 0.211158 4 1 0
656.958 0.330783 0.211113 4 1 0
657.458 0.330806 0.211082 4 1 0
657.958 0.330828 0.21105 4 1 0
658.458 0.330857 0.211035 4 1 0
658.958 0.33088 0.211004 4 1 0
659.458 0.330903 0.210973 4 1 0
659.958 0.330932 0.210939 4 1 0
660.458 0.330954 0.210908 4 1 0
660.958 0.330977 0.210877 4 1 0
661.458 0.330992 0.210842 4 1 0
661.958 0.331015 0.210811 4 1 0
662.458 0.331038 0.210781 4 1 0
662.958 0.331068 0.210766 4 1 0
663.458 0.33109 0.210735 4 1 0
663.958 0.331113 0.210703 4 1 0
664.458 0.331137 0.210686 4 1 0
664.958 0.33116 0.210656 4 1 0
665.458 0.331182 0.210625 4 1 0
665.958 0.331205 0.210582 4 1 0
666.458 0.331227 0.210551 4 1 0
666.958 0.33125 0.210521 4 1 0
667.458 0.331267 0.210491 4 1 0
667.958 0.331289 0.21046 4 1 0
668.458 0.331312 0.21043 4 1 0
668.958 0.331337 0.21039 4 1 0
669.458 0.331359 0.210359 4 1 0
669.958 0.331382 0.210329 4 1 0
670.458 0.331395 0.210333 4 1 0
670.958 0.331417 0.210303 4 1 0
671.458 0.331438 0.210273 4 1 0
671.958 0.331471 0.210215 4 1 0
672.458 0.331493 0.210185 4 1 0
672.958 0.331516 0.210155 4 1 0
673.458 0.331532 0.210125 4 1 0
673.958 0.331554 0.210095 4 1 0
674.458 0.331576 0.210066 4 1 0
674.958 0.331596 0.210041 4 1 0
675.458 0.331617 0.210011 4 1 0
675.958 0.331639 0.209982 4 1 0
676.458 0.331667 0.209944 4 1 0
676.958 0.331689 0.209915 4 1 0
677.458 0.33171 0.209885 4 1 0
677.958 0.331723 0.209863 4 1 0
678.458 0.331745 0.209834 4 1 0
678.958 0.331767 0.209804 4 1 0
679.458 0.331794 0.20977 4 1 0
679.958 0.331816 0.209741 4 1 0
680.458 0.331838 0.209712 4 1 0
680.958 0.331864 0.209669 4 1 0
681.458 0.331885 0.20964 4 1 0
681.958 0.331907 0.209611 4 1 0
682.458 0.331915 0.209619 4 1 0
682.958 0.331936 0.209589 4 1 0
683.458 0.331957 0.209559 4 1 0
683.958 0.331991 0.209518 4 1 0
684.458 0.332013 0.209489 4 1 0
684.958 0.332034 0.20946 4 1 0
685.458 0.332062 0.209403 4 1 0
685.958 0.332084 0.209374 4 1 0
686.458 0.332105 0.209345 4 1 0
686.958 0.332099 0.20931 4 1 0
687.458 0.33212 0.209281 4 1 0
687.958 0.332141 0.209252 4 1 0
688.458 0.332191 0.20926 4 1 0
688.958 0.332213 0.209232 4 1 0
689.458 0.332234 0.209202 4 1 0
689.958 0.332259 0.209139 4 1 0
690.458 0.33228 0.20911 4 1 0
690.958 0.332302 0.209081 4 1 0
691.458 0.332271 0.209037 4 1 0
691.958 0.332292 0.209008 4 1 0
692.458 0.332313 0.208979 4 1 0
692.958 0.332388 0.208995 4 1 0
693.458 0.332409 0.208967 4 1 0
693.958 0.33243 0.208939 4 1 0
694.458 0.332447 0.208898 4 1 0
694.958 0.332468 0.20887 4 1 0
695.458 0.332489 0.208841 4 1 0
695.958 0.332499 0.208791 4 1 0
696.458 0.332519 0.208763 4 1 0
696.958 0.33254 0.208735 4 1 0
697.458 0.332512 0.208699 4 1 0
697.958 0.332532 0.208671 4 1 0
698.458 0.332553 0.208642 4 1 0
698.958 0.332632 0.208638 4 1 0
699.458 0.332653 0.20861 4 1 0
699.958 0.332674 0.208581 4 1 0
700.458 0.332705 0.208548 4 1 0
700.958 0.332726 0.20852 4 1 0
701.458 0.332747 0.208492 4 1 0
701.958 0.332738 0.208488 4 1 0
702.458 0.332758 0.20846 4 1 0
702.958 0.332779 0.208433 4 1 0
703.458 0.332809 0.208384 4 1 0
703.958 0.33283 0.208356 4 1 0
704.458 0.33285 0.208327 4 1 0
704.958 0.33289 0.208289 4 1 0
705.458 0.332911 0.208262 4 1 0
705.958 0.332931 0.208234 4 1 0
706.458 0.332903 0.208186 4 1 0
706.958 0.332923 0.208158 4 1 0
707.458 0.332944 0.20813 4 1 0
707.958 0.33301 0.208138 4 1 0
708.458 0.33303 0.20811 4 1 0
708.958 0.333051 0.208081 4 1 0
709.458 0.333081 0.208047 4 1 0
709.958 0.333101 0.20802 4 1 0
710.458 0.333122 0.207992 4 1 0
710.958 0.333087 0.207957 4 1 0
711.458 0.333107 0.207929 4 1 0
711.958 0.333127 0.207901 4 1 0
712.458 0.333194 0.207903 4 1 0
712.958 0.333215 0.207875 4 1 0
713.458 0.333235 0.207847 4 1 0
713.958 0.333259 0.207797 4 1 0
714.458 0.333279 0.20777 4 1 0
714.958 0.333299 0.207743 4 1 0
715.458 0.333267 0.207705 4 1 0
715.958 0.333287 0.207677 4 1 0
716.458 0.333307 0.20765 4 1 0
716.958 0.333374 0.207655 4 1 0
717.458 0.333394 0.207628 4 1 0
717.958 0.333414 0.2076 4 1 0
718.458 0.333442 0.207557 4 1 0
718.958 0.333462 0.20753 4 1 0
719.458 0.333483 0.207504 4 1 0
719.958 0.333452 0.207477 4 1 0
720.458 0.333472 0.20745 4 1 0
720.958 0.333491 0.207422 4 1 0
721.458 0.333553 0.207417 4 1 0
721.958 0.333573 0.20739 4 1 0
722.458 0.333593 0.207364 4 1 0
722.958 0.333614 0.207319 4 1 0
723.458 0.333634 0.207293 4 1 0
723.958 0.333654 0.207266 4 1 0
724.458 0.333636 0.207238 4 1 0
724.958 0.333656 0.207211 4 1 0
725.458 0.333675 0.207184 4 1 0
725.958 0.333732 0.207169 4 1 0
726.458 0.333752 0.207143 4 1 0
726.958 0.333772 0.207117 4 1 0
727.458 0.333783 0.207088 4 1 0
727.958 0.333803 0.207062 4 1 0
728.458 0.333822 0.207036 4 1 0
728.958 0.333821 0.207017 4 1 0
729.458 0.333841 0.206991 4 1 0
729.958 0.33386 0.206965 4 1 0
730.458 0.333901 0.206927 4 1 0
730.958 0.333921 0.206902 4 1 0
731.458 0.33394 0.206876 4 1 0
731.958 0.333941 0.206861 4 1 0
732.458 0.333961 0.206835 4 1 0
732.958 0.33398 0.20681 4 1 0
733.458 0.334007 0.206777 4 1 0
733.958 0.334026 0.206751 4 1 0
734.458 0.334045 0.206726 4 1 0
734.958 0.334066 0.206696 4 1 0
735.458 0.334085 0.20667 4 1 0
735.958 0.334105 0.206645 4 1 0
736.458 0.334112 0.206627 4 1 0
736.958 0.334131 0.206602 4 1 0
737.458 0.334151 0.206577 4 1 0
737.958 0.334183 0.206542 4 1 0
738.458 0.334202 0.206517 4 1 0
738.958 0.334221 0.206492 4 1 0
739.458 0.33423 0.206469 4 1 0
739.958 0.334249 0.206443 4 1 0
740.458 0.334268 0.206417 4 1 0
740.958 0.334289 0.206395 4 1 0
741.458 0.334308 0.206368 4 1 0
741.958 0.334327 0.206342 4 1 0
742.458 0.334347 0.206312 4 1 0
742.958 0.334366 0.206286 4 1 0
743.458 0.334385 0.20626 4 1 0
743.958 0.334397 0.206236 4 1 0
744.458 0.334416 0.20621 4 1 0
744.958 0.334435 0.206184 4 1 0
745.458 0.334457 0.20615 4 1 0
745.958 0.334475 0.206125 4 1 0
746.458 0.334494 0.206099 4 1 0
746.958 0.334517 0.206083 4 1 0
747.458 0.334536 0.206057 4 1 0
195.557 0.553461 0.0659733 4 1 0
195.577 0.553491 0.0659709 3 1 0
195.607 0.553546 0.065968 3 1 0
195.652 0.554007 0.0659276 3 1 0
195.701 0.553887 0.0659263 4 1 0
195.756 0.553879 0.0659243 3 1 0
195.816 0.553753 0.065936 3 1 0
195.882 0.553648 0.0659475 3 1 0
195.953 0.553319 0.0659698 3 1 0
196.031 0.554173 0.0659336 4 1 0
196.122 0.554303 0.0659247 4 1 0
196.209 0.554483 0.0659167 4 1 0
196.341 0.555729 0.0658857 3 1 0
196.472 0.555619 0.0658861 4 1 0
196.603 0.555454 0.0658864 4 1 0
196.747 0.556154 0.0658694 4 1 0
196.907 0.556215 0.0658594 4 1 0
197.082 0.556453 0.0658485 4 1 0
197.274 0.557005 0.0659043 3 1 0
197.486 0.557213 0.0658796 4 1 0
197.719 0.557555 0.0658554 4 1 0
197.975 0.558112 0.065808 3 1 0
198.257 0.558636 0.0657918 3 1 0
198.567 0.55915 0.0657752 3 1 0
198.908 0.559763 0.0657709 4 1 0
199.25 0.560456 0.0657585 4 1 0
199.625 0.561216 0.0657476 4 1 0
200.125 0.559428 0.065739 4 1 0
200.625 0.559388 0.0657129 4 1 0
201.162 0.560245 0.0656899 4 1 0
201.662 0.565587 0.0656503 3 1 0
201.708 0.566181 0.0656327 4 1 0
202.208 0.567849 0.0656189 4 1 0
202.218 0.565153 0.0655948 3 1 0
202.719 0.566805 0.0655764 4 1 0
203.219 0.568651 0.0655652 4 1 0
203.221 0.568164 0.0655501 3 1 0
203.089 0.56789 0.0655605 3 1 0
202.964 0.56762 0.0655715 3 1 0
202.777 0.56898 0.0655849 3 1 0
202.589 0.568426 0.0655938 3 1 0
202.401 0.567864 0.0656043 3 1 0
202.12 0.567397 0.0655909 3 1 0
201.839 0.566757 0.0656067 3 1 0
201.53 0.566069 0.0656262 3 1 0
201.066 0.564874 0.0656334 3 1 0
200.566 0.563741 0.0656563 3 1 0
200.066 0.562666 0.0656802 3 1 0
199.566 0.561539 0.0657225 3 1 0
199.066 0.560459 0.065752 3 1 0
198.566 0.559398 0.0657831 3 1 0
198.066 0.558312 0.0658075 3 1 0
197.566 0.5573 0.0658389 3 1 0
197.066 0.556301 0.0658795 3 1 0
196.566 0.555288 0.0659303 3 1 0
196.066 0.554444 0.0659511 3 1 0
195.566 0.553584 0.0659701 3 1 0
195.066 0.552742 0.0660129 3 1 0
194.566 0.551608 0.0660531 3 1 0
194.066 0.550661 0.0660964 3 1 0
193.566 0.549938 0.0660881 3 1 0
193.066 0.549016 0.0661347 3 1 0
192.566 0.548001 0.0661728 4 1 0
192.066 0.547161 0.0661801 3 1 0
191.566 0.546151 0.0662212 4 1 0
191.066 0.545059 0.0662636 4 1 0
190.566 0.544596 0.0662402 3 1 0
190.066 0.543783 0.0662728 3 1 0
189.566 0.542976 0.0663053 3 1 0
189.066 0.54136 0.0663506 3 1 0
188.566 0.540461 0.0664095 4 1 0
188.567 0.541052 0.0664046 4 1 0
188.024 0.5391 0.0664386 3 1 0
187.774 0.537786 0.0664437 4 1 0
187.524 0.536622 0.0664634 4 1 0
187.249 0.539524 0.0664508 3 1 0
186.973 0.5391 0.0664701 3 1 0
186.698 0.538679 0.0664899 3 1 0
186.286 0.537934 0.0665275 3 1 0
185.786 0.537161 0.0665582 3 1 0
185.286 0.536381 0.0665903 3 1 0
184.786 0.535797 0.0666232 3 1 0
184.286 0.535035 0.0666516 3 1 0
183.786 0.534272 0.0666836 3 1 0
183.286 0.533716 0.0667273 3 1 0
182.786 0.532936 0.0667618 3 1 0
182.286 0.532206 0.0667947 3 1 0
181.786 0.531289 0.0668337 3 1 0
181.286 0.530666 0.0668673 3 1 0
180.786 0.530045 0.0669044 3 1 0
180.286 0.52975 0.0669812 3 1 0
179.786 0.529089 0.0670259 3 1 0
179.286 0.528426 0.0670499 3 1 0
178.786 0.527367 0.0670884 3 1 0
178.286 0.526763 0.0671173 3 1 0
177.786 0.526157 0.067149 3 1 0
177.286 0.525722 0.0671711 3 1 0
176.786 0.525049 0.0672108 3 1 0
176.286 0.524406 0.0672511 3 1 0
175.786 0.523793 0.0673064 3 1 0
175.286 0.523179 0.0673447 3 1 0
174.786 0.522564 0.0673846 3 1 0
174.286 0.521723 0.0674262 3 1 0
173.786 0.521137 0.0674645 3 1 0
173.286 0.520551 0.0675058 3 1 0
172.786 0.519988 0.0675522 3 1 0
172.286 0.519395 0.0676002 3 1 0
171.786 0.518801 0.0676502 3 1 0
171.286 0.518222 0.0677181 3 1 0
170.786 0.517594 0.0677516 3 1 0
170.286 0.51696 0.0677899 3 1 0
169.786 0.51658 0.0678261 3 1 0
169.286 0.515813 0.0678765 3 1 0
168.786 0.515168 0.0679258 3 1 0
168.286 0.514814 0.067985 3 1 0
167.786 0.514108 0.0680379 3 1 0
167.286 0.513462 0.0680882 3 1 0
166.786 0.512832 0.0681278 3 1 0
166.286 0.512215 0.0681811 3 1 0
165.786 0.511616 0.0682355 3 1 0
165.286 0.511084 0.0683233 3 1 0
164.786 0.510502 0.0683715 3 1 0
164.286 0.509919 0.0684213 3 1 0
163.786 0.509271 0.0684898 3 1 0
163.286 0.508695 0.0685543 3 1 0
162.786 0.508118 0.06862 3 1 0
162.286 0.507527 0.0686778 3 1 0
161.786 0.506955 0.0687284 3 1 0
161.286 0.506381 0.0687804 3 1 0
160.786 0.505658 0.0688542 3 1 0
160.286 0.505026 0.0688968 3 1 0
159.786 0.504368 0.0689458 3 1 0
159.286 0.504217 0.0689886 3 1 0
158.786 0.503528 0.0690548 3 1 0
158.286 0.502901 0.0691203 3 1 0
157.786 0.502305 0.0691982 3 1 0
157.286 0.501719 0.069261 3 1 0
156.786 0.501131 0.0693257 3 1 0
156.286 0.500603 0.0693897 3 1 0
155.786 0.500012 0.069463 3 1 0
155.286 0.49942 0.0695376 3 1 0
154.786 0.498841 0.0696138 3 1 0
154.286 0.498256 0.0696845 3 1 0
153.786 0.49767 0.0697568 3 1 0
153.286 0.497079 0.0698388 3 1 0
152.786 0.496491 0.0699155 3 1 0
152.286 0.495902 0.0699907 3 1 0
151.786 0.495302 0.0700607 3 1 0
151.286 0.494711 0.0701427 3 1 0
150.786 0.494119 0.0702264 3 1 0
150.286 0.493478 0.0703026 3 1 0
149.786 0.492871 0.0703886 3 1 0
149.286 0.49226 0.0704779 3 1 0
148.786 0.491734 0.0705674 3 1 0
148.286 0.491134 0.0706588 3 1 0
147.786 0.490532 0.0707521 3 1 0
147.286 0.489919 0.0708327 3 1 0
146.786 0.489309 0.0709275 3 1 0
146.286 0.488698 0.0710241 3 1 0
145.786 0.4881 0.0711153 3 1 0
145.286 0.487485 0.0712153 3 1 0
144.786 0.486868 0.0713176 3 1 0
144.287 0.486253 0.0714103 3 1 0
143.787 0.485631 0.0715147 3 1 0
143.287 0.485006 0.0716213 3 1 0
142.787 0.484475 0.0717353 3 1 0
142.287 0.483836 0.0718429 3 1 0
141.787 0.4832 0.0719532 3 1 0
141.287 0.482561 0.0720746 3 1 0
140.787 0.481927 0.0721847 3 1 0
140.287 0.481289 0.0722969 3 1 0
139.787 0.480511 0.0723988 3 1 0
139.287 0.479866 0.0725161 3 1 0
138.787 0.479217 0.0726374 3 1 0
138.287 0.478718 0.0727997 3 1 0
137.787 0.478064 0.0729277 3 1 0
137.287 0.477408 0.0730588 3 1 0
136.787 0.476763 0.0731458 3 1 0
136.287 0.476099 0.0732785 3 1 0
135.787 0.475432 0.0734139 3 1 0
135.287 0.474785 0.0735583 3 1 0
134.787 0.474112 0.0737003 3 1 0
134.287 0.473436 0.0738451 3 1 0
133.787 0.472759 0.0740019 3 1 0
133.287 0.472073 0.0741529 3 1 0
132.787 0.471382 0.0743064 3 1 0
132.287 0.470671 0.0744361 3 1 0
131.787 0.469974 0.0745937 3 1 0
131.287 0.469272 0.0747545 3 1 0
130.787 0.468541 0.0749227 3 1 0
130.287 0.467839 0.0750922 3 1 0
129.787 0.467134 0.0752657 3 1 0
129.287 0.466425 0.0754608 3 1 0
128.787 0.465696 0.0756409 3 1 0
128.287 0.464961 0.0758252 3 1 0
127.787 0.464238 0.0760107 3 1 0
127.287 0.463493 0.0762006 3 1 0
126.787 0.462742 0.0763946 3 1 0
126.287 0.461957 0.0766218 3 1 0
125.787 0.461192 0.0768269 3 1 0
195.557 0.553461 0.0659733 4 1 0
195.577 0.553491 0.0659709 3 1 0
195.607 0.553546 0.065968 3 1 0
195.652 0.554007 0.0659276 3 1 0
195.701 0.553887 0.0659263 4 1 0
195.756 0.553879 0.0659243 3 1 0
195.816 0.553753 0.065936 3 1 0
195.882 0.553648 0.0659475 3 1 0
195.953 0.553319 0.0659698 3 1 0
196.031 0.554173 0.0659336 4 1 0
196.122 0.554303 0.0659247 4 1 0
196.209 0.554483 0.0659167 4 1 0
196.309 0.555668 0.0658875 3 1 0
196.409 0.555473 0.0658894 4 1 0
196.508 0.555258 0.0658907 4 1 0
196.608 0.555736 0.0658723 4 1 0
196.708 0.555743 0.0658686 4 1 0
196.808 0.555882 0.0658637 4 1 0
196.908 0.556423 0.0658899 3 1 0
197.007 0.556376 0.065898 4 1 0
197.107 0.556365 0.0659032 4 1 0
197.207 0.556601 0.0659119 3 1 0
197.307 0.556793 0.0659019 3 1 0
197.407 0.556986 0.0658921 3 1 0
197.507 0.557552 0.0658444 3 1 0
197.607 0.557652 0.0658369 3 1 0
197.707 0.557642 0.0658309 3 1 0
197.807 0.55781 0.0658174 3 1 0
197.907 0.558016 0.0658122 3 1 0
198.007 0.558224 0.065807 3 1 0
198.107 0.558269 0.0658007 3 1 0
198.207 0.55847 0.0657963 3 1 0
198.307 0.558671 0.0657923 3 1 0
198.407 0.558985 0.0658067 3 1 0
198.507 0.559186 0.0657959 3 1 0
198.607 0.559387 0.0657857 3 1 0
198.707 0.559531 0.065834 3 1 0
198.807 0.559715 0.0658198 3 1 0
198.907 0.559899 0.0658069 3 1 0
199.007 0.560388 0.0657317 3 1 0
199.107 0.560566 0.0657287 3 1 0
199.207 0.560744 0.0657252 3 1 0
199.307 0.56085 0.0658086 3 1 0
199.408 0.561072 0.0657982 3 1 0
199.508 0.561287 0.0657878 4 1 0
199.608 0.560219 0.0657343 3 1 0
199.709 0.560413 0.0657298 3 1 0
199.809 0.560604 0.0657255 3 1 0
199.909 0.561989 0.065688 4 1 0
200.009 0.56274 0.0656965 3 1 0
200.108 0.563324 0.0657188 3 1 0
200.208 0.562428 0.0657219 3 1 0
200.309 0.562673 0.0657116 3 1 0
200.409 0.562914 0.065702 3 1 0
200.509 0.56354 0.0657533 3 1 0
200.609 0.563774 0.0657416 3 1 0
200.709 0.564009 0.0657303 3 1 0
200.809 0.563943 0.0656801 3 1 0
200.909 0.564155 0.0656683 3 1 0
201.009 0.564376 0.0656582 3 1 0
201.109 0.564972 0.0656828 3 1 0
201.209 0.565099 0.0656731 3 1 0
201.309 0.565235 0.0656651 3 1 0
201.409 0.565685 0.0656511 3 1 0
201.509 0.565923 0.0656429 3 1 0
201.609 0.566158 0.065635 3 1 0
201.709 0.566566 0.0656169 4 1 0
201.809 0.566897 0.0656132 3 1 0
201.909 0.567143 0.06561 3 1 0
202.009 0.567037 0.0656387 3 1 0
202.11 0.567254 0.0656364 3 1 0
202.21 0.567477 0.0656345 3 1 0
202.31 0.567484 0.0655681 4 1 0
202.41 0.567917 0.0655617 4 1 0
202.51 0.568296 0.0655552 4 1 0
202.61 0.568435 0.0656272 3 1 0
202.71 0.568687 0.0656155 3 1 0
202.81 0.568939 0.0656036 3 1 0
202.91 0.569241 0.0655443 3 1 0
203.01 0.569502 0.0655345 3 1 0
203.11 0.569762 0.0655246 3 1 0
203.21 0.569681 0.0655562 3 1 0
203.31 0.569923 0.0655539 3 1 0
203.41 0.570174 0.0655521 3 1 0
203.51 0.570879 0.0654996 3 1 0
203.61 0.571149 0.0654918 3 1 0
203.71 0.57142 0.0654844 3 1 0
203.81 0.571422 0.0654848 3 1 0
203.91 0.571647 0.0654783 3 1 0
204.01 0.571888 0.0654704 3 1 0
204.11 0.572374 0.065543 3 1 0
204.21 0.572634 0.0655484 3 1 0
204.31 0.572898 0.0655543 3 1 0
204.41 0.573497 0.0654876 3 1 0
204.51 0.573648 0.0654794 3 1 0
204.61 0.573778 0.0654717 3 1 0
204.71 0.57404 0.0654755 3 1 0
204.811 0.574332 0.0654578 3 1 0
204.91 0.574623 0.0654431 3 1 0
205.01 0.574763 0.0654147 3 1 0
205.11 0.575031 0.0654138 3 1 0
205.21 0.57531 0.065412 3 1 0
205.31 0.575913 0.0654072 3 1 0
205.41 0.576199 0.0653996 3 1 0
205.51 0.57648 0.0653926 3 1 0
205.611 0.576504 0.0654429 3 1 0
205.711 0.576764 0.0654419 3 1 0
205.811 0.577032 0.0654415 3 1 0
205.911 0.577865 0.0654841 3 1 0
206.011 0.578176 0.0654781 3 1 0
206.111 0.578481 0.0654689 3 1 0
206.211 0.57846 0.0653412 3 1 0
206.311 0.578765 0.0653421 3 1 0
206.411 0.579071 0.0653457 3 1 0
206.512 0.5796 0.0653147 3 1 0
206.612 0.579706 0.0653124 3 1 0
206.711 0.579798 0.0653107 4 1 0
206.811 0.580378 0.0653032 3 1 0
206.912 0.580698 0.0652966 3 1 0
207.012 0.581019 0.0652894 3 1 0
207.112 0.581396 0.0652742 3 1 0
207.212 0.581708 0.0652668 3 1 0
207.311 0.582019 0.0652585 3 1 0
207.411 0.581411 0.0653949 3 1 0
207.512 0.581732 0.0653979 3 1 0
207.612 0.582054 0.0654015 3 1 0
207.712 0.583438 0.0652975 3 1 0
207.812 0.583699 0.0652896 3 1 0
207.912 0.583977 0.065282 3 1 0
208.012 0.584331 0.0652722 3 1 0
208.112 0.584654 0.0652715 3 1 0
208.212 0.584981 0.0652735 3 1 0
208.312 0.585462 0.0651962 4 1 0
208.412 0.585491 0.0651958 4 1 0
208.512 0.585508 0.0651967 4 1 0
208.612 0.586493 0.0652961 3 1 0
208.713 0.586855 0.065296 3 1 0
208.813 0.58722 0.0652957 3 1 0
208.912 0.587586 0.0651854 3 1 0
209.012 0.587937 0.065185 3 1 0
209.112 0.588296 0.0651834 3 1 0
209.212 0.58893 0.0652261 3 1 0
209.312 0.589291 0.0652181 3 1 0
209.412 0.589632 0.0652134 3 1 0
209.512 0.590599 0.0651781 3 1 0
209.612 0.591011 0.0651733 3 1 0
209.712 0.59119 0.0651628 3 1 0
209.812 0.591656 0.0652509 3 1 0
209.912 0.592017 0.0652416 3 1 0
210.012 0.592298 0.0652292 3 1 0
210.112 0.592685 0.065163 3 1 0
210.212 0.592991 0.0651599 3 1 0
210.312 0.593303 0.0651571 3 1 0
210.412 0.593723 0.065168 3 1 0
210.512 0.594133 0.0651436 3 1 0
210.612 0.594552 0.0651174 3 1 0
210.712 0.594368 0.0650378 3 1 0
210.812 0.594722 0.065033 3 1 0
210.912 0.595129 0.0650289 3 1 0
211.012 0.596292 0.0651187 3 1 0
211.112 0.596745 0.0651025 3 1 0
211.212 0.597207 0.0650843 3 1 0
211.312 0.597979 0.0651374 3 1 0
211.412 0.598462 0.0651444 3 1 0
211.512 0.59895 0.0651505 3 1 0
211.616 0.596346 0.0651067 4 1 0
211.648 0.596521 0.0651072 4 1 0
211.671 0.596579 0.0651089 4 1 0
211.671 0.596576 0.0651204 4 1 0
195.557 0.553461 0.0659733 4 1 0
195.577 0.553491 0.0659709 3 1 0
195.607 0.553546 0.065968 3 1 0
195.652 0.554007 0.0659276 3 1 0
195.701 0.553887 0.0659263 4 1 0
195.756 0.553879 0.0659243 3 1 0
195.816 0.553753 0.065936 3 1 0
195.882 0.553648 0.0659475 3 1 0
195.953 0.553319 0.0659698 3 1 0
196.031 0.554173 0.0659336 4 1 0
196.122 0.554303 0.0659247 4 1 0
196.209 0.554483 0.0659167 4 1 0
196.309 0.555668 0.0658875 3 1 0
196.409 0.555473 0.0658894 4 1 0
196.508 0.555258 0.0658907 4 1 0
196.608 0.555736 0.0658723 4 1 0
196.708 0.555743 0.0658686 4 1 0
196.808 0.555882 0.0658637 4 1 0
196.908 0.556423 0.0658899 3 1 0
197.007 0.556376 0.065898 4 1 0
197.107 0.556365 0.0659032 4 1 0
197.207 0.556601 0.0659119 3 1 0
197.307 0.556793 0.0659019 3 1 0
197.407 0.556986 0.0658921 3 1 0
197.507 0.557552 0.0658444 3 1 0
197.607 0.557652 0.0658369 3 1 0
197.707 0.557642 0.0658309 3 1 0
197.807 0.55781 0.0658174 3 1 0
197.907 0.558016 0.0658122 3 1 0
198.007 0.558224 0.065807 3 1 0
198.107 0.558269 0.0658007 3 1 0
198.207 0.55847 0.0657963 3 1 0
198.307 0.558671 0.0657923 3 1 0
198.407 0.558985 0.0658067 3 1 0
198.507 0.559186 0.0657959 3 1 0
198.607 0.559387 0.0657857 3 1 0
198.707 0.559531 0.065834 3 1 0
198.807 0.559715 0.0658198 3 1 0
198.907 0.559899 0.0658069 3 1 0
199.007 0.560388 0.0657317 3 1 0
199.107 0.560566 0.0657287 3 1 0
199.207 0.560744 0.0657252 3 1 0
199.307 0.56085 0.0658086 3 1 0
199.408 0.561072 0.0657982 3 1 0
199.508 0.561287 0.0657878 4 1 0
199.608 0.560219 0.0657343 3 1 0
199.709 0.560413 0.0657298 3 1 0
199.809 0.560604 0.0657255 3 1 0
199.909 0.561989 0.065688 4 1 0
200.009 0.56274 0.0656965 3 1 0
200.108 0.563324 0.0657188 3 1 0
200.208 0.562428 0.0657219 3 1 0
200.309 0.562673 0.0657116 3 1 0
200.409 0.562914 0.065702 3 1 0
200.509 0.56354 0.0657533 3 1 0
200.609 0.563774 0.0657416 3 1 0
200.709 0.564009 0.0657303 3 1 0
200.809 0.563943 0.0656801 3 1 0
200.909 0.564155 0.0656683 3 1 0
201.009 0.564376 0.0656582 3 1 0
201.109 0.564972 0.0656828 3 1 0
201.209 0.565099 0.0656731 3 1 0
201.309 0.565235 0.0656651 3 1 0
201.409 0.565685 0.0656511 3 1 0
201.509 0.565923 0.0656429 3 1 0
201.609 0.566158 0.065635 3 1 0
201.709 0.566566 0.0656169 4 1 0
201.809 0.566897 0.0656132 3 1 0
201.909 0.567143 0.06561 3 1 0
202.009 0.567037 0.0656387 3 1 0
202.11 0.567254 0.0656364 3 1 0
202.21 0.567477 0.0656345 3 1 0
202.31 0.567484 0.0655681 4 1 0
202.41 0.567917 0.0655617 4 1 0
202.51 0.568296 0.0655552 4 1 0
202.61 0.568435 0.0656272 3 1 0
202.71 0.568687 0.0656155 3 1 0
202.81 0.568939 0.0656036 3 1 0
202.91 0.569241 0.0655443 3 1 0
203.01 0.569502 0.0655345 3 1 0
203.11 0.569762 0.0655246 3 1 0
203.21 0.569681 0.0655562 3 1 0
203.31 0.569923 0.0655539 3 1 0
203.41 0.570174 0.0655521 3 1 0
203.51 0.570879 0.0654996 3 1 0
203.61 0.571149 0.0654918 3 1 0
203.71 0.57142 0.0654844 3 1 0
203.81 0.571422 0.0654848 3 1 0
203.91 0.571647 0.0654783 3 1 0
204.01 0.571888 0.0654704 3 1 0
204.11 0.572374 0.065543 3 1 0
204.21 0.572634 0.0655484 3 1 0
204.31 0.572898 0.0655543 3 1 0
204.41 0.573497 0.0654876 3 1 0
204.51 0.573648 0.0654794 3 1 0
204.61 0.573778 0.0654717 3 1 0
204.71 0.57404 0.0654755 3 1 0
204.811 0.574332 0.0654578 3 1 0
204.91 0.574623 0.0654431 3 1 0
205.01 0.574763 0.0654147 3 1 0
205.11 0.575031 0.0654138 3 1 0
205.21 0.57531 0.065412 3 1 0
205.31 0.575913 0.0654072 3 1 0
205.41 0.576199 0.0653996 3 1 0
205.51 0.57648 0.0653926 3 1 0
205.611 0.576504 0.0654429 3 1 0
205.711 0.576764 0.0654419 3 1 0
205.811 0.577032 0.0654415 3 1 0
205.911 0.577865 0.0654841 3 1 0
206.011 0.578176 0.0654781 3 1 0
206.111 0.578481 0.0654689 3 1 0
206.211 0.57846 0.0653412 3 1 0
206.311 0.578765 0.0653421 3 1 0
206.411 0.579071 0.0653457 3 1 0
206.512 0.5796 0.0653147 3 1 0
206.612 0.579706 0.0653124 3 1 0
206.711 0.579798 0.0653107 4 1 0
206.811 0.580378 0.0653032 3 1 0
206.912 0.580698 0.0652966 3 1 0
207.012 0.581019 0.0652894 3 1 0
207.112 0.581396 0.0652742 3 1 0
207.212 0.581708 0.0652668 3 1 0
207.311 0.582019 0.0652585 3 1 0
207.411 0.581411 0.0653949 3 1 0
207.512 0.581732 0.0653979 3 1 0
207.612 0.582054 0.0654015 3 1 0
207.712 0.583438 0.0652975 3 1 0
207.812 0.583699 0.0652896 3 1 0
207.912 0.583977 0.065282 3 1 0
208.012 0.584331 0.0652722 3 1 0
208.112 0.584654 0.0652715 3 1 0
208.212 0.584981 0.0652735 3 1 0
208.312 0.585462 0.0651962 4 1 0
208.412 0.585491 0.0651958 4 1 0
208.512 0.585508 0.0651967 4 1 0
208.612 0.586493 0.0652961 3 1 0
208.713 0.586855 0.065296 3 1 0
208.813 0.58722 0.0652957 3 1 0
208.912 0.587586 0.0651854 3 1 0
209.012 0.587937 0.065185 3 1 0
209.112 0.588296 0.0651834 3 1 0
209.212 0.58893 0.0652261 3 1 0
209.312 0.589291 0.0652181 3 1 0
209.412 0.589632 0.0652134 3 1 0
209.512 0.590599 0.0651781 3 1 0
209.612 0.591011 0.0651733 3 1 0
209.712 0.59119 0.0651628 3 1 0
209.812 0.591656 0.0652509 3 1 0
209.912 0.592017 0.0652416 3 1 0
210.012 0.592298 0.0652292 3 1 0
210.112 0.592685 0.065163 3 1 0
210.212 0.592991 0.0651599 3 1 0
210.312 0.593303 0.0651571 3 1 0
210.412 0.593723 0.065168 3 1 0
210.512 0.594133 0.0651436 3 1 0
210.612 0.594552 0.0651174 3 1 0
210.712 0.594368 0.0650378 3 1 0
210.812 0.594722 0.065033 3 1 0
210.912 0.595129 0.0650289 3 1 0
211.012 0.596292 0.0651187 3 1 0
211.112 0.596745 0.0651025 3 1 0
211.212 0.597207 0.0650843 3 1 0
211.312 0.597979 0.0651374 3 1 0
211.412 0.598462 0.0651444 3 1 0
211.512 0.59895 0.0651505 3 1 0
211.616 0.596346 0.0651067 4 1 0
211.648 0.596521 0.0651072 4 1 0
211.671 0.596579 0.0651089 4 1 0
211.671 0.596576 0.0651204 4 1 0
