100 0.285714 0.285714 2 1 0
100.04 0.285714 0.285714 1 1 0
100.08 0.285714 0.285714 1 1 0
100.16 0.285714 0.285714 1 1 0
100.32 0.285714 0.285714 1 1 0
100.64 0.285714 0.285714 1 1 0
101.14 0.285714 0.285714 1 1 0
101.64 0.285714 0.285714 1 1 0
102.14 0.285714 0.285714 1 1 0
102.64 0.285714 0.285714 1 1 0
103.14 0.285714 0.285714 1 1 0
103.64 0.285714 0.285714 1 1 0
104.14 0.285714 0.285714 1 1 0
104.64 0.285714 0.285714 1 1 0
105.14 0.285714 0.285714 1 1 0
105.64 0.285714 0.285714 1 1 0
106.14 0.285714 0.285714 1 1 0
106.64 0.285714 0.285714 1 1 0
107.14 0.285714 0.285714 1 1 0
107.64 0.285714 0.285714 1 1 0
108.14 0.285714 0.285714 1 1 0
108.64 0.285714 0.285714 1 1 0
109.14 0.285714 0.285714 1 1 0
109.64 0.285714 0.285714 1 1 0
110.14 0.285714 0.285714 1 1 0
110.64 0.285714 0.285714 1 1 0
111.14 0.285714 0.285714 1 1 0
111.64 0.285714 0.285714 1 1 0
112.14 0.285714 0.285714 1 1 0
112.64 0.285714 0.285714 1 1 0
113.14 0.285714 0.285714 1 1 0
113.64 0.285714 0.285714 1 1 0
114.14 0.285714 0.285714 1 1 0
114.64 0.285714 0.285714 1 1 0
115.14 0.285714 0.285714 1 1 0
115.64 0.285714 0.285714 1 1 0
116.14 0.285714 0.285714 1 1 0
116.64 0.285714 0.285714 1 1 0
117.14 0.285714 0.285714 1 1 0
117.64 0.285714 0.285714 1 1 0
118.14 0.285714 0.285714 1 1 0
118.64 0.285714 0.285714 1 1 0
119.14 0.285714 0.285714 1 1 0
119.64 0.285714 0.285714 1 1 0
120.14 0.285714 0.285714 1 1 0
120.64 0.285714 0.285714 1 1 0
121.14 0.285714 0.285714 1 1 0
121.64 0.285714 0.285714 1 1 0
122.14 0.285714 0.285714 1 1 0
122.64 0.285714 0.285714 1 1 0
123.14 0.285714 0.285714 1 1 0
123.64 0.285714 0.285714 1 1 0
124.14 0.285714 0.285714 1 1 0
124.64 0.285714 0.285714 1 1 0
125.14 0.285714 0.285714 1 1 0
125.64 0.285714 0.285714 1 1 0
126.14 0.285714 0.285714 1 1 0
126.64 0.285714 0.285714 1 1 0
127.14 0.285714 0.285714 1 1 0
127.64 0.285714 0.285714 1 1 0
128.14 0.285714 0.285714 1 1 0
128.64 0.285714 0.285714 1 1 0
129.14 0.285714 0.285714 1 1 0
129.64 0.285714 0.285714 1 1 0
130.14 0.285714 0.285714 1 1 0
130.64 0.285714 0.285714 1 1 0
131.14 0.285714 0.285714 1 1 0
131.64 0.285714 0.285714 1 1 0
132.14 0.285714 0.285714 1 1 0
132.64 0.285714 0.285714 1 1 0
133.14 0.285714 0.285714 1 1 0
133.64 0.285714 0.285714 1 1 0
134.14 0.285714 0.285714 1 1 0
134.64 0.285714 0.285714 1 1 0
135.14 0.285714 0.285714 1 1 0
135.64 0.285714 0.285714 1 1 0
136.14 0.285714 0.285714 1 1 0
136.64 0.285714 0.285714 1 1 0
137.14 0.285714 0.285714 1 1 0
137.64 0.285714 0.285714 1 1 0
138.14 0.285714 0.285714 1 1 0
138.64 0.285714 0.285714 1 1 0
139.14 0.285714 0.285714 1 1 0
139.64 0.285714 0.285714 1 1 0
140.14 0.285714 0.285714 1 1 0
140.64 0.285714 0.285714 1 1 0
141.14 0.285714 0.285714 1 1 0
141.64 0.285714 0.285714 1 1 0
142.14 0.285714 0.285714 1 1 0
142.64 0.285714 0.285714 1 1 0
143.14 0.285714 0.285714 1 1 0
143.64 0.285714 0.285714 1 1 0
144.14 0.285714 0.285714 1 1 0
144.64 0.285714 0.285714 1 1 0
145.14 0.285714 0.285714 1 1 0
145.64 0.285714 0.285714 1 1 0
146.14 0.285714 0.285714 1 1 0
146.64 0.285714 0.285714 1 1 0
147.14 0.285714 0.285714 1 1 0
147.64 0.285714 0.285714 1 1 0
148.14 0.285714 0.285714 1 1 0
148.64 0.285714 0.285714 1 1 0
149.14 0.285714 0.285714 1 1 0
149.64 0.285714 0.285714 1 1 0
150.14 0.285714 0.285714 1 1 0
150.64 0.285714 0.285714 1 1 0
151.14 0.285714 0.285714 1 1 0
151.64 0.285714 0.285714 1 1 0
152.14 0.285714 0.285714 1 1 0
152.64 0.285714 0.285714 1 1 0
153.14 0.285714 0.285714 1 1 0
153.64 0.285714 0.285714 1 1 0
154.14 0.285714 0.285714 1 1 0
154.64 0.285714 0.285714 1 1 0
155.14 0.285714 0.285714 1 1 0
155.64 0.285714 0.285714 1 1 0
156.14 0.285714 0.285714 1 1 0
156.64 0.285714 0.285714 1 1 0
157.14 0.285714 0.285714 1 1 0
157.64 0.285714 0.285714 1 1 0
158.14 0.285714 0.285714 1 1 0
158.64 0.285714 0.285714 1 1 0
159.14 0.285714 0.285714 1 1 0
159.64 0.285714 0.285714 1 1 0
160.14 0.285714 0.285714 1 1 0
160.64 0.285714 0.285714 1 1 0
161.14 0.285714 0.285714 1 1 0
161.64 0.285714 0.285714 1 1 0
162.14 0.285714 0.285714 1 1 0
162.64 0.285714 0.285714 1 1 0
163.14 0.285714 0.285714 1 1 0
163.64 0.285714 0.285714 1 1 0
164.14 0.285714 0.285714 1 1 0
164.64 0.285714 0.285714 1 1 0
165.14 0.285714 0.285714 1 1 0
165.64 0.285714 0.285714 1 1 0
166.14 0.285714 0.285714 1 1 0
166.64 0.285714 0.285714 1 1 0
167.14 0.285714 0.285714 1 1 0
167.64 0.285714 0.285714 1 1 0
168.14 0.285714 0.285714 1 1 0
168.64 0.285714 0.285714 1 1 0
169.14 0.285714 0.285714 1 1 0
169.64 0.285714 0.285714 1 1 0
170.14 0.285714 0.285714 1 1 0
170.64 0.285714 0.285714 1 1 0
171.14 0.285714 0.285714 1 1 0
171.64 0.285714 0.285714 1 1 0
172.14 0.285714 0.285714 1 1 0
172.64 0.285714 0.285714 1 1 0
173.14 0.285714 0.285714 1 1 0
173.64 0.285714 0.285714 1 1 0
174.14 0.285714 0.285714 1 1 0
174.64 0.285714 0.285714 1 1 0
175.14 0.285714 0.285714 1 1 0
175.64 0.285714 0.285714 1 1 0
176.14 0.285714 0.285714 1 1 0
176.64 0.285714 0.285714 1 1 0
177.14 0.285714 0.285714 1 1 0
177.64 0.285714 0.285714 1 1 0
178.14 0.285714 0.285714 1 1 0
178.64 0.285714 0.285714 1 1 0
179.14 0.285714 0.285714 1 1 0
179.64 0.285714 0.285714 1 1 0
180.14 0.285714 0.285714 1 1 0
180.64 0.285714 0.285714 1 1 0
181.14 0.285714 0.285714 1 1 0
181.64 0.285714 0.285714 1 1 0
182.14 0.285714 0.285714 1 1 0
182.64 0.285714 0.285714 1 1 0
183.14 0.285714 0.285714 1 1 0
183.64 0.285714 0.285714 1 1 0
184.14 0.285714 0.285714 1 1 0
184.64 0.285714 0.285714 1 1 0
185.14 0.285714 0.285714 1 1 0
185.64 0.285714 0.285714 1 1 0
186.14 0.285714 0.285714 1 1 0
186.64 0.285714 0.285714 1 1 0
187.14 0.285714 0.285714 1 1 0
187.64 0.285714 0.285714 1 1 0
188.14 0.285714 0.285714 1 1 0
188.64 0.285714 0.285714 1 1 0
189.14 0.285714 0.285714 1 1 0
189.64 0.285714 0.285714 1 1 0
190.14 0.285714 0.285714 1 1 0
190.64 0.285714 0.285714 1 1 0
191.14 0.285714 0.285714 1 1 0
191.64 0.285714 0.285714 1 1 0
192.14 0.285714 0.285714 1 1 0
192.64 0.285714 0.285714 1 1 0
193.14 0.285714 0.285714 1 1 0
193.64 0.285714 0.285714 1 1 0
194.14 0.285714 0.285714 1 1 0
194.64 0.285714 0.285714 1 1 0
195.14 0.285714 0.285714 1 1 0
195.64 0.285714 0.285714 1 1 0
196.14 0.285714 0.285714 1 1 0
196.64 0.285714 0.285714 1 1 0
197.14 0.285714 0.285714 1 1 0
197.64 0.285714 0.285714 1 1 0
197.64 0.285714 0.285714 2 1 0
197.68 0.285714 0.285714 1 1 0
197.72 0.285714 0.285714 1 1 0
197.8 0.285714 0.285714 1 1 0
197.96 0.285714 0.285714 1 1 0
198.28 0.285714 0.285714 1 1 0
198.78 0.285714 0.285714 1 1 0
199.28 0.285714 0.285714 1 1 0
199.78 0.285714 0.285714 1 1 0
200.28 0.285714 0.285714 1 1 0
200.78 0.285714 0.285714 1 1 0
201.28 0.285714 0.285714 1 1 0
201.78 0.285714 0.285714 1 1 0
202.28 0.285714 0.285714 1 1 0
202.78 0.285714 0.285714 1 1 0
203.28 0.285714 0.285714 1 1 0
203.78 0.285714 0.285714 1 1 0
204.28 0.285714 0.285714 1 1 0
204.78 0.285714 0.285714 1 1 0
205.28 0.285714 0.285714 1 1 0
205.78 0.285714 0.285714 1 1 0
206.28 0.285714 0.285714 1 1 0
206.78 0.285714 0.285714 1 1 0
207.28 0.285714 0.285714 1 1 0
207.78 0.285714 0.285714 1 1 0
208.28 0.285714 0.285714 1 1 0
208.78 0.285714 0.285714 1 1 0
209.28 0.285714 0.285714 1 1 0
209.78 0.285714 0.285714 1 1 0
210.28 0.285714 0.285714 1 1 0
210.78 0.285714 0.285714 1 1 0
211.28 0.285714 0.285714 1 1 0
211.78 0.285714 0.285714 1 1 0
212.28 0.285714 0.285714 1 1 0
212.78 0.285714 0.285714 1 1 0
213.28 0.285714 0.285714 1 1 0
213.78 0.285714 0.285714 1 1 0
214.28 0.285714 0.285714 1 1 0
214.78 0.285714 0.285714 1 1 0
215.28 0.285714 0.285714 1 1 0
215.78 0.285714 0.285714 1 1 0
216.28 0.285714 0.285714 1 1 0
216.78 0.285714 0.285714 1 1 0
217.28 0.285714 0.285714 1 1 0
217.78 0.285714 0.285714 1 1 0
218.28 0.285714 0.285714 1 1 0
218.78 0.285714 0.285714 1 1 0
219.28 0.285714 0.285714 1 1 0
219.78 0.285714 0.285714 1 1 0
220.28 0.285714 0.285714 1 1 0
220.78 0.285714 0.285714 1 1 0
221.28 0.285714 0.285714 1 1 0
221.78 0.285714 0.285714 1 1 0
222.28 0.285714 0.285714 1 1 0
222.78 0.285714 0.285714 1 1 0
223.28 0.285714 0.285714 1 1 0
223.78 0.285714 0.285714 1 1 0
224.28 0.285714 0.285714 1 1 0
224.78 0.285714 0.285714 1 1 0
225.28 0.285714 0.285714 1 1 0
225.78 0.285714 0.285714 1 1 0
226.28 0.285714 0.285714 1 1 0
226.78 0.285714 0.285714 1 1 0
227.28 0.285714 0.285714 1 1 0
227.78 0.285714 0.285714 1 1 0
228.28 0.285714 0.285714 1 1 0
228.78 0.285714 0.285714 1 1 0
229.28 0.285714 0.285714 1 1 0
229.78 0.285714 0.285714 1 1 0
230.28 0.285714 0.285714 1 1 0
230.78 0.285714 0.285714 1 1 0
231.28 0.285714 0.285714 1 1 0
231.78 0.285714 0.285714 1 1 0
232.28 0.285714 0.285714 1 1 0
232.78 0.285714 0.285714 1 1 0
233.28 0.285714 0.285714 1 1 0
233.78 0.285714 0.285714 1 1 0
234.28 0.285714 0.285714 1 1 0
234.78 0.285714 0.285714 1 1 0
235.28 0.285714 0.285714 1 1 0
235.78 0.285714 0.285714 1 1 0
236.28 0.285714 0.285714 1 1 0
236.78 0.285714 0.285714 1 1 0
237.28 0.285714 0.285714 1 1 0
237.78 0.285714 0.285714 1 1 0
238.28 0.285714 0.285714 1 1 0
238.78 0.285714 0.285714 1 1 0
239.28 0.285714 0.285714 1 1 0
239.78 0.285714 0.285714 1 1 0
240.28 0.285714 0.285714 1 1 0
240.78 0.285714 0.285714 1 1 0
241.28 0.285714 0.285714 1 1 0
241.78 0.285714 0.285714 1 1 0
242.28 0.285714 0.285714 1 1 0
242.78 0.285714 0.285714 1 1 0
243.28 0.285714 0.285714 1 1 0
243.78 0.285714 0.285714 1 1 0
244.28 0.285714 0.285714 1 1 0
244.78 0.285714 0.285714 1 1 0
245.28 0.285714 0.285714 1 1 0
245.78 0.285714 0.285714 1 1 0
246.28 0.285714 0.285714 1 1 0
246.78 0.285714 0.285714 1 1 0
247.28 0.285714 0.285714 1 1 0
247.78 0.285714 0.285714 1 1 0
248.28 0.285714 0.285714 1 1 0
248.78 0.285714 0.285714 1 1 0
249.28 0.285714 0.285714 1 1 0
249.78 0.285714 0.285714 1 1 0
250.28 0.285714 0.285714 1 1 0
250.78 0.285714 0.285714 1 1 0
251.28 0.285714 0.285714 1 1 0
251.78 0.285714 0.285714 1 1 0
252.28 0.285714 0.285714 1 1 0
252.78 0.285714 0.285714 1 1 0
253.28 0.285714 0.285714 1 1 0
253.78 0.285714 0.285714 1 1 0
254.28 0.285714 0.285714 1 1 0
254.78 0.285714 0.285714 1 1 0
255.28 0.285714 0.285714 1 1 0
255.78 0.285714 0.285714 1 1 0
256.28 0.285714 0.285714 1 1 0
256.78 0.285714 0.285714 1 1 0
257.28 0.285714 0.285714 1 1 0
257.78 0.285714 0.285714 1 1 0
258.28 0.285714 0.285714 1 1 0
258.78 0.285714 0.285714 1 1 0
259.28 0.285714 0.285714 1 1 0
259.78 0.285714 0.285714 1 1 0
260.28 0.285714 0.285714 1 1 0
260.78 0.285714 0.285714 1 1 0
261.28 0.285714 0.285714 1 1 0
261.78 0.285714 0.285714 1 1 0
262.28 0.285714 0.285714 1 1 0
262.78 0.285714 0.285714 1 1 0
263.28 0.285714 0.285714 1 1 0
263.78 0.285714 0.285714 1 1 0
264.28 0.285714 0.285714 1 1 0
264.78 0.285714 0.285714 1 1 0
265.28 0.285714 0.285714 1 1 0
265.78 0.285714 0.285714 1 1 0
266.28 0.285714 0.285714 1 1 0
266.78 0.285714 0.285714 1 1 0
267.28 0.285714 0.285714 1 1 0
267.78 0.285714 0.285714 1 1 0
268.28 0.285714 0.285714 1 1 0
268.78 0.285714 0.285714 1 1 0
269.28 0.285714 0.285714 1 1 0
269.78 0.285714 0.285714 1 1 0
270.28 0.285714 0.285714 1 1 0
270.78 0.285714 0.285714 1 1 0
271.28 0.285714 0.285714 1 1 0
271.78 0.285714 0.285714 1 1 0
272.28 0.285714 0.285714 1 1 0
272.78 0.285714 0.285714 1 1 0
273.28 0.285714 0.285714 1 1 0
273.78 0.285714 0.285714 1 1 0
274.28 0.285714 0.285714 1 1 0
274.78 0.285714 0.285714 1 1 0
275.28 0.285714 0.285714 1 1 0
275.78 0.285714 0.285714 1 1 0
276.28 0.285714 0.285714 1 1 0
276.78 0.285714 0.285714 1 1 0
277.28 0.285714 0.285714 1 1 0
277.78 0.285714 0.285714 1 1 0
278.28 0.285714 0.285714 1 1 0
278.78 0.285714 0.285714 1 1 0
279.28 0.285714 0.285714 1 1 0
279.78 0.285714 0.285714 1 1 0
280.28 0.285714 0.285714 1 1 0
280.78 0.285714 0.285714 1 1 0
281.28 0.285714 0.285714 1 1 0
281.78 0.285714 0.285714 1 1 0
282.28 0.285714 0.285714 1 1 0
282.78 0.285714 0.285714 1 1 0
283.28 0.285714 0.285714 1 1 0
283.78 0.285714 0.285714 1 1 0
284.28 0.285714 0.285714 1 1 0
284.78 0.285714 0.285714 1 1 0
285.28 0.285714 0.285714 1 1 0
285.78 0.285714 0.285714 1 1 0
286.28 0.285714 0.285714 1 1 0
286.78 0.285714 0.285714 1 1 0
287.28 0.285714 0.285714 1 1 0
287.78 0.285714 0.285714 1 1 0
288.28 0.285714 0.285714 1 1 0
288.78 0.285714 0.285714 1 1 0
289.28 0.285714 0.285714 1 1 0
289.78 0.285714 0.285714 1 1 0
290.28 0.285714 0.285714 1 1 0
290.78 0.285714 0.285714 1 1 0
291.28 0.285714 0.285714 1 1 0
291.78 0.285714 0.285714 1 1 0
292.28 0.285714 0.285714 1 1 0
292.78 0.285714 0.285714 1 1 0
293.28 0.285714 0.285714 1 1 0
293.78 0.285714 0.285714 1 1 0
294.28 0.285714 0.285714 1 1 0
294.78 0.285714 0.285714 1 1 0
295.28 0.285714 0.285714 1 1 0
295.28 0.285714 0.285714 2 1 0
295.32 0.285714 0.285714 1 1 0
295.36 0.285714 0.285714 1 1 0
295.44 0.285714 0.285714 1 1 0
295.6 0.285714 0.285714 1 1 0
295.92 0.285714 0.285714 1 1 0
296.42 0.285714 0.285714 1 1 0
296.92 0.285714 0.285714 1 1 0
297.42 0.285714 0.285714 1 1 0
297.92 0.285714 0.285714 1 1 0
298.42 0.285714 0.285714 1 1 0
298.92 0.285714 0.285714 1 1 0
299.42 0.285714 0.285714 1 1 0
299.92 0.285714 0.285714 1 1 0
300.42 0.285714 0.285714 1 1 0
300.92 0.285714 0.285714 1 1 0
301.42 0.285714 0.285714 1 1 0
301.92 0.285714 0.285714 1 1 0
302.42 0.285714 0.285714 1 1 0
302.92 0.285714 0.285714 1 1 0
303.42 0.285714 0.285714 1 1 0
303.92 0.285714 0.285714 1 1 0
304.42 0.285714 0.285714 1 1 0
304.92 0.285714 0.285714 1 1 0
305.42 0.285714 0.285714 1 1 0
305.92 0.285714 0.285714 1 1 0
306.42 0.285714 0.285714 1 1 0
306.92 0.285714 0.285714 1 1 0
307.42 0.285714 0.285714 1 1 0
307.92 0.285714 0.285714 1 1 0
308.42 0.285714 0.285714 1 1 0
308.92 0.285714 0.285714 1 1 0
309.42 0.285714 0.285714 1 1 0
309.92 0.285714 0.285714 1 1 0
310.42 0.285714 0.285714 1 1 0
310.92 0.285714 0.285714 1 1 0
311.42 0.285714 0.285714 1 1 0
311.92 0.285714 0.285714 1 1 0
312.42 0.285714 0.285714 1 1 0
312.92 0.285714 0.285714 1 1 0
313.42 0.285714 0.285714 1 1 0
313.92 0.285714 0.285714 1 1 0
314.42 0.285714 0.285714 1 1 0
314.92 0.285714 0.285714 1 1 0
315.42 0.285714 0.285714 1 1 0
315.92 0.285714 0.285714 1 1 0
316.42 0.285714 0.285714 1 1 0
316.92 0.285714 0.285714 1 1 0
317.42 0.285714 0.285714 1 1 0
317.92 0.285714 0.285714 1 1 0
318.42 0.285714 0.285714 1 1 0
318.92 0.285714 0.285714 1 1 0
319.42 0.285714 0.285714 1 1 0
319.92 0.285714 0.285714 1 1 0
320.42 0.285714 0.285714 1 1 0
320.92 0.285714 0.285714 1 1 0
321.42 0.285714 0.285714 1 1 0
321.92 0.285714 0.285714 1 1 0
322.42 0.285714 0.285714 1 1 0
322.92 0.285714 0.285714 1 1 0
323.42 0.285714 0.285714 1 1 0
323.92 0.285714 0.285714 1 1 0
324.42 0.285714 0.285714 1 1 0
324.92 0.285714 0.285714 1 1 0
325.42 0.285714 0.285714 1 1 0
325.92 0.285714 0.285714 1 1 0
326.42 0.285714 0.285714 1 1 0
326.92 0.285714 0.285714 1 1 0
327.42 0.285714 0.285714 1 1 0
327.92 0.285714 0.285714 1 1 0
328.42 0.285714 0.285714 1 1 0
328.92 0.285714 0.285714 1 1 0
329.42 0.285714 0.285714 1 1 0
329.92 0.285714 0.285714 1 1 0
330.42 0.285714 0.285714 1 1 0
330.92 0.285714 0.285714 1 1 0
331.42 0.285714 0.285714 1 1 0
331.92 0.285714 0.285714 1 1 0
332.42 0.285714 0.285714 1 1 0
332.92 0.285714 0.285714 1 1 0
333.42 0.285714 0.285714 1 1 0
333.92 0.285714 0.285714 1 1 0
334.42 0.285714 0.285714 1 1 0
334.92 0.285714 0.285714 1 1 0
335.42 0.285714 0.285714 1 1 0
335.92 0.285714 0.285714 1 1 0
336.42 0.285714 0.285714 1 1 0
336.92 0.285714 0.285714 1 1 0
337.42 0.285714 0.285714 1 1 0
337.92 0.285714 0.285714 1 1 0
338.42 0.285714 0.285714 1 1 0
338.92 0.285714 0.285714 1 1 0
339.42 0.285714 0.285714 1 1 0
339.92 0.285714 0.285714 1 1 0
340.42 0.285714 0.285714 1 1 0
340.92 0.285714 0.285714 1 1 0
341.42 0.285714 0.285714 1 1 0
341.92 0.285714 0.285714 1 1 0
342.42 0.285714 0.285714 1 1 0
342.92 0.285714 0.285714 1 1 0
343.42 0.285714 0.285714 1 1 0
343.92 0.285714 0.285714 1 1 0
344.42 0.285714 0.285714 1 1 0
344.92 0.285714 0.285714 1 1 0
345.42 0.285714 0.285714 1 1 0
345.92 0.285714 0.285714 1 1 0
346.42 0.285714 0.285714 1 1 0
346.92 0.285714 0.285714 1 1 0
347.42 0.285714 0.285714 1 1 0
347.92 0.285714 0.285714 1 1 0
348.42 0.285714 0.285714 1 1 0
348.92 0.285714 0.285714 1 1 0
349.42 0.285714 0.285714 1 1 0
349.92 0.285714 0.285714 1 1 0
350.42 0.285714 0.285714 1 1 0
350.92 0.285714 0.285714 1 1 0
351.42 0.285714 0.285714 1 1 0
351.92 0.285714 0.285714 1 1 0
352.42 0.285714 0.285714 1 1 0
352.92 0.285714 0.285714 1 1 0
353.42 0.285714 0.285714 1 1 0
353.92 0.285714 0.285714 1 1 0
354.42 0.285714 0.285714 1 1 0
354.92 0.285714 0.285714 1 1 0
355.42 0.285714 0.285714 1 1 0
355.92 0.285714 0.285714 1 1 0
356.42 0.285714 0.285714 1 1 0
356.92 0.285714 0.285714 1 1 0
357.42 0.285714 0.285714 1 1 0
357.92 0.285714 0.285714 1 1 0
358.42 0.285714 0.285714 1 1 0
358.92 0.285714 0.285714 1 1 0
359.42 0.285714 0.285714 1 1 0
359.92 0.285714 0.285714 1 1 0
360.42 0.285714 0.285714 1 1 0
360.92 0.285714 0.285714 1 1 0
361.42 0.285714 0.285714 1 1 0
361.92 0.285714 0.285714 1 1 0
362.42 0.285714 0.285714 1 1 0
362.92 0.285714 0.285714 1 1 0
363.42 0.285714 0.285714 1 1 0
363.92 0.285714 0.285714 1 1 0
364.42 0.285714 0.285714 1 1 0
364.92 0.285714 0.285714 1 1 0
365.42 0.285714 0.285714 1 1 0
365.92 0.285714 0.285714 1 1 0
366.42 0.285714 0.285714 1 1 0
366.92 0.285714 0.285714 1 1 0
367.42 0.285714 0.285714 1 1 0
367.92 0.285714 0.285714 1 1 0
368.42 0.285714 0.285714 1 1 0
368.92 0.285714 0.285714 1 1 0
369.42 0.285714 0.285714 1 1 0
369.92 0.285714 0.285714 1 1 0
370.42 0.285714 0.285714 1 1 0
370.92 0.285714 0.285714 1 1 0
371.42 0.285714 0.285714 1 1 0
371.92 0.285714 0.285714 1 1 0
372.42 0.285714 0.285714 1 1 0
372.92 0.285714 0.285714 1 1 0
373.42 0.285714 0.285714 1 1 0
373.92 0.285714 0.285714 1 1 0
374.42 0.285714 0.285714 1 1 0
374.92 0.285714 0.285714 1 1 0
375.42 0.285714 0.285714 1 1 0
375.92 0.285714 0.285714 1 1 0
376.42 0.285714 0.285714 1 1 0
376.92 0.285714 0.285714 1 1 0
377.42 0.285714 0.285714 1 1 0
377.92 0.285714 0.285714 1 1 0
378.42 0.285714 0.285714 1 1 0
378.92 0.285714 0.285714 1 1 0
379.42 0.285714 0.285714 1 1 0
379.92 0.285714 0.285714 1 1 0
380.42 0.285714 0.285714 1 1 0
380.92 0.285714 0.285714 1 1 0
381.42 0.285714 0.285714 1 1 0
381.92 0.285714 0.285714 1 1 0
382.42 0.285714 0.285714 1 1 0
382.92 0.285714 0.285714 1 1 0
383.42 0.285714 0.285714 1 1 0
383.92 0.285714 0.285714 1 1 0
384.42 0.285714 0.285714 1 1 0
384.92 0.285714 0.285714 1 1 0
385.42 0.285714 0.285714 1 1 0
385.92 0.285714 0.285714 1 1 0
386.42 0.285714 0.285714 1 1 0
386.92 0.285714 0.285714 1 1 0
387.42 0.285714 0.285714 1 1 0
387.92 0.285714 0.285714 1 1 0
388.42 0.285714 0.285714 1 1 0
388.92 0.285714 0.285714 1 1 0
389.42 0.285714 0.285714 1 1 0
389.92 0.285714 0.285714 1 1 0
390.42 0.285714 0.285714 1 1 0
390.92 0.285714 0.285714 1 1 0
391.42 0.285714 0.285714 1 1 0
391.92 0.285714 0.285714 1 1 0
392.42 0.285714 0.285714 1 1 0
392.92 0.285714 0.285714 1 1 0
392.92 0.285714 0.285714 2 1 0
392.96 0.285714 0.285714 1 1 0
393 0.285714 0.285714 1 1 0
393.08 0.285714 0.285714 1 1 0
393.24 0.285714 0.285714 1 1 0
393.56 0.285714 0.285714 1 1 0
394.06 0.285714 0.285714 1 1 0
394.56 0.285714 0.285714 1 1 0
395.06 0.285714 0.285714 1 1 0
395.56 0.285714 0.285714 1 1 0
396.06 0.285714 0.285714 1 1 0
396.56 0.285714 0.285714 1 1 0
397.06 0.285714 0.285714 1 1 0
397.56 0.285714 0.285714 1 1 0
398.06 0.285714 0.285714 1 1 0
398.56 0.285714 0.285714 1 1 0
399.06 0.285714 0.285714 1 1 0
399.56 0.285714 0.285714 1 1 0
400.06 0.285714 0.285714 1 1 0
400.56 0.285714 0.285714 1 1 0
401.06 0.285714 0.285714 1 1 0
401.56 0.285714 0.285714 1 1 0
402.06 0.285714 0.285714 1 1 0
402.56 0.285714 0.285714 1 1 0
403.06 0.285714 0.285714 1 1 0
403.56 0.285714 0.285714 1 1 0
404.06 0.285714 0.285714 1 1 0
404.56 0.285714 0.285714 1 1 0
405.06 0.285714 0.285714 1 1 0
405.56 0.285714 0.285714 1 1 0
406.06 0.285714 0.285714 1 1 0
406.56 0.285714 0.285714 1 1 0
407.06 0.285714 0.285714 1 1 0
407.56 0.285714 0.285714 1 1 0
408.06 0.285714 0.285714 1 1 0
408.56 0.285714 0.285714 1 1 0
409.06 0.285714 0.285714 1 1 0
409.56 0.285714 0.285714 1 1 0
410.06 0.285714 0.285714 1 1 0
410.56 0.285714 0.285714 1 1 0
411.06 0.285714 0.285714 1 1 0
411.56 0.285714 0.285714 1 1 0
412.06 0.285714 0.285714 1 1 0
412.56 0.285714 0.285714 1 1 0
413.06 0.285714 0.285714 1 1 0
413.56 0.285714 0.285714 1 1 0
414.06 0.285714 0.285714 1 1 0
414.56 0.285714 0.285714 1 1 0
415.06 0.285714 0.285714 1 1 0
415.56 0.285714 0.285714 1 1 0
416.06 0.285714 0.285714 1 1 0
416.56 0.285714 0.285714 1 1 0
417.06 0.285714 0.285714 1 1 0
417.56 0.285714 0.285714 1 1 0
418.06 0.285714 0.285714 1 1 0
418.56 0.285714 0.285714 1 1 0
419.06 0.285714 0.285714 1 1 0
419.56 0.285714 0.285714 1 1 0
420.06 0.285714 0.285714 1 1 0
420.56 0.285714 0.285714 1 1 0
421.06 0.285714 0.285714 1 1 0
421.56 0.285714 0.285714 1 1 0
422.06 0.285714 0.285714 1 1 0
422.56 0.285714 0.285714 1 1 0
423.06 0.285714 0.285714 1 1 0
423.56 0.285714 0.285714 1 1 0
424.06 0.285714 0.285714 1 1 0
424.56 0.285714 0.285714 1 1 0
425.06 0.285714 0.285714 1 1 0
425.56 0.285714 0.285714 1 1 0
426.06 0.285714 0.285714 1 1 0
426.56 0.285714 0.285714 1 1 0
427.06 0.285714 0.285714 1 1 0
427.56 0.285714 0.285714 1 1 0
428.06 0.285714 0.285714 1 1 0
428.56 0.285714 0.285714 1 1 0
429.06 0.285714 0.285714 1 1 0
429.56 0.285714 0.285714 1 1 0
430.06 0.285714 0.285714 1 1 0
430.56 0.285714 0.285714 1 1 0
431.06 0.285714 0.285714 1 1 0
431.56 0.285714 0.285714 1 1 0
432.06 0.285714 0.285714 1 1 0
432.56 0.285714 0.285714 1 1 0
433.06 0.285714 0.285714 1 1 0
433.56 0.285714 0.285714 1 1 0
434.06 0.285714 0.285714 1 1 0
434.56 0.285714 0.285714 1 1 0
435.06 0.285714 0.285714 1 1 0
435.56 0.285714 0.285714 1 1 0
436.06 0.285714 0.285714 1 1 0
436.56 0.285714 0.285714 1 1 0
437.06 0.285714 0.285714 1 1 0
437.56 0.285714 0.285714 1 1 0
438.06 0.285714 0.285714 1 1 0
438.56 0.285714 0.285714 1 1 0
439.06 0.285714 0.285714 1 1 0
439.56 0.285714 0.285714 1 1 0
440.06 0.285714 0.285714 1 1 0
440.56 0.285714 0.285714 1 1 0
441.06 0.285714 0.285714 1 1 0
441.56 0.285714 0.285714 1 1 0
442.06 0.285714 0.285714 1 1 0
442.56 0.285714 0.285714 1 1 0
443.06 0.285714 0.285714 1 1 0
443.56 0.285714 0.285714 1 1 0
444.06 0.285714 0.285714 1 1 0
444.56 0.285714 0.285714 1 1 0
445.06 0.285714 0.285714 1 1 0
445.56 0.285714 0.285714 1 1 0
446.06 0.285714 0.285714 1 1 0
446.56 0.285714 0.285714 1 1 0
447.06 0.285714 0.285714 1 1 0
447.56 0.285714 0.285714 1 1 0
448.06 0.285714 0.285714 1 1 0
448.56 0.285714 0.285714 1 1 0
449.06 0.285714 0.285714 1 1 0
449.56 0.285714 0.285714 1 1 0
450.06 0.285714 0.285714 1 1 0
450.56 0.285714 0.285714 1 1 0
451.06 0.285714 0.285714 1 1 0
451.56 0.285714 0.285714 1 1 0
452.06 0.285714 0.285714 1 1 0
452.56 0.285714 0.285714 1 1 0
453.06 0.285714 0.285714 1 1 0
453.56 0.285714 0.285714 1 1 0
454.06 0.285714 0.285714 1 1 0
454.56 0.285714 0.285714 1 1 0
455.06 0.285714 0.285714 1 1 0
455.56 0.285714 0.285714 1 1 0
456.06 0.285714 0.285714 1 1 0
456.56 0.285714 0.285714 1 1 0
457.06 0.285714 0.285714 1 1 0
457.56 0.285714 0.285714 1 1 0
458.06 0.285714 0.285714 1 1 0
458.56 0.285714 0.285714 1 1 0
459.06 0.285714 0.285714 1 1 0
459.56 0.285714 0.285714 1 1 0
460.06 0.285714 0.285714 1 1 0
460.56 0.285714 0.285714 1 1 0
461.06 0.285714 0.285714 1 1 0
461.56 0.285714 0.285714 1 1 0
462.06 0.285714 0.285714 1 1 0
462.56 0.285714 0.285714 1 1 0
463.06 0.285714 0.285714 1 1 0
463.56 0.285714 0.285714 1 1 0
464.06 0.285714 0.285714 1 1 0
464.56 0.285714 0.285714 1 1 0
465.06 0.285714 0.285714 1 1 0
465.56 0.285714 0.285714 1 1 0
466.06 0.285714 0.285714 1 1 0
466.56 0.285714 0.285714 1 1 0
467.06 0.285714 0.285714 1 1 0
467.56 0.285714 0.285714 1 1 0
468.06 0.285714 0.285714 1 1 0
468.56 0.285714 0.285714 1 1 0
469.06 0.285714 0.285714 1 1 0
469.56 0.285714 0.285714 1 1 0
470.06 0.285714 0.285714 1 1 0
470.56 0.285714 0.285714 1 1 0
471.06 0.285714 0.285714 1 1 0
471.56 0.285714 0.285714 1 1 0
472.06 0.285714 0.285714 1 1 0
472.56 0.285714 0.285714 1 1 0
473.06 0.285714 0.285714 1 1 0
473.56 0.285714 0.285714 1 1 0
474.06 0.285714 0.285714 1 1 0
474.56 0.285714 0.285714 1 1 0
475.06 0.285714 0.285714 1 1 0
475.56 0.285714 0.285714 1 1 0
476.06 0.285714 0.285714 1 1 0
476.56 0.285714 0.285714 1 1 0
477.06 0.285714 0.285714 1 1 0
477.56 0.285714 0.285714 1 1 0
478.06 0.285714 0.285714 1 1 0
478.56 0.285714 0.285714 1 1 0
479.06 0.285714 0.285714 1 1 0
479.56 0.285714 0.285714 1 1 0
480.06 0.285714 0.285714 1 1 0
480.56 0.285714 0.285714 1 1 0
481.06 0.285714 0.285714 1 1 0
481.56 0.285714 0.285714 1 1 0
482.06 0.285714 0.285714 1 1 0
482.56 0.285714 0.285714 1 1 0
483.06 0.285714 0.285714 1 1 0
483.56 0.285714 0.285714 1 1 0
484.06 0.285714 0.285714 1 1 0
484.56 0.285714 0.285714 1 1 0
485.06 0.285714 0.285714 1 1 0
485.56 0.285714 0.285714 1 1 0
486.06 0.285714 0.285714 1 1 0
486.56 0.285714 0.285714 1 1 0
487.06 0.285714 0.285714 1 1 0
487.56 0.285714 0.285714 1 1 0
488.06 0.285714 0.285714 1 1 0
488.56 0.285714 0.285714 1 1 0
489.06 0.285714 0.285714 1 1 0
489.56 0.285714 0.285714 1 1 0
490.06 0.285714 0.285714 1 1 0
490.56 0.285714 0.285714 1 1 0
100 0.285714 0.285714 2 1 0
99.96 0.285714 0.285714 1 1 0
99.92 0.285714 0.285714 1 1 0
99.84 0.285714 0.285714 1 1 0
99.68 0.285714 0.285714 1 1 0
99.36 0.285714 0.285714 1 1 0
98.86 0.285714 0.285714 1 1 0
98.36 0.285714 0.285714 1 1 0
97.86 0.285714 0.285714 1 1 0
97.36 0.285714 0.285714 1 1 0
96.86 0.285714 0.285714 1 1 0
96.36 0.285714 0.285714 1 1 0
95.86 0.285714 0.285714 1 1 0
95.36 0.285714 0.285714 1 1 0
94.86 0.285714 0.285714 1 1 0
94.36 0.285714 0.285714 1 1 0
93.86 0.285714 0.285714 1 1 0
93.36 0.285714 0.285714 1 1 0
92.86 0.285714 0.285714 1 1 0
92.36 0.285714 0.285714 1 1 0
91.86 0.285714 0.285714 1 1 0
91.36 0.285714 0.285714 1 1 0
90.86 0.285714 0.285714 1 1 0
90.36 0.285714 0.285714 1 1 0
89.86 0.285714 0.285714 1 1 0
89.36 0.285714 0.285714 1 1 0
88.86 0.285714 0.285714 1 1 0
88.36 0.285714 0.285714 1 1 0
87.86 0.285714 0.285714 1 1 0
87.36 0.285714 0.285714 1 1 0
86.86 0.285714 0.285714 1 1 0
86.36 0.285714 0.285714 1 1 0
85.86 0.285714 0.285714 1 1 0
85.36 0.285714 0.285714 1 1 0
84.86 0.285714 0.285714 1 1 0
84.36 0.285714 0.285714 1 1 0
83.86 0.285714 0.285714 1 1 0
83.36 0.285714 0.285714 1 1 0
82.86 0.285714 0.285714 1 1 0
82.36 0.285714 0.285714 1 1 0
81.86 0.285714 0.285714 1 1 0
81.36 0.285714 0.285714 1 1 0
80.86 0.285714 0.285714 1 1 0
80.36 0.285714 0.285714 1 1 0
79.86 0.285714 0.285714 1 1 0
79.36 0.285714 0.285714 1 1 0
78.86 0.285714 0.285714 1 1 0
78.36 0.285714 0.285714 1 1 0
77.86 0.285714 0.285714 1 1 0
77.36 0.285714 0.285714 1 1 0
76.86 0.285714 0.285714 1 1 0
76.36 0.285714 0.285714 1 1 0
75.86 0.285714 0.285714 1 1 0
75.36 0.285714 0.285714 1 1 0
74.86 0.285714 0.285714 1 1 0
74.36 0.285714 0.285714 1 1 0
73.86 0.285714 0.285714 1 1 0
73.36 0.285714 0.285714 1 1 0
72.86 0.285714 0.285714 1 1 0
72.36 0.285714 0.285714 1 1 0
71.86 0.285714 0.285714 1 1 0
71.36 0.285714 0.285714 1 1 0
70.86 0.285714 0.285714 1 1 0
70.36 0.285714 0.285714 1 1 0
69.86 0.285714 0.285714 1 1 0
69.36 0.285714 0.285714 1 1 0
68.86 0.285714 0.285714 1 1 0
68.36 0.285714 0.285714 1 1 0
67.86 0.285714 0.285714 1 1 0
67.4175 0.285714 0.285714 1 1 0
66.9175 0.285714 0.285714 2 1 0
66.4175 0.285714 0.285714 2 1 0
65.9175 0.285714 0.285714 2 1 0
65.4175 0.285714 0.285714 2 1 0
64.9175 0.285714 0.285714 2 1 0
64.4175 0.285714 0.285714 2 1 0
63.9175 0.285714 0.285714 2 1 0
63.4175 0.285714 0.285714 2 1 0
62.9175 0.285714 0.285714 2 1 0
62.4175 0.285714 0.285714 2 1 0
61.9175 0.285714 0.285714 2 1 0
61.4175 0.285714 0.285714 2 1 0
60.9175 0.285714 0.285714 2 1 0
60.4175 0.285714 0.285714 2 1 0
59.9175 0.285714 0.285714 2 1 0
59.4175 0.285714 0.285714 2 1 0
58.9175 0.285714 0.285714 2 1 0
58.4175 0.285714 0.285714 2 1 0
57.9175 0.285714 0.285714 2 1 0
57.4175 0.285714 0.285714 2 1 0
56.9175 0.285714 0.285714 2 1 0
56.4175 0.285714 0.285714 2 1 0
55.9175 0.285714 0.285714 2 1 0
55.4175 0.285714 0.285714 2 1 0
54.9175 0.285714 0.285714 2 1 0
54.4175 0.285714 0.285714 2 1 0
53.9175 0.285714 0.285714 2 1 0
53.4175 0.285714 0.285714 2 1 0
52.9175 0.285714 0.285714 2 1 0
52.4175 0.285714 0.285714 2 1 0
51.9175 0.285714 0.285714 2 1 0
51.4175 0.285714 0.285714 2 1 0
50.9175 0.285714 0.285714 2 1 0
50.4175 0.285714 0.285714 2 1 0
49.9175 0.285714 0.285714 2 1 0
49.4175 0.285714 0.285714 2 1 0
48.9175 0.285714 0.285714 2 1 0
48.4175 0.285714 0.285714 2 1 0
47.9175 0.285714 0.285714 2 1 0
47.4175 0.285714 0.285714 2 1 0
46.9175 0.285714 0.285714 2 1 0
46.4175 0.285714 0.285714 2 1 0
45.9175 0.285714 0.285714 2 1 0
45.4175 0.285714 0.285714 2 1 0
44.9175 0.285714 0.285714 2 1 0
44.4175 0.285714 0.285714 2 1 0
43.9175 0.285714 0.285714 2 1 0
43.4175 0.285714 0.285714 2 1 0
42.9175 0.285714 0.285714 2 1 0
42.4175 0.285714 0.285714 2 1 0
41.9175 0.285714 0.285714 2 1 0
41.4175 0.285714 0.285714 2 1 0
40.9175 0.285714 0.285714 2 1 0
40.4175 0.285714 0.285714 2 1 0
39.9175 0.285714 0.285714 2 1 0
39.4175 0.285714 0.285714 2 1 0
38.9175 0.285714 0.285714 2 1 0
38.4175 0.285714 0.285714 2 1 0
37.9176 0.285714 0.285714 2 1 0
37.4176 0.285714 0.285714 2 1 0
36.9176 0.285714 0.285714 2 1 0
36.4176 0.285714 0.285714 2 1 0
35.9176 0.285714 0.285714 2 1 0
35.4176 0.285714 0.285714 2 1 0
34.9176 0.285714 0.285714 2 1 0
34.4176 0.285714 0.285714 2 1 0
33.9176 0.285714 0.285714 2 1 0
33.4176 0.285714 0.285714 2 1 0
32.9176 0.285714 0.285714 2 1 0
32.4176 0.285714 0.285714 2 1 0
31.9176 0.285714 0.285714 2 1 0
31.4176 0.285714 0.285714 2 1 0
30.9176 0.285714 0.285714 2 1 0
30.4176 0.285714 0.285714 2 1 0
29.9176 0.285714 0.285714 2 1 0
29.4176 0.285714 0.285714 2 1 0
28.9176 0.285714 0.285714 2 1 0
28.4176 0.285714 0.285714 2 1 0
27.9176 0.285714 0.285714 2 1 0
27.4176 0.285714 0.285714 2 1 0
26.9176 0.285714 0.285714 2 1 0
26.4176 0.285714 0.285714 2 1 0
25.9177 0.285714 0.285714 2 1 0
25.4177 0.285714 0.285714 2 1 0
24.9177 0.285714 0.285714 2 1 0
24.4177 0.285714 0.285714 2 1 0
23.9177 0.285714 0.285714 2 1 0
23.4177 0.285714 0.285714 2 1 0
22.9177 0.285714 0.285714 2 1 0
22.4177 0.285714 0.285714 2 1 0
21.9177 0.285714 0.285714 2 1 0
21.4177 0.285714 0.285714 2 1 0
20.9177 0.285714 0.285714 2 1 0
20.4177 0.285714 0.285714 2 1 0
19.9177 0.285714 0.285714 2 1 0
19.4177 0.285714 0.285714 2 1 0
18.9178 0.285714 0.285714 2 1 0
18.4178 0.285714 0.285714 2 1 0
17.9178 0.285714 0.285714 2 1 0
17.4178 0.285714 0.285714 2 1 0
16.9178 0.285714 0.285714 2 1 0
16.4178 0.285714 0.285714 2 1 0
15.9178 0.285714 0.285714 2 1 0
15.4178 0.285714 0.285714 2 1 0
14.9178 0.285714 0.285714 2 1 0
14.4179 0.285714 0.285714 2 1 0
13.9179 0.285714 0.285714 2 1 0
13.4179 0.285714 0.285714 2 1 0
12.9179 0.285714 0.285714 2 1 0
12.4179 0.285714 0.285714 2 1 0
11.9179 0.285714 0.285714 2 1 0
11.4179 0.285714 0.285714 2 1 0
10.918 0.285714 0.285714 2 1 0
10.418 0.285714 0.285714 2 1 0
9.918 0.285714 0.285714 2 1 0
9.41802 0.285714 0.285714 2 1 0
8.91804 0.285714 0.285714 2 1 0
8.41806 0.285714 0.285714 2 1 0
7.91809 0.285714 0.285714 2 1 0
7.41811 0.285714 0.285714 2 1 0
6.91813 0.285714 0.285714 2 1 0
6.41816 0.285714 0.285714 2 1 0
5.91819 0.285714 0.285714 2 1 0
5.41821 0.285714 0.285714 2 1 0
4.91824 0.285714 0.285714 2 1 0
4.41827 0.285714 0.285714 2 1 0
3.91831 0.285714 0.285714 2 1 0
3.41834 0.285714 0.285714 2 1 0
2.91838 0.285714 0.285714 2 1 0
2.41841 0.285714 0.285714 2 1 0
67.4175 0.285714 0.285714 2 2 0
64.6606 0.268803 0.268803 2 2 0
64.6537 0.268763 0.268763 1 2 0
64.651 0.268747 0.268747 1 2 0
64.646 0.268718 0.268718 1 2 0
64.636 0.268658 0.268658 1 2 0
64.616 0.26854 0.26854 1 2 0
64.576 0.268303 0.268303 1 2 0
64.496 0.267831 0.267831 1 2 0
64.336 0.26689 0.26689 1 2 0
64.016 0.265018 0.265018 1 2 0
63.5161 0.262127 0.262127 1 2 0
63.0161 0.259275 0.259275 1 2 0
62.5161 0.256462 0.256462 1 2 0
62.0161 0.25369 0.25369 1 2 0
61.5161 0.250958 0.250958 1 2 0
61.0161 0.248266 0.248266 1 2 0
60.5162 0.245614 0.245614 1 2 0
60.0162 0.243003 0.243003 1 2 0
59.5162 0.240433 0.240433 1 2 0
59.0162 0.237903 0.237903 1 2 0
58.5162 0.235414 0.235414 1 2 0
58.0162 0.232966 0.232966 1 2 0
57.5163 0.230558 0.230558 1 2 0
57.0163 0.22819 0.22819 1 2 0
56.5163 0.225864 0.225864 1 2 0
56.0163 0.223577 0.223577 1 2 0
55.5163 0.221331 0.221331 1 2 0
55.0163 0.219124 0.219124 1 2 0
54.5163 0.216958 0.216958 1 2 0
54.0164 0.21483 0.21483 1 2 0
53.5164 0.212743 0.212743 1 2 0
53.0164 0.210694 0.210694 1 2 0
52.5164 0.208683 0.208683 1 2 0
52.0164 0.206711 0.206711 1 2 0
51.5164 0.204778 0.204778 1 2 0
51.0164 0.202881 0.202881 1 2 0
50.5165 0.201022 0.201022 1 2 0
50.0165 0.1992 0.1992 1 2 0
49.5165 0.197413 0.197413 1 2 0
49.0165 0.195663 0.195663 1 2 0
48.5165 0.193948 0.193948 1 2 0
48.0165 0.192269 0.192269 1 2 0
47.5165 0.190623 0.190623 1 2 0
47.0165 0.189012 0.189012 1 2 0
46.5166 0.187434 0.187434 1 2 0
46.0166 0.185889 0.185889 1 2 0
45.5166 0.184376 0.184376 1 2 0
45.0166 0.182895 0.182895 1 2 0
44.5166 0.181445 0.181445 1 2 0
44.0166 0.180026 0.180026 1 2 0
43.5166 0.178637 0.178637 1 2 0
43.0166 0.177278 0.177278 1 2 0
42.5167 0.175947 0.175947 1 2 0
42.0167 0.174646 0.174646 1 2 0
41.5167 0.173372 0.173372 1 2 0
41.0167 0.172125 0.172125 1 2 0
40.5167 0.170905 0.170905 1 2 0
40.0167 0.169711 0.169711 1 2 0
39.5167 0.168543 0.168543 1 2 0
39.0167 0.1674 0.1674 1 2 0
38.5167 0.166282 0.166282 1 2 0
38.0167 0.165188 0.165188 1 2 0
37.5167 0.164117 0.164117 1 2 0
37.0168 0.163069 0.163069 1 2 0
36.5168 0.162043 0.162043 1 2 0
36.0168 0.161039 0.161039 1 2 0
35.5168 0.160057 0.160057 1 2 0
35.0168 0.159096 0.159096 1 2 0
34.5168 0.158155 0.158155 1 2 0
34.0168 0.157234 0.157234 1 2 0
33.5168 0.156332 0.156332 1 2 0
33.0168 0.155449 0.155449 1 2 0
32.5168 0.154585 0.154585 1 2 0
32.0168 0.153739 0.153739 1 2 0
31.5168 0.15291 0.15291 1 2 0
31.0168 0.152099 0.152099 1 2 0
30.5169 0.151305 0.151305 1 2 0
30.0169 0.150526 0.150526 1 2 0
29.5169 0.149764 0.149764 1 2 0
29.0169 0.149017 0.149017 1 2 0
28.5169 0.148286 0.148286 1 2 0
28.0169 0.147569 0.147569 1 2 0
27.5169 0.146867 0.146867 1 2 0
27.0169 0.146179 0.146179 1 2 0
26.5169 0.145504 0.145504 1 2 0
26.0169 0.144843 0.144843 1 2 0
25.5169 0.144195 0.144195 1 2 0
25.0169 0.143559 0.143559 1 2 0
24.5169 0.142936 0.142936 1 2 0
24.0169 0.142326 0.142326 1 2 0
23.5169 0.141726 0.141726 1 2 0
23.0169 0.141139 0.141139 1 2 0
22.5169 0.140562 0.140562 1 2 0
22.0169 0.139997 0.139997 1 2 0
21.5169 0.139442 0.139442 1 2 0
21.0169 0.138898 0.138898 1 2 0
20.517 0.138364 0.138364 1 2 0
20.017 0.137839 0.137839 1 2 0
19.517 0.137325 0.137325 1 2 0
19.017 0.136819 0.136819 1 2 0
18.517 0.136323 0.136323 1 2 0
18.017 0.135836 0.135836 1 2 0
17.517 0.135358 0.135358 1 2 0
17.017 0.134888 0.134888 1 2 0
16.517 0.134427 0.134427 1 2 0
16.017 0.133973 0.133973 1 2 0
15.517 0.133528 0.133528 1 2 0
15.017 0.13309 0.13309 1 2 0
14.517 0.13266 0.13266 1 2 0
14.017 0.132238 0.132238 1 2 0
13.517 0.131822 0.131822 1 2 0
13.017 0.131414 0.131414 1 2 0
12.517 0.131013 0.131013 1 2 0
12.017 0.130618 0.130618 1 2 0
11.517 0.13023 0.13023 1 2 0
11.017 0.129848 0.129848 1 2 0
10.517 0.129473 0.129473 1 2 0
10.017 0.129103 0.129103 1 2 0
9.51702 0.12874 0.12874 1 2 0
9.01702 0.128383 0.128383 1 2 0
8.51703 0.128031 0.128031 1 2 0
8.01703 0.127685 0.127685 1 2 0
7.51703 0.127344 0.127344 1 2 0
7.01703 0.127009 0.127009 1 2 0
6.51704 0.126679 0.126679 1 2 0
6.01704 0.126354 0.126354 1 2 0
5.51704 0.126034 0.126034 1 2 0
5.01704 0.125719 0.125719 1 2 0
4.51704 0.125409 0.125409 1 2 0
4.01705 0.125103 0.125103 1 2 0
3.51705 0.124802 0.124802 1 2 0
3.01705 0.124506 0.124506 1 2 0
2.51705 0.124214 0.124214 1 2 0
2.01705 0.123926 0.123926 1 2 0
1.51705 0.123642 0.123642 1 2 0
1.01706 0.123363 0.123363 1 2 0
0.517058 0.123088 0.123088 1 2 0
0.0170595 0.122816 0.122816 1 2 0
-0.482939 0.122549 0.122549 1 2 0
67.4175 0.285714 0.285714 2 2 0
70.1042 0.303273 0.303273 1 2 0
70.1111 0.303319 0.303319 2 2 0
70.1137 0.303336 0.303336 2 2 0
70.1187 0.30337 0.30337 2 2 0
70.1287 0.303437 0.303437 2 2 0
70.1487 0.303572 0.303572 2 2 0
70.1887 0.303841 0.303841 2 2 0
70.2687 0.30438 0.30438 2 2 0
70.4287 0.305461 0.305461 2 2 0
70.7487 0.307634 0.307634 2 2 0
71.2487 0.311055 0.311055 2 2 0
71.7487 0.31451 0.31451 2 2 0
72.2486 0.317997 0.317997 2 2 0
72.7486 0.321515 0.321515 2 2 0
73.2486 0.325065 0.325065 2 2 0
73.7486 0.328645 0.328645 2 2 0
74.2486 0.332255 0.332255 2 2 0
74.7486 0.335894 0.335894 2 2 0
75.2485 0.339562 0.339562 2 2 0
75.7485 0.343257 0.343257 2 2 0
76.2485 0.34698 0.34698 2 2 0
76.7485 0.350729 0.350729 2 2 0
77.2485 0.354504 0.354504 2 2 0
77.7484 0.358303 0.358303 2 2 0
78.2484 0.362127 0.362127 2 2 0
78.7484 0.365975 0.365975 2 2 0
79.2484 0.369846 0.369846 2 2 0
79.7484 0.373738 0.373738 2 2 0
80.2484 0.377653 0.377653 2 2 0
80.7483 0.381587 0.381587 2 2 0
81.2483 0.385542 0.385542 2 2 0
81.7483 0.389516 0.389516 2 2 0
82.2483 0.393508 0.393508 2 2 0
82.7483 0.397518 0.397518 2 2 0
83.2482 0.401544 0.401544 2 2 0
83.7482 0.405587 0.405587 2 2 0
84.2482 0.409645 0.409645 2 2 0
84.7482 0.413718 0.413718 2 2 0
85.2482 0.417804 0.417804 2 2 0
85.7481 0.421903 0.421903 2 2 0
86.2481 0.426015 0.426015 2 2 0
86.7481 0.430138 0.430138 2 2 0
87.2481 0.434272 0.434272 2 2 0
87.7481 0.438416 0.438416 2 2 0
88.248 0.442568 0.442568 2 2 0
88.748 0.44673 0.44673 2 2 0
89.248 0.450899 0.450899 2 2 0
89.748 0.455075 0.455075 2 2 0
90.248 0.459257 0.459257 2 2 0
90.7479 0.463444 0.463444 2 2 0
91.2479 0.467636 0.467636 2 2 0
91.7479 0.471832 0.471832 2 2 0
92.2479 0.476031 0.476031 2 2 0
92.7479 0.480233 0.480233 2 2 0
93.2478 0.484436 0.484436 2 2 0
93.7478 0.48864 0.48864 2 2 0
94.2478 0.492845 0.492845 2 2 0
94.7478 0.497049 0.497049 2 2 0
95.2478 0.501251 0.501251 2 2 0
95.7478 0.505453 0.505453 2 2 0
96.2477 0.509651 0.509651 2 2 0
96.7477 0.513846 0.513846 2 2 0
97.2477 0.518038 0.518038 2 2 0
97.7477 0.522225 0.522225 2 2 0
98.2477 0.526406 0.526406 2 2 0
98.7476 0.530582 0.530582 2 2 0
99.2476 0.534751 0.534751 2 2 0
99.7476 0.538913 0.538913 2 2 0
100.248 0.543067 0.543067 2 2 0
100.748 0.547213 0.547213 2 2 0
101.248 0.55135 0.55135 2 2 0
101.748 0.555477 0.555477 2 2 0
102.248 0.559595 0.559595 2 2 0
102.747 0.563701 0.563701 2 2 0
103.247 0.567796 0.567796 2 2 0
103.747 0.571879 0.571879 2 2 0
104.247 0.575949 0.575949 2 2 0
104.747 0.580007 0.580007 2 2 0
105.247 0.584051 0.584051 2 2 0
105.747 0.588081 0.588081 2 2 0
106.247 0.592097 0.592097 2 2 0
106.747 0.596097 0.596097 2 2 0
107.247 0.600082 0.600082 2 2 0
107.747 0.604051 0.604051 2 2 0
108.247 0.608004 0.608004 2 2 0
108.747 0.611939 0.611939 2 2 0
109.247 0.615857 0.615857 2 2 0
109.747 0.619758 0.619758 2 2 0
110.247 0.62364 0.62364 2 2 0
110.747 0.627504 0.627504 2 2 0
111.247 0.631348 0.631348 2 2 0
111.747 0.635173 0.635173 2 2 0
112.247 0.638979 0.638979 2 2 0
112.747 0.642764 0.642764 2 2 0
113.247 0.646529 0.646529 2 2 0
113.747 0.650273 0.650273 2 2 0
114.247 0.653995 0.653995 2 2 0
114.747 0.657697 0.657697 2 2 0
115.247 0.661376 0.661376 2 2 0
115.747 0.665034 0.665034 2 2 0
116.247 0.668669 0.668669 2 2 0
116.747 0.672281 0.672281 2 2 0
117.247 0.67587 0.67587 2 2 0
117.747 0.679437 0.679437 2 2 0
118.247 0.68298 0.68298 2 2 0
118.747 0.686499 0.686499 2 2 0
119.247 0.689994 0.689994 2 2 0
119.747 0.693465 0.693465 2 2 0
120.247 0.696912 0.696912 2 2 0
120.747 0.700335 0.700335 2 2 0
121.247 0.703733 0.703733 2 2 0
121.747 0.707106 0.707106 2 2 0
122.247 0.710454 0.710454 2 2 0
122.747 0.713777 0.713777 2 2 0
123.247 0.717075 0.717075 2 2 0
123.747 0.720347 0.720347 2 2 0
124.247 0.723594 0.723594 2 2 0
124.747 0.726815 0.726815 2 2 0
125.247 0.73001 0.73001 2 2 0
125.747 0.73318 0.73318 2 2 0
126.247 0.736324 0.736324 2 2 0
126.747 0.739441 0.739441 2 2 0
127.247 0.742533 0.742533 2 2 0
127.747 0.745598 0.745598 2 2 0
128.247 0.748638 0.748638 2 2 0
128.747 0.751651 0.751651 2 2 0
129.247 0.754638 0.754638 2 2 0
129.747 0.757598 0.757598 2 2 0
130.247 0.760532 0.760532 2 2 0
130.747 0.76344 0.76344 2 2 0
131.247 0.766322 0.766322 2 2 0
131.747 0.769177 0.769177 2 2 0
132.247 0.772006 0.772006 2 2 0
132.747 0.774809 0.774809 2 2 0
133.247 0.777586 0.777586 2 2 0
133.747 0.780336 0.780336 2 2 0
134.247 0.78306 0.78306 2 2 0
134.747 0.785758 0.785758 2 2 0
135.247 0.788429 0.788429 2 2 0
135.747 0.791075 0.791075 2 2 0
136.247 0.793695 0.793695 2 2 0
136.747 0.796288 0.796288 2 2 0
137.247 0.798856 0.798856 2 2 0
137.747 0.801398 0.801398 2 2 0
138.247 0.803915 0.803915 2 2 0
138.747 0.806406 0.806406 2 2 0
139.247 0.808871 0.808871 2 2 0
139.747 0.811311 0.811311 2 2 0
140.247 0.813725 0.813725 2 2 0
140.747 0.816114 0.816114 2 2 0
141.247 0.818479 0.818479 2 2 0
141.747 0.820818 0.820818 2 2 0
142.247 0.823132 0.823132 2 2 0
142.747 0.825421 0.825421 2 2 0
143.247 0.827686 0.827686 2 2 0
143.747 0.829926 0.829926 2 2 0
144.247 0.832142 0.832142 2 2 0
144.747 0.834334 0.834334 2 2 0
145.247 0.836501 0.836501 2 2 0
145.747 0.838645 0.838645 2 2 0
146.247 0.840765 0.840765 2 2 0
146.747 0.842861 0.842861 2 2 0
147.247 0.844933 0.844933 2 2 0
147.747 0.846982 0.846982 2 2 0
148.247 0.849008 0.849008 2 2 0
148.747 0.851011 0.851011 2 2 0
149.247 0.852991 0.852991 2 2 0
149.747 0.854948 0.854948 2 2 0
150.247 0.856882 0.856882 2 2 0
150.747 0.858794 0.858794 2 2 0
151.247 0.860684 0.860684 2 2 0
151.747 0.862552 0.862552 2 2 0
152.247 0.864397 0.864397 2 2 0
152.747 0.866221 0.866221 2 2 0
153.247 0.868024 0.868024 2 2 0
153.747 0.869804 0.869804 2 2 0
154.247 0.871564 0.871564 2 2 0
154.747 0.873303 0.873303 2 2 0
155.246 0.87502 0.87502 2 2 0
155.746 0.876717 0.876717 2 2 0
156.246 0.878394 0.878394 2 2 0
156.746 0.88005 0.88005 2 2 0
157.246 0.881686 0.881686 2 2 0
157.746 0.883301 0.883301 2 2 0
158.246 0.884897 0.884897 2 2 0
158.746 0.886474 0.886474 2 2 0
159.246 0.88803 0.88803 2 2 0
159.746 0.889568 0.889568 2 2 0
160.246 0.891086 0.891086 2 2 0
160.746 0.892586 0.892586 2 2 0
161.246 0.894066 0.894066 2 2 0
161.746 0.895529 0.895529 2 2 0
162.246 0.896972 0.896972 2 2 0
162.746 0.898398 0.898398 2 2 0
163.246 0.899805 0.899805 2 2 0
163.746 0.901195 0.901195 2 2 0
164.246 0.902567 0.902567 2 2 0
164.746 0.903921 0.903921 2 2 0
165.246 0.905258 0.905258 2 2 0
