6.805220000000000482e+02 1.382680000000000020e-02
6.800220000000000482e+02 1.382539999999999984e-02
6.795220000000000482e+02 1.382390000000000008e-02
6.790220000000000482e+02 1.382240000000000031e-02
6.785220000000000482e+02 1.382090000000000055e-02
6.780220000000000482e+02 1.381950000000000019e-02
6.775220000000000482e+02 1.381800000000000042e-02
6.770220000000000482e+02 1.381650000000000066e-02
6.765220000000000482e+02 1.381499999999999916e-02
6.760220000000000482e+02 1.381349999999999939e-02
6.755220000000000482e+02 1.381199999999999962e-02
6.750220000000000482e+02 1.381040000000000045e-02
6.745220000000000482e+02 1.380890000000000069e-02
6.740220000000000482e+02 1.380739999999999919e-02
6.735220000000000482e+02 1.380589999999999942e-02
6.730220000000000482e+02 1.380430000000000025e-02
6.725220000000000482e+02 1.380280000000000049e-02
6.720220000000000482e+02 1.380130000000000072e-02
6.715220000000000482e+02 1.379969999999999981e-02
6.710220000000000482e+02 1.379820000000000005e-02
6.705220000000000482e+02 1.379659999999999914e-02
6.700220000000000482e+02 1.379509999999999938e-02
6.695220000000000482e+02 1.379350000000000021e-02
6.690220000000000482e+02 1.379189999999999930e-02
6.685220000000000482e+02 1.379039999999999953e-02
6.680220000000000482e+02 1.378880000000000036e-02
6.675220000000000482e+02 1.378719999999999946e-02
6.670220000000000482e+02 1.378560000000000028e-02
6.665220000000000482e+02 1.378399999999999938e-02
6.660220000000000482e+02 1.378240000000000021e-02
6.655220000000000482e+02 1.378079999999999930e-02
6.650220000000000482e+02 1.377920000000000013e-02
6.645220000000000482e+02 1.377759999999999922e-02
6.640220000000000482e+02 1.377600000000000005e-02
6.635220000000000482e+02 1.377439999999999914e-02
6.630220000000000482e+02 1.377279999999999997e-02
6.625220000000000482e+02 1.377109999999999966e-02
6.620220000000000482e+02 1.376950000000000049e-02
6.615220000000000482e+02 1.376780000000000018e-02
6.610220000000000482e+02 1.376619999999999927e-02
6.605220000000000482e+02 1.376460000000000010e-02
6.600220000000000482e+02 1.376289999999999979e-02
6.595220000000000482e+02 1.376119999999999947e-02
6.590220000000000482e+02 1.375960000000000030e-02
6.585220000000000482e+02 1.375789999999999999e-02
6.580220000000000482e+02 1.375619999999999968e-02
6.575220000000000482e+02 1.375449999999999937e-02
6.570220000000000482e+02 1.375290000000000019e-02
6.565220000000000482e+02 1.375119999999999988e-02
6.560220000000000482e+02 1.374949999999999957e-02
6.555220000000000482e+02 1.374779999999999926e-02
6.550220000000000482e+02 1.374610000000000068e-02
6.545220000000000482e+02 1.374440000000000037e-02
6.540220000000000482e+02 1.374260000000000065e-02
6.535220000000000482e+02 1.374090000000000034e-02
6.530220000000000482e+02 1.373920000000000002e-02
6.525220000000000482e+02 1.373749999999999971e-02
6.520220000000000482e+02 1.373569999999999999e-02
6.515220000000000482e+02 1.373399999999999968e-02
6.510220000000000482e+02 1.373219999999999996e-02
6.505220000000000482e+02 1.373049999999999965e-02
6.500220000000000482e+02 1.372869999999999993e-02
6.495220000000000482e+02 1.372699999999999962e-02
6.490220000000000482e+02 1.372519999999999990e-02
6.485220000000000482e+02 1.372340000000000018e-02
6.480220000000000482e+02 1.372160000000000046e-02
6.475220000000000482e+02 1.371990000000000015e-02
6.470220000000000482e+02 1.371810000000000043e-02
6.465220000000000482e+02 1.371630000000000071e-02
6.460220000000000482e+02 1.371449999999999926e-02
6.455220000000000482e+02 1.371269999999999954e-02
6.450220000000000482e+02 1.371089999999999982e-02
6.445220000000000482e+02 1.370900000000000070e-02
6.440220000000000482e+02 1.370719999999999925e-02
6.435220000000000482e+02 1.370539999999999953e-02
6.430220000000000482e+02 1.370350000000000040e-02
6.425220000000000482e+02 1.370170000000000068e-02
6.420220000000000482e+02 1.369989999999999923e-02
6.415220000000000482e+02 1.369800000000000011e-02
6.410220000000000482e+02 1.369609999999999925e-02
6.405220000000000482e+02 1.369429999999999953e-02
6.400220000000000482e+02 1.369240000000000040e-02
6.395220000000000482e+02 1.369049999999999954e-02
6.390220000000000482e+02 1.368869999999999983e-02
6.385220000000000482e+02 1.368680000000000070e-02
6.380220000000000482e+02 1.368489999999999984e-02
6.375220000000000482e+02 1.368300000000000072e-02
6.370220000000000482e+02 1.368109999999999986e-02
6.365220000000000482e+02 1.367920000000000073e-02
6.360220000000000482e+02 1.367729999999999987e-02
6.355220000000000482e+02 1.367529999999999961e-02
6.350220000000000482e+02 1.367340000000000048e-02
6.345220000000000482e+02 1.367149999999999962e-02
6.340220000000000482e+02 1.366949999999999936e-02
6.335220000000000482e+02 1.366760000000000023e-02
6.330220000000000482e+02 1.366559999999999997e-02
6.325220000000000482e+02 1.366370000000000084e-02
6.320220000000000482e+02 1.366170000000000058e-02
6.315220000000000482e+02 1.365970000000000031e-02
6.310220000000000482e+02 1.365779999999999945e-02
6.305220000000000482e+02 1.365579999999999919e-02
6.300220000000000482e+02 1.365380000000000066e-02
6.295220000000000482e+02 1.365180000000000039e-02
6.290220000000000482e+02 1.364980000000000013e-02
6.285220000000000482e+02 1.364779999999999986e-02
6.280220000000000482e+02 1.364579999999999960e-02
6.275220000000000482e+02 1.364379999999999933e-02
6.270220000000000482e+02 1.364169999999999966e-02
6.265220000000000482e+02 1.363969999999999939e-02
6.260220000000000482e+02 1.363770000000000086e-02
6.255220000000000482e+02 1.363559999999999946e-02
6.250220000000000482e+02 1.363359999999999919e-02
6.245220000000000482e+02 1.363149999999999952e-02
6.240220000000000482e+02 1.362939999999999985e-02
6.235220000000000482e+02 1.362739999999999958e-02
6.230220000000000482e+02 1.362529999999999991e-02
6.225220000000000482e+02 1.362320000000000024e-02
6.220220000000000482e+02 1.362110000000000057e-02
6.215220000000000482e+02 1.361899999999999916e-02
6.210220000000000482e+02 1.361689999999999949e-02
6.205220000000000482e+02 1.361479999999999982e-02
6.200220000000000482e+02 1.361270000000000015e-02
6.195220000000000482e+02 1.361060000000000048e-02
6.190220000000000482e+02 1.360839999999999966e-02
6.185220000000000482e+02 1.360629999999999999e-02
6.180220000000000482e+02 1.360409999999999918e-02
6.175220000000000482e+02 1.360199999999999951e-02
6.170220000000000482e+02 1.359980000000000043e-02
6.165220000000000482e+02 1.359770000000000076e-02
6.160220000000000482e+02 1.359549999999999995e-02
6.155220000000000482e+02 1.359329999999999913e-02
6.150220000000000482e+02 1.359110000000000006e-02
6.145220000000000482e+02 1.358889999999999924e-02
6.140220000000000482e+02 1.358670000000000017e-02
6.135220000000000482e+02 1.358449999999999935e-02
6.130220000000000482e+02 1.358230000000000028e-02
6.125220000000000482e+02 1.358009999999999946e-02
6.120220000000000482e+02 1.357790000000000039e-02
6.115220000000000482e+02 1.357560000000000017e-02
6.110220000000000482e+02 1.357339999999999935e-02
6.105220000000000482e+02 1.357120000000000028e-02
6.100220000000000482e+02 1.356890000000000006e-02
6.095220000000000482e+02 1.356659999999999984e-02
6.090220000000000482e+02 1.356440000000000076e-02
6.085220000000000482e+02 1.356210000000000054e-02
6.080220000000000482e+02 1.355980000000000033e-02
6.075220000000000482e+02 1.355750000000000011e-02
6.070220000000000482e+02 1.355519999999999989e-02
6.065220000000000482e+02 1.355289999999999967e-02
6.060220000000000482e+02 1.355059999999999945e-02
6.055220000000000482e+02 1.354829999999999923e-02
6.050220000000000482e+02 1.354589999999999961e-02
6.045220000000000482e+02 1.354359999999999939e-02
6.040220000000000482e+02 1.354119999999999976e-02
6.035220000000000482e+02 1.353889999999999955e-02
6.030220000000000482e+02 1.353649999999999992e-02
6.025220000000000482e+02 1.353419999999999970e-02
6.020220000000000482e+02 1.353180000000000008e-02
6.015220000000000482e+02 1.352940000000000045e-02
6.010220000000000482e+02 1.352700000000000083e-02
6.005220000000000482e+02 1.352459999999999947e-02
6.000220000000000482e+02 1.352219999999999984e-02
5.995220000000000482e+02 1.351980000000000022e-02
5.990220000000000482e+02 1.351740000000000060e-02
5.985220000000000482e+02 1.351489999999999983e-02
5.980220000000000482e+02 1.351250000000000021e-02
5.975220000000000482e+02 1.351010000000000058e-02
5.970220000000000482e+02 1.350759999999999982e-02
5.965220000000000482e+02 1.350510000000000078e-02
5.960220000000000482e+02 1.350269999999999943e-02
5.955220000000000482e+02 1.350020000000000039e-02
5.950220000000000482e+02 1.349769999999999963e-02
5.945220000000000482e+02 1.349520000000000060e-02
5.940220000000000482e+02 1.349269999999999983e-02
5.935220000000000482e+02 1.349020000000000080e-02
5.930220000000000482e+02 1.348770000000000004e-02
5.925220000000000482e+02 1.348519999999999927e-02
5.920220000000000482e+02 1.348260000000000083e-02
5.915220000000000482e+02 1.348010000000000007e-02
5.910220000000000482e+02 1.347749999999999990e-02
5.905220000000000482e+02 1.347500000000000087e-02
5.900220000000000482e+02 1.347240000000000069e-02
5.895220000000000482e+02 1.346980000000000052e-02
5.890220000000000482e+02 1.346720000000000035e-02
5.885220000000000482e+02 1.346460000000000018e-02
5.880220000000000482e+02 1.346200000000000001e-02
5.875220000000000482e+02 1.345939999999999984e-02
5.870220000000000482e+02 1.345679999999999966e-02
5.865220000000000482e+02 1.345419999999999949e-02
5.860220000000000482e+02 1.345149999999999992e-02
5.855220000000000482e+02 1.344889999999999974e-02
5.850220000000000482e+02 1.344620000000000017e-02
5.847019999999999982e+02 1.344449999999999985e-02
5.845420000000000300e+02 1.344369999999999940e-02
5.844619999999999891e+02 1.344330000000000004e-02
5.844220000000000255e+02 1.344300000000000009e-02
5.843819999999999482e+02 1.344279999999999954e-02
5.843819999999999482e+02 1.344279999999999954e-02
5.838819999999999482e+02 1.344019999999999937e-02
5.833819999999999482e+02 1.343749999999999979e-02
5.828819999999999482e+02 1.343480000000000021e-02
5.823819999999999482e+02 1.343210000000000064e-02
5.818819999999999482e+02 1.342939999999999932e-02
5.813819999999999482e+02 1.342669999999999975e-02
5.808819999999999482e+02 1.342390000000000076e-02
5.803819999999999482e+02 1.342119999999999945e-02
5.798819999999999482e+02 1.341840000000000047e-02
5.793819999999999482e+02 1.341569999999999915e-02
5.788819999999999482e+02 1.341290000000000017e-02
5.783819999999999482e+02 1.341009999999999945e-02
5.778819999999999482e+02 1.340739999999999987e-02
5.773819999999999482e+02 1.340459999999999915e-02
5.768819999999999482e+02 1.340180000000000017e-02
5.763819999999999482e+02 1.339890000000000005e-02
5.758819999999999482e+02 1.339609999999999933e-02
5.753819999999999482e+02 1.339330000000000034e-02
5.748819999999999482e+02 1.339049999999999963e-02
5.743819999999999482e+02 1.338759999999999950e-02
5.738819999999999482e+02 1.338469999999999938e-02
5.733819999999999482e+02 1.338190000000000039e-02
5.728819999999999482e+02 1.337900000000000027e-02
5.723819999999999482e+02 1.337610000000000014e-02
5.718819999999999482e+02 1.337320000000000002e-02
5.713819999999999482e+02 1.337029999999999989e-02
5.708819999999999482e+02 1.336739999999999977e-02
5.703819999999999482e+02 1.336449999999999964e-02
5.698819999999999482e+02 1.336150000000000011e-02
5.693819999999999482e+02 1.335859999999999999e-02
5.688819999999999482e+02 1.335560000000000046e-02
5.683819999999999482e+02 1.335259999999999919e-02
5.678819999999999482e+02 1.334970000000000080e-02
5.673819999999999482e+02 1.334669999999999954e-02
5.668819999999999482e+02 1.334370000000000001e-02
5.663819999999999482e+02 1.334070000000000047e-02
5.658819999999999482e+02 1.333759999999999980e-02
5.653819999999999482e+02 1.333460000000000027e-02
5.648819999999999482e+02 1.333160000000000074e-02
5.643819999999999482e+02 1.332850000000000007e-02
5.638819999999999482e+02 1.332550000000000054e-02
5.633819999999999482e+02 1.332239999999999987e-02
5.628819999999999482e+02 1.331929999999999920e-02
5.623819999999999482e+02 1.331620000000000026e-02
5.618819999999999482e+02 1.331309999999999959e-02
5.613819999999999482e+02 1.331000000000000065e-02
5.608819999999999482e+02 1.330689999999999998e-02
5.603819999999999482e+02 1.330369999999999990e-02
5.598819999999999482e+02 1.330059999999999923e-02
5.593819999999999482e+02 1.329739999999999915e-02
5.588819999999999482e+02 1.329430000000000021e-02
5.583819999999999482e+02 1.329110000000000014e-02
5.578819999999999482e+02 1.328790000000000006e-02
5.573819999999999482e+02 1.328469999999999998e-02
5.568819999999999482e+02 1.328149999999999990e-02
5.563819999999999482e+02 1.327829999999999983e-02
5.558819999999999482e+02 1.327500000000000034e-02
5.553819999999999482e+02 1.327180000000000026e-02
5.548819999999999482e+02 1.326850000000000078e-02
5.543819999999999482e+02 1.326530000000000070e-02
5.538819999999999482e+02 1.326199999999999948e-02
5.533819999999999482e+02 1.325870000000000000e-02
5.528819999999999482e+02 1.325540000000000052e-02
5.523819999999999482e+02 1.325209999999999930e-02
5.518819999999999482e+02 1.324870000000000041e-02
5.513819999999999482e+02 1.324539999999999919e-02
5.508819999999999482e+02 1.324209999999999970e-02
5.503819999999999482e+02 1.323870000000000081e-02
5.498819999999999482e+02 1.323530000000000019e-02
5.493819999999999482e+02 1.323189999999999956e-02
5.488819999999999482e+02 1.322850000000000067e-02
5.483819999999999482e+02 1.322510000000000005e-02
5.478819999999999482e+02 1.322169999999999943e-02
5.473819999999999482e+02 1.321830000000000054e-02
5.468819999999999482e+02 1.321480000000000050e-02
5.463819999999999482e+02 1.321139999999999988e-02
5.458819999999999482e+02 1.320789999999999985e-02
5.453819999999999482e+02 1.320439999999999982e-02
5.448819999999999482e+02 1.320089999999999979e-02
5.443819999999999482e+02 1.319739999999999976e-02
5.438819999999999482e+02 1.319389999999999973e-02
5.433819999999999482e+02 1.319039999999999969e-02
5.428819999999999482e+02 1.318680000000000026e-02
5.423819999999999482e+02 1.318330000000000023e-02
5.418819999999999482e+02 1.317970000000000079e-02
5.413819999999999482e+02 1.317609999999999962e-02
5.408819999999999482e+02 1.317250000000000018e-02
5.403819999999999482e+02 1.316890000000000074e-02
5.398819999999999482e+02 1.316529999999999957e-02
5.393819999999999482e+02 1.316170000000000014e-02
5.388819999999999482e+02 1.315799999999999956e-02
5.383819999999999482e+02 1.315440000000000012e-02
5.378819999999999482e+02 1.315069999999999954e-02
5.373819999999999482e+02 1.314700000000000070e-02
5.368819999999999482e+02 1.314330000000000012e-02
5.363819999999999482e+02 1.313959999999999954e-02
5.358819999999999482e+02 1.313590000000000070e-02
5.353819999999999482e+02 1.313210000000000072e-02
5.348819999999999482e+02 1.312840000000000014e-02
5.343819999999999482e+02 1.312460000000000016e-02
5.338819999999999482e+02 1.312080000000000017e-02
5.333819999999999482e+02 1.311700000000000019e-02
5.328819999999999482e+02 1.311320000000000020e-02
5.323819999999999482e+02 1.310940000000000022e-02
5.318819999999999482e+02 1.310560000000000024e-02
5.313819999999999482e+02 1.310170000000000085e-02
5.308819999999999482e+02 1.309779999999999972e-02
5.303819999999999482e+02 1.309399999999999974e-02
5.298819999999999482e+02 1.309010000000000035e-02
5.293819999999999482e+02 1.308619999999999922e-02
5.288819999999999482e+02 1.308220000000000043e-02
5.283819999999999482e+02 1.307829999999999930e-02
5.278819999999999482e+02 1.307439999999999991e-02
5.273819999999999482e+02 1.307039999999999938e-02
5.268819999999999482e+02 1.306640000000000058e-02
5.263819999999999482e+02 1.306240000000000005e-02
5.258819999999999482e+02 1.305839999999999952e-02
5.253819999999999482e+02 1.305440000000000073e-02
5.248819999999999482e+02 1.305040000000000019e-02
5.243819999999999482e+02 1.304630000000000026e-02
5.238819999999999482e+02 1.304220000000000032e-02
5.233819999999999482e+02 1.303819999999999979e-02
5.228819999999999482e+02 1.303409999999999985e-02
5.223819999999999482e+02 1.302999999999999992e-02
5.218819999999999482e+02 1.302580000000000057e-02
5.213819999999999482e+02 1.302170000000000064e-02
5.208819999999999482e+02 1.301749999999999956e-02
5.203819999999999482e+02 1.301339999999999962e-02
5.198819999999999482e+02 1.300920000000000028e-02
5.193819999999999482e+02 1.300499999999999920e-02
5.188819999999999482e+02 1.300070000000000045e-02
5.183819999999999482e+02 1.299649999999999937e-02
5.178819999999999482e+02 1.299220000000000062e-02
5.173819999999999482e+02 1.298799999999999955e-02
5.168819999999999482e+02 1.298370000000000080e-02
5.163819999999999482e+02 1.297940000000000031e-02
5.158819999999999482e+02 1.297509999999999983e-02
5.153819999999999482e+02 1.297069999999999994e-02
5.148819999999999482e+02 1.296639999999999945e-02
5.143819999999999482e+02 1.296199999999999956e-02
5.138819999999999482e+02 1.295770000000000081e-02
5.133819999999999482e+02 1.295329999999999919e-02
5.128819999999999482e+02 1.294879999999999989e-02
5.123819999999999482e+02 1.294440000000000000e-02
5.118820000000000050e+02 1.294000000000000011e-02
5.113820000000000050e+02 1.293550000000000082e-02
5.108820000000000050e+02 1.293099999999999979e-02
5.103820000000000050e+02 1.292650000000000049e-02
5.098820000000000050e+02 1.292199999999999946e-02
5.093820000000000050e+02 1.291750000000000016e-02
5.088820000000000050e+02 1.291289999999999973e-02
5.083820000000000050e+02 1.290829999999999929e-02
5.078820000000000050e+02 1.290379999999999999e-02
5.073820000000000050e+02 1.289919999999999956e-02
5.068820000000000050e+02 1.289449999999999971e-02
5.063820000000000050e+02 1.288989999999999927e-02
5.058820000000000050e+02 1.288519999999999943e-02
5.053820000000000050e+02 1.288060000000000073e-02
5.048820000000000050e+02 1.287589999999999915e-02
5.043820000000000050e+02 1.287119999999999931e-02
5.038820000000000050e+02 1.286640000000000006e-02
5.033820000000000050e+02 1.286170000000000022e-02
5.028820000000000050e+02 1.285689999999999923e-02
5.023820000000000050e+02 1.285209999999999998e-02
5.018820000000000050e+02 1.284730000000000073e-02
5.013820000000000050e+02 1.284249999999999975e-02
5.008820000000000050e+02 1.283770000000000050e-02
5.003820000000000050e+02 1.283280000000000011e-02
4.998820000000000050e+02 1.282789999999999972e-02
4.993820000000000050e+02 1.282299999999999933e-02
4.988820000000000050e+02 1.281810000000000067e-02
4.983820000000000050e+02 1.281320000000000028e-02
4.978820000000000050e+02 1.280820000000000049e-02
4.973820000000000050e+02 1.280330000000000010e-02
4.968820000000000050e+02 1.279830000000000030e-02
4.963820000000000050e+02 1.279330000000000050e-02
4.958820000000000050e+02 1.278819999999999957e-02
4.953820000000000050e+02 1.278319999999999977e-02
4.948820000000000050e+02 1.277810000000000057e-02
4.943820000000000050e+02 1.277299999999999963e-02
4.938820000000000050e+02 1.276790000000000043e-02
4.933820000000000050e+02 1.276279999999999949e-02
4.928820000000000050e+02 1.275759999999999915e-02
4.923820000000000050e+02 1.275240000000000054e-02
4.918820000000000050e+02 1.274720000000000020e-02
4.913820000000000050e+02 1.274199999999999985e-02
4.908820000000000050e+02 1.273679999999999951e-02
4.903820000000000050e+02 1.273149999999999976e-02
4.898820000000000050e+02 1.272629999999999942e-02
4.893820000000000050e+02 1.272099999999999967e-02
4.888820000000000050e+02 1.271560000000000051e-02
4.883820000000000050e+02 1.271030000000000076e-02
4.878820000000000050e+02 1.270489999999999987e-02
4.873820000000000050e+02 1.269950000000000072e-02
4.870620000000000118e+02 1.269610000000000009e-02
4.869019999999999868e+02 1.269430000000000038e-02
4.868220000000000027e+02 1.269349999999999992e-02
4.867819999999999823e+02 1.269299999999999942e-02
4.867420000000000186e+02 1.269260000000000006e-02
4.867420000000000186e+02 1.269260000000000006e-02
4.862420000000000186e+02 1.268719999999999917e-02
4.857420000000000186e+02 1.268170000000000061e-02
4.852420000000000186e+02 1.267629999999999972e-02
4.847420000000000186e+02 1.267079999999999942e-02
4.842420000000000186e+02 1.266530000000000086e-02
4.837420000000000186e+02 1.265969999999999943e-02
4.832420000000000186e+02 1.265409999999999972e-02
4.827420000000000186e+02 1.264859999999999943e-02
4.822420000000000186e+02 1.264290000000000032e-02
4.817420000000000186e+02 1.263730000000000062e-02
4.812420000000000186e+02 1.263169999999999918e-02
4.807420000000000186e+02 1.262600000000000007e-02
4.802420000000000186e+02 1.262029999999999923e-02
4.797420000000000186e+02 1.261450000000000071e-02
4.792420000000000186e+02 1.260879999999999987e-02
4.787420000000000186e+02 1.260299999999999962e-02
4.782420000000000186e+02 1.259719999999999937e-02
4.777420000000000186e+02 1.259140000000000086e-02
4.772420000000000186e+02 1.258549999999999947e-02
4.767420000000000186e+02 1.257969999999999922e-02
4.762420000000000186e+02 1.257379999999999956e-02
4.757420000000000186e+02 1.256789999999999990e-02
4.752420000000000186e+02 1.256190000000000084e-02
4.747420000000000186e+02 1.255599999999999945e-02
4.742420000000000186e+02 1.255000000000000039e-02
4.737420000000000186e+02 1.254390000000000019e-02
4.732420000000000186e+02 1.253789999999999939e-02
4.727420000000000186e+02 1.253179999999999919e-02
4.722420000000000186e+02 1.252570000000000072e-02
4.717420000000000186e+02 1.251960000000000052e-02
4.712420000000000186e+02 1.251350000000000032e-02
4.707420000000000186e+02 1.250730000000000071e-02
4.702420000000000186e+02 1.250109999999999937e-02
4.697420000000000186e+02 1.249489999999999976e-02
4.692420000000000186e+02 1.248860000000000074e-02
4.687420000000000186e+02 1.248239999999999940e-02
4.682420000000000186e+02 1.247610000000000038e-02
4.677420000000000186e+02 1.246970000000000023e-02
4.672420000000000186e+02 1.246339999999999948e-02
4.667420000000000186e+02 1.245699999999999932e-02
4.662420000000000186e+02 1.245059999999999917e-02
4.657420000000000186e+02 1.244420000000000075e-02
4.652420000000000186e+02 1.243769999999999945e-02
4.647420000000000186e+02 1.243119999999999989e-02
4.642420000000000186e+02 1.242470000000000033e-02
4.637420000000000186e+02 1.241809999999999962e-02
4.632420000000000186e+02 1.241160000000000006e-02
4.627420000000000186e+02 1.240499999999999936e-02
4.622420000000000186e+02 1.239829999999999925e-02
4.617420000000000186e+02 1.239170000000000028e-02
4.612420000000000186e+02 1.238500000000000018e-02
4.607420000000000186e+02 1.237830000000000007e-02
4.602420000000000186e+02 1.237150000000000055e-02
4.597420000000000186e+02 1.236469999999999930e-02
4.592420000000000186e+02 1.235789999999999979e-02
4.587420000000000186e+02 1.235110000000000027e-02
4.582420000000000186e+02 1.234419999999999962e-02
4.577420000000000186e+02 1.233730000000000070e-02
4.572420000000000186e+02 1.233040000000000004e-02
4.567420000000000186e+02 1.232349999999999939e-02
4.562420000000000186e+02 1.231649999999999932e-02
4.557420000000000186e+02 1.230949999999999926e-02
4.552420000000000186e+02 1.230239999999999979e-02
4.547420000000000186e+02 1.229530000000000033e-02
4.542420000000000186e+02 1.228820000000000086e-02
4.537420000000000186e+02 1.228109999999999966e-02
4.532420000000000186e+02 1.227390000000000078e-02
4.527420000000000186e+02 1.226670000000000017e-02
4.522420000000000186e+02 1.225949999999999956e-02
4.517420000000000186e+02 1.225219999999999955e-02
4.512420000000000186e+02 1.224489999999999953e-02
4.507420000000000186e+02 1.223759999999999952e-02
4.502420000000000186e+02 1.223020000000000010e-02
4.497420000000000186e+02 1.222280000000000068e-02
4.492420000000000186e+02 1.221539999999999952e-02
4.487420000000000186e+02 1.220790000000000070e-02
4.482420000000000186e+02 1.220040000000000013e-02
4.477420000000000186e+02 1.219289999999999957e-02
4.472420000000000186e+02 1.218529999999999960e-02
4.467420000000000186e+02 1.217769999999999964e-02
4.462420000000000186e+02 1.217009999999999967e-02
4.457420000000000186e+02 1.216240000000000029e-02
4.452420000000000186e+02 1.215469999999999919e-02
4.447420000000000186e+02 1.214699999999999981e-02
4.442420000000000186e+02 1.213919999999999930e-02
4.437420000000000186e+02 1.213140000000000052e-02
4.432420000000000186e+02 1.212360000000000000e-02
4.427420000000000186e+02 1.211570000000000008e-02
4.422420000000000186e+02 1.210780000000000016e-02
4.417420000000000186e+02 1.209980000000000083e-02
4.412420000000000186e+02 1.209179999999999977e-02
4.407420000000000186e+02 1.208380000000000044e-02
4.402420000000000186e+02 1.207569999999999998e-02
4.397420000000000186e+02 1.206759999999999951e-02
4.392420000000000186e+02 1.205950000000000077e-02
4.387420000000000186e+02 1.205129999999999917e-02
4.382420000000000186e+02 1.204309999999999929e-02
4.377420000000000186e+02 1.203489999999999942e-02
4.372420000000000186e+02 1.202660000000000014e-02
4.367420000000000186e+02 1.201819999999999972e-02
4.362420000000000186e+02 1.200990000000000044e-02
4.357420000000000186e+02 1.200150000000000002e-02
4.352420000000000186e+02 1.199300000000000019e-02
4.347420000000000186e+02 1.198450000000000036e-02
4.342420000000000186e+02 1.197600000000000053e-02
4.337420000000000186e+02 1.196739999999999957e-02
4.332420000000000186e+02 1.195880000000000033e-02
4.327420000000000186e+02 1.195019999999999936e-02
4.322420000000000186e+02 1.194150000000000073e-02
4.317420000000000186e+02 1.193280000000000035e-02
4.312420000000000186e+02 1.192400000000000057e-02
4.307420000000000186e+02 1.191520000000000079e-02
4.302420000000000186e+02 1.190629999999999987e-02
4.297420000000000186e+02 1.189740000000000068e-02
4.292420000000000186e+02 1.188849999999999976e-02
4.287420000000000186e+02 1.187949999999999944e-02
4.282420000000000186e+02 1.187050000000000084e-02
4.277420000000000186e+02 1.186139999999999937e-02
4.272420000000000186e+02 1.185229999999999964e-02
4.267420000000000186e+02 1.184310000000000050e-02
4.262420000000000186e+02 1.183389999999999963e-02
4.257420000000000186e+02 1.182470000000000049e-02
4.252420000000000186e+02 1.181540000000000021e-02
4.247420000000000186e+02 1.180609999999999993e-02
4.242420000000000186e+02 1.179670000000000024e-02
4.237420000000000186e+02 1.178719999999999941e-02
4.232420000000000186e+02 1.177779999999999973e-02
4.227420000000000186e+02 1.176819999999999949e-02
4.222420000000000186e+02 1.175870000000000040e-02
4.217420000000000186e+02 1.174910000000000017e-02
4.212420000000000186e+02 1.173940000000000053e-02
4.207420000000000186e+02 1.172969999999999915e-02
4.202420000000000186e+02 1.171990000000000011e-02
4.197420000000000186e+02 1.171009999999999933e-02
4.192420000000000186e+02 1.170030000000000028e-02
4.187420000000000186e+02 1.169030000000000069e-02
4.182420000000000186e+02 1.168040000000000050e-02
4.177420000000000186e+02 1.167039999999999918e-02
4.172420000000000186e+02 1.166030000000000018e-02
4.167420000000000186e+02 1.165019999999999945e-02
4.162420000000000186e+02 1.164010000000000045e-02
4.157420000000000186e+02 1.162979999999999917e-02
4.152420000000000186e+02 1.161960000000000076e-02
4.147420000000000186e+02 1.160929999999999948e-02
4.142420000000000186e+02 1.159890000000000053e-02
4.137420000000000186e+02 1.158849999999999984e-02
4.132420000000000186e+02 1.157799999999999975e-02
4.127420000000000186e+02 1.156749999999999966e-02
4.122420000000000186e+02 1.155690000000000016e-02
4.117420000000000186e+02 1.154630000000000066e-02
4.112420000000000186e+02 1.153560000000000002e-02
4.107420000000000186e+02 1.152479999999999997e-02
4.102420000000000186e+02 1.151399999999999993e-02
4.097420000000000186e+02 1.150319999999999988e-02
4.092420000000000186e+02 1.149230000000000043e-02
4.087420000000000186e+02 1.148129999999999984e-02
4.082420000000000186e+02 1.147029999999999925e-02
4.077420000000000186e+02 1.145919999999999925e-02
4.072420000000000186e+02 1.144799999999999984e-02
4.067420000000000186e+02 1.143680000000000044e-02
4.062420000000000186e+02 1.142559999999999930e-02
4.057420000000000186e+02 1.141419999999999935e-02
4.052420000000000186e+02 1.140290000000000054e-02
4.047420000000000186e+02 1.139139999999999944e-02
4.042420000000000186e+02 1.137990000000000008e-02
4.037420000000000186e+02 1.136829999999999959e-02
4.032420000000000186e+02 1.135670000000000082e-02
4.027420000000000186e+02 1.134499999999999918e-02
4.022420000000000186e+02 1.133329999999999928e-02
4.017420000000000186e+02 1.132149999999999997e-02
4.012420000000000186e+02 1.130959999999999951e-02
4.007420000000000186e+02 1.129759999999999966e-02
4.002420000000000186e+02 1.128559999999999980e-02
3.997420000000000186e+02 1.127350000000000053e-02
3.992420000000000186e+02 1.126139999999999954e-02
3.987420000000000186e+02 1.124920000000000087e-02
3.982420000000000186e+02 1.123689999999999932e-02
3.977420000000000186e+02 1.122459999999999951e-02
3.972420000000000186e+02 1.121220000000000029e-02
3.967420000000000186e+02 1.119969999999999993e-02
3.962420000000000186e+02 1.118719999999999958e-02
3.957420000000000186e+02 1.117450000000000040e-02
3.952420000000000186e+02 1.116179999999999950e-02
3.947420000000000186e+02 1.114910000000000033e-02
3.942420000000000186e+02 1.113630000000000002e-02
3.937420000000000186e+02 1.112340000000000030e-02
3.932420000000000186e+02 1.111039999999999944e-02
3.927420000000000186e+02 1.109729999999999918e-02
3.922420000000000186e+02 1.108420000000000065e-02
3.917420000000000186e+02 1.107099999999999924e-02
3.912420000000000186e+02 1.105770000000000017e-02
3.907420000000000186e+02 1.104439999999999936e-02
3.902420000000000186e+02 1.103099999999999914e-02
3.897420000000000186e+02 1.101740000000000011e-02
3.894220000000000255e+02 1.100869999999999974e-02
3.892620000000000005e+02 1.100439999999999925e-02
3.891820000000000164e+02 1.100220000000000017e-02
3.891419999999999959e+02 1.100109999999999977e-02
3.891019999999999754e+02 1.099999999999999936e-02
3.862019999999999982e+02 1.091959999999999979e-02
3.857019999999999982e+02 1.090550000000000026e-02
3.852019999999999982e+02 1.089129999999999959e-02
3.847019999999999982e+02 1.087690000000000011e-02
3.842019999999999982e+02 1.086250000000000063e-02
3.837019999999999982e+02 1.084809999999999941e-02
3.832019999999999982e+02 1.083349999999999938e-02
3.827019999999999982e+02 1.081879999999999994e-02
3.822019999999999982e+02 1.080410000000000051e-02
3.817019999999999982e+02 1.078920000000000053e-02
3.812019999999999982e+02 1.077430000000000054e-02
3.807019999999999982e+02 1.075929999999999942e-02
3.802019999999999982e+02 1.074420000000000062e-02
3.797029999999999745e+02 1.072900000000000069e-02
3.792029999999999745e+02 1.071369999999999961e-02
3.787029999999999745e+02 1.069830000000000086e-02
3.782029999999999745e+02 1.068290000000000038e-02
3.777029999999999745e+02 1.066729999999999935e-02
3.772029999999999745e+02 1.065160000000000065e-02
3.767029999999999745e+02 1.063580000000000081e-02
3.762029999999999745e+02 1.061999999999999923e-02
3.757029999999999745e+02 1.060400000000000058e-02
3.752029999999999745e+02 1.058790000000000078e-02
3.747029999999999745e+02 1.057179999999999925e-02
3.742029999999999745e+02 1.055550000000000065e-02
3.737029999999999745e+02 1.053909999999999916e-02
3.732029999999999745e+02 1.052269999999999942e-02
3.727029999999999745e+02 1.050610000000000085e-02
3.722029999999999745e+02 1.048939999999999942e-02
3.717029999999999745e+02 1.047260000000000031e-02
3.712029999999999745e+02 1.045570000000000006e-02
3.707029999999999745e+02 1.043870000000000041e-02
3.702029999999999745e+02 1.042159999999999961e-02
3.697029999999999745e+02 1.040430000000000001e-02
3.692029999999999745e+02 1.038700000000000040e-02
3.687029999999999745e+02 1.036950000000000024e-02
3.682029999999999745e+02 1.035190000000000068e-02
3.677029999999999745e+02 1.033419999999999998e-02
3.672029999999999745e+02 1.031639999999999988e-02
3.667029999999999745e+02 1.029850000000000036e-02
3.662029999999999745e+02 1.028049999999999971e-02
3.657029999999999745e+02 1.026230000000000024e-02
3.652029999999999745e+02 1.024399999999999963e-02
3.647029999999999745e+02 1.022559999999999962e-02
3.642029999999999745e+02 1.020700000000000079e-02
3.637029999999999745e+02 1.018840000000000023e-02
3.632029999999999745e+02 1.016960000000000086e-02
3.627029999999999745e+02 1.015070000000000035e-02
3.622029999999999745e+02 1.013159999999999929e-02
3.617029999999999745e+02 1.011240000000000056e-02
3.612029999999999745e+02 1.009310000000000068e-02
3.607029999999999745e+02 1.007360000000000026e-02
3.602029999999999745e+02 1.005409999999999984e-02
3.597029999999999745e+02 1.003429999999999947e-02
3.592029999999999745e+02 1.001450000000000083e-02
3.587029999999999745e+02 9.994440000000000268e-03
3.582029999999999745e+02 9.974290000000000239e-03
3.577029999999999745e+02 9.953989999999999366e-03
3.572029999999999745e+02 9.933549999999999325e-03
3.567029999999999745e+02 9.912960000000000174e-03
3.562029999999999745e+02 9.892220000000000180e-03
3.557029999999999745e+02 9.871319999999999401e-03
3.552029999999999745e+02 9.850279999999999453e-03
3.547029999999999745e+02 9.829070000000000515e-03
3.542029999999999745e+02 9.807720000000000674e-03
3.537029999999999745e+02 9.786200000000000107e-03
3.532029999999999745e+02 9.764520000000000491e-03
3.527029999999999745e+02 9.742680000000000090e-03
3.522029999999999745e+02 9.720670000000000699e-03
3.517029999999999745e+02 9.698500000000000523e-03
3.512029999999999745e+02 9.676159999999999622e-03
3.507029999999999745e+02 9.653639999999999791e-03
3.502029999999999745e+02 9.630949999999999234e-03
3.497029999999999745e+02 9.608089999999999686e-03
3.492029999999999745e+02 9.585049999999999473e-03
3.487029999999999745e+02 9.561830000000000329e-03
3.482029999999999745e+02 9.538420000000000579e-03
3.477029999999999745e+02 9.514830000000000162e-03
3.472029999999999745e+02 9.491060000000000815e-03
3.467029999999999745e+02 9.467089999999999186e-03
3.462029999999999745e+02 9.442930000000000421e-03
3.457029999999999745e+02 9.418569999999999373e-03
3.452029999999999745e+02 9.394019999999999454e-03
3.447029999999999745e+02 9.369260000000000782e-03
3.442029999999999745e+02 9.344299999999999828e-03
3.437029999999999745e+02 9.319140000000000063e-03
3.432040000000000077e+02 9.293759999999999868e-03
3.427040000000000077e+02 9.268180000000000862e-03
3.422040000000000077e+02 9.242369999999999752e-03
3.417040000000000077e+02 9.216349999999999890e-03
3.412040000000000077e+02 9.190099999999999658e-03
3.407040000000000077e+02 9.163630000000000733e-03
3.402040000000000077e+02 9.136929999999999705e-03
3.397040000000000077e+02 9.110000000000000042e-03
3.392040000000000077e+02 9.082830000000000070e-03
3.387040000000000077e+02 9.055429999999999729e-03
3.382040000000000077e+02 9.027769999999999198e-03
3.377040000000000077e+02 8.999880000000000033e-03
3.372040000000000077e+02 8.971730000000000677e-03
3.367040000000000077e+02 8.943319999999999395e-03
3.362040000000000077e+02 8.914649999999999658e-03
3.357040000000000077e+02 8.885719999999999730e-03
3.352040000000000077e+02 8.856529999999999611e-03
3.347040000000000077e+02 8.827059999999999421e-03
3.342040000000000077e+02 8.797309999999999158e-03
3.337040000000000077e+02 8.767280000000000559e-03
3.332040000000000077e+02 8.736960000000000212e-03
3.327040000000000077e+02 8.706349999999999853e-03
3.322040000000000077e+02 8.675439999999999541e-03
3.317040000000000077e+02 8.644229999999999275e-03
3.312040000000000077e+02 8.612720000000000792e-03
3.307040000000000077e+02 8.580880000000000798e-03
3.302040000000000077e+02 8.548729999999999177e-03
3.297040000000000077e+02 8.516249999999999515e-03
3.292049999999999841e+02 8.483440000000000078e-03
3.287049999999999841e+02 8.450289999999999191e-03
3.282049999999999841e+02 8.416800000000000323e-03
3.277049999999999841e+02 8.382950000000000124e-03
3.272049999999999841e+02 8.348740000000000328e-03
3.267049999999999841e+02 8.314169999999999200e-03
3.262049999999999841e+02 8.279220000000000329e-03
3.257049999999999841e+02 8.243890000000000245e-03
3.252049999999999841e+02 8.208170000000000743e-03
3.247049999999999841e+02 8.172050000000000147e-03
3.242049999999999841e+02 8.135520000000000251e-03
3.237049999999999841e+02 8.098579999999999321e-03
3.232049999999999841e+02 8.061209999999999209e-03
3.227049999999999841e+02 8.023399999999999976e-03
3.222049999999999841e+02 7.985149999999999887e-03
3.217049999999999841e+02 7.946440000000000795e-03
3.212060000000000173e+02 7.907259999999999289e-03
3.207060000000000173e+02 7.867610000000000575e-03
3.202060000000000173e+02 7.827459999999999626e-03
3.197060000000000173e+02 7.786809999999999912e-03
3.192060000000000173e+02 7.745639999999999817e-03
3.187060000000000173e+02 7.703940000000000267e-03
3.182060000000000173e+02 7.661689999999999647e-03
3.177060000000000173e+02 7.618889999999999690e-03
3.172060000000000173e+02 7.575509999999999709e-03
3.167060000000000173e+02 7.531529999999999822e-03
3.162060000000000173e+02 7.486950000000000029e-03
3.157069999999999936e+02 7.441739999999999640e-03
3.152069999999999936e+02 7.395889999999999583e-03
3.147069999999999936e+02 7.349370000000000035e-03
3.142069999999999936e+02 7.302160000000000248e-03
3.137069999999999936e+02 7.254240000000000341e-03
3.132069999999999936e+02 7.205590000000000432e-03
3.127069999999999936e+02 7.156179999999999833e-03
3.122080000000000268e+02 7.105990000000000396e-03
3.117080000000000268e+02 7.054989999999999699e-03
3.112080000000000268e+02 7.003139999999999712e-03
3.107080000000000268e+02 6.950419999999999689e-03
3.102080000000000268e+02 6.896789999999999865e-03
3.097080000000000268e+02 6.842209999999999612e-03
3.092090000000000032e+02 6.786649999999999974e-03
3.087090000000000032e+02 6.730070000000000323e-03
3.082090000000000032e+02 6.672420000000000087e-03
3.077090000000000032e+02 6.613660000000000372e-03
3.072099999999999795e+02 6.553719999999999858e-03
3.067099999999999795e+02 6.492559999999999651e-03
3.062099999999999795e+02 6.430110000000000166e-03
3.057110000000000127e+02 6.366310000000000024e-03
3.052110000000000127e+02 6.301089999999999643e-03
3.047110000000000127e+02 6.234360000000000422e-03
3.042119999999999891e+02 6.166030000000000295e-03
3.037119999999999891e+02 6.096019999999999738e-03
3.032119999999999891e+02 6.024220000000000269e-03
3.027130000000000223e+02 5.950490000000000120e-03
3.022130000000000223e+02 5.872320000000000317e-03
3.017139999999999986e+02 5.794149999999999648e-03
3.012149999999999750e+02 5.713580000000000221e-03
3.007149999999999750e+02 5.630409999999999755e-03
3.002160000000000082e+02 5.544399999999999676e-03
2.997169999999999845e+02 5.455289999999999792e-03
2.992180000000000177e+02 5.362770000000000210e-03
2.987189999999999941e+02 5.266449999999999777e-03
2.982200000000000273e+02 5.165880000000000298e-03
2.977210000000000036e+02 5.060509999999999835e-03
2.972230000000000132e+02 4.949639999999999943e-03
2.967250000000000227e+02 4.832409999999999657e-03
2.962269999999999754e+02 4.707669999999999737e-03
2.957289999999999850e+02 4.573840000000000024e-03
2.952320000000000277e+02 4.428810000000000038e-03
2.947370000000000232e+02 4.269389999999999644e-03
2.942420000000000186e+02 4.090650000000000362e-03
2.937509999999999764e+02 3.882599999999999940e-03
2.933570000000000277e+02 3.678890000000000198e-03
2.930989999999999895e+02 3.513319999999999898e-03
2.929320000000000164e+02 3.379430000000000107e-03
2.928240000000000123e+02 3.271689999999999841e-03
2.927339999999999804e+02 3.154759999999999943e-03
2.926659999999999968e+02 3.019700000000000162e-03
2.926360000000000241e+02 2.851869999999999839e-03
2.927789999999999964e+02 2.487699999999999807e-03
2.928109999999999786e+02 2.450640000000000023e-03
2.928600000000000136e+02 2.398190000000000131e-03
2.929370000000000118e+02 2.327280000000000147e-03
2.930559999999999832e+02 2.233680000000000040e-03
2.932400000000000091e+02 2.112839999999999944e-03
2.935219999999999914e+02 1.960420000000000045e-03
2.939529999999999745e+02 1.770890000000000008e-03
2.944309999999999832e+02 1.597080000000000071e-03
2.949119999999999777e+02 1.446110000000000017e-03
2.953949999999999818e+02 1.311419999999999990e-03
2.958799999999999955e+02 1.189179999999999968e-03
2.963650000000000091e+02 1.076780000000000055e-03
2.968519999999999754e+02 9.725209999999999541e-04
2.973389999999999986e+02 8.750999999999999664e-04
2.978260000000000218e+02 7.835249999999999767e-04
2.983140000000000214e+02 6.970410000000000234e-04
2.988009999999999877e+02 6.105589999999999932e-04
2.992900000000000205e+02 5.330349999999999542e-04
2.997780000000000200e+02 4.590230000000000265e-04
3.002660000000000196e+02 3.881849999999999841e-04
3.007540000000000191e+02 3.202510000000000209e-04
3.012420000000000186e+02 2.549849999999999990e-04
3.017309999999999945e+02 1.921819999999999974e-04
3.022189999999999941e+02 1.316629999999999895e-04
3.027069999999999936e+02 7.326740000000000260e-05
3.031949999999999932e+02 1.685749999999999911e-05
3.036820000000000164e+02 -3.769479999999999695e-05
3.041700000000000159e+02 -9.049779999999999945e-05
3.046569999999999823e+02 -1.416559999999999868e-04
3.051440000000000055e+02 -1.912580000000000042e-04
3.056309999999999718e+02 -2.393910000000000124e-04
3.061179999999999950e+02 -2.861210000000000207e-04
3.066039999999999850e+02 -3.315300000000000191e-04
3.070910000000000082e+02 -3.756690000000000246e-04
3.075760000000000218e+02 -4.186050000000000079e-04
3.080620000000000118e+02 -4.603869999999999816e-04
3.085470000000000255e+02 -5.010630000000000509e-04
3.090319999999999823e+02 -5.406830000000000273e-04
3.095160000000000196e+02 -5.782709999999999934e-04
3.100000000000000000e+02 -6.159390000000000264e-04
3.104830000000000041e+02 -6.526690000000000356e-04
3.109660000000000082e+02 -6.884900000000000438e-04
3.114479999999999791e+02 -7.234389999999999831e-04
3.119300000000000068e+02 -7.575420000000000461e-04
3.124119999999999777e+02 -7.908319999999999933e-04
3.128919999999999959e+02 -8.233340000000000016e-04
3.133720000000000141e+02 -8.550720000000000152e-04
3.138519999999999754e+02 -8.860720000000000098e-04
3.143310000000000173e+02 -9.163549999999999907e-04
3.148079999999999927e+02 -9.459429999999999792e-04
3.152860000000000014e+02 -9.748549999999999490e-04
3.157620000000000005e+02 -1.003109999999999983e-03
3.162370000000000232e+02 -1.030730000000000101e-03
3.167119999999999891e+02 -1.057720000000000058e-03
3.171850000000000023e+02 -1.084110000000000108e-03
3.176580000000000155e+02 -1.109909999999999976e-03
3.181290000000000191e+02 -1.135130000000000037e-03
3.185989999999999895e+02 -1.159789999999999953e-03
3.190679999999999836e+02 -1.183900000000000100e-03
3.195350000000000250e+02 -1.207479999999999925e-03
3.200009999999999764e+02 -1.230519999999999921e-03
3.204660000000000082e+02 -1.253049999999999910e-03
3.209289999999999736e+02 -1.275080000000000050e-03
3.213899999999999864e+02 -1.296620000000000064e-03
3.218500000000000227e+02 -1.317660000000000012e-03
3.223079999999999927e+02 -1.338240000000000089e-03
3.227629999999999768e+02 -1.358339999999999981e-03
3.232169999999999845e+02 -1.377989999999999944e-03
3.236689999999999827e+02 -1.397180000000000036e-03
3.241179999999999950e+02 -1.415929999999999923e-03
3.245640000000000214e+02 -1.434240000000000037e-03
3.250079999999999814e+02 -1.452109999999999946e-03
3.254490000000000123e+02 -1.469559999999999964e-03
3.258870000000000005e+02 -1.486590000000000090e-03
3.263220000000000027e+02 -1.503210000000000050e-03
3.267540000000000191e+02 -1.519409999999999901e-03
3.271820000000000164e+02 -1.535209999999999960e-03
3.276070000000000277e+02 -1.550610000000000009e-03
3.280269999999999868e+02 -1.565619999999999989e-03
3.284440000000000168e+02 -1.580229999999999959e-03
3.288559999999999945e+02 -1.594450000000000077e-03
3.292640000000000100e+02 -1.608290000000000067e-03
3.296659999999999968e+02 -1.621749999999999928e-03
3.300640000000000214e+02 -1.634830000000000094e-03
3.304569999999999936e+02 -1.647540000000000072e-03
3.308439999999999941e+02 -1.659880000000000079e-03
3.312259999999999991e+02 -1.671849999999999899e-03
3.316019999999999754e+02 -1.683470000000000062e-03
3.319719999999999800e+02 -1.694729999999999978e-03
3.323349999999999795e+02 -1.705630000000000080e-03
3.326920000000000073e+02 -1.716190000000000033e-03
3.330419999999999732e+02 -1.726399999999999896e-03
3.333849999999999909e+02 -1.736279999999999985e-03
3.337219999999999800e+02 -1.745819999999999924e-03
3.340509999999999877e+02 -1.755030000000000088e-03
3.343729999999999905e+02 -1.763929999999999925e-03
3.346879999999999882e+02 -1.772509999999999928e-03
3.349950000000000045e+02 -1.780780000000000036e-03
3.352939999999999827e+02 -1.788749999999999975e-03
3.355860000000000127e+02 -1.796429999999999902e-03
3.358709999999999809e+02 -1.803820000000000033e-03
3.361469999999999914e+02 -1.810930000000000092e-03
3.364169999999999732e+02 -1.817770000000000019e-03
3.366779999999999973e+02 -1.824349999999999973e-03
3.369329999999999927e+02 -1.830669999999999954e-03
3.371789999999999736e+02 -1.836750000000000058e-03
3.374189999999999827e+02 -1.842590000000000070e-03
3.376510000000000105e+02 -1.848199999999999930e-03
3.378770000000000095e+02 -1.853590000000000012e-03
3.381019999999999754e+02 -1.858980000000000094e-03
3.383140000000000214e+02 -1.863950000000000069e-03
3.385190000000000055e+02 -1.868709999999999989e-03
3.387169999999999845e+02 -1.873289999999999894e-03
3.389089999999999918e+02 -1.877690000000000001e-03
3.390950000000000273e+02 -1.881910000000000093e-03
3.392749999999999773e+02 -1.885970000000000051e-03
3.394499999999999886e+02 -1.889870000000000091e-03
3.396179999999999950e+02 -1.893609999999999998e-03
3.397810000000000059e+02 -1.897220000000000026e-03
3.399390000000000214e+02 -1.900680000000000078e-03
3.400919999999999845e+02 -1.904010000000000034e-03
3.402400000000000091e+02 -1.907199999999999954e-03
3.403840000000000146e+02 -1.910290000000000035e-03
3.405219999999999914e+02 -1.913250000000000020e-03
3.406569999999999823e+02 -1.916109999999999949e-03
3.407860000000000014e+02 -1.918849999999999939e-03
3.409119999999999777e+02 -1.921500000000000031e-03
3.410339999999999918e+02 -1.924050000000000066e-03
3.411519999999999868e+02 -1.926509999999999985e-03
3.412669999999999959e+02 -1.928870000000000064e-03
3.413779999999999859e+02 -1.931159999999999908e-03
3.414850000000000136e+02 -1.933360000000000070e-03
3.415889999999999986e+02 -1.935489999999999997e-03
3.416899999999999977e+02 -1.937539999999999965e-03
3.417880000000000109e+02 -1.939530000000000073e-03
3.418829999999999814e+02 -1.941440000000000006e-03
3.419750000000000227e+02 -1.943290000000000078e-03
3.420649999999999977e+02 -1.945080000000000073e-03
3.421519999999999868e+02 -1.946809999999999990e-03
3.422359999999999900e+02 -1.948480000000000047e-03
3.423179999999999836e+02 -1.950099999999999967e-03
3.423969999999999914e+02 -1.951669999999999967e-03
3.424739999999999895e+02 -1.953190000000000048e-03
3.425489999999999782e+02 -1.954650000000000051e-03
3.426220000000000141e+02 -1.956079999999999798e-03
3.426929999999999836e+02 -1.957459999999999842e-03
3.427620000000000005e+02 -1.958790000000000184e-03
3.428290000000000077e+02 -1.960089999999999836e-03
3.428940000000000055e+02 -1.961339999999999785e-03
3.429569999999999936e+02 -1.962559999999999912e-03
3.430190000000000055e+02 -1.963749999999999784e-03
3.430790000000000077e+02 -1.964899999999999893e-03
3.431370000000000005e+02 -1.966009999999999806e-03
3.431940000000000168e+02 -1.967089999999999898e-03
3.432500000000000000e+02 -1.968150000000000108e-03
3.433039999999999736e+02 -1.969170000000000122e-03
3.433559999999999945e+02 -1.970159999999999880e-03
3.434069999999999823e+02 -1.971130000000000191e-03
3.434569999999999936e+02 -1.972069999999999813e-03
3.435059999999999718e+02 -1.972980000000000046e-03
3.435529999999999973e+02 -1.973869999999999965e-03
3.436000000000000227e+02 -1.974740000000000002e-03
3.436449999999999818e+02 -1.975579999999999784e-03
3.436890000000000214e+02 -1.976400000000000119e-03
3.437320000000000277e+02 -1.977200000000000138e-03
3.437740000000000009e+02 -1.977979999999999842e-03
3.438149999999999977e+02 -1.978740000000000099e-03
3.438550000000000182e+02 -1.979480000000000042e-03
3.438940000000000055e+02 -1.980200000000000102e-03
3.439320000000000164e+02 -1.980899999999999848e-03
3.439689999999999941e+02 -1.981590000000000087e-03
3.440059999999999718e+02 -1.982260000000000012e-03
3.440409999999999968e+02 -1.982910000000000054e-03
3.440760000000000218e+02 -1.983550000000000157e-03
3.441100000000000136e+02 -1.984169999999999944e-03
3.441429999999999723e+02 -1.984769999999999850e-03
3.441759999999999877e+02 -1.985370000000000190e-03
3.442069999999999936e+02 -1.985939999999999841e-03
3.442379999999999995e+02 -1.986509999999999925e-03
3.442690000000000055e+02 -1.987060000000000128e-03
3.442980000000000018e+02 -1.987599999999999957e-03
3.443279999999999745e+02 -1.988129999999999845e-03
3.443559999999999945e+02 -1.988639999999999852e-03
3.443840000000000146e+02 -1.989139999999999919e-03
3.444110000000000014e+02 -1.989639999999999985e-03
3.444379999999999882e+02 -1.990120000000000170e-03
3.444639999999999986e+02 -1.990589999999999981e-03
3.444900000000000091e+02 -1.991049999999999851e-03
3.445149999999999864e+02 -1.991500000000000214e-03
3.445389999999999873e+02 -1.991940000000000204e-03
3.445629999999999882e+02 -1.992369999999999818e-03
3.445869999999999891e+02 -1.992799999999999867e-03
3.446100000000000136e+02 -1.993210000000000034e-03
3.446329999999999814e+02 -1.993620000000000201e-03
3.446549999999999727e+02 -1.994010000000000053e-03
3.446770000000000209e+02 -1.994399999999999906e-03
3.446979999999999791e+02 -1.994779999999999817e-03
3.447189999999999941e+02 -1.995160000000000163e-03
3.447189999999999941e+02 -1.995160000000000163e-03
3.447200000000000273e+02 -1.995180000000000044e-03
3.447219999999999800e+02 -1.995209999999999866e-03
3.447250000000000227e+02 -1.995269999999999943e-03
3.447320000000000277e+02 -1.995380000000000157e-03
3.447450000000000045e+02 -1.995620000000000033e-03
3.447649999999999864e+02 -1.995980000000000063e-03
3.447850000000000250e+02 -1.996330000000000153e-03
3.448039999999999736e+02 -1.996669999999999869e-03
3.448229999999999791e+02 -1.997010000000000018e-03
3.448419999999999845e+02 -1.997339999999999793e-03
3.448600000000000136e+02 -1.997660000000000061e-03
3.448779999999999859e+02 -1.997969999999999954e-03
3.448960000000000150e+02 -1.998289999999999789e-03
3.449130000000000109e+02 -1.998590000000000175e-03
3.449300000000000068e+02 -1.998890000000000128e-03
3.449470000000000027e+02 -1.999180000000000141e-03
3.449630000000000223e+02 -1.999470000000000153e-03
3.449789999999999850e+02 -1.999749999999999792e-03
3.449950000000000045e+02 -2.000029999999999863e-03
3.450099999999999909e+02 -2.000299999999999995e-03
3.450260000000000105e+02 -2.000570000000000126e-03
3.450409999999999968e+02 -2.000829999999999883e-03
3.450550000000000068e+02 -2.001090000000000074e-03
3.450699999999999932e+02 -2.001349999999999831e-03
3.450840000000000032e+02 -2.001600000000000081e-03
3.450980000000000132e+02 -2.001839999999999956e-03
3.451120000000000232e+02 -2.002079999999999832e-03
3.451250000000000000e+02 -2.002320000000000141e-03
3.451390000000000100e+02 -2.002550000000000077e-03
3.451519999999999868e+02 -2.002780000000000012e-03
3.451650000000000205e+02 -2.003000000000000006e-03
3.451770000000000209e+02 -2.003220000000000001e-03
3.451899999999999977e+02 -2.003439999999999995e-03
3.452019999999999982e+02 -2.003650000000000049e-03
3.452139999999999986e+02 -2.003860000000000103e-03
3.452259999999999991e+02 -2.004070000000000157e-03
3.452370000000000232e+02 -2.004269999999999836e-03
3.452490000000000236e+02 -2.004469999999999950e-03
3.452599999999999909e+02 -2.004670000000000063e-03
3.452710000000000150e+02 -2.004859999999999802e-03
3.452819999999999823e+02 -2.005049999999999975e-03
3.452930000000000064e+02 -2.005240000000000147e-03
3.453039999999999736e+02 -2.005419999999999946e-03
3.453140000000000214e+02 -2.005600000000000178e-03
3.453240000000000123e+02 -2.005779999999999976e-03
3.453340000000000032e+02 -2.005949999999999834e-03
3.453439999999999941e+02 -2.006130000000000066e-03
3.453539999999999850e+02 -2.006299999999999924e-03
3.453639999999999759e+02 -2.006459999999999841e-03
3.453729999999999905e+02 -2.006630000000000132e-03
3.453829999999999814e+02 -2.006790000000000049e-03
3.453919999999999959e+02 -2.006949999999999967e-03
3.454010000000000105e+02 -2.007109999999999884e-03
3.454100000000000250e+02 -2.007259999999999860e-03
3.454189999999999827e+02 -2.007420000000000211e-03
3.454279999999999973e+02 -2.007570000000000188e-03
3.454359999999999786e+02 -2.007720000000000164e-03
3.454449999999999932e+02 -2.007860000000000200e-03
3.454529999999999745e+02 -2.008010000000000177e-03
3.454610000000000127e+02 -2.008150000000000213e-03
3.454700000000000273e+02 -2.008289999999999815e-03
3.454780000000000086e+02 -2.008419999999999910e-03
3.454850000000000136e+02 -2.008559999999999946e-03
3.454929999999999950e+02 -2.008690000000000041e-03
3.455009999999999764e+02 -2.008830000000000077e-03
3.455079999999999814e+02 -2.008960000000000173e-03
3.455160000000000196e+02 -2.009079999999999894e-03
3.455230000000000246e+02 -2.009209999999999989e-03
3.455310000000000059e+02 -2.009330000000000144e-03
3.455380000000000109e+02 -2.009459999999999805e-03
3.455450000000000159e+02 -2.009579999999999960e-03
3.455520000000000209e+02 -2.009700000000000115e-03
3.455590000000000259e+02 -2.009819999999999836e-03
3.455649999999999977e+02 -2.009930000000000050e-03
3.455720000000000027e+02 -2.010050000000000205e-03
3.455790000000000077e+02 -2.010159999999999985e-03
3.455849999999999795e+02 -2.010270000000000199e-03
3.455919999999999845e+02 -2.010379999999999980e-03
3.455980000000000132e+02 -2.010490000000000194e-03
3.456039999999999850e+02 -2.010599999999999974e-03
3.456100000000000136e+02 -2.010699999999999814e-03
3.456170000000000186e+02 -2.010810000000000028e-03
3.456229999999999905e+02 -2.010909999999999868e-03
3.456290000000000191e+02 -2.011010000000000141e-03
3.456340000000000146e+02 -2.011109999999999981e-03
3.456399999999999864e+02 -2.011209999999999821e-03
3.456460000000000150e+02 -2.011310000000000094e-03
3.456519999999999868e+02 -2.011409999999999934e-03
3.456569999999999823e+02 -2.011499999999999833e-03
3.456630000000000109e+02 -2.011600000000000107e-03
3.456680000000000064e+02 -2.011690000000000006e-03
3.456739999999999782e+02 -2.011779999999999905e-03
3.456789999999999736e+02 -2.011869999999999804e-03
3.456840000000000259e+02 -2.011960000000000137e-03
3.456890000000000214e+02 -2.012050000000000036e-03
3.456940000000000168e+02 -2.012139999999999936e-03
3.456990000000000123e+02 -2.012219999999999894e-03
3.457040000000000077e+02 -2.012309999999999793e-03
3.457090000000000032e+02 -2.012390000000000186e-03
3.457139999999999986e+02 -2.012470000000000144e-03
3.457189999999999941e+02 -2.012560000000000043e-03
3.457239999999999895e+02 -2.012640000000000002e-03
3.457289999999999850e+02 -2.012719999999999961e-03
3.457330000000000041e+02 -2.012799999999999919e-03
3.457379999999999995e+02 -2.012869999999999937e-03
3.457420000000000186e+02 -2.012949999999999896e-03
3.457470000000000141e+02 -2.013029999999999854e-03
3.457509999999999764e+02 -2.013099999999999872e-03
3.457559999999999718e+02 -2.013179999999999831e-03
3.457599999999999909e+02 -2.013249999999999849e-03
3.457640000000000100e+02 -2.013319999999999867e-03
3.457690000000000055e+02 -2.013399999999999825e-03
3.457730000000000246e+02 -2.013469999999999843e-03
3.457769999999999868e+02 -2.013539999999999861e-03
3.457810000000000059e+02 -2.013609999999999879e-03
3.457850000000000250e+02 -2.013679999999999897e-03
3.457889999999999873e+02 -2.013739999999999974e-03
3.457930000000000064e+02 -2.013809999999999992e-03
3.457970000000000255e+02 -2.013880000000000010e-03
3.458009999999999877e+02 -2.013940000000000088e-03
3.458050000000000068e+02 -2.014010000000000106e-03
3.458079999999999927e+02 -2.014070000000000183e-03
3.458120000000000118e+02 -2.014140000000000201e-03
3.458159999999999741e+02 -2.014199999999999845e-03
3.458190000000000168e+02 -2.014259999999999922e-03
3.458229999999999791e+02 -2.014319999999999999e-03
3.458269999999999982e+02 -2.014380000000000077e-03
3.458299999999999841e+02 -2.014440000000000154e-03
3.458340000000000032e+02 -2.014499999999999798e-03
3.458369999999999891e+02 -2.014559999999999875e-03
3.458410000000000082e+02 -2.014619999999999952e-03
3.458439999999999941e+02 -2.014680000000000030e-03
3.458469999999999800e+02 -2.014730000000000167e-03
3.458509999999999991e+02 -2.014789999999999810e-03
3.458539999999999850e+02 -2.014849999999999888e-03
3.458570000000000277e+02 -2.014900000000000024e-03
3.458609999999999900e+02 -2.014950000000000161e-03
3.458639999999999759e+02 -2.015009999999999805e-03
3.458670000000000186e+02 -2.015059999999999941e-03
3.458700000000000045e+02 -2.015110000000000078e-03
3.458729999999999905e+02 -2.015170000000000156e-03
3.458759999999999764e+02 -2.015219999999999859e-03
3.458790000000000191e+02 -2.015269999999999995e-03
3.458820000000000050e+02 -2.015320000000000132e-03
3.458849999999999909e+02 -2.015369999999999835e-03
3.458879999999999768e+02 -2.015419999999999972e-03
3.458910000000000196e+02 -2.015470000000000109e-03
3.458940000000000055e+02 -2.015519999999999812e-03
3.458969999999999914e+02 -2.015569999999999948e-03
3.458999999999999773e+02 -2.015610000000000145e-03
3.459019999999999868e+02 -2.015659999999999848e-03
3.459049999999999727e+02 -2.015709999999999984e-03
3.459080000000000155e+02 -2.015750000000000181e-03
3.459110000000000014e+02 -2.015799999999999884e-03
3.459130000000000109e+02 -2.015840000000000080e-03
3.459159999999999968e+02 -2.015890000000000216e-03
3.459180000000000064e+02 -2.015929999999999979e-03
3.459209999999999923e+02 -2.015980000000000116e-03
3.459239999999999782e+02 -2.016019999999999878e-03
3.459259999999999877e+02 -2.016060000000000074e-03
3.459289999999999736e+02 -2.016110000000000211e-03
3.459309999999999832e+02 -2.016149999999999973e-03
3.459340000000000259e+02 -2.016190000000000170e-03
3.459359999999999786e+02 -2.016229999999999932e-03
3.459390000000000214e+02 -2.016270000000000128e-03
3.459409999999999741e+02 -2.016309999999999891e-03
3.459429999999999836e+02 -2.016350000000000087e-03
3.459460000000000264e+02 -2.016389999999999849e-03
3.459479999999999791e+02 -2.016430000000000045e-03
3.459499999999999886e+02 -2.016469999999999808e-03
3.459529999999999745e+02 -2.016510000000000004e-03
3.459549999999999841e+02 -2.016550000000000200e-03
3.459569999999999936e+02 -2.016589999999999962e-03
3.459599999999999795e+02 -2.016630000000000159e-03
3.459619999999999891e+02 -2.016659999999999980e-03
3.459639999999999986e+02 -2.016700000000000177e-03
3.459660000000000082e+02 -2.016739999999999939e-03
3.459680000000000177e+02 -2.016770000000000194e-03
3.459700000000000273e+02 -2.016809999999999957e-03
3.459730000000000132e+02 -2.016850000000000153e-03
3.459750000000000227e+02 -2.016879999999999975e-03
3.459769999999999754e+02 -2.016920000000000171e-03
3.459789999999999850e+02 -2.016949999999999993e-03
3.459809999999999945e+02 -2.016979999999999815e-03
3.459830000000000041e+02 -2.017020000000000011e-03
3.459850000000000136e+02 -2.017049999999999833e-03
3.459870000000000232e+02 -2.017090000000000029e-03
3.459889999999999759e+02 -2.017119999999999851e-03
3.459909999999999854e+02 -2.017150000000000106e-03
3.459929999999999950e+02 -2.017179999999999928e-03
3.459950000000000045e+02 -2.017220000000000124e-03
3.459970000000000141e+02 -2.017249999999999946e-03
3.459979999999999905e+02 -2.017280000000000201e-03
3.460000000000000000e+02 -2.017310000000000023e-03
3.460020000000000095e+02 -2.017339999999999845e-03
3.460040000000000191e+02 -2.017370000000000101e-03
