80 0.285714 0.285714 2 1 0
80.04 0.285714 0.285714 1 1 0
80.08 0.285714 0.285714 1 1 0
80.16 0.285714 0.285714 1 1 0
80.32 0.285714 0.285714 1 1 0
80.64 0.285714 0.285714 1 1 0
81.14 0.285714 0.285714 1 1 0
81.64 0.285714 0.285714 1 1 0
82.14 0.285714 0.285714 1 1 0
82.64 0.285714 0.285714 1 1 0
83.14 0.285714 0.285714 1 1 0
83.64 0.285714 0.285714 1 1 0
84.14 0.285714 0.285714 1 1 0
84.64 0.285714 0.285714 1 1 0
85.14 0.285714 0.285714 1 1 0
85.64 0.285714 0.285714 1 1 0
86.14 0.285714 0.285714 1 1 0
86.64 0.285714 0.285714 1 1 0
87.14 0.285714 0.285714 1 1 0
87.64 0.285714 0.285714 1 1 0
88.14 0.285714 0.285714 1 1 0
88.64 0.285714 0.285714 1 1 0
89.14 0.285714 0.285714 1 1 0
89.64 0.285714 0.285714 1 1 0
90.14 0.285714 0.285714 1 1 0
90.64 0.285714 0.285714 1 1 0
91.14 0.285714 0.285714 1 1 0
91.64 0.285714 0.285714 1 1 0
92.14 0.285714 0.285714 1 1 0
92.64 0.285714 0.285714 1 1 0
93.14 0.285714 0.285714 1 1 0
93.64 0.285714 0.285714 1 1 0
94.14 0.285714 0.285714 1 1 0
94.64 0.285714 0.285714 1 1 0
95.14 0.285714 0.285714 1 1 0
95.64 0.285714 0.285714 1 1 0
96.14 0.285714 0.285714 1 1 0
96.64 0.285714 0.285714 1 1 0
97.14 0.285714 0.285714 1 1 0
97.64 0.285714 0.285714 1 1 0
98.14 0.285714 0.285714 1 1 0
98.64 0.285714 0.285714 1 1 0
99.14 0.285714 0.285714 1 1 0
99.64 0.285714 0.285714 1 1 0
100.14 0.285714 0.285714 1 1 0
100.64 0.285714 0.285714 1 1 0
101.14 0.285714 0.285714 1 1 0
101.64 0.285714 0.285714 1 1 0
102.14 0.285714 0.285714 1 1 0
102.64 0.285714 0.285714 1 1 0
103.14 0.285714 0.285714 1 1 0
103.64 0.285714 0.285714 1 1 0
104.14 0.285714 0.285714 1 1 0
104.64 0.285714 0.285714 1 1 0
105.14 0.285714 0.285714 1 1 0
105.64 0.285714 0.285714 1 1 0
106.14 0.285714 0.285714 1 1 0
106.64 0.285714 0.285714 1 1 0
107.14 0.285714 0.285714 1 1 0
107.64 0.285714 0.285714 1 1 0
108.14 0.285714 0.285714 1 1 0
108.64 0.285714 0.285714 1 1 0
109.14 0.285714 0.285714 1 1 0
109.64 0.285714 0.285714 1 1 0
110.14 0.285714 0.285714 1 1 0
110.64 0.285714 0.285714 1 1 0
111.14 0.285714 0.285714 1 1 0
111.64 0.285714 0.285714 1 1 0
112.14 0.285714 0.285714 1 1 0
112.64 0.285714 0.285714 1 1 0
113.14 0.285714 0.285714 1 1 0
113.64 0.285714 0.285714 1 1 0
114.14 0.285714 0.285714 1 1 0
114.64 0.285714 0.285714 1 1 0
115.14 0.285714 0.285714 1 1 0
115.64 0.285714 0.285714 1 1 0
116.14 0.285714 0.285714 1 1 0
116.64 0.285714 0.285714 1 1 0
117.14 0.285714 0.285714 1 1 0
117.64 0.285714 0.285714 1 1 0
118.14 0.285714 0.285714 1 1 0
118.64 0.285714 0.285714 1 1 0
119.14 0.285714 0.285714 1 1 0
119.64 0.285714 0.285714 1 1 0
120.14 0.285714 0.285714 1 1 0
120.64 0.285714 0.285714 1 1 0
121.14 0.285714 0.285714 1 1 0
121.64 0.285714 0.285714 1 1 0
122.14 0.285714 0.285714 1 1 0
122.64 0.285714 0.285714 1 1 0
123.14 0.285714 0.285714 1 1 0
123.64 0.285714 0.285714 1 1 0
124.14 0.285714 0.285714 1 1 0
124.64 0.285714 0.285714 1 1 0
125.14 0.285714 0.285714 1 1 0
125.64 0.285714 0.285714 1 1 0
126.14 0.285714 0.285714 1 1 0
126.64 0.285714 0.285714 1 1 0
127.14 0.285714 0.285714 1 1 0
127.64 0.285714 0.285714 1 1 0
128.14 0.285714 0.285714 1 1 0
128.64 0.285714 0.285714 1 1 0
129.14 0.285714 0.285714 1 1 0
129.64 0.285714 0.285714 1 1 0
130.14 0.285714 0.285714 1 1 0
130.64 0.285714 0.285714 1 1 0
131.14 0.285714 0.285714 1 1 0
131.64 0.285714 0.285714 1 1 0
132.14 0.285714 0.285714 1 1 0
132.64 0.285714 0.285714 1 1 0
133.14 0.285714 0.285714 1 1 0
133.64 0.285714 0.285714 1 1 0
134.14 0.285714 0.285714 1 1 0
134.64 0.285714 0.285714 1 1 0
135.14 0.285714 0.285714 1 1 0
135.64 0.285714 0.285714 1 1 0
136.14 0.285714 0.285714 1 1 0
136.64 0.285714 0.285714 1 1 0
137.14 0.285714 0.285714 1 1 0
137.64 0.285714 0.285714 1 1 0
138.14 0.285714 0.285714 1 1 0
138.64 0.285714 0.285714 1 1 0
139.14 0.285714 0.285714 1 1 0
139.64 0.285714 0.285714 1 1 0
140.14 0.285714 0.285714 1 1 0
140.64 0.285714 0.285714 1 1 0
141.14 0.285714 0.285714 1 1 0
141.64 0.285714 0.285714 1 1 0
142.14 0.285714 0.285714 1 1 0
142.64 0.285714 0.285714 1 1 0
143.14 0.285714 0.285714 1 1 0
143.64 0.285714 0.285714 1 1 0
144.14 0.285714 0.285714 1 1 0
144.64 0.285714 0.285714 1 1 0
145.14 0.285714 0.285714 1 1 0
145.64 0.285714 0.285714 1 1 0
146.14 0.285714 0.285714 1 1 0
146.64 0.285714 0.285714 1 1 0
147.14 0.285714 0.285714 1 1 0
147.64 0.285714 0.285714 1 1 0
148.14 0.285714 0.285714 1 1 0
148.64 0.285714 0.285714 1 1 0
149.14 0.285714 0.285714 1 1 0
149.64 0.285714 0.285714 1 1 0
150.14 0.285714 0.285714 1 1 0
150.64 0.285714 0.285714 1 1 0
151.14 0.285714 0.285714 1 1 0
151.64 0.285714 0.285714 1 1 0
152.14 0.285714 0.285714 1 1 0
152.64 0.285714 0.285714 1 1 0
153.14 0.285714 0.285714 1 1 0
153.64 0.285714 0.285714 1 1 0
154.14 0.285714 0.285714 1 1 0
154.64 0.285714 0.285714 1 1 0
155.14 0.285714 0.285714 1 1 0
155.64 0.285714 0.285714 1 1 0
156.14 0.285714 0.285714 1 1 0
156.64 0.285714 0.285714 1 1 0
157.14 0.285714 0.285714 1 1 0
157.64 0.285714 0.285714 1 1 0
158.14 0.285714 0.285714 1 1 0
158.64 0.285714 0.285714 1 1 0
159.14 0.285714 0.285714 1 1 0
159.64 0.285714 0.285714 1 1 0
160.14 0.285714 0.285714 1 1 0
160.64 0.285714 0.285714 1 1 0
161.14 0.285714 0.285714 1 1 0
161.64 0.285714 0.285714 1 1 0
162.14 0.285714 0.285714 1 1 0
162.64 0.285714 0.285714 1 1 0
163.14 0.285714 0.285714 1 1 0
163.64 0.285714 0.285714 1 1 0
164.14 0.285714 0.285714 1 1 0
164.64 0.285714 0.285714 1 1 0
165.14 0.285714 0.285714 1 1 0
165.64 0.285714 0.285714 1 1 0
166.14 0.285714 0.285714 1 1 0
166.64 0.285714 0.285714 1 1 0
167.14 0.285714 0.285714 1 1 0
167.64 0.285714 0.285714 1 1 0
168.14 0.285714 0.285714 1 1 0
168.64 0.285714 0.285714 1 1 0
169.14 0.285714 0.285714 1 1 0
169.64 0.285714 0.285714 1 1 0
170.14 0.285714 0.285714 1 1 0
170.64 0.285714 0.285714 1 1 0
171.14 0.285714 0.285714 1 1 0
171.64 0.285714 0.285714 1 1 0
172.14 0.285714 0.285714 1 1 0
172.64 0.285714 0.285714 1 1 0
173.14 0.285714 0.285714 1 1 0
173.64 0.285714 0.285714 1 1 0
174.14 0.285714 0.285714 1 1 0
174.64 0.285714 0.285714 1 1 0
175.14 0.285714 0.285714 1 1 0
175.64 0.285714 0.285714 1 1 0
176.14 0.285714 0.285714 1 1 0
176.64 0.285714 0.285714 1 1 0
177.14 0.285714 0.285714 1 1 0
177.64 0.285714 0.285714 1 1 0
177.64 0.285714 0.285714 2 1 0
177.68 0.285714 0.285714 1 1 0
177.72 0.285714 0.285714 1 1 0
177.8 0.285714 0.285714 1 1 0
177.96 0.285714 0.285714 1 1 0
178.28 0.285714 0.285714 1 1 0
178.78 0.285714 0.285714 1 1 0
179.28 0.285714 0.285714 1 1 0
179.78 0.285714 0.285714 1 1 0
180.28 0.285714 0.285714 1 1 0
180.78 0.285714 0.285714 1 1 0
181.28 0.285714 0.285714 1 1 0
181.78 0.285714 0.285714 1 1 0
182.28 0.285714 0.285714 1 1 0
182.78 0.285714 0.285714 1 1 0
183.28 0.285714 0.285714 1 1 0
183.78 0.285714 0.285714 1 1 0
184.28 0.285714 0.285714 1 1 0
184.78 0.285714 0.285714 1 1 0
185.28 0.285714 0.285714 1 1 0
185.78 0.285714 0.285714 1 1 0
186.28 0.285714 0.285714 1 1 0
186.78 0.285714 0.285714 1 1 0
187.28 0.285714 0.285714 1 1 0
187.78 0.285714 0.285714 1 1 0
188.28 0.285714 0.285714 1 1 0
188.78 0.285714 0.285714 1 1 0
189.28 0.285714 0.285714 1 1 0
189.78 0.285714 0.285714 1 1 0
190.28 0.285714 0.285714 1 1 0
190.78 0.285714 0.285714 1 1 0
191.28 0.285714 0.285714 1 1 0
191.78 0.285714 0.285714 1 1 0
192.28 0.285714 0.285714 1 1 0
192.78 0.285714 0.285714 1 1 0
193.28 0.285714 0.285714 1 1 0
193.78 0.285714 0.285714 1 1 0
194.28 0.285714 0.285714 1 1 0
194.78 0.285714 0.285714 1 1 0
195.28 0.285714 0.285714 1 1 0
195.78 0.285714 0.285714 1 1 0
196.28 0.285714 0.285714 1 1 0
196.78 0.285714 0.285714 1 1 0
197.28 0.285714 0.285714 1 1 0
197.78 0.285714 0.285714 1 1 0
198.28 0.285714 0.285714 1 1 0
198.78 0.285714 0.285714 1 1 0
199.28 0.285714 0.285714 1 1 0
199.78 0.285714 0.285714 1 1 0
200.28 0.285714 0.285714 1 1 0
200.78 0.285714 0.285714 1 1 0
201.28 0.285714 0.285714 1 1 0
201.78 0.285714 0.285714 1 1 0
202.28 0.285714 0.285714 1 1 0
202.78 0.285714 0.285714 1 1 0
203.28 0.285714 0.285714 1 1 0
203.78 0.285714 0.285714 1 1 0
204.28 0.285714 0.285714 1 1 0
204.78 0.285714 0.285714 1 1 0
205.28 0.285714 0.285714 1 1 0
205.78 0.285714 0.285714 1 1 0
206.28 0.285714 0.285714 1 1 0
206.78 0.285714 0.285714 1 1 0
207.28 0.285714 0.285714 1 1 0
207.78 0.285714 0.285714 1 1 0
208.28 0.285714 0.285714 1 1 0
208.78 0.285714 0.285714 1 1 0
209.28 0.285714 0.285714 1 1 0
209.78 0.285714 0.285714 1 1 0
210.28 0.285714 0.285714 1 1 0
210.78 0.285714 0.285714 1 1 0
211.28 0.285714 0.285714 1 1 0
211.78 0.285714 0.285714 1 1 0
212.28 0.285714 0.285714 1 1 0
212.78 0.285714 0.285714 1 1 0
213.28 0.285714 0.285714 1 1 0
213.78 0.285714 0.285714 1 1 0
214.28 0.285714 0.285714 1 1 0
214.78 0.285714 0.285714 1 1 0
215.28 0.285714 0.285714 1 1 0
215.78 0.285714 0.285714 1 1 0
216.28 0.285714 0.285714 1 1 0
216.78 0.285714 0.285714 1 1 0
217.28 0.285714 0.285714 1 1 0
217.78 0.285714 0.285714 1 1 0
218.28 0.285714 0.285714 1 1 0
218.78 0.285714 0.285714 1 1 0
219.28 0.285714 0.285714 1 1 0
219.78 0.285714 0.285714 1 1 0
220.28 0.285714 0.285714 1 1 0
220.78 0.285714 0.285714 1 1 0
221.28 0.285714 0.285714 1 1 0
221.78 0.285714 0.285714 1 1 0
222.28 0.285714 0.285714 1 1 0
222.78 0.285714 0.285714 1 1 0
223.28 0.285714 0.285714 1 1 0
223.78 0.285714 0.285714 1 1 0
224.28 0.285714 0.285714 1 1 0
224.78 0.285714 0.285714 1 1 0
225.28 0.285714 0.285714 1 1 0
225.78 0.285714 0.285714 1 1 0
226.28 0.285714 0.285714 1 1 0
226.78 0.285714 0.285714 1 1 0
227.28 0.285714 0.285714 1 1 0
227.78 0.285714 0.285714 1 1 0
228.28 0.285714 0.285714 1 1 0
228.78 0.285714 0.285714 1 1 0
229.28 0.285714 0.285714 1 1 0
229.78 0.285714 0.285714 1 1 0
230.28 0.285714 0.285714 1 1 0
230.78 0.285714 0.285714 1 1 0
231.28 0.285714 0.285714 1 1 0
231.78 0.285714 0.285714 1 1 0
232.28 0.285714 0.285714 1 1 0
232.78 0.285714 0.285714 1 1 0
233.28 0.285714 0.285714 1 1 0
233.78 0.285714 0.285714 1 1 0
234.28 0.285714 0.285714 1 1 0
234.78 0.285714 0.285714 1 1 0
235.28 0.285714 0.285714 1 1 0
235.78 0.285714 0.285714 1 1 0
236.28 0.285714 0.285714 1 1 0
236.78 0.285714 0.285714 1 1 0
237.28 0.285714 0.285714 1 1 0
237.78 0.285714 0.285714 1 1 0
238.28 0.285714 0.285714 1 1 0
238.78 0.285714 0.285714 1 1 0
239.28 0.285714 0.285714 1 1 0
239.78 0.285714 0.285714 1 1 0
240.28 0.285714 0.285714 1 1 0
240.78 0.285714 0.285714 1 1 0
241.28 0.285714 0.285714 1 1 0
241.78 0.285714 0.285714 1 1 0
242.28 0.285714 0.285714 1 1 0
242.78 0.285714 0.285714 1 1 0
243.28 0.285714 0.285714 1 1 0
243.78 0.285714 0.285714 1 1 0
244.28 0.285714 0.285714 1 1 0
244.78 0.285714 0.285714 1 1 0
245.28 0.285714 0.285714 1 1 0
245.78 0.285714 0.285714 1 1 0
246.28 0.285714 0.285714 1 1 0
246.78 0.285714 0.285714 1 1 0
247.28 0.285714 0.285714 1 1 0
247.78 0.285714 0.285714 1 1 0
248.28 0.285714 0.285714 1 1 0
248.78 0.285714 0.285714 1 1 0
249.28 0.285714 0.285714 1 1 0
249.78 0.285714 0.285714 1 1 0
250.28 0.285714 0.285714 1 1 0
250.78 0.285714 0.285714 1 1 0
251.28 0.285714 0.285714 1 1 0
251.78 0.285714 0.285714 1 1 0
252.28 0.285714 0.285714 1 1 0
252.78 0.285714 0.285714 1 1 0
253.28 0.285714 0.285714 1 1 0
253.78 0.285714 0.285714 1 1 0
254.28 0.285714 0.285714 1 1 0
254.78 0.285714 0.285714 1 1 0
255.28 0.285714 0.285714 1 1 0
255.78 0.285714 0.285714 1 1 0
256.28 0.285714 0.285714 1 1 0
256.78 0.285714 0.285714 1 1 0
257.28 0.285714 0.285714 1 1 0
257.78 0.285714 0.285714 1 1 0
258.28 0.285714 0.285714 1 1 0
258.78 0.285714 0.285714 1 1 0
259.28 0.285714 0.285714 1 1 0
259.78 0.285714 0.285714 1 1 0
260.28 0.285714 0.285714 1 1 0
260.78 0.285714 0.285714 1 1 0
261.28 0.285714 0.285714 1 1 0
261.78 0.285714 0.285714 1 1 0
262.28 0.285714 0.285714 1 1 0
262.78 0.285714 0.285714 1 1 0
263.28 0.285714 0.285714 1 1 0
263.78 0.285714 0.285714 1 1 0
264.28 0.285714 0.285714 1 1 0
264.78 0.285714 0.285714 1 1 0
265.28 0.285714 0.285714 1 1 0
265.78 0.285714 0.285714 1 1 0
266.28 0.285714 0.285714 1 1 0
266.78 0.285714 0.285714 1 1 0
267.28 0.285714 0.285714 1 1 0
267.78 0.285714 0.285714 1 1 0
268.28 0.285714 0.285714 1 1 0
268.78 0.285714 0.285714 1 1 0
269.28 0.285714 0.285714 1 1 0
269.78 0.285714 0.285714 1 1 0
270.28 0.285714 0.285714 1 1 0
270.78 0.285714 0.285714 1 1 0
271.28 0.285714 0.285714 1 1 0
271.78 0.285714 0.285714 1 1 0
272.28 0.285714 0.285714 1 1 0
272.78 0.285714 0.285714 1 1 0
273.28 0.285714 0.285714 1 1 0
273.78 0.285714 0.285714 1 1 0
274.28 0.285714 0.285714 1 1 0
274.78 0.285714 0.285714 1 1 0
275.28 0.285714 0.285714 1 1 0
275.28 0.285714 0.285714 2 1 0
275.32 0.285714 0.285714 1 1 0
275.36 0.285714 0.285714 1 1 0
275.44 0.285714 0.285714 1 1 0
275.6 0.285714 0.285714 1 1 0
275.92 0.285714 0.285714 1 1 0
276.42 0.285714 0.285714 1 1 0
276.92 0.285714 0.285714 1 1 0
277.42 0.285714 0.285714 1 1 0
277.92 0.285714 0.285714 1 1 0
278.42 0.285714 0.285714 1 1 0
278.92 0.285714 0.285714 1 1 0
279.42 0.285714 0.285714 1 1 0
279.92 0.285714 0.285714 1 1 0
280.42 0.285714 0.285714 1 1 0
280.92 0.285714 0.285714 1 1 0
281.42 0.285714 0.285714 1 1 0
281.92 0.285714 0.285714 1 1 0
282.42 0.285714 0.285714 1 1 0
282.92 0.285714 0.285714 1 1 0
283.42 0.285714 0.285714 1 1 0
283.92 0.285714 0.285714 1 1 0
284.42 0.285714 0.285714 1 1 0
284.92 0.285714 0.285714 1 1 0
285.42 0.285714 0.285714 1 1 0
285.92 0.285714 0.285714 1 1 0
286.42 0.285714 0.285714 1 1 0
286.92 0.285714 0.285714 1 1 0
287.42 0.285714 0.285714 1 1 0
287.92 0.285714 0.285714 1 1 0
288.42 0.285714 0.285714 1 1 0
288.92 0.285714 0.285714 1 1 0
289.42 0.285714 0.285714 1 1 0
289.92 0.285714 0.285714 1 1 0
290.42 0.285714 0.285714 1 1 0
290.92 0.285714 0.285714 1 1 0
291.42 0.285714 0.285714 1 1 0
291.92 0.285714 0.285714 1 1 0
292.42 0.285714 0.285714 1 1 0
292.92 0.285714 0.285714 1 1 0
293.42 0.285714 0.285714 1 1 0
293.92 0.285714 0.285714 1 1 0
294.42 0.285714 0.285714 1 1 0
294.92 0.285714 0.285714 1 1 0
295.42 0.285714 0.285714 1 1 0
295.92 0.285714 0.285714 1 1 0
296.42 0.285714 0.285714 1 1 0
296.92 0.285714 0.285714 1 1 0
297.42 0.285714 0.285714 1 1 0
297.92 0.285714 0.285714 1 1 0
298.42 0.285714 0.285714 1 1 0
298.92 0.285714 0.285714 1 1 0
299.42 0.285714 0.285714 1 1 0
299.92 0.285714 0.285714 1 1 0
300.42 0.285714 0.285714 1 1 0
300.92 0.285714 0.285714 1 1 0
301.42 0.285714 0.285714 1 1 0
301.92 0.285714 0.285714 1 1 0
302.42 0.285714 0.285714 1 1 0
302.92 0.285714 0.285714 1 1 0
303.42 0.285714 0.285714 1 1 0
303.92 0.285714 0.285714 1 1 0
304.42 0.285714 0.285714 1 1 0
304.92 0.285714 0.285714 1 1 0
305.42 0.285714 0.285714 1 1 0
305.92 0.285714 0.285714 1 1 0
306.42 0.285714 0.285714 1 1 0
306.92 0.285714 0.285714 1 1 0
307.42 0.285714 0.285714 1 1 0
307.92 0.285714 0.285714 1 1 0
308.42 0.285714 0.285714 1 1 0
308.92 0.285714 0.285714 1 1 0
309.42 0.285714 0.285714 1 1 0
309.92 0.285714 0.285714 1 1 0
310.42 0.285714 0.285714 1 1 0
310.92 0.285714 0.285714 1 1 0
311.42 0.285714 0.285714 1 1 0
311.92 0.285714 0.285714 1 1 0
312.42 0.285714 0.285714 1 1 0
312.92 0.285714 0.285714 1 1 0
313.42 0.285714 0.285714 1 1 0
313.92 0.285714 0.285714 1 1 0
314.42 0.285714 0.285714 1 1 0
314.92 0.285714 0.285714 1 1 0
315.42 0.285714 0.285714 1 1 0
315.92 0.285714 0.285714 1 1 0
316.42 0.285714 0.285714 1 1 0
316.92 0.285714 0.285714 1 1 0
317.42 0.285714 0.285714 1 1 0
317.92 0.285714 0.285714 1 1 0
318.42 0.285714 0.285714 1 1 0
318.92 0.285714 0.285714 1 1 0
319.42 0.285714 0.285714 1 1 0
319.92 0.285714 0.285714 1 1 0
320.42 0.285714 0.285714 1 1 0
320.92 0.285714 0.285714 1 1 0
321.42 0.285714 0.285714 1 1 0
321.92 0.285714 0.285714 1 1 0
322.42 0.285714 0.285714 1 1 0
322.92 0.285714 0.285714 1 1 0
323.42 0.285714 0.285714 1 1 0
323.92 0.285714 0.285714 1 1 0
324.42 0.285714 0.285714 1 1 0
324.92 0.285714 0.285714 1 1 0
325.42 0.285714 0.285714 1 1 0
325.92 0.285714 0.285714 1 1 0
326.42 0.285714 0.285714 1 1 0
326.92 0.285714 0.285714 1 1 0
327.42 0.285714 0.285714 1 1 0
327.92 0.285714 0.285714 1 1 0
328.42 0.285714 0.285714 1 1 0
328.92 0.285714 0.285714 1 1 0
329.42 0.285714 0.285714 1 1 0
329.92 0.285714 0.285714 1 1 0
330.42 0.285714 0.285714 1 1 0
330.92 0.285714 0.285714 1 1 0
331.42 0.285714 0.285714 1 1 0
331.92 0.285714 0.285714 1 1 0
332.42 0.285714 0.285714 1 1 0
332.92 0.285714 0.285714 1 1 0
333.42 0.285714 0.285714 1 1 0
333.92 0.285714 0.285714 1 1 0
334.42 0.285714 0.285714 1 1 0
334.92 0.285714 0.285714 1 1 0
335.42 0.285714 0.285714 1 1 0
335.92 0.285714 0.285714 1 1 0
336.42 0.285714 0.285714 1 1 0
336.92 0.285714 0.285714 1 1 0
337.42 0.285714 0.285714 1 1 0
337.92 0.285714 0.285714 1 1 0
338.42 0.285714 0.285714 1 1 0
338.92 0.285714 0.285714 1 1 0
339.42 0.285714 0.285714 1 1 0
339.92 0.285714 0.285714 1 1 0
340.42 0.285714 0.285714 1 1 0
340.92 0.285714 0.285714 1 1 0
341.42 0.285714 0.285714 1 1 0
341.92 0.285714 0.285714 1 1 0
342.42 0.285714 0.285714 1 1 0
342.92 0.285714 0.285714 1 1 0
343.42 0.285714 0.285714 1 1 0
343.92 0.285714 0.285714 1 1 0
344.42 0.285714 0.285714 1 1 0
344.92 0.285714 0.285714 1 1 0
345.42 0.285714 0.285714 1 1 0
345.92 0.285714 0.285714 1 1 0
346.42 0.285714 0.285714 1 1 0
346.92 0.285714 0.285714 1 1 0
347.42 0.285714 0.285714 1 1 0
347.92 0.285714 0.285714 1 1 0
348.42 0.285714 0.285714 1 1 0
348.92 0.285714 0.285714 1 1 0
349.42 0.285714 0.285714 1 1 0
349.92 0.285714 0.285714 1 1 0
350.42 0.285714 0.285714 1 1 0
350.92 0.285714 0.285714 1 1 0
351.42 0.285714 0.285714 1 1 0
351.92 0.285714 0.285714 1 1 0
352.42 0.285714 0.285714 1 1 0
352.92 0.285714 0.285714 1 1 0
353.42 0.285714 0.285714 1 1 0
353.92 0.285714 0.285714 1 1 0
354.42 0.285714 0.285714 1 1 0
354.92 0.285714 0.285714 1 1 0
355.42 0.285714 0.285714 1 1 0
355.92 0.285714 0.285714 1 1 0
356.42 0.285714 0.285714 1 1 0
356.92 0.285714 0.285714 1 1 0
357.42 0.285714 0.285714 1 1 0
357.92 0.285714 0.285714 1 1 0
358.42 0.285714 0.285714 1 1 0
358.92 0.285714 0.285714 1 1 0
359.42 0.285714 0.285714 1 1 0
359.92 0.285714 0.285714 1 1 0
360.42 0.285714 0.285714 1 1 0
360.92 0.285714 0.285714 1 1 0
361.42 0.285714 0.285714 1 1 0
361.92 0.285714 0.285714 1 1 0
362.42 0.285714 0.285714 1 1 0
362.92 0.285714 0.285714 1 1 0
363.42 0.285714 0.285714 1 1 0
363.92 0.285714 0.285714 1 1 0
364.42 0.285714 0.285714 1 1 0
364.92 0.285714 0.285714 1 1 0
365.42 0.285714 0.285714 1 1 0
365.92 0.285714 0.285714 1 1 0
366.42 0.285714 0.285714 1 1 0
366.92 0.285714 0.285714 1 1 0
367.42 0.285714 0.285714 1 1 0
367.92 0.285714 0.285714 1 1 0
368.42 0.285714 0.285714 1 1 0
368.92 0.285714 0.285714 1 1 0
369.42 0.285714 0.285714 1 1 0
369.92 0.285714 0.285714 1 1 0
370.42 0.285714 0.285714 1 1 0
370.92 0.285714 0.285714 1 1 0
371.42 0.285714 0.285714 1 1 0
371.92 0.285714 0.285714 1 1 0
372.42 0.285714 0.285714 1 1 0
372.92 0.285714 0.285714 1 1 0
372.92 0.285714 0.285714 2 1 0
372.96 0.285714 0.285714 1 1 0
373 0.285714 0.285714 1 1 0
373.08 0.285714 0.285714 1 1 0
373.24 0.285714 0.285714 1 1 0
373.56 0.285714 0.285714 1 1 0
374.06 0.285714 0.285714 1 1 0
374.56 0.285714 0.285714 1 1 0
375.06 0.285714 0.285714 1 1 0
375.56 0.285714 0.285714 1 1 0
376.06 0.285714 0.285714 1 1 0
376.56 0.285714 0.285714 1 1 0
377.06 0.285714 0.285714 1 1 0
377.56 0.285714 0.285714 1 1 0
378.06 0.285714 0.285714 1 1 0
378.56 0.285714 0.285714 1 1 0
379.06 0.285714 0.285714 1 1 0
379.56 0.285714 0.285714 1 1 0
380.06 0.285714 0.285714 1 1 0
380.56 0.285714 0.285714 1 1 0
381.06 0.285714 0.285714 1 1 0
381.56 0.285714 0.285714 1 1 0
382.06 0.285714 0.285714 1 1 0
382.56 0.285714 0.285714 1 1 0
383.06 0.285714 0.285714 1 1 0
383.56 0.285714 0.285714 1 1 0
384.06 0.285714 0.285714 1 1 0
384.56 0.285714 0.285714 1 1 0
385.06 0.285714 0.285714 1 1 0
385.56 0.285714 0.285714 1 1 0
386.06 0.285714 0.285714 1 1 0
386.56 0.285714 0.285714 1 1 0
387.06 0.285714 0.285714 1 1 0
387.56 0.285714 0.285714 1 1 0
388.06 0.285714 0.285714 1 1 0
388.56 0.285714 0.285714 1 1 0
389.06 0.285714 0.285714 1 1 0
389.56 0.285714 0.285714 1 1 0
390.06 0.285714 0.285714 1 1 0
390.56 0.285714 0.285714 1 1 0
391.06 0.285714 0.285714 1 1 0
391.56 0.285714 0.285714 1 1 0
392.06 0.285714 0.285714 1 1 0
392.56 0.285714 0.285714 1 1 0
393.06 0.285714 0.285714 1 1 0
393.56 0.285714 0.285714 1 1 0
394.06 0.285714 0.285714 1 1 0
394.56 0.285714 0.285714 1 1 0
395.06 0.285714 0.285714 1 1 0
395.56 0.285714 0.285714 1 1 0
396.06 0.285714 0.285714 1 1 0
396.56 0.285714 0.285714 1 1 0
397.06 0.285714 0.285714 1 1 0
397.56 0.285714 0.285714 1 1 0
398.06 0.285714 0.285714 1 1 0
398.56 0.285714 0.285714 1 1 0
399.06 0.285714 0.285714 1 1 0
399.56 0.285714 0.285714 1 1 0
400.06 0.285714 0.285714 1 1 0
400.56 0.285714 0.285714 1 1 0
401.06 0.285714 0.285714 1 1 0
401.56 0.285714 0.285714 1 1 0
402.06 0.285714 0.285714 1 1 0
402.56 0.285714 0.285714 1 1 0
403.06 0.285714 0.285714 1 1 0
403.56 0.285714 0.285714 1 1 0
404.06 0.285714 0.285714 1 1 0
404.56 0.285714 0.285714 1 1 0
405.06 0.285714 0.285714 1 1 0
405.56 0.285714 0.285714 1 1 0
406.06 0.285714 0.285714 1 1 0
406.56 0.285714 0.285714 1 1 0
407.06 0.285714 0.285714 1 1 0
407.56 0.285714 0.285714 1 1 0
408.06 0.285714 0.285714 1 1 0
408.56 0.285714 0.285714 1 1 0
409.06 0.285714 0.285714 1 1 0
409.56 0.285714 0.285714 1 1 0
410.06 0.285714 0.285714 1 1 0
410.56 0.285714 0.285714 1 1 0
411.06 0.285714 0.285714 1 1 0
411.56 0.285714 0.285714 1 1 0
412.06 0.285714 0.285714 1 1 0
412.56 0.285714 0.285714 1 1 0
413.06 0.285714 0.285714 1 1 0
413.56 0.285714 0.285714 1 1 0
414.06 0.285714 0.285714 1 1 0
414.56 0.285714 0.285714 1 1 0
415.06 0.285714 0.285714 1 1 0
415.56 0.285714 0.285714 1 1 0
416.06 0.285714 0.285714 1 1 0
416.56 0.285714 0.285714 1 1 0
417.06 0.285714 0.285714 1 1 0
417.56 0.285714 0.285714 1 1 0
418.06 0.285714 0.285714 1 1 0
418.56 0.285714 0.285714 1 1 0
419.06 0.285714 0.285714 1 1 0
419.56 0.285714 0.285714 1 1 0
420.06 0.285714 0.285714 1 1 0
420.56 0.285714 0.285714 1 1 0
421.06 0.285714 0.285714 1 1 0
421.56 0.285714 0.285714 1 1 0
422.06 0.285714 0.285714 1 1 0
422.56 0.285714 0.285714 1 1 0
423.06 0.285714 0.285714 1 1 0
423.56 0.285714 0.285714 1 1 0
424.06 0.285714 0.285714 1 1 0
424.56 0.285714 0.285714 1 1 0
425.06 0.285714 0.285714 1 1 0
425.56 0.285714 0.285714 1 1 0
426.06 0.285714 0.285714 1 1 0
426.56 0.285714 0.285714 1 1 0
427.06 0.285714 0.285714 1 1 0
427.56 0.285714 0.285714 1 1 0
428.06 0.285714 0.285714 1 1 0
428.56 0.285714 0.285714 1 1 0
429.06 0.285714 0.285714 1 1 0
429.56 0.285714 0.285714 1 1 0
430.06 0.285714 0.285714 1 1 0
430.56 0.285714 0.285714 1 1 0
431.06 0.285714 0.285714 1 1 0
431.56 0.285714 0.285714 1 1 0
432.06 0.285714 0.285714 1 1 0
432.56 0.285714 0.285714 1 1 0
433.06 0.285714 0.285714 1 1 0
433.56 0.285714 0.285714 1 1 0
434.06 0.285714 0.285714 1 1 0
434.56 0.285714 0.285714 1 1 0
435.06 0.285714 0.285714 1 1 0
435.56 0.285714 0.285714 1 1 0
436.06 0.285714 0.285714 1 1 0
436.56 0.285714 0.285714 1 1 0
437.06 0.285714 0.285714 1 1 0
437.56 0.285714 0.285714 1 1 0
438.06 0.285714 0.285714 1 1 0
438.56 0.285714 0.285714 1 1 0
439.06 0.285714 0.285714 1 1 0
439.56 0.285714 0.285714 1 1 0
440.06 0.285714 0.285714 1 1 0
440.56 0.285714 0.285714 1 1 0
441.06 0.285714 0.285714 1 1 0
441.56 0.285714 0.285714 1 1 0
442.06 0.285714 0.285714 1 1 0
442.56 0.285714 0.285714 1 1 0
443.06 0.285714 0.285714 1 1 0
443.56 0.285714 0.285714 1 1 0
444.06 0.285714 0.285714 1 1 0
444.56 0.285714 0.285714 1 1 0
445.06 0.285714 0.285714 1 1 0
445.56 0.285714 0.285714 1 1 0
446.06 0.285714 0.285714 1 1 0
446.56 0.285714 0.285714 1 1 0
447.06 0.285714 0.285714 1 1 0
447.56 0.285714 0.285714 1 1 0
448.06 0.285714 0.285714 1 1 0
448.56 0.285714 0.285714 1 1 0
449.06 0.285714 0.285714 1 1 0
449.56 0.285714 0.285714 1 1 0
450.06 0.285714 0.285714 1 1 0
450.56 0.285714 0.285714 1 1 0
451.06 0.285714 0.285714 1 1 0
451.56 0.285714 0.285714 1 1 0
452.06 0.285714 0.285714 1 1 0
452.56 0.285714 0.285714 1 1 0
453.06 0.285714 0.285714 1 1 0
453.56 0.285714 0.285714 1 1 0
454.06 0.285714 0.285714 1 1 0
454.56 0.285714 0.285714 1 1 0
455.06 0.285714 0.285714 1 1 0
455.56 0.285714 0.285714 1 1 0
456.06 0.285714 0.285714 1 1 0
456.56 0.285714 0.285714 1 1 0
457.06 0.285714 0.285714 1 1 0
457.56 0.285714 0.285714 1 1 0
458.06 0.285714 0.285714 1 1 0
458.56 0.285714 0.285714 1 1 0
459.06 0.285714 0.285714 1 1 0
459.56 0.285714 0.285714 1 1 0
460.06 0.285714 0.285714 1 1 0
460.56 0.285714 0.285714 1 1 0
461.06 0.285714 0.285714 1 1 0
461.56 0.285714 0.285714 1 1 0
462.06 0.285714 0.285714 1 1 0
462.56 0.285714 0.285714 1 1 0
463.06 0.285714 0.285714 1 1 0
463.56 0.285714 0.285714 1 1 0
464.06 0.285714 0.285714 1 1 0
464.56 0.285714 0.285714 1 1 0
465.06 0.285714 0.285714 1 1 0
465.56 0.285714 0.285714 1 1 0
466.06 0.285714 0.285714 1 1 0
466.56 0.285714 0.285714 1 1 0
467.06 0.285714 0.285714 1 1 0
467.56 0.285714 0.285714 1 1 0
468.06 0.285714 0.285714 1 1 0
468.56 0.285714 0.285714 1 1 0
469.06 0.285714 0.285714 1 1 0
469.56 0.285714 0.285714 1 1 0
470.06 0.285714 0.285714 1 1 0
470.56 0.285714 0.285714 1 1 0
470.56 0.285714 0.285714 2 1 0
470.6 0.285714 0.285714 1 1 0
470.64 0.285714 0.285714 1 1 0
470.72 0.285714 0.285714 1 1 0
470.88 0.285714 0.285714 1 1 0
471.2 0.285714 0.285714 1 1 0
471.7 0.285714 0.285714 1 1 0
472.2 0.285714 0.285714 1 1 0
472.7 0.285714 0.285714 1 1 0
473.2 0.285714 0.285714 1 1 0
473.7 0.285714 0.285714 1 1 0
474.2 0.285714 0.285714 1 1 0
474.7 0.285714 0.285714 1 1 0
475.2 0.285714 0.285714 1 1 0
475.7 0.285714 0.285714 1 1 0
476.2 0.285714 0.285714 1 1 0
476.7 0.285714 0.285714 1 1 0
477.2 0.285714 0.285714 1 1 0
477.7 0.285714 0.285714 1 1 0
478.2 0.285714 0.285714 1 1 0
478.7 0.285714 0.285714 1 1 0
479.2 0.285714 0.285714 1 1 0
479.7 0.285714 0.285714 1 1 0
480.2 0.285714 0.285714 1 1 0
480.7 0.285714 0.285714 1 1 0
481.2 0.285714 0.285714 1 1 0
481.7 0.285714 0.285714 1 1 0
482.2 0.285714 0.285714 1 1 0
482.7 0.285714 0.285714 1 1 0
483.2 0.285714 0.285714 1 1 0
483.7 0.285714 0.285714 1 1 0
484.2 0.285714 0.285714 1 1 0
484.7 0.285714 0.285714 1 1 0
485.2 0.285714 0.285714 1 1 0
485.7 0.285714 0.285714 1 1 0
486.2 0.285714 0.285714 1 1 0
486.7 0.285714 0.285714 1 1 0
487.2 0.285714 0.285714 1 1 0
487.7 0.285714 0.285714 1 1 0
488.2 0.285714 0.285714 1 1 0
488.7 0.285714 0.285714 1 1 0
489.2 0.285714 0.285714 1 1 0
489.7 0.285714 0.285714 1 1 0
490.2 0.285714 0.285714 1 1 0
490.7 0.285714 0.285714 1 1 0
491.2 0.285714 0.285714 1 1 0
491.7 0.285714 0.285714 1 1 0
492.2 0.285714 0.285714 1 1 0
492.7 0.285714 0.285714 1 1 0
493.2 0.285714 0.285714 1 1 0
493.7 0.285714 0.285714 1 1 0
494.2 0.285714 0.285714 1 1 0
494.7 0.285714 0.285714 1 1 0
495.2 0.285714 0.285714 1 1 0
495.7 0.285714 0.285714 1 1 0
496.2 0.285714 0.285714 1 1 0
496.7 0.285714 0.285714 1 1 0
497.2 0.285714 0.285714 1 1 0
497.7 0.285714 0.285714 1 1 0
498.2 0.285714 0.285714 1 1 0
498.7 0.285714 0.285714 1 1 0
499.2 0.285714 0.285714 1 1 0
499.7 0.285714 0.285714 1 1 0
500.2 0.285714 0.285714 1 1 0
500.7 0.285714 0.285714 1 1 0
501.2 0.285714 0.285714 1 1 0
501.7 0.285714 0.285714 1 1 0
502.2 0.285714 0.285714 1 1 0
502.7 0.285714 0.285714 1 1 0
503.2 0.285714 0.285714 1 1 0
503.7 0.285714 0.285714 1 1 0
504.2 0.285714 0.285714 1 1 0
504.7 0.285714 0.285714 1 1 0
505.2 0.285714 0.285714 1 1 0
505.7 0.285714 0.285714 1 1 0
506.2 0.285714 0.285714 1 1 0
506.7 0.285714 0.285714 1 1 0
507.2 0.285714 0.285714 1 1 0
507.7 0.285714 0.285714 1 1 0
508.2 0.285714 0.285714 1 1 0
508.7 0.285714 0.285714 1 1 0
509.2 0.285714 0.285714 1 1 0
509.7 0.285714 0.285714 1 1 0
510.2 0.285714 0.285714 1 1 0
510.7 0.285714 0.285714 1 1 0
511.2 0.285714 0.285714 1 1 0
511.7 0.285714 0.285714 1 1 0
512.2 0.285714 0.285714 1 1 0
512.7 0.285714 0.285714 1 1 0
513.2 0.285714 0.285714 1 1 0
513.7 0.285714 0.285714 1 1 0
514.2 0.285714 0.285714 1 1 0
514.7 0.285714 0.285714 1 1 0
515.2 0.285714 0.285714 1 1 0
515.7 0.285714 0.285714 1 1 0
516.2 0.285714 0.285714 1 1 0
516.7 0.285714 0.285714 1 1 0
517.2 0.285714 0.285714 1 1 0
517.7 0.285714 0.285714 1 1 0
518.2 0.285714 0.285714 1 1 0
518.7 0.285714 0.285714 1 1 0
519.2 0.285714 0.285714 1 1 0
519.7 0.285714 0.285714 1 1 0
520.2 0.285714 0.285714 1 1 0
520.7 0.285714 0.285714 1 1 0
521.2 0.285714 0.285714 1 1 0
521.7 0.285714 0.285714 1 1 0
522.2 0.285714 0.285714 1 1 0
522.7 0.285714 0.285714 1 1 0
523.2 0.285714 0.285714 1 1 0
523.7 0.285714 0.285714 1 1 0
524.2 0.285714 0.285714 1 1 0
524.7 0.285714 0.285714 1 1 0
525.2 0.285714 0.285714 1 1 0
525.7 0.285714 0.285714 1 1 0
526.2 0.285714 0.285714 1 1 0
526.7 0.285714 0.285714 1 1 0
527.2 0.285714 0.285714 1 1 0
527.7 0.285714 0.285714 1 1 0
528.2 0.285714 0.285714 1 1 0
528.7 0.285714 0.285714 1 1 0
529.2 0.285714 0.285714 1 1 0
529.7 0.285714 0.285714 1 1 0
530.2 0.285714 0.285714 1 1 0
530.7 0.285714 0.285714 1 1 0
531.2 0.285714 0.285714 1 1 0
531.7 0.285714 0.285714 1 1 0
532.2 0.285714 0.285714 1 1 0
532.7 0.285714 0.285714 1 1 0
533.2 0.285714 0.285714 1 1 0
533.7 0.285714 0.285714 1 1 0
534.2 0.285714 0.285714 1 1 0
534.7 0.285714 0.285714 1 1 0
535.2 0.285714 0.285714 1 1 0
535.7 0.285714 0.285714 1 1 0
536.2 0.285714 0.285714 1 1 0
536.7 0.285714 0.285714 1 1 0
537.2 0.285714 0.285714 1 1 0
537.7 0.285714 0.285714 1 1 0
538.2 0.285714 0.285714 1 1 0
538.7 0.285714 0.285714 1 1 0
539.2 0.285714 0.285714 1 1 0
539.7 0.285714 0.285714 1 1 0
540.2 0.285714 0.285714 1 1 0
540.7 0.285714 0.285714 1 1 0
541.2 0.285714 0.285714 1 1 0
541.7 0.285714 0.285714 1 1 0
542.2 0.285714 0.285714 1 1 0
542.7 0.285714 0.285714 1 1 0
543.2 0.285714 0.285714 1 1 0
543.7 0.285714 0.285714 1 1 0
544.2 0.285714 0.285714 1 1 0
544.7 0.285714 0.285714 1 1 0
545.2 0.285714 0.285714 1 1 0
545.7 0.285714 0.285714 1 1 0
546.2 0.285714 0.285714 1 1 0
546.7 0.285714 0.285714 1 1 0
547.2 0.285714 0.285714 1 1 0
547.7 0.285714 0.285714 1 1 0
548.2 0.285714 0.285714 1 1 0
548.7 0.285714 0.285714 1 1 0
549.2 0.285714 0.285714 1 1 0
549.7 0.285714 0.285714 1 1 0
550.2 0.285714 0.285714 1 1 0
550.7 0.285714 0.285714 1 1 0
551.2 0.285714 0.285714 1 1 0
551.7 0.285714 0.285714 1 1 0
552.2 0.285714 0.285714 1 1 0
552.7 0.285714 0.285714 1 1 0
553.2 0.285714 0.285714 1 1 0
553.7 0.285714 0.285714 1 1 0
554.2 0.285714 0.285714 1 1 0
554.7 0.285714 0.285714 1 1 0
555.2 0.285714 0.285714 1 1 0
555.7 0.285714 0.285714 1 1 0
556.2 0.285714 0.285714 1 1 0
556.7 0.285714 0.285714 1 1 0
557.2 0.285714 0.285714 1 1 0
557.7 0.285714 0.285714 1 1 0
558.2 0.285714 0.285714 1 1 0
558.7 0.285714 0.285714 1 1 0
559.2 0.285714 0.285714 1 1 0
559.7 0.285714 0.285714 1 1 0
560.2 0.285714 0.285714 1 1 0
560.7 0.285714 0.285714 1 1 0
561.2 0.285714 0.285714 1 1 0
561.7 0.285714 0.285714 1 1 0
562.2 0.285714 0.285714 1 1 0
562.7 0.285714 0.285714 1 1 0
563.2 0.285714 0.285714 1 1 0
563.7 0.285714 0.285714 1 1 0
564.2 0.285714 0.285714 1 1 0
564.7 0.285714 0.285714 1 1 0
565.2 0.285714 0.285714 1 1 0
565.7 0.285714 0.285714 1 1 0
566.2 0.285714 0.285714 1 1 0
566.7 0.285714 0.285714 1 1 0
567.2 0.285714 0.285714 1 1 0
567.7 0.285714 0.285714 1 1 0
568.2 0.285714 0.285714 1 1 0
568.2 0.285714 0.285714 2 1 0
568.24 0.285714 0.285714 1 1 0
568.28 0.285714 0.285714 1 1 0
568.36 0.285714 0.285714 1 1 0
568.52 0.285714 0.285714 1 1 0
568.84 0.285714 0.285714 1 1 0
569.34 0.285714 0.285714 1 1 0
569.84 0.285714 0.285714 1 1 0
570.34 0.285714 0.285714 1 1 0
570.84 0.285714 0.285714 1 1 0
571.34 0.285714 0.285714 1 1 0
571.84 0.285714 0.285714 1 1 0
572.34 0.285714 0.285714 1 1 0
572.84 0.285714 0.285714 1 1 0
573.34 0.285714 0.285714 1 1 0
573.84 0.285714 0.285714 1 1 0
574.34 0.285714 0.285714 1 1 0
574.84 0.285714 0.285714 1 1 0
575.34 0.285714 0.285714 1 1 0
575.84 0.285714 0.285714 1 1 0
576.34 0.285714 0.285714 1 1 0
576.84 0.285714 0.285714 1 1 0
577.34 0.285714 0.285714 1 1 0
577.84 0.285714 0.285714 1 1 0
578.34 0.285714 0.285714 1 1 0
578.84 0.285714 0.285714 1 1 0
579.34 0.285714 0.285714 1 1 0
579.84 0.285714 0.285714 1 1 0
580.34 0.285714 0.285714 1 1 0
580.84 0.285714 0.285714 1 1 0
581.34 0.285714 0.285714 1 1 0
581.84 0.285714 0.285714 1 1 0
582.34 0.285714 0.285714 1 1 0
582.84 0.285714 0.285714 1 1 0
583.34 0.285714 0.285714 1 1 0
583.84 0.285714 0.285714 1 1 0
584.34 0.285714 0.285714 1 1 0
584.84 0.285714 0.285714 1 1 0
585.34 0.285714 0.285714 1 1 0
585.84 0.285714 0.285714 1 1 0
586.34 0.285714 0.285714 1 1 0
586.84 0.285714 0.285714 1 1 0
587.34 0.285714 0.285714 1 1 0
587.84 0.285714 0.285714 1 1 0
588.34 0.285714 0.285714 1 1 0
588.84 0.285714 0.285714 1 1 0
589.34 0.285714 0.285714 1 1 0
589.84 0.285714 0.285714 1 1 0
590.34 0.285714 0.285714 1 1 0
590.84 0.285714 0.285714 1 1 0
591.34 0.285714 0.285714 1 1 0
591.84 0.285714 0.285714 1 1 0
592.34 0.285714 0.285714 1 1 0
592.84 0.285714 0.285714 1 1 0
593.34 0.285714 0.285714 1 1 0
593.84 0.285714 0.285714 1 1 0
594.34 0.285714 0.285714 1 1 0
594.84 0.285714 0.285714 1 1 0
595.34 0.285714 0.285714 1 1 0
595.84 0.285714 0.285714 1 1 0
596.34 0.285714 0.285714 1 1 0
596.84 0.285714 0.285714 1 1 0
597.34 0.285714 0.285714 1 1 0
597.84 0.285714 0.285714 1 1 0
598.34 0.285714 0.285714 1 1 0
598.84 0.285714 0.285714 1 1 0
599.34 0.285714 0.285714 1 1 0
599.84 0.285714 0.285714 1 1 0
600.34 0.285714 0.285714 1 1 0
600.84 0.285714 0.285714 1 1 0
601.34 0.285714 0.285714 1 1 0
601.84 0.285714 0.285714 1 1 0
602.34 0.285714 0.285714 1 1 0
602.84 0.285714 0.285714 1 1 0
603.34 0.285714 0.285714 1 1 0
603.84 0.285714 0.285714 1 1 0
604.34 0.285714 0.285714 1 1 0
604.84 0.285714 0.285714 1 1 0
605.34 0.285714 0.285714 1 1 0
605.84 0.285714 0.285714 1 1 0
606.34 0.285714 0.285714 1 1 0
606.84 0.285714 0.285714 1 1 0
607.34 0.285714 0.285714 1 1 0
607.84 0.285714 0.285714 1 1 0
608.34 0.285714 0.285714 1 1 0
608.84 0.285714 0.285714 1 1 0
609.34 0.285714 0.285714 1 1 0
609.84 0.285714 0.285714 1 1 0
610.34 0.285714 0.285714 1 1 0
610.84 0.285714 0.285714 1 1 0
611.34 0.285714 0.285714 1 1 0
611.84 0.285714 0.285714 1 1 0
612.34 0.285714 0.285714 1 1 0
612.84 0.285714 0.285714 1 1 0
613.34 0.285714 0.285714 1 1 0
613.84 0.285714 0.285714 1 1 0
614.34 0.285714 0.285714 1 1 0
614.84 0.285714 0.285714 1 1 0
615.34 0.285714 0.285714 1 1 0
615.84 0.285714 0.285714 1 1 0
616.34 0.285714 0.285714 1 1 0
616.84 0.285714 0.285714 1 1 0
617.34 0.285714 0.285714 1 1 0
617.84 0.285714 0.285714 1 1 0
618.34 0.285714 0.285714 1 1 0
618.84 0.285714 0.285714 1 1 0
619.34 0.285714 0.285714 1 1 0
619.84 0.285714 0.285714 1 1 0
620.34 0.285714 0.285714 1 1 0
620.84 0.285714 0.285714 1 1 0
621.34 0.285714 0.285714 1 1 0
621.84 0.285714 0.285714 1 1 0
622.34 0.285714 0.285714 1 1 0
622.84 0.285714 0.285714 1 1 0
623.34 0.285714 0.285714 1 1 0
623.84 0.285714 0.285714 1 1 0
624.34 0.285714 0.285714 1 1 0
624.84 0.285714 0.285714 1 1 0
625.34 0.285714 0.285714 1 1 0
625.84 0.285714 0.285714 1 1 0
626.34 0.285714 0.285714 1 1 0
626.84 0.285714 0.285714 1 1 0
627.34 0.285714 0.285714 1 1 0
627.84 0.285714 0.285714 1 1 0
628.34 0.285714 0.285714 1 1 0
628.84 0.285714 0.285714 1 1 0
629.34 0.285714 0.285714 1 1 0
629.84 0.285714 0.285714 1 1 0
630.34 0.285714 0.285714 1 1 0
630.84 0.285714 0.285714 1 1 0
631.34 0.285714 0.285714 1 1 0
631.84 0.285714 0.285714 1 1 0
632.34 0.285714 0.285714 1 1 0
632.84 0.285714 0.285714 1 1 0
633.34 0.285714 0.285714 1 1 0
633.84 0.285714 0.285714 1 1 0
634.34 0.285714 0.285714 1 1 0
634.84 0.285714 0.285714 1 1 0
635.34 0.285714 0.285714 1 1 0
635.84 0.285714 0.285714 1 1 0
636.34 0.285714 0.285714 1 1 0
636.84 0.285714 0.285714 1 1 0
637.34 0.285714 0.285714 1 1 0
637.84 0.285714 0.285714 1 1 0
638.34 0.285714 0.285714 1 1 0
638.84 0.285714 0.285714 1 1 0
639.34 0.285714 0.285714 1 1 0
639.84 0.285714 0.285714 1 1 0
640.34 0.285714 0.285714 1 1 0
640.84 0.285714 0.285714 1 1 0
641.34 0.285714 0.285714 1 1 0
641.84 0.285714 0.285714 1 1 0
642.34 0.285714 0.285714 1 1 0
642.84 0.285714 0.285714 1 1 0
643.34 0.285714 0.285714 1 1 0
643.84 0.285714 0.285714 1 1 0
644.34 0.285714 0.285714 1 1 0
644.84 0.285714 0.285714 1 1 0
645.34 0.285714 0.285714 1 1 0
645.84 0.285714 0.285714 1 1 0
646.34 0.285714 0.285714 1 1 0
646.84 0.285714 0.285714 1 1 0
647.34 0.285714 0.285714 1 1 0
647.84 0.285714 0.285714 1 1 0
648.34 0.285714 0.285714 1 1 0
648.84 0.285714 0.285714 1 1 0
649.34 0.285714 0.285714 1 1 0
649.84 0.285714 0.285714 1 1 0
650.34 0.285714 0.285714 1 1 0
650.84 0.285714 0.285714 1 1 0
651.34 0.285714 0.285714 1 1 0
651.84 0.285714 0.285714 1 1 0
652.34 0.285714 0.285714 1 1 0
652.84 0.285714 0.285714 1 1 0
653.34 0.285714 0.285714 1 1 0
653.84 0.285714 0.285714 1 1 0
654.34 0.285714 0.285714 1 1 0
654.84 0.285714 0.285714 1 1 0
655.34 0.285714 0.285714 1 1 0
655.84 0.285714 0.285714 1 1 0
656.34 0.285714 0.285714 1 1 0
656.84 0.285714 0.285714 1 1 0
657.34 0.285714 0.285714 1 1 0
657.84 0.285714 0.285714 1 1 0
658.34 0.285714 0.285714 1 1 0
658.84 0.285714 0.285714 1 1 0
659.34 0.285714 0.285714 1 1 0
659.84 0.285714 0.285714 1 1 0
660.34 0.285714 0.285714 1 1 0
660.84 0.285714 0.285714 1 1 0
661.34 0.285714 0.285714 1 1 0
661.84 0.285714 0.285714 1 1 0
662.34 0.285714 0.285714 1 1 0
662.84 0.285714 0.285714 1 1 0
663.34 0.285714 0.285714 1 1 0
663.84 0.285714 0.285714 1 1 0
664.34 0.285714 0.285714 1 1 0
664.84 0.285714 0.285714 1 1 0
665.34 0.285714 0.285714 1 1 0
665.84 0.285714 0.285714 1 1 0
80 0.285714 0.285714 2 1 0
79.96 0.285714 0.285714 1 1 0
79.92 0.285714 0.285714 1 1 0
79.84 0.285714 0.285714 1 1 0
79.68 0.285714 0.285714 1 1 0
79.36 0.285714 0.285714 1 1 0
78.86 0.285714 0.285714 1 1 0
78.36 0.285714 0.285714 1 1 0
77.86 0.285714 0.285714 1 1 0
77.36 0.285714 0.285714 1 1 0
76.86 0.285714 0.285714 1 1 0
76.36 0.285714 0.285714 1 1 0
75.86 0.285714 0.285714 1 1 0
75.36 0.285714 0.285714 1 1 0
74.86 0.285714 0.285714 1 1 0
74.36 0.285714 0.285714 1 1 0
73.86 0.285714 0.285714 1 1 0
73.36 0.285714 0.285714 1 1 0
72.86 0.285714 0.285714 1 1 0
72.36 0.285714 0.285714 1 1 0
71.86 0.285714 0.285714 1 1 0
71.36 0.285714 0.285714 1 1 0
70.86 0.285714 0.285714 1 1 0
70.36 0.285714 0.285714 1 1 0
69.86 0.285714 0.285714 1 1 0
69.36 0.285714 0.285714 1 1 0
68.86 0.285714 0.285714 1 1 0
68.36 0.285714 0.285714 1 1 0
67.86 0.285714 0.285714 1 1 0
67.36 0.285714 0.285714 1 1 0
66.86 0.285714 0.285714 1 1 0
66.36 0.285714 0.285714 1 1 0
65.86 0.285714 0.285714 1 1 0
65.36 0.285714 0.285714 1 1 0
64.86 0.285714 0.285714 1 1 0
64.36 0.285714 0.285714 1 1 0
63.86 0.285714 0.285714 1 1 0
63.36 0.285714 0.285714 1 1 0
62.86 0.285714 0.285714 1 1 0
62.36 0.285714 0.285714 1 1 0
61.86 0.285714 0.285714 1 1 0
61.36 0.285714 0.285714 1 1 0
60.86 0.285714 0.285714 1 1 0
60.36 0.285714 0.285714 1 1 0
59.86 0.285714 0.285714 1 1 0
59.36 0.285714 0.285714 1 1 0
58.86 0.285714 0.285714 1 1 0
58.36 0.285714 0.285714 1 1 0
57.86 0.285714 0.285714 1 1 0
57.6435 0.285714 0.285714 1 1 0
57.1435 0.285714 0.285714 2 1 0
56.6435 0.285714 0.285714 2 1 0
56.1435 0.285714 0.285714 2 1 0
55.6435 0.285714 0.285714 2 1 0
55.1435 0.285714 0.285714 2 1 0
54.6435 0.285714 0.285714 2 1 0
54.1435 0.285714 0.285714 2 1 0
53.6435 0.285714 0.285714 2 1 0
53.1436 0.285714 0.285714 2 1 0
52.6436 0.285714 0.285714 2 1 0
52.1436 0.285714 0.285714 2 1 0
51.6436 0.285714 0.285714 2 1 0
51.1436 0.285714 0.285714 2 1 0
50.6436 0.285714 0.285714 2 1 0
50.1436 0.285714 0.285714 2 1 0
49.6436 0.285714 0.285714 2 1 0
49.1436 0.285714 0.285714 2 1 0
48.6436 0.285714 0.285714 2 1 0
48.1436 0.285714 0.285714 2 1 0
47.6436 0.285714 0.285714 2 1 0
47.1436 0.285714 0.285714 2 1 0
46.6436 0.285714 0.285714 2 1 0
46.1436 0.285714 0.285714 2 1 0
45.6436 0.285714 0.285714 2 1 0
45.1436 0.285714 0.285714 2 1 0
44.6436 0.285714 0.285714 2 1 0
44.1436 0.285714 0.285714 2 1 0
43.6436 0.285714 0.285714 2 1 0
43.1436 0.285714 0.285714 2 1 0
42.6436 0.285714 0.285714 2 1 0
42.1436 0.285714 0.285714 2 1 0
41.6436 0.285714 0.285714 2 1 0
41.1436 0.285714 0.285714 2 1 0
40.6436 0.285714 0.285714 2 1 0
40.1436 0.285714 0.285714 2 1 0
39.6436 0.285714 0.285714 2 1 0
39.1436 0.285714 0.285714 2 1 0
38.6436 0.285714 0.285714 2 1 0
38.1436 0.285714 0.285714 2 1 0
37.6436 0.285714 0.285714 2 1 0
37.1436 0.285714 0.285714 2 1 0
36.6436 0.285714 0.285714 2 1 0
36.1436 0.285714 0.285714 2 1 0
35.6436 0.285714 0.285714 2 1 0
35.1436 0.285714 0.285714 2 1 0
34.6436 0.285714 0.285714 2 1 0
34.1437 0.285714 0.285714 2 1 0
33.6437 0.285714 0.285714 2 1 0
33.1437 0.285714 0.285714 2 1 0
32.6437 0.285714 0.285714 2 1 0
32.1437 0.285714 0.285714 2 1 0
31.6437 0.285714 0.285714 2 1 0
31.1437 0.285714 0.285714 2 1 0
30.6437 0.285714 0.285714 2 1 0
30.1437 0.285714 0.285714 2 1 0
29.6437 0.285714 0.285714 2 1 0
29.1437 0.285714 0.285714 2 1 0
28.6437 0.285714 0.285714 2 1 0
28.1437 0.285714 0.285714 2 1 0
27.6437 0.285714 0.285714 2 1 0
27.1437 0.285714 0.285714 2 1 0
26.6437 0.285714 0.285714 2 1 0
26.1437 0.285714 0.285714 2 1 0
25.6437 0.285714 0.285714 2 1 0
25.1438 0.285714 0.285714 2 1 0
24.6438 0.285714 0.285714 2 1 0
24.1438 0.285714 0.285714 2 1 0
23.6438 0.285714 0.285714 2 1 0
23.1438 0.285714 0.285714 2 1 0
22.6438 0.285714 0.285714 2 1 0
22.1438 0.285714 0.285714 2 1 0
21.6438 0.285714 0.285714 2 1 0
21.1438 0.285714 0.285714 2 1 0
20.6438 0.285714 0.285714 2 1 0
20.1438 0.285714 0.285714 2 1 0
19.6438 0.285714 0.285714 2 1 0
19.1439 0.285714 0.285714 2 1 0
18.6439 0.285714 0.285714 2 1 0
18.1439 0.285714 0.285714 2 1 0
17.6439 0.285714 0.285714 2 1 0
17.1439 0.285714 0.285714 2 1 0
16.6439 0.285714 0.285714 2 1 0
16.1439 0.285714 0.285714 2 1 0
15.6439 0.285714 0.285714 2 1 0
15.144 0.285714 0.285714 2 1 0
14.644 0.285714 0.285714 2 1 0
14.144 0.285714 0.285714 2 1 0
13.644 0.285714 0.285714 2 1 0
13.144 0.285714 0.285714 2 1 0
12.644 0.285714 0.285714 2 1 0
12.1441 0.285714 0.285714 2 1 0
11.6441 0.285714 0.285714 2 1 0
11.1441 0.285714 0.285714 2 1 0
10.6441 0.285714 0.285714 2 1 0
10.1441 0.285714 0.285714 2 1 0
9.64415 0.285714 0.285714 2 1 0
9.14417 0.285714 0.285714 2 1 0
8.6442 0.285714 0.285714 2 1 0
8.14422 0.285714 0.285714 2 1 0
7.64425 0.285714 0.285714 2 1 0
7.14427 0.285714 0.285714 2 1 0
6.6443 0.285714 0.285714 2 1 0
6.14433 0.285714 0.285714 2 1 0
5.64436 0.285714 0.285714 2 1 0
5.14439 0.285714 0.285714 2 1 0
4.64442 0.285714 0.285714 2 1 0
4.14445 0.285714 0.285714 2 1 0
3.64449 0.285714 0.285714 2 1 0
3.14452 0.285714 0.285714 2 1 0
2.64456 0.285714 0.285714 2 1 0
2.1446 0.285714 0.285714 2 1 0
1.64464 0.285714 0.285714 2 1 0
1.14468 0.285714 0.285714 2 1 0
0.644726 0.285714 0.285714 2 1 0
0.144772 0.285714 0.285714 2 1 0
-0.35518 0.285714 0.285714 2 1 0
57.6435 0.285714 0.285714 2 2 0
55.4412 0.26869 0.26869 2 2 0
55.435 0.268644 0.268644 1 2 0
55.4324 0.268625 0.268625 1 2 0
55.4274 0.268588 0.268588 1 2 0
55.4174 0.268513 0.268513 1 2 0
55.3974 0.268364 0.268364 1 2 0
55.3574 0.268066 0.268066 1 2 0
55.2775 0.26747 0.26747 1 2 0
55.1175 0.266284 0.266284 1 2 0
54.7975 0.26393 0.26393 1 2 0
54.2975 0.260303 0.260303 1 2 0
53.7975 0.256737 0.256737 1 2 0
53.2976 0.253233 0.253233 1 2 0
52.7976 0.249793 0.249793 1 2 0
52.2976 0.246416 0.246416 1 2 0
51.7976 0.243103 0.243103 1 2 0
51.2977 0.239854 0.239854 1 2 0
50.7977 0.23667 0.23667 1 2 0
50.2977 0.23355 0.23355 1 2 0
49.7977 0.230496 0.230496 1 2 0
49.2978 0.227506 0.227506 1 2 0
48.7978 0.224582 0.224582 1 2 0
48.2978 0.221722 0.221722 1 2 0
47.7978 0.218927 0.218927 1 2 0
47.2979 0.216196 0.216196 1 2 0
46.7979 0.21353 0.21353 1 2 0
46.2979 0.210927 0.210927 1 2 0
45.7979 0.208387 0.208387 1 2 0
45.298 0.205909 0.205909 1 2 0
44.798 0.203494 0.203494 1 2 0
44.298 0.201139 0.201139 1 2 0
43.798 0.198845 0.198845 1 2 0
43.298 0.19661 0.19661 1 2 0
42.7981 0.194434 0.194434 1 2 0
42.2981 0.192316 0.192316 1 2 0
41.7981 0.190255 0.190255 1 2 0
41.2981 0.188249 0.188249 1 2 0
40.7981 0.186298 0.186298 1 2 0
40.2982 0.1844 0.1844 1 2 0
39.7982 0.182555 0.182555 1 2 0
39.2982 0.180761 0.180761 1 2 0
38.7982 0.179017 0.179017 1 2 0
38.2982 0.177322 0.177322 1 2 0
37.7982 0.175674 0.175674 1 2 0
37.2983 0.174073 0.174073 1 2 0
36.7983 0.172518 0.172518 1 2 0
36.2983 0.171006 0.171006 1 2 0
35.7983 0.169537 0.169537 1 2 0
35.2983 0.16811 0.16811 1 2 0
34.7983 0.166724 0.166724 1 2 0
34.2983 0.165376 0.165376 1 2 0
33.7984 0.164067 0.164067 1 2 0
33.2984 0.162795 0.162795 1 2 0
32.7984 0.161559 0.161559 1 2 0
32.2984 0.160358 0.160358 1 2 0
31.7984 0.15919 0.15919 1 2 0
31.2984 0.158055 0.158055 1 2 0
30.7984 0.156952 0.156952 1 2 0
30.2984 0.15588 0.15588 1 2 0
29.7984 0.154837 0.154837 1 2 0
29.2985 0.153822 0.153822 1 2 0
28.7985 0.152836 0.152836 1 2 0
28.2985 0.151876 0.151876 1 2 0
27.7985 0.150943 0.150943 1 2 0
27.2985 0.150034 0.150034 1 2 0
26.7985 0.14915 0.14915 1 2 0
26.2985 0.14829 0.14829 1 2 0
25.7985 0.147452 0.147452 1 2 0
25.2985 0.146636 0.146636 1 2 0
24.7985 0.145842 0.145842 1 2 0
24.2985 0.145068 0.145068 1 2 0
23.7985 0.144314 0.144314 1 2 0
23.2986 0.143579 0.143579 1 2 0
22.7986 0.142863 0.142863 1 2 0
22.2986 0.142164 0.142164 1 2 0
21.7986 0.141484 0.141484 1 2 0
21.2986 0.14082 0.14082 1 2 0
20.7986 0.140172 0.140172 1 2 0
20.2986 0.13954 0.13954 1 2 0
19.7986 0.138924 0.138924 1 2 0
19.2986 0.138322 0.138322 1 2 0
18.7986 0.137735 0.137735 1 2 0
18.2986 0.137161 0.137161 1 2 0
17.7986 0.136601 0.136601 1 2 0
17.2986 0.136054 0.136054 1 2 0
16.7986 0.135519 0.135519 1 2 0
16.2986 0.134997 0.134997 1 2 0
15.7986 0.134486 0.134486 1 2 0
15.2986 0.133987 0.133987 1 2 0
14.7986 0.133499 0.133499 1 2 0
14.2986 0.133022 0.133022 1 2 0
13.7986 0.132555 0.132555 1 2 0
13.2986 0.132098 0.132098 1 2 0
12.7987 0.131651 0.131651 1 2 0
12.2987 0.131214 0.131214 1 2 0
11.7987 0.130786 0.130786 1 2 0
11.2987 0.130367 0.130367 1 2 0
10.7987 0.129956 0.129956 1 2 0
10.2987 0.129554 0.129554 1 2 0
9.79867 0.129161 0.129161 1 2 0
9.29867 0.128775 0.128775 1 2 0
8.79868 0.128397 0.128397 1 2 0
8.29868 0.128026 0.128026 1 2 0
7.79868 0.127663 0.127663 1 2 0
7.29868 0.127307 0.127307 1 2 0
6.79869 0.126958 0.126958 1 2 0
6.29869 0.126615 0.126615 1 2 0
5.79869 0.126279 0.126279 1 2 0
5.29869 0.12595 0.12595 1 2 0
4.79869 0.125626 0.125626 1 2 0
4.2987 0.125309 0.125309 1 2 0
3.7987 0.124997 0.124997 1 2 0
3.2987 0.124692 0.124692 1 2 0
2.7987 0.124391 0.124391 1 2 0
2.2987 0.124097 0.124097 1 2 0
1.79871 0.123807 0.123807 1 2 0
1.29871 0.123523 0.123523 1 2 0
0.79871 0.123243 0.123243 1 2 0
0.298711 0.122969 0.122969 1 2 0
-0.201287 0.122699 0.122699 1 2 0
57.6435 0.285714 0.285714 2 2 0
59.7931 0.303385 0.303385 1 2 0
59.7993 0.303436 0.303436 2 2 0
59.8018 0.303457 0.303457 2 2 0
59.8068 0.3035 0.3035 2 2 0
59.8168 0.303584 0.303584 2 2 0
59.8368 0.303753 0.303753 2 2 0
59.8768 0.304091 0.304091 2 2 0
59.9568 0.304769 0.304769 2 2 0
60.1168 0.306128 0.306128 2 2 0
60.4368 0.308862 0.308862 2 2 0
60.9367 0.313173 0.313173 2 2 0
61.4367 0.317533 0.317533 2 2 0
61.9367 0.321939 0.321939 2 2 0
62.4366 0.326392 0.326392 2 2 0
62.9366 0.330888 0.330888 2 2 0
63.4366 0.335428 0.335428 2 2 0
63.9366 0.340009 0.340009 2 2 0
64.4365 0.34463 0.34463 2 2 0
64.9365 0.349291 0.349291 2 2 0
65.4365 0.353988 0.353988 2 2 0
65.9364 0.358721 0.358721 2 2 0
66.4364 0.363489 0.363489 2 2 0
66.9364 0.36829 0.36829 2 2 0
67.4364 0.373123 0.373123 2 2 0
67.9363 0.377986 0.377986 2 2 0
68.4363 0.382878 0.382878 2 2 0
68.9363 0.387797 0.387797 2 2 0
69.4362 0.392741 0.392741 2 2 0
69.9362 0.39771 0.39771 2 2 0
70.4362 0.402702 0.402702 2 2 0
70.9362 0.407716 0.407716 2 2 0
71.4361 0.412749 0.412749 2 2 0
71.9361 0.417801 0.417801 2 2 0
72.4361 0.422871 0.422871 2 2 0
72.936 0.427955 0.427955 2 2 0
73.436 0.433055 0.433055 2 2 0
73.936 0.438167 0.438167 2 2 0
74.4359 0.44329 0.44329 2 2 0
74.9359 0.448423 0.448423 2 2 0
75.4359 0.453565 0.453565 2 2 0
75.9359 0.458715 0.458715 2 2 0
76.4358 0.46387 0.46387 2 2 0
76.9358 0.46903 0.46903 2 2 0
77.4358 0.474192 0.474192 2 2 0
77.9357 0.479357 0.479357 2 2 0
78.4357 0.484522 0.484522 2 2 0
78.9357 0.489687 0.489687 2 2 0
79.4356 0.49485 0.49485 2 2 0
79.9356 0.500009 0.500009 2 2 0
80.4356 0.505163 0.505163 2 2 0
80.9356 0.510312 0.510312 2 2 0
81.4355 0.515454 0.515454 2 2 0
81.9355 0.520588 0.520588 2 2 0
82.4355 0.525712 0.525712 2 2 0
82.9355 0.530826 0.530826 2 2 0
83.4354 0.535928 0.535928 2 2 0
83.9354 0.541017 0.541017 2 2 0
84.4354 0.546093 0.546093 2 2 0
84.9353 0.551153 0.551153 2 2 0
85.4353 0.556198 0.556198 2 2 0
85.9353 0.561225 0.561225 2 2 0
86.4353 0.566235 0.566235 2 2 0
86.9352 0.571225 0.571225 2 2 0
87.4352 0.576196 0.576196 2 2 0
87.9352 0.581146 0.581146 2 2 0
88.4352 0.586074 0.586074 2 2 0
88.9351 0.590979 0.590979 2 2 0
89.4351 0.595861 0.595861 2 2 0
89.9351 0.600718 0.600718 2 2 0
90.4351 0.60555 0.60555 2 2 0
90.935 0.610356 0.610356 2 2 0
91.435 0.615135 0.615135 2 2 0
91.935 0.619887 0.619887 2 2 0
92.435 0.624611 0.624611 2 2 0
92.9349 0.629306 0.629306 2 2 0
93.4349 0.633971 0.633971 2 2 0
93.9349 0.638606 0.638606 2 2 0
94.4349 0.64321 0.64321 2 2 0
94.9349 0.647783 0.647783 2 2 0
95.4348 0.652323 0.652323 2 2 0
95.9348 0.656832 0.656832 2 2 0
96.4348 0.661307 0.661307 2 2 0
96.9348 0.665748 0.665748 2 2 0
97.4348 0.670156 0.670156 2 2 0
97.9347 0.674529 0.674529 2 2 0
98.4347 0.678867 0.678867 2 2 0
98.9347 0.68317 0.68317 2 2 0
99.4347 0.687437 0.687437 2 2 0
99.9347 0.691669 0.691669 2 2 0
100.435 0.695863 0.695863 2 2 0
100.935 0.700022 0.700022 2 2 0
101.435 0.704143 0.704143 2 2 0
101.935 0.708227 0.708227 2 2 0
102.435 0.712273 0.712273 2 2 0
102.935 0.716282 0.716282 2 2 0
103.435 0.720252 0.720252 2 2 0
103.935 0.724185 0.724185 2 2 0
104.435 0.728079 0.728079 2 2 0
104.934 0.731935 0.731935 2 2 0
105.434 0.735752 0.735752 2 2 0
105.934 0.739531 0.739531 2 2 0
106.434 0.743271 0.743271 2 2 0
106.934 0.746972 0.746972 2 2 0
107.434 0.750634 0.750634 2 2 0
107.934 0.754257 0.754257 2 2 0
108.434 0.757841 0.757841 2 2 0
108.934 0.761386 0.761386 2 2 0
109.434 0.764892 0.764892 2 2 0
109.934 0.768359 0.768359 2 2 0
110.434 0.771787 0.771787 2 2 0
110.934 0.775176 0.775176 2 2 0
111.434 0.778526 0.778526 2 2 0
111.934 0.781838 0.781838 2 2 0
112.434 0.785111 0.785111 2 2 0
112.934 0.788345 0.788345 2 2 0
113.434 0.791541 0.791541 2 2 0
113.934 0.794699 0.794699 2 2 0
114.434 0.797818 0.797818 2 2 0
114.934 0.800899 0.800899 2 2 0
115.434 0.803943 0.803943 2 2 0
115.934 0.806949 0.806949 2 2 0
116.434 0.809917 0.809917 2 2 0
116.934 0.812847 0.812847 2 2 0
117.434 0.815741 0.815741 2 2 0
117.934 0.818598 0.818598 2 2 0
118.434 0.821418 0.821418 2 2 0
118.934 0.824201 0.824201 2 2 0
119.434 0.826948 0.826948 2 2 0
119.934 0.829659 0.829659 2 2 0
120.434 0.832335 0.832335 2 2 0
120.934 0.834974 0.834974 2 2 0
121.434 0.837579 0.837579 2 2 0
121.934 0.840148 0.840148 2 2 0
122.434 0.842683 0.842683 2 2 0
122.934 0.845183 0.845183 2 2 0
123.434 0.847648 0.847648 2 2 0
123.934 0.85008 0.85008 2 2 0
124.434 0.852479 0.852479 2 2 0
124.934 0.854843 0.854843 2 2 0
125.434 0.857175 0.857175 2 2 0
125.934 0.859474 0.859474 2 2 0
126.434 0.861741 0.861741 2 2 0
126.934 0.863975 0.863975 2 2 0
127.434 0.866177 0.866177 2 2 0
127.934 0.868348 0.868348 2 2 0
128.434 0.870488 0.870488 2 2 0
128.934 0.872597 0.872597 2 2 0
129.434 0.874675 0.874675 2 2 0
129.934 0.876723 0.876723 2 2 0
130.434 0.87874 0.87874 2 2 0
130.934 0.880729 0.880729 2 2 0
131.434 0.882687 0.882687 2 2 0
131.934 0.884617 0.884617 2 2 0
132.434 0.886518 0.886518 2 2 0
132.934 0.888391 0.888391 2 2 0
133.434 0.890235 0.890235 2 2 0
133.934 0.892052 0.892052 2 2 0
134.434 0.893842 0.893842 2 2 0
134.934 0.895604 0.895604 2 2 0
135.434 0.897339 0.897339 2 2 0
135.934 0.899048 0.899048 2 2 0
136.434 0.900731 0.900731 2 2 0
136.934 0.902388 0.902388 2 2 0
137.434 0.90402 0.90402 2 2 0
137.934 0.905626 0.905626 2 2 0
138.434 0.907208 0.907208 2 2 0
138.934 0.908765 0.908765 2 2 0
139.434 0.910297 0.910297 2 2 0
139.934 0.911806 0.911806 2 2 0
140.434 0.913291 0.913291 2 2 0
140.934 0.914753 0.914753 2 2 0
141.434 0.916192 0.916192 2 2 0
141.934 0.917608 0.917608 2 2 0
142.434 0.919001 0.919001 2 2 0
142.934 0.920373 0.920373 2 2 0
143.434 0.921723 0.921723 2 2 0
143.934 0.923051 0.923051 2 2 0
144.434 0.924358 0.924358 2 2 0
144.934 0.925644 0.925644 2 2 0
145.434 0.926909 0.926909 2 2 0
145.934 0.928154 0.928154 2 2 0
146.434 0.929379 0.929379 2 2 0
146.934 0.930585 0.930585 2 2 0
147.434 0.93177 0.93177 2 2 0
147.934 0.932937 0.932937 2 2 0
148.434 0.934084 0.934084 2 2 0
148.934 0.935213 0.935213 2 2 0
149.434 0.936323 0.936323 2 2 0
149.934 0.937416 0.937416 2 2 0
150.434 0.93849 0.93849 2 2 0
150.934 0.939547 0.939547 2 2 0
151.434 0.940586 0.940586 2 2 0
151.934 0.941608 0.941608 2 2 0
152.434 0.942614 0.942614 2 2 0
152.934 0.943603 0.943603 2 2 0
153.434 0.944575 0.944575 2 2 0
153.934 0.945532 0.945532 2 2 0
154.434 0.946472 0.946472 2 2 0
154.934 0.947397 0.947397 2 2 0
154.934 0.947397 0.947397 2 2 0
154.894 0.947324 0.947324 2 2 0
154.854 0.94725 0.94725 2 2 0
154.774 0.947103 0.947103 2 2 0
154.614 0.946807 0.946807 2 2 0
154.294 0.94621 0.94621 2 2 0
153.794 0.945265 0.945265 2 2 0
153.294 0.944304 0.944304 2 2 0
152.794 0.943327 0.943327 2 2 0
152.294 0.942334 0.942334 2 2 0
151.794 0.941324 0.941324 2 2 0
151.294 0.940297 0.940297 2 2 0
150.794 0.939253 0.939253 2 2 0
150.294 0.938191 0.938191 2 2 0
149.794 0.937112 0.937112 2 2 0
149.294 0.936014 0.936014 2 2 0
148.794 0.934899 0.934899 2 2 0
148.294 0.933765 0.933765 2 2 0
147.794 0.932612 0.932612 2 2 0
147.294 0.93144 0.93144 2 2 0
146.794 0.930249 0.930249 2 2 0
146.294 0.929038 0.929038 2 2 0
145.794 0.927808 0.927808 2 2 0
145.294 0.926557 0.926557 2 2 0
144.794 0.925286 0.925286 2 2 0
144.294 0.923994 0.923994 2 2 0
143.794 0.922681 0.922681 2 2 0
143.294 0.921347 0.921347 2 2 0
142.794 0.919991 0.919991 2 2 0
142.294 0.918613 0.918613 2 2 0
141.794 0.917214 0.917214 2 2 0
141.294 0.915791 0.915791 2 2 0
140.794 0.914346 0.914346 2 2 0
140.294 0.912878 0.912878 2 2 0
139.794 0.911386 0.911386 2 2 0
139.294 0.909871 0.909871 2 2 0
138.794 0.908331 0.908331 2 2 0
138.294 0.906767 0.906767 2 2 0
137.794 0.905179 0.905179 2 2 0
137.294 0.903566 0.903566 2 2 0
136.794 0.901927 0.901927 2 2 0
136.294 0.900263 0.900263 2 2 0
135.794 0.898573 0.898573 2 2 0
135.294 0.896856 0.896856 2 2 0
134.794 0.895113 0.895113 2 2 0
134.294 0.893343 0.893343 2 2 0
133.794 0.891546 0.891546 2 2 0
133.294 0.889722 0.889722 2 2 0
132.794 0.887869 0.887869 2 2 0
132.294 0.885989 0.885989 2 2 0
131.794 0.88408 0.88408 2 2 0
131.294 0.882142 0.882142 2 2 0
130.794 0.880175 0.880175 2 2 0
130.294 0.878178 0.878178 2 2 0
129.794 0.876152 0.876152 2 2 0
129.294 0.874096 0.874096 2 2 0
128.794 0.872009 0.872009 2 2 0
128.294 0.869892 0.869892 2 2 0
127.794 0.867744 0.867744 2 2 0
127.294 0.865564 0.865564 2 2 0
126.794 0.863353 0.863353 2 2 0
126.294 0.861109 0.861109 2 2 0
125.794 0.858834 0.858834 2 2 0
125.294 0.856526 0.856526 2 2 0
124.794 0.854185 0.854185 2 2 0
124.294 0.85181 0.85181 2 2 0
123.794 0.849403 0.849403 2 2 0
123.294 0.846961 0.846961 2 2 0
122.794 0.844486 0.844486 2 2 0
122.294 0.841976 0.841976 2 2 0
121.794 0.839432 0.839432 2 2 0
121.294 0.836853 0.836853 2 2 0
120.794 0.834239 0.834239 2 2 0
120.294 0.831589 0.831589 2 2 0
119.794 0.828904 0.828904 2 2 0
119.294 0.826183 0.826183 2 2 0
118.794 0.823425 0.823425 2 2 0
118.294 0.820632 0.820632 2 2 0
117.794 0.817802 0.817802 2 2 0
117.294 0.814935 0.814935 2 2 0
116.794 0.812031 0.812031 2 2 0
116.294 0.809089 0.809089 2 2 0
115.794 0.806111 0.806111 2 2 0
115.294 0.803094 0.803094 2 2 0
114.794 0.80004 0.80004 2 2 0
114.294 0.796949 0.796949 2 2 0
113.794 0.793818 0.793818 2 2 0
113.294 0.79065 0.79065 2 2 0
112.794 0.787444 0.787444 2 2 0
112.294 0.784198 0.784198 2 2 0
111.794 0.780915 0.780915 2 2 0
111.294 0.777592 0.777592 2 2 0
110.794 0.774231 0.774231 2 2 0
110.294 0.770831 0.770831 2 2 0
109.794 0.767392 0.767392 2 2 0
109.294 0.763914 0.763914 2 2 0
108.794 0.760397 0.760397 2 2 0
108.294 0.756841 0.756841 2 2 0
107.794 0.753246 0.753246 2 2 0
107.294 0.749612 0.749612 2 2 0
106.794 0.745939 0.745939 2 2 0
106.294 0.742228 0.742228 2 2 0
105.794 0.738477 0.738477 2 2 0
105.294 0.734687 0.734687 2 2 0
104.795 0.730859 0.730859 2 2 0
104.295 0.726993 0.726993 2 2 0
103.795 0.723088 0.723088 2 2 0
103.295 0.719144 0.719144 2 2 0
102.795 0.715163 0.715163 2 2 0
102.295 0.711144 0.711144 2 2 0
101.795 0.707087 0.707087 2 2 0
101.295 0.702993 0.702993 2 2 0
100.795 0.698861 0.698861 2 2 0
100.295 0.694693 0.694693 2 2 0
99.7947 0.690488 0.690488 2 2 0
99.2947 0.686246 0.686246 2 2 0
98.7947 0.681969 0.681969 2 2 0
98.2947 0.677656 0.677656 2 2 0
97.7947 0.673308 0.673308 2 2 0
97.2948 0.668925 0.668925 2 2 0
96.7948 0.664508 0.664508 2 2 0
96.2948 0.660057 0.660057 2 2 0
95.7948 0.655573 0.655573 2 2 0
95.2948 0.651055 0.651055 2 2 0
94.7949 0.646506 0.646506 2 2 0
94.2949 0.641924 0.641924 2 2 0
93.7949 0.637311 0.637311 2 2 0
93.2949 0.632668 0.632668 2 2 0
92.795 0.627994 0.627994 2 2 0
92.295 0.623291 0.623291 2 2 0
91.795 0.61856 0.61856 2 2 0
91.295 0.6138 0.6138 2 2 0
90.795 0.609013 0.609013 2 2 0
90.2951 0.6042 0.6042 2 2 0
89.7951 0.59936 0.59936 2 2 0
89.2951 0.594496 0.594496 2 2 0
88.7951 0.589608 0.589608 2 2 0
88.2952 0.584696 0.584696 2 2 0
87.7952 0.579762 0.579762 2 2 0
87.2952 0.574806 0.574806 2 2 0
86.7952 0.56983 0.56983 2 2 0
86.2953 0.564834 0.564834 2 2 0
85.7953 0.559819 0.559819 2 2 0
85.2953 0.554787 0.554787 2 2 0
84.7954 0.549738 0.549738 2 2 0
84.2954 0.544673 0.544673 2 2 0
83.7954 0.539594 0.539594 2 2 0
83.2954 0.534501 0.534501 2 2 0
82.7955 0.529395 0.529395 2 2 0
82.2955 0.524278 0.524278 2 2 0
81.7955 0.519151 0.519151 2 2 0
81.2955 0.514015 0.514015 2 2 0
80.7956 0.508871 0.508871 2 2 0
80.2956 0.503721 0.503721 2 2 0
79.7956 0.498565 0.498565 2 2 0
79.2957 0.493404 0.493404 2 2 0
78.7957 0.488241 0.488241 2 2 0
78.2957 0.483076 0.483076 2 2 0
77.7957 0.477911 0.477911 2 2 0
77.2958 0.472747 0.472747 2 2 0
76.7958 0.467584 0.467584 2 2 0
76.2958 0.462426 0.462426 2 2 0
75.7959 0.457272 0.457272 2 2 0
75.2959 0.452125 0.452125 2 2 0
74.7959 0.446985 0.446985 2 2 0
74.296 0.441854 0.441854 2 2 0
73.796 0.436734 0.436734 2 2 0
73.296 0.431625 0.431625 2 2 0
72.796 0.42653 0.42653 2 2 0
72.2961 0.42145 0.42145 2 2 0
71.7961 0.416385 0.416385 2 2 0
71.2961 0.411338 0.411338 2 2 0
70.7962 0.40631 0.40631 2 2 0
70.2962 0.401302 0.401302 2 2 0
69.7962 0.396317 0.396317 2 2 0
69.2962 0.391354 0.391354 2 2 0
68.7963 0.386417 0.386417 2 2 0
68.2963 0.381505 0.381505 2 2 0
67.7963 0.376622 0.376622 2 2 0
67.2964 0.371767 0.371767 2 2 0
66.7964 0.366943 0.366943 2 2 0
66.2964 0.362151 0.362151 2 2 0
65.7965 0.357393 0.357393 2 2 0
65.2965 0.352669 0.352669 2 2 0
64.7965 0.347982 0.347982 2 2 0
64.2965 0.343332 0.343332 2 2 0
63.7966 0.338722 0.338722 2 2 0
63.2966 0.334153 0.334153 2 2 0
62.7966 0.329625 0.329625 2 2 0
62.2967 0.325141 0.325141 2 2 0
61.7967 0.320701 0.320701 2 2 0
61.2967 0.316307 0.316307 2 2 0
60.7967 0.311961 0.311961 2 2 0
60.2968 0.307663 0.307663 2 2 0
59.7968 0.303415 0.303415 2 2 0
59.2968 0.299218 0.299218 2 2 0
58.7969 0.295074 0.295074 2 2 0
58.2969 0.290982 0.290982 2 2 0
57.7969 0.286946 0.286946 2 2 0
57.6429 0.285713 0.285713 1 2 0
57.6429 0.285713 0.285713 2 3 0
59.812 0.285714 0.285714 1 3 0
59.8171 0.285714 0.285714 1 3 0
59.8196 0.285714 0.285714 1 3 0
59.8246 0.285714 0.285714 1 3 0
59.8346 0.285714 0.285714 1 3 0
59.8546 0.285714 0.285714 1 3 0
59.8946 0.285714 0.285714 1 3 0
59.9746 0.285714 0.285714 1 3 0
60.1346 0.285714 0.285714 1 3 0
60.4546 0.285714 0.285714 1 3 0
60.9546 0.285714 0.285714 1 3 0
61.4546 0.285714 0.285714 1 3 0
61.9546 0.285714 0.285714 1 3 0
62.4546 0.285714 0.285714 1 3 0
62.9546 0.285714 0.285714 1 3 0
63.4546 0.285714 0.285714 1 3 0
63.9546 0.285714 0.285714 1 3 0
64.4546 0.285714 0.285714 1 3 0
64.9546 0.285714 0.285714 1 3 0
65.4546 0.285714 0.285714 1 3 0
65.9546 0.285714 0.285714 1 3 0
66.4546 0.285714 0.285714 1 3 0
66.9546 0.285714 0.285714 1 3 0
67.4546 0.285714 0.285714 1 3 0
67.9546 0.285714 0.285714 1 3 0
68.4546 0.285714 0.285714 1 3 0
68.9546 0.285714 0.285714 1 3 0
69.4546 0.285714 0.285714 1 3 0
69.9546 0.285714 0.285714 1 3 0
70.4546 0.285714 0.285714 1 3 0
70.9546 0.285714 0.285714 1 3 0
71.4546 0.285714 0.285714 1 3 0
71.9546 0.285714 0.285714 1 3 0
72.4546 0.285714 0.285714 1 3 0
72.9546 0.285714 0.285714 1 3 0
73.4546 0.285714 0.285714 1 3 0
73.9546 0.285714 0.285714 1 3 0
74.4546 0.285714 0.285714 1 3 0
74.9546 0.285714 0.285714 1 3 0
75.4546 0.285714 0.285714 1 3 0
75.9546 0.285714 0.285714 1 3 0
76.4546 0.285714 0.285714 1 3 0
76.9546 0.285714 0.285714 1 3 0
77.4546 0.285714 0.285714 1 3 0
77.9546 0.285714 0.285714 1 3 0
78.4546 0.285714 0.285714 1 3 0
78.9546 0.285714 0.285714 1 3 0
79.4546 0.285714 0.285714 1 3 0
79.9546 0.285714 0.285714 1 3 0
80.4546 0.285714 0.285714 1 3 0
80.9546 0.285714 0.285714 1 3 0
81.4546 0.285714 0.285714 1 3 0
81.9546 0.285714 0.285714 1 3 0
82.4546 0.285714 0.285714 1 3 0
82.9546 0.285714 0.285714 1 3 0
83.4546 0.285714 0.285714 1 3 0
83.9546 0.285714 0.285714 1 3 0
84.4546 0.285714 0.285714 1 3 0
84.9546 0.285714 0.285714 1 3 0
85.4546 0.285714 0.285714 1 3 0
85.9546 0.285714 0.285714 1 3 0
86.4546 0.285714 0.285714 1 3 0
86.9546 0.285714 0.285714 1 3 0
87.4546 0.285714 0.285714 1 3 0
87.9546 0.285714 0.285714 1 3 0
88.4546 0.285714 0.285714 1 3 0
88.9546 0.285714 0.285714 1 3 0
89.4546 0.285714 0.285714 1 3 0
89.9546 0.285714 0.285714 1 3 0
90.4546 0.285714 0.285714 1 3 0
90.9546 0.285714 0.285714 1 3 0
91.4546 0.285714 0.285714 1 3 0
91.9546 0.285714 0.285714 1 3 0
92.4546 0.285714 0.285714 1 3 0
92.9546 0.285714 0.285714 1 3 0
93.4546 0.285714 0.285714 1 3 0
93.9546 0.285714 0.285714 1 3 0
94.4546 0.285714 0.285714 1 3 0
94.9546 0.285714 0.285714 1 3 0
95.4546 0.285714 0.285714 1 3 0
95.9546 0.285714 0.285714 1 3 0
96.4546 0.285714 0.285714 1 3 0
96.9546 0.285714 0.285714 1 3 0
97.4546 0.285714 0.285714 1 3 0
97.9546 0.285714 0.285714 1 3 0
98.4546 0.285714 0.285714 1 3 0
98.9546 0.285714 0.285714 1 3 0
99.4546 0.285714 0.285714 1 3 0
99.9546 0.285714 0.285714 1 3 0
100.455 0.285714 0.285714 1 3 0
100.955 0.285714 0.285714 1 3 0
101.455 0.285714 0.285714 1 3 0
101.955 0.285714 0.285714 1 3 0
102.455 0.285714 0.285714 1 3 0
102.955 0.285714 0.285714 1 3 0
103.455 0.285714 0.285714 1 3 0
103.955 0.285714 0.285714 1 3 0
104.455 0.285714 0.285714 1 3 0
104.955 0.285714 0.285714 1 3 0
105.455 0.285714 0.285714 1 3 0
105.955 0.285714 0.285714 1 3 0
106.455 0.285714 0.285714 1 3 0
106.955 0.285714 0.285714 1 3 0
107.455 0.285714 0.285714 1 3 0
107.955 0.285714 0.285714 1 3 0
108.455 0.285714 0.285714 1 3 0
108.955 0.285714 0.285714 1 3 0
109.455 0.285714 0.285714 1 3 0
109.955 0.285714 0.285714 1 3 0
110.455 0.285714 0.285714 1 3 0
110.955 0.285714 0.285714 1 3 0
111.455 0.285714 0.285714 1 3 0
111.955 0.285714 0.285714 1 3 0
112.455 0.285714 0.285714 1 3 0
112.955 0.285714 0.285714 1 3 0
113.455 0.285714 0.285714 1 3 0
113.955 0.285714 0.285714 1 3 0
114.455 0.285714 0.285714 1 3 0
114.955 0.285714 0.285714 1 3 0
115.455 0.285714 0.285714 1 3 0
115.955 0.285714 0.285714 1 3 0
116.455 0.285714 0.285714 1 3 0
116.955 0.285714 0.285714 1 3 0
117.455 0.285714 0.285714 1 3 0
117.955 0.285714 0.285714 1 3 0
118.455 0.285714 0.285714 1 3 0
118.955 0.285714 0.285714 1 3 0
119.455 0.285714 0.285714 1 3 0
119.955 0.285714 0.285714 1 3 0
120.455 0.285714 0.285714 1 3 0
120.955 0.285714 0.285714 1 3 0
121.455 0.285714 0.285714 1 3 0
121.955 0.285714 0.285714 1 3 0
122.455 0.285714 0.285714 1 3 0
122.955 0.285714 0.285714 1 3 0
123.455 0.285714 0.285714 1 3 0
123.955 0.285714 0.285714 1 3 0
124.455 0.285714 0.285714 1 3 0
124.955 0.285714 0.285714 1 3 0
125.455 0.285714 0.285714 1 3 0
125.955 0.285714 0.285714 1 3 0
126.455 0.285714 0.285714 1 3 0
126.955 0.285714 0.285714 1 3 0
127.455 0.285714 0.285714 1 3 0
127.955 0.285714 0.285714 1 3 0
128.455 0.285714 0.285714 1 3 0
128.955 0.285714 0.285714 1 3 0
129.455 0.285714 0.285714 1 3 0
129.955 0.285714 0.285714 1 3 0
130.455 0.285714 0.285714 1 3 0
130.955 0.285714 0.285714 1 3 0
131.455 0.285714 0.285714 1 3 0
131.955 0.285714 0.285714 1 3 0
132.455 0.285714 0.285714 1 3 0
132.955 0.285714 0.285714 1 3 0
133.455 0.285714 0.285714 1 3 0
133.955 0.285714 0.285714 1 3 0
134.455 0.285714 0.285714 1 3 0
134.955 0.285714 0.285714 1 3 0
135.455 0.285714 0.285714 1 3 0
135.955 0.285714 0.285714 1 3 0
136.455 0.285714 0.285714 1 3 0
136.955 0.285714 0.285714 1 3 0
137.455 0.285714 0.285714 1 3 0
137.955 0.285714 0.285714 1 3 0
138.455 0.285714 0.285714 1 3 0
138.955 0.285714 0.285714 1 3 0
139.455 0.285714 0.285714 1 3 0
139.955 0.285714 0.285714 1 3 0
140.455 0.285714 0.285714 1 3 0
140.955 0.285714 0.285714 1 3 0
141.455 0.285714 0.285714 1 3 0
141.955 0.285714 0.285714 1 3 0
142.455 0.285714 0.285714 1 3 0
142.955 0.285714 0.285714 1 3 0
143.455 0.285714 0.285714 1 3 0
143.955 0.285714 0.285714 1 3 0
144.455 0.285714 0.285714 1 3 0
144.955 0.285714 0.285714 1 3 0
145.455 0.285714 0.285714 1 3 0
145.955 0.285714 0.285714 1 3 0
146.455 0.285714 0.285714 1 3 0
146.955 0.285714 0.285714 1 3 0
147.455 0.285714 0.285714 1 3 0
147.955 0.285714 0.285714 1 3 0
148.455 0.285714 0.285714 1 3 0
148.955 0.285714 0.285714 1 3 0
149.455 0.285714 0.285714 1 3 0
149.955 0.285714 0.285714 1 3 0
150.455 0.285714 0.285714 1 3 0
150.955 0.285714 0.285714 1 3 0
151.455 0.285714 0.285714 1 3 0
151.955 0.285714 0.285714 1 3 0
152.455 0.285714 0.285714 1 3 0
152.955 0.285714 0.285714 1 3 0
153.455 0.285714 0.285714 1 3 0
153.955 0.285714 0.285714 1 3 0
154.455 0.285714 0.285714 1 3 0
154.955 0.285714 0.285714 1 3 0
57.6429 0.285713 0.285713 2 3 0
55.4627 0.285714 0.285714 1 3 0
55.4575 0.285714 0.285714 2 3 0
55.455 0.285714 0.285714 2 3 0
55.45 0.285714 0.285714 2 3 0
55.44 0.285714 0.285714 2 3 0
55.42 0.285714 0.285714 2 3 0
55.38 0.285714 0.285714 2 3 0
55.3 0.285714 0.285714 2 3 0
55.14 0.285714 0.285714 2 3 0
54.82 0.285714 0.285714 2 3 0
54.32 0.285714 0.285714 2 3 0
53.82 0.285714 0.285714 2 3 0
53.32 0.285714 0.285714 2 3 0
52.82 0.285714 0.285714 2 3 0
52.32 0.285714 0.285714 2 3 0
51.82 0.285714 0.285714 2 3 0
51.32 0.285714 0.285714 2 3 0
50.82 0.285714 0.285714 2 3 0
50.32 0.285714 0.285714 2 3 0
49.82 0.285714 0.285714 2 3 0
49.32 0.285714 0.285714 2 3 0
48.82 0.285714 0.285714 2 3 0
48.32 0.285714 0.285714 2 3 0
47.82 0.285714 0.285714 2 3 0
47.32 0.285714 0.285714 2 3 0
46.82 0.285714 0.285714 2 3 0
46.32 0.285714 0.285714 2 3 0
45.82 0.285714 0.285714 2 3 0
45.32 0.285714 0.285714 2 3 0
44.82 0.285714 0.285714 2 3 0
44.32 0.285714 0.285714 2 3 0
43.82 0.285714 0.285714 2 3 0
43.32 0.285714 0.285714 2 3 0
42.82 0.285714 0.285714 2 3 0
42.32 0.285714 0.285714 2 3 0
41.82 0.285714 0.285714 2 3 0
41.32 0.285714 0.285714 2 3 0
40.82 0.285714 0.285714 2 3 0
40.32 0.285714 0.285714 2 3 0
39.8201 0.285714 0.285714 2 3 0
39.3201 0.285714 0.285714 2 3 0
38.8201 0.285714 0.285714 2 3 0
38.3201 0.285714 0.285714 2 3 0
37.8201 0.285714 0.285714 2 3 0
37.3201 0.285714 0.285714 2 3 0
36.8201 0.285714 0.285714 2 3 0
36.3201 0.285714 0.285714 2 3 0
35.8201 0.285714 0.285714 2 3 0
35.3201 0.285714 0.285714 2 3 0
34.8201 0.285714 0.285714 2 3 0
34.3201 0.285714 0.285714 2 3 0
33.8201 0.285714 0.285714 2 3 0
33.3201 0.285714 0.285714 2 3 0
32.8201 0.285714 0.285714 2 3 0
32.3201 0.285714 0.285714 2 3 0
31.8201 0.285714 0.285714 2 3 0
31.3201 0.285714 0.285714 2 3 0
30.8201 0.285714 0.285714 2 3 0
30.3201 0.285714 0.285714 2 3 0
29.8201 0.285714 0.285714 2 3 0
29.3201 0.285714 0.285714 2 3 0
28.8201 0.285714 0.285714 2 3 0
28.3202 0.285714 0.285714 2 3 0
27.8202 0.285714 0.285714 2 3 0
27.3202 0.285714 0.285714 2 3 0
26.8202 0.285714 0.285714 2 3 0
26.3202 0.285714 0.285714 2 3 0
25.8202 0.285714 0.285714 2 3 0
25.3202 0.285714 0.285714 2 3 0
24.8202 0.285714 0.285714 2 3 0
24.3202 0.285714 0.285714 2 3 0
23.8202 0.285714 0.285714 2 3 0
23.3202 0.285714 0.285714 2 3 0
22.8202 0.285714 0.285714 2 3 0
22.3202 0.285714 0.285714 2 3 0
21.8202 0.285714 0.285714 2 3 0
21.3203 0.285714 0.285714 2 3 0
20.8203 0.285714 0.285714 2 3 0
20.3203 0.285714 0.285714 2 3 0
19.8203 0.285714 0.285714 2 3 0
19.3203 0.285714 0.285714 2 3 0
18.8203 0.285714 0.285714 2 3 0
18.3203 0.285714 0.285714 2 3 0
17.8203 0.285714 0.285714 2 3 0
17.3203 0.285714 0.285714 2 3 0
16.8204 0.285714 0.285714 2 3 0
16.3204 0.285714 0.285714 2 3 0
15.8204 0.285714 0.285714 2 3 0
15.3204 0.285714 0.285714 2 3 0
14.8204 0.285714 0.285714 2 3 0
14.3204 0.285714 0.285714 2 3 0
13.8204 0.285714 0.285714 2 3 0
13.3205 0.285714 0.285714 2 3 0
12.8205 0.285714 0.285714 2 3 0
12.3205 0.285714 0.285714 2 3 0
11.8205 0.285714 0.285714 2 3 0
11.3205 0.285714 0.285714 2 3 0
10.8205 0.285714 0.285714 2 3 0
10.3206 0.285714 0.285714 2 3 0
9.82058 0.285714 0.285714 2 3 0
9.32061 0.285714 0.285714 2 3 0
8.82063 0.285714 0.285714 2 3 0
8.32065 0.285714 0.285714 2 3 0
7.82068 0.285714 0.285714 2 3 0
7.3207 0.285714 0.285714 2 3 0
6.82073 0.285714 0.285714 2 3 0
6.32076 0.285714 0.285714 2 3 0
5.82079 0.285714 0.285714 2 3 0
5.32082 0.285714 0.285714 2 3 0
4.82085 0.285714 0.285714 2 3 0
4.32088 0.285714 0.285714 2 3 0
3.82091 0.285714 0.285714 2 3 0
3.32095 0.285714 0.285714 2 3 0
2.82099 0.285714 0.285714 2 3 0
2.32102 0.285714 0.285714 2 3 0
1.82106 0.285714 0.285714 2 3 0
1.32111 0.285714 0.285714 2 3 0
0.82115 0.285714 0.285714 2 3 0
0.321195 0.285714 0.285714 2 3 0
-0.178757 0.285714 0.285714 2 3 0
154.934 0.947397 0.947397 2 2 0
154.974 0.94747 0.94747 2 2 0
155.014 0.947543 0.947543 2 2 0
155.094 0.94769 0.94769 2 2 0
155.254 0.947981 0.947981 2 2 0
155.574 0.948558 0.948558 2 2 0
156.074 0.949448 0.949448 2 2 0
156.574 0.950324 0.950324 2 2 0
157.074 0.951184 0.951184 2 2 0
157.574 0.952031 0.952031 2 2 0
158.074 0.952863 0.952863 2 2 0
158.574 0.953681 0.953681 2 2 0
159.074 0.954485 0.954485 2 2 0
159.574 0.955276 0.955276 2 2 0
160.074 0.956054 0.956054 2 2 0
160.574 0.956818 0.956818 2 2 0
161.074 0.957569 0.957569 2 2 0
161.574 0.958308 0.958308 2 2 0
162.074 0.959034 0.959034 2 2 0
162.574 0.959748 0.959748 2 2 0
163.074 0.96045 0.96045 2 2 0
163.574 0.96114 0.96114 2 2 0
164.074 0.961819 0.961819 2 2 0
164.574 0.962485 0.962485 2 2 0
165.074 0.963141 0.963141 2 2 0
165.574 0.963785 0.963785 2 2 0
166.074 0.964418 0.964418 2 2 0
166.574 0.96504 0.96504 2 2 0
167.074 0.965652 0.965652 2 2 0
167.574 0.966253 0.966253 2 2 0
168.074 0.966844 0.966844 2 2 0
168.574 0.967425 0.967425 2 2 0
169.074 0.967996 0.967996 2 2 0
169.574 0.968557 0.968557 2 2 0
170.074 0.969109 0.969109 2 2 0
170.574 0.969651 0.969651 2 2 0
171.074 0.970183 0.970183 2 2 0
171.574 0.970707 0.970707 2 2 0
172.074 0.971221 0.971221 2 2 0
172.574 0.971727 0.971727 2 2 0
173.074 0.972224 0.972224 2 2 0
173.574 0.972712 0.972712 2 2 0
174.074 0.973192 0.973192 2 2 0
174.574 0.973663 0.973663 2 2 0
175.074 0.974127 0.974127 2 2 0
175.574 0.974582 0.974582 2 2 0
176.074 0.97503 0.97503 2 2 0
176.574 0.975469 0.975469 2 2 0
177.074 0.975902 0.975902 2 2 0
177.574 0.976326 0.976326 2 2 0
178.074 0.976743 0.976743 2 2 0
178.574 0.977153 0.977153 2 2 0
179.074 0.977556 0.977556 2 2 0
179.574 0.977952 0.977952 2 2 0
180.074 0.978341 0.978341 2 2 0
180.574 0.978723 0.978723 2 2 0
181.074 0.979099 0.979099 2 2 0
181.574 0.979468 0.979468 2 2 0
182.074 0.97983 0.97983 2 2 0
182.574 0.980187 0.980187 2 2 0
183.074 0.980537 0.980537 2 2 0
183.574 0.980881 0.980881 2 2 0
184.074 0.981218 0.981218 2 2 0
184.574 0.98155 0.98155 2 2 0
185.074 0.981877 0.981877 2 2 0
185.574 0.982197 0.982197 2 2 0
186.074 0.982512 0.982512 2 2 0
186.574 0.982821 0.982821 2 2 0
187.074 0.983125 0.983125 2 2 0
187.574 0.983424 0.983424 2 2 0
188.074 0.983717 0.983717 2 2 0
188.574 0.984005 0.984005 2 2 0
189.074 0.984289 0.984289 2 2 0
189.574 0.984567 0.984567 2 2 0
190.074 0.98484 0.98484 2 2 0
190.574 0.985109 0.985109 2 2 0
191.074 0.985373 0.985373 2 2 0
191.574 0.985632 0.985632 2 2 0
192.074 0.985886 0.985886 2 2 0
192.574 0.986136 0.986136 2 2 0
193.074 0.986382 0.986382 2 2 0
193.574 0.986624 0.986624 2 2 0
194.074 0.986861 0.986861 2 2 0
194.574 0.987094 0.987094 2 2 0
195.074 0.987323 0.987323 2 2 0
195.574 0.987548 0.987548 2 2 0
196.074 0.987768 0.987768 2 2 0
196.574 0.987985 0.987985 2 2 0
197.074 0.988199 0.988199 2 2 0
197.574 0.988408 0.988408 2 2 0
198.074 0.988614 0.988614 2 2 0
198.574 0.988816 0.988816 2 2 0
199.074 0.989014 0.989014 2 2 0
199.574 0.98921 0.98921 2 2 0
200.074 0.989401 0.989401 2 2 0
200.574 0.989589 0.989589 2 2 0
201.074 0.989774 0.989774 2 2 0
201.574 0.989956 0.989956 2 2 0
202.074 0.990134 0.990134 2 2 0
202.574 0.99031 0.99031 2 2 0
203.074 0.990482 0.990482 2 2 0
203.574 0.990651 0.990651 2 2 0
204.074 0.990817 0.990817 2 2 0
204.574 0.99098 0.99098 2 2 0
205.074 0.99114 0.99114 2 2 0
205.574 0.991298 0.991298 2 2 0
206.074 0.991453 0.991453 2 2 0
206.574 0.991604 0.991604 2 2 0
207.074 0.991754 0.991754 2 2 0
207.574 0.9919 0.9919 2 2 0
208.074 0.992044 0.992044 2 2 0
208.574 0.992186 0.992186 2 2 0
209.074 0.992325 0.992325 2 2 0
209.574 0.992461 0.992461 2 2 0
210.074 0.992595 0.992595 2 2 0
210.574 0.992727 0.992727 2 2 0
211.074 0.992856 0.992856 2 2 0
211.574 0.992984 0.992984 2 2 0
212.074 0.993108 0.993108 2 2 0
212.574 0.993231 0.993231 2 2 0
213.074 0.993351 0.993351 2 2 0
213.574 0.99347 0.99347 2 2 0
214.074 0.993586 0.993586 2 2 0
214.574 0.9937 0.9937 2 2 0
215.074 0.993812 0.993812 2 2 0
215.574 0.993922 0.993922 2 2 0
216.074 0.99403 0.99403 2 2 0
216.574 0.994137 0.994137 2 2 0
217.074 0.994241 0.994241 2 2 0
217.574 0.994344 0.994344 2 2 0
218.074 0.994444 0.994444 2 2 0
218.574 0.994543 0.994543 2 2 0
219.074 0.99464 0.99464 2 2 0
219.574 0.994736 0.994736 2 2 0
220.074 0.99483 0.99483 2 2 0
220.574 0.994922 0.994922 2 2 0
221.074 0.995012 0.995012 2 2 0
221.574 0.995101 0.995101 2 2 0
222.074 0.995188 0.995188 2 2 0
222.574 0.995274 0.995274 2 2 0
223.074 0.995358 0.995358 2 2 0
223.574 0.995441 0.995441 2 2 0
224.074 0.995522 0.995522 2 2 0
224.574 0.995602 0.995602 2 2 0
225.074 0.99568 0.99568 2 2 0
225.574 0.995757 0.995757 2 2 0
226.074 0.995832 0.995832 2 2 0
226.574 0.995907 0.995907 2 2 0
227.074 0.99598 0.99598 2 2 0
227.574 0.996051 0.996051 2 2 0
228.074 0.996122 0.996122 2 2 0
228.574 0.996191 0.996191 2 2 0
229.074 0.996259 0.996259 2 2 0
229.574 0.996325 0.996325 2 2 0
230.074 0.996391 0.996391 2 2 0
230.574 0.996455 0.996455 2 2 0
231.074 0.996518 0.996518 2 2 0
231.574 0.99658 0.99658 2 2 0
232.074 0.996641 0.996641 2 2 0
232.574 0.996701 0.996701 2 2 0
233.074 0.99676 0.99676 2 2 0
233.574 0.996818 0.996818 2 2 0
234.074 0.996874 0.996874 2 2 0
234.574 0.99693 0.99693 2 2 0
235.074 0.996985 0.996985 2 2 0
235.574 0.997038 0.997038 2 2 0
236.074 0.997091 0.997091 2 2 0
236.574 0.997143 0.997143 2 2 0
237.074 0.997194 0.997194 2 2 0
237.574 0.997244 0.997244 2 2 0
238.074 0.997293 0.997293 2 2 0
238.574 0.997341 0.997341 2 2 0
239.074 0.997389 0.997389 2 2 0
239.574 0.997435 0.997435 2 2 0
240.074 0.997481 0.997481 2 2 0
240.574 0.997526 0.997526 2 2 0
241.074 0.99757 0.99757 2 2 0
241.574 0.997613 0.997613 2 2 0
242.074 0.997656 0.997656 2 2 0
242.574 0.997698 0.997698 2 2 0
243.074 0.997739 0.997739 2 2 0
243.574 0.997779 0.997779 2 2 0
244.074 0.997819 0.997819 2 2 0
244.574 0.997858 0.997858 2 2 0
245.074 0.997896 0.997896 2 2 0
245.574 0.997933 0.997933 2 2 0
246.074 0.99797 0.99797 2 2 0
246.574 0.998006 0.998006 2 2 0
247.074 0.998042 0.998042 2 2 0
247.574 0.998077 0.998077 2 2 0
248.074 0.998111 0.998111 2 2 0
248.574 0.998145 0.998145 2 2 0
249.074 0.998178 0.998178 2 2 0
249.574 0.99821 0.99821 2 2 0
250.074 0.998242 0.998242 2 2 0
250.574 0.998274 0.998274 2 2 0
251.074 0.998304 0.998304 2 2 0
251.574 0.998335 0.998335 2 2 0
252.074 0.998364 0.998364 2 2 0
252.574 0.998393 0.998393 2 2 0
252.574 0.998393 0.998393 2 2 0
252.614 0.998396 0.998396 2 2 0
252.654 0.998398 0.998398 2 2 0
252.734 0.998403 0.998403 2 2 0
252.894 0.998412 0.998412 2 2 0
253.214 0.99843 0.99843 2 2 0
253.714 0.998458 0.998458 2 2 0
254.214 0.998485 0.998485 2 2 0
254.714 0.998512 0.998512 2 2 0
255.214 0.998539 0.998539 2 2 0
255.714 0.998565 0.998565 2 2 0
256.214 0.998591 0.998591 2 2 0
256.714 0.998616 0.998616 2 2 0
257.214 0.99864 0.99864 2 2 0
257.714 0.998665 0.998665 2 2 0
258.214 0.998689 0.998689 2 2 0
258.714 0.998712 0.998712 2 2 0
259.214 0.998735 0.998735 2 2 0
259.714 0.998757 0.998757 2 2 0
260.214 0.99878 0.99878 2 2 0
260.714 0.998801 0.998801 2 2 0
261.214 0.998823 0.998823 2 2 0
261.714 0.998844 0.998844 2 2 0
262.214 0.998864 0.998864 2 2 0
262.714 0.998885 0.998885 2 2 0
263.214 0.998905 0.998905 2 2 0
263.714 0.998924 0.998924 2 2 0
264.214 0.998943 0.998943 2 2 0
264.714 0.998962 0.998962 2 2 0
265.214 0.998981 0.998981 2 2 0
265.714 0.998999 0.998999 2 2 0
266.214 0.999017 0.999017 2 2 0
266.714 0.999034 0.999034 2 2 0
267.214 0.999051 0.999051 2 2 0
267.714 0.999068 0.999068 2 2 0
268.214 0.999085 0.999085 2 2 0
268.714 0.999101 0.999101 2 2 0
269.214 0.999117 0.999117 2 2 0
269.714 0.999133 0.999133 2 2 0
270.214 0.999149 0.999149 2 2 0
270.714 0.999164 0.999164 2 2 0
271.214 0.999179 0.999179 2 2 0
271.714 0.999193 0.999193 2 2 0
272.214 0.999208 0.999208 2 2 0
272.714 0.999222 0.999222 2 2 0
273.214 0.999236 0.999236 2 2 0
273.714 0.999249 0.999249 2 2 0
274.214 0.999263 0.999263 2 2 0
274.714 0.999276 0.999276 2 2 0
275.214 0.999289 0.999289 2 2 0
275.714 0.999301 0.999301 2 2 0
276.214 0.999314 0.999314 2 2 0
276.714 0.999326 0.999326 2 2 0
277.214 0.999338 0.999338 2 2 0
277.714 0.99935 0.99935 2 2 0
278.214 0.999362 0.999362 2 2 0
278.714 0.999373 0.999373 2 2 0
279.214 0.999384 0.999384 2 2 0
279.714 0.999395 0.999395 2 2 0
280.214 0.999406 0.999406 2 2 0
280.714 0.999417 0.999417 2 2 0
281.214 0.999427 0.999427 2 2 0
281.714 0.999437 0.999437 2 2 0
282.214 0.999447 0.999447 2 2 0
282.714 0.999457 0.999457 2 2 0
283.214 0.999467 0.999467 2 2 0
283.714 0.999476 0.999476 2 2 0
284.214 0.999486 0.999486 2 2 0
284.714 0.999495 0.999495 2 2 0
285.214 0.999504 0.999504 2 2 0
285.714 0.999513 0.999513 2 2 0
286.214 0.999521 0.999521 2 2 0
286.714 0.99953 0.99953 2 2 0
287.214 0.999538 0.999538 2 2 0
287.714 0.999546 0.999546 2 2 0
288.214 0.999555 0.999555 2 2 0
288.714 0.999563 0.999563 2 2 0
289.214 0.99957 0.99957 2 2 0
289.714 0.999578 0.999578 2 2 0
290.214 0.999586 0.999586 2 2 0
290.714 0.999593 0.999593 2 2 0
291.214 0.9996 0.9996 2 2 0
291.714 0.999607 0.999607 2 2 0
292.214 0.999614 0.999614 2 2 0
292.714 0.999621 0.999621 2 2 0
293.214 0.999628 0.999628 2 2 0
293.714 0.999635 0.999635 2 2 0
294.214 0.999641 0.999641 2 2 0
294.714 0.999647 0.999647 2 2 0
295.214 0.999654 0.999654 2 2 0
295.714 0.99966 0.99966 2 2 0
296.214 0.999666 0.999666 2 2 0
296.714 0.999672 0.999672 2 2 0
297.214 0.999678 0.999678 2 2 0
297.714 0.999684 0.999684 2 2 0
298.214 0.999689 0.999689 2 2 0
298.714 0.999695 0.999695 2 2 0
299.214 0.9997 0.9997 2 2 0
299.714 0.999706 0.999706 2 2 0
300.214 0.999711 0.999711 2 2 0
300.714 0.999716 0.999716 2 2 0
301.214 0.999721 0.999721 2 2 0
301.714 0.999726 0.999726 2 2 0
302.214 0.999731 0.999731 2 2 0
302.714 0.999736 0.999736 2 2 0
303.214 0.99974 0.99974 2 2 0
303.714 0.999745 0.999745 2 2 0
304.214 0.99975 0.99975 2 2 0
304.714 0.999754 0.999754 2 2 0
305.214 0.999758 0.999758 2 2 0
305.714 0.999763 0.999763 2 2 0
306.214 0.999767 0.999767 2 2 0
306.714 0.999771 0.999771 2 2 0
307.214 0.999775 0.999775 2 2 0
307.714 0.999779 0.999779 2 2 0
308.214 0.999783 0.999783 2 2 0
308.714 0.999787 0.999787 2 2 0
309.214 0.999791 0.999791 2 2 0
309.714 0.999795 0.999795 2 2 0
310.214 0.999798 0.999798 2 2 0
310.714 0.999802 0.999802 2 2 0
311.214 0.999805 0.999805 2 2 0
311.714 0.999809 0.999809 2 2 0
312.214 0.999812 0.999812 2 2 0
312.714 0.999816 0.999816 2 2 0
313.214 0.999819 0.999819 2 2 0
313.714 0.999822 0.999822 2 2 0
314.214 0.999825 0.999825 2 2 0
314.714 0.999828 0.999828 2 2 0
315.214 0.999831 0.999831 2 2 0
315.714 0.999834 0.999834 2 2 0
316.214 0.999837 0.999837 2 2 0
316.714 0.99984 0.99984 2 2 0
317.214 0.999843 0.999843 2 2 0
317.714 0.999846 0.999846 2 2 0
318.214 0.999849 0.999849 2 2 0
318.714 0.999851 0.999851 2 2 0
319.214 0.999854 0.999854 2 2 0
319.714 0.999857 0.999857 2 2 0
320.214 0.999859 0.999859 2 2 0
320.714 0.999862 0.999862 2 2 0
321.214 0.999864 0.999864 2 2 0
321.714 0.999867 0.999867 2 2 0
322.214 0.999869 0.999869 2 2 0
322.714 0.999871 0.999871 2 2 0
323.214 0.999874 0.999874 2 2 0
323.714 0.999876 0.999876 2 2 0
324.214 0.999878 0.999878 2 2 0
324.714 0.99988 0.99988 2 2 0
325.214 0.999882 0.999882 2 2 0
325.714 0.999885 0.999885 2 2 0
326.214 0.999887 0.999887 2 2 0
326.714 0.999889 0.999889 2 2 0
327.214 0.999891 0.999891 2 2 0
327.714 0.999893 0.999893 2 2 0
328.214 0.999894 0.999894 2 2 0
328.714 0.999896 0.999896 2 2 0
329.214 0.999898 0.999898 2 2 0
329.714 0.9999 0.9999 2 2 0
330.214 0.999902 0.999902 2 2 0
330.714 0.999904 0.999904 2 2 0
331.214 0.999905 0.999905 2 2 0
331.714 0.999907 0.999907 2 2 0
332.214 0.999909 0.999909 2 2 0
332.714 0.99991 0.99991 2 2 0
333.214 0.999912 0.999912 2 2 0
333.714 0.999913 0.999913 2 2 0
334.214 0.999915 0.999915 2 2 0
334.714 0.999916 0.999916 2 2 0
335.214 0.999918 0.999918 2 2 0
335.714 0.999919 0.999919 2 2 0
336.214 0.999921 0.999921 2 2 0
336.714 0.999922 0.999922 2 2 0
337.214 0.999924 0.999924 2 2 0
337.714 0.999925 0.999925 2 2 0
338.214 0.999926 0.999926 2 2 0
338.714 0.999928 0.999928 2 2 0
339.214 0.999929 0.999929 2 2 0
339.714 0.99993 0.99993 2 2 0
340.214 0.999931 0.999931 2 2 0
340.714 0.999933 0.999933 2 2 0
341.214 0.999934 0.999934 2 2 0
341.714 0.999935 0.999935 2 2 0
342.214 0.999936 0.999936 2 2 0
342.714 0.999937 0.999937 2 2 0
343.214 0.999938 0.999938 2 2 0
343.714 0.99994 0.99994 2 2 0
344.214 0.999941 0.999941 2 2 0
344.714 0.999942 0.999942 2 2 0
345.214 0.999943 0.999943 2 2 0
345.714 0.999944 0.999944 2 2 0
346.214 0.999945 0.999945 2 2 0
346.714 0.999946 0.999946 2 2 0
347.214 0.999947 0.999947 2 2 0
347.714 0.999948 0.999948 2 2 0
348.214 0.999949 0.999949 2 2 0
348.714 0.99995 0.99995 2 2 0
349.214 0.99995 0.99995 2 2 0
349.714 0.999951 0.999951 2 2 0
350.214 0.999952 0.999952 2 2 0
350.214 0.999952 0.999952 2 2 0
350.254 0.999952 0.999952 2 2 0
350.294 0.999952 0.999952 2 2 0
350.374 0.999952 0.999952 2 2 0
350.534 0.999953 0.999953 2 2 0
350.854 0.999953 0.999953 2 2 0
351.354 0.999954 0.999954 2 2 0
351.854 0.999955 0.999955 2 2 0
352.354 0.999956 0.999956 2 2 0
352.854 0.999957 0.999957 2 2 0
353.354 0.999957 0.999957 2 2 0
353.854 0.999958 0.999958 2 2 0
354.354 0.999959 0.999959 2 2 0
354.854 0.99996 0.99996 2 2 0
355.354 0.99996 0.99996 2 2 0
355.854 0.999961 0.999961 2 2 0
356.354 0.999962 0.999962 2 2 0
356.854 0.999962 0.999962 2 2 0
357.354 0.999963 0.999963 2 2 0
357.854 0.999964 0.999964 2 2 0
358.354 0.999964 0.999964 2 2 0
358.854 0.999965 0.999965 2 2 0
359.354 0.999966 0.999966 2 2 0
359.854 0.999966 0.999966 2 2 0
360.354 0.999967 0.999967 2 2 0
360.854 0.999967 0.999967 2 2 0
361.354 0.999968 0.999968 2 2 0
361.854 0.999969 0.999969 2 2 0
362.354 0.999969 0.999969 2 2 0
362.854 0.99997 0.99997 2 2 0
363.354 0.99997 0.99997 2 2 0
363.854 0.999971 0.999971 2 2 0
364.354 0.999971 0.999971 2 2 0
364.854 0.999972 0.999972 2 2 0
365.354 0.999972 0.999972 2 2 0
365.854 0.999973 0.999973 2 2 0
366.354 0.999973 0.999973 2 2 0
366.854 0.999974 0.999974 2 2 0
367.354 0.999974 0.999974 2 2 0
367.854 0.999975 0.999975 2 2 0
368.354 0.999975 0.999975 2 2 0
368.854 0.999976 0.999976 2 2 0
369.354 0.999976 0.999976 2 2 0
369.854 0.999976 0.999976 2 2 0
370.354 0.999977 0.999977 2 2 0
370.854 0.999977 0.999977 2 2 0
371.354 0.999978 0.999978 2 2 0
371.854 0.999978 0.999978 2 2 0
372.354 0.999978 0.999978 2 2 0
372.854 0.999979 0.999979 2 2 0
373.354 0.999979 0.999979 2 2 0
373.854 0.99998 0.99998 2 2 0
374.354 0.99998 0.99998 2 2 0
374.854 0.99998 0.99998 2 2 0
375.354 0.999981 0.999981 2 2 0
375.854 0.999981 0.999981 2 2 0
376.354 0.999981 0.999981 2 2 0
376.854 0.999982 0.999982 2 2 0
377.354 0.999982 0.999982 2 2 0
377.854 0.999982 0.999982 2 2 0
378.354 0.999983 0.999983 2 2 0
378.854 0.999983 0.999983 2 2 0
379.354 0.999983 0.999983 2 2 0
379.854 0.999984 0.999984 2 2 0
380.354 0.999984 0.999984 2 2 0
380.854 0.999984 0.999984 2 2 0
381.354 0.999984 0.999984 2 2 0
381.854 0.999985 0.999985 2 2 0
382.354 0.999985 0.999985 2 2 0
382.854 0.999985 0.999985 2 2 0
383.354 0.999986 0.999986 2 2 0
383.854 0.999986 0.999986 2 2 0
384.354 0.999986 0.999986 2 2 0
384.854 0.999986 0.999986 2 2 0
385.354 0.999987 0.999987 2 2 0
385.854 0.999987 0.999987 2 2 0
386.354 0.999987 0.999987 2 2 0
386.854 0.999987 0.999987 2 2 0
387.354 0.999987 0.999987 2 2 0
387.854 0.999988 0.999988 2 2 0
388.354 0.999988 0.999988 2 2 0
388.854 0.999988 0.999988 2 2 0
389.354 0.999988 0.999988 2 2 0
389.854 0.999989 0.999989 2 2 0
390.354 0.999989 0.999989 2 2 0
390.854 0.999989 0.999989 2 2 0
391.354 0.999989 0.999989 2 2 0
391.854 0.999989 0.999989 2 2 0
392.354 0.99999 0.99999 2 2 0
392.854 0.99999 0.99999 2 2 0
393.354 0.99999 0.99999 2 2 0
393.854 0.99999 0.99999 2 2 0
394.354 0.99999 0.99999 2 2 0
394.854 0.99999 0.99999 2 2 0
395.354 0.999991 0.999991 2 2 0
395.854 0.999991 0.999991 2 2 0
396.354 0.999991 0.999991 2 2 0
396.854 0.999991 0.999991 2 2 0
397.354 0.999991 0.999991 2 2 0
397.854 0.999991 0.999991 2 2 0
398.354 0.999992 0.999992 2 2 0
398.854 0.999992 0.999992 2 2 0
399.354 0.999992 0.999992 2 2 0
399.854 0.999992 0.999992 2 2 0
400.354 0.999992 0.999992 2 2 0
400.854 0.999992 0.999992 2 2 0
401.354 0.999992 0.999992 2 2 0
401.854 0.999993 0.999993 2 2 0
402.354 0.999993 0.999993 2 2 0
402.854 0.999993 0.999993 2 2 0
403.354 0.999993 0.999993 2 2 0
403.854 0.999993 0.999993 2 2 0
404.354 0.999993 0.999993 2 2 0
404.854 0.999993 0.999993 2 2 0
405.354 0.999993 0.999993 2 2 0
405.854 0.999994 0.999994 2 2 0
406.354 0.999994 0.999994 2 2 0
406.854 0.999994 0.999994 2 2 0
407.354 0.999994 0.999994 2 2 0
407.854 0.999994 0.999994 2 2 0
408.354 0.999994 0.999994 2 2 0
408.854 0.999994 0.999994 2 2 0
409.354 0.999994 0.999994 2 2 0
409.854 0.999994 0.999994 2 2 0
410.354 0.999995 0.999995 2 2 0
410.854 0.999995 0.999995 2 2 0
411.354 0.999995 0.999995 2 2 0
411.854 0.999995 0.999995 2 2 0
412.354 0.999995 0.999995 2 2 0
412.854 0.999995 0.999995 2 2 0
413.354 0.999995 0.999995 2 2 0
413.854 0.999995 0.999995 2 2 0
414.354 0.999995 0.999995 2 2 0
414.854 0.999995 0.999995 2 2 0
415.354 0.999995 0.999995 2 2 0
415.854 0.999996 0.999996 2 2 0
416.354 0.999996 0.999996 2 2 0
416.854 0.999996 0.999996 2 2 0
417.354 0.999996 0.999996 2 2 0
417.854 0.999996 0.999996 2 2 0
418.354 0.999996 0.999996 2 2 0
418.854 0.999996 0.999996 2 2 0
419.354 0.999996 0.999996 2 2 0
419.854 0.999996 0.999996 2 2 0
420.354 0.999996 0.999996 2 2 0
420.854 0.999996 0.999996 2 2 0
421.354 0.999996 0.999996 2 2 0
421.854 0.999996 0.999996 2 2 0
422.354 0.999996 0.999996 2 2 0
422.854 0.999997 0.999997 2 2 0
423.354 0.999997 0.999997 2 2 0
423.854 0.999997 0.999997 2 2 0
424.354 0.999997 0.999997 2 2 0
424.854 0.999997 0.999997 2 2 0
425.354 0.999997 0.999997 2 2 0
425.854 0.999997 0.999997 2 2 0
426.354 0.999997 0.999997 2 2 0
426.854 0.999997 0.999997 2 2 0
427.354 0.999997 0.999997 2 2 0
427.854 0.999997 0.999997 2 2 0
428.354 0.999997 0.999997 2 2 0
428.854 0.999997 0.999997 2 2 0
429.354 0.999997 0.999997 2 2 0
429.854 0.999997 0.999997 2 2 0
430.354 0.999997 0.999997 2 2 0
430.854 0.999997 0.999997 2 2 0
431.354 0.999997 0.999997 2 2 0
431.854 0.999997 0.999997 2 2 0
432.354 0.999998 0.999998 2 2 0
432.854 0.999998 0.999998 2 2 0
433.354 0.999998 0.999998 2 2 0
433.854 0.999998 0.999998 2 2 0
434.354 0.999998 0.999998 2 2 0
434.854 0.999998 0.999998 2 2 0
435.354 0.999998 0.999998 2 2 0
435.854 0.999998 0.999998 2 2 0
436.354 0.999998 0.999998 2 2 0
436.854 0.999998 0.999998 2 2 0
437.354 0.999998 0.999998 2 2 0
437.854 0.999998 0.999998 2 2 0
438.354 0.999998 0.999998 2 2 0
438.854 0.999998 0.999998 2 2 0
439.354 0.999998 0.999998 2 2 0
439.854 0.999998 0.999998 2 2 0
440.354 0.999998 0.999998 2 2 0
440.854 0.999998 0.999998 2 2 0
441.354 0.999998 0.999998 2 2 0
441.854 0.999998 0.999998 2 2 0
442.354 0.999998 0.999998 2 2 0
442.854 0.999998 0.999998 2 2 0
443.354 0.999998 0.999998 2 2 0
443.854 0.999998 0.999998 2 2 0
444.354 0.999998 0.999998 2 2 0
444.854 0.999998 0.999998 2 2 0
445.354 0.999998 0.999998 2 2 0
445.854 0.999998 0.999998 2 2 0
446.354 0.999998 0.999998 2 2 0
446.854 0.999999 0.999999 2 2 0
447.354 0.999999 0.999999 2 2 0
447.854 0.999999 0.999999 2 2 0
447.854 0.999999 0.999999 2 2 0
447.894 0.999999 0.999999 2 2 0
447.934 0.999999 0.999999 2 2 0
448.014 0.999999 0.999999 2 2 0
448.174 0.999999 0.999999 2 2 0
448.494 0.999999 0.999999 2 2 0
448.994 0.999999 0.999999 2 2 0
449.494 0.999999 0.999999 2 2 0
449.994 0.999999 0.999999 2 2 0
450.494 0.999999 0.999999 2 2 0
450.994 0.999999 0.999999 2 2 0
451.494 0.999999 0.999999 2 2 0
451.994 0.999999 0.999999 2 2 0
452.494 0.999999 0.999999 2 2 0
452.994 0.999999 0.999999 2 2 0
453.494 0.999999 0.999999 2 2 0
453.994 0.999999 0.999999 2 2 0
454.494 0.999999 0.999999 2 2 0
454.994 0.999999 0.999999 2 2 0
455.494 0.999999 0.999999 2 2 0
455.994 0.999999 0.999999 2 2 0
456.494 0.999999 0.999999 2 2 0
456.994 0.999999 0.999999 2 2 0
457.494 0.999999 0.999999 2 2 0
457.994 0.999999 0.999999 2 2 0
458.494 0.999999 0.999999 2 2 0
458.994 0.999999 0.999999 2 2 0
459.494 0.999999 0.999999 2 2 0
459.994 0.999999 0.999999 2 2 0
460.494 0.999999 0.999999 2 2 0
460.994 0.999999 0.999999 2 2 0
461.494 0.999999 0.999999 2 2 0
461.994 0.999999 0.999999 2 2 0
462.494 0.999999 0.999999 2 2 0
462.994 0.999999 0.999999 2 2 0
463.494 0.999999 0.999999 2 2 0
463.994 0.999999 0.999999 2 2 0
464.494 0.999999 0.999999 2 2 0
464.994 0.999999 0.999999 2 2 0
465.494 0.999999 0.999999 2 2 0
465.994 0.999999 0.999999 2 2 0
466.494 0.999999 0.999999 2 2 0
466.994 0.999999 0.999999 2 2 0
467.494 0.999999 0.999999 2 2 0
467.994 0.999999 0.999999 2 2 0
468.494 0.999999 0.999999 2 2 0
468.994 0.999999 0.999999 2 2 0
469.494 0.999999 0.999999 2 2 0
469.994 0.999999 0.999999 2 2 0
470.494 0.999999 0.999999 2 2 0
470.994 0.999999 0.999999 2 2 0
471.494 0.999999 0.999999 2 2 0
471.994 0.999999 0.999999 2 2 0
472.494 0.999999 0.999999 2 2 0
472.994 0.999999 0.999999 2 2 0
473.494 0.999999 0.999999 2 2 0
473.994 0.999999 0.999999 2 2 0
474.494 0.999999 0.999999 2 2 0
474.994 0.999999 0.999999 2 2 0
475.494 0.999999 0.999999 2 2 0
475.994 0.999999 0.999999 2 2 0
476.494 0.999999 0.999999 2 2 0
476.994 1 1 2 2 0
477.494 1 1 2 2 0
477.994 1 1 2 2 0
478.494 1 1 2 2 0
478.994 1 1 2 2 0
479.494 1 1 2 2 0
479.994 1 1 2 2 0
480.494 1 1 2 2 0
480.994 1 1 2 2 0
481.494 1 1 2 2 0
481.994 1 1 2 2 0
482.494 1 1 2 2 0
482.994 1 1 2 2 0
483.494 1 1 2 2 0
483.994 1 1 2 2 0
484.494 1 1 2 2 0
484.994 1 1 2 2 0
485.494 1 1 2 2 0
485.994 1 1 2 2 0
486.494 1 1 2 2 0
486.994 1 1 2 2 0
487.494 1 1 2 2 0
487.994 1 1 2 2 0
488.494 1 1 2 2 0
488.994 1 1 2 2 0
489.494 1 1 2 2 0
489.994 1 1 2 2 0
490.494 1 1 2 2 0
490.994 1 1 2 2 0
491.494 1 1 2 2 0
491.994 1 1 2 2 0
492.494 1 1 2 2 0
492.994 1 1 2 2 0
493.494 1 1 2 2 0
493.994 1 1 2 2 0
494.494 1 1 2 2 0
494.994 1 1 2 2 0
495.494 1 1 2 2 0
495.994 1 1 2 2 0
496.494 1 1 2 2 0
496.994 1 1 2 2 0
497.494 1 1 2 2 0
497.994 1 1 2 2 0
498.494 1 1 2 2 0
498.994 1 1 2 2 0
499.494 1 1 2 2 0
499.994 1 1 2 2 0
500.494 1 1 2 2 0
500.994 1 1 2 2 0
501.494 1 1 2 2 0
501.994 1 1 2 2 0
502.494 1 1 2 2 0
502.994 1 1 2 2 0
503.494 1 1 2 2 0
503.994 1 1 2 2 0
504.494 1 1 2 2 0
504.994 1 1 2 2 0
505.494 1 1 2 2 0
505.994 1 1 2 2 0
506.494 1 1 2 2 0
506.994 1 1 2 2 0
507.494 1 1 2 2 0
507.994 1 1 2 2 0
508.494 1 1 2 2 0
508.994 1 1 2 2 0
509.494 1 1 2 2 0
509.994 1 1 2 2 0
510.494 1 1 2 2 0
510.994 1 1 2 2 0
511.494 1 1 2 2 0
511.994 1 1 2 2 0
512.494 1 1 2 2 0
512.994 1 1 2 2 0
513.494 1 1 2 2 0
513.994 1 1 2 2 0
514.494 1 1 2 2 0
514.994 1 1 2 2 0
515.494 1 1 2 2 0
515.994 1 1 2 2 0
516.494 1 1 2 2 0
516.994 1 1 2 2 0
517.494 1 1 2 2 0
517.994 1 1 2 2 0
518.494 1 1 2 2 0
518.994 1 1 2 2 0
519.494 1 1 2 2 0
519.994 1 1 2 2 0
520.494 1 1 2 2 0
520.994 1 1 2 2 0
521.494 1 1 2 2 0
521.994 1 1 2 2 0
522.494 1 1 2 2 0
522.994 1 1 2 2 0
523.494 1 1 2 2 0
523.994 1 1 2 2 0
524.494 1 1 2 2 0
524.994 1 1 2 2 0
525.494 1 1 2 2 0
525.994 1 1 2 2 0
526.494 1 1 2 2 0
526.994 1 1 2 2 0
527.494 1 1 2 2 0
527.994 1 1 2 2 0
528.494 1 1 2 2 0
528.994 1 1 2 2 0
529.494 1 1 2 2 0
529.994 1 1 2 2 0
530.494 1 1 2 2 0
530.994 1 1 2 2 0
531.494 1 1 2 2 0
531.994 1 1 2 2 0
532.494 1 1 2 2 0
532.994 1 1 2 2 0
533.494 1 1 2 2 0
533.994 1 1 2 2 0
534.494 1 1 2 2 0
534.994 1 1 2 2 0
535.494 1 1 2 2 0
535.994 1 1 2 2 0
536.494 1 1 2 2 0
536.994 1 1 2 2 0
537.494 1 1 2 2 0
537.994 1 1 2 2 0
538.494 1 1 2 2 0
538.994 1 1 2 2 0
539.494 1 1 2 2 0
539.994 1 1 2 2 0
540.494 1 1 2 2 0
540.994 1 1 2 2 0
541.494 1 1 2 2 0
541.994 1 1 2 2 0
542.494 1 1 2 2 0
542.994 1 1 2 2 0
543.494 1 1 2 2 0
543.994 1 1 2 2 0
544.494 1 1 2 2 0
544.994 1 1 2 2 0
545.494 1 1 2 2 0
545.494 1 1 2 2 0
545.534 1 1 2 2 0
545.574 1 1 2 2 0
545.654 1 1 2 2 0
545.814 1 1 2 2 0
546.134 1 1 2 2 0
546.634 1 1 2 2 0
547.134 1 1 2 2 0
547.634 1 1 2 2 0
548.134 1 1 2 2 0
548.634 1 1 2 2 0
549.134 1 1 2 2 0
549.634 1 1 2 2 0
550.134 1 1 2 2 0
550.634 1 1 2 2 0
551.134 1 1 2 2 0
551.634 1 1 2 2 0
552.134 1 1 2 2 0
552.634 1 1 2 2 0
553.134 1 1 2 2 0
553.634 1 1 2 2 0
554.134 1 1 2 2 0
554.634 1 1 2 2 0
555.134 1 1 2 2 0
555.634 1 1 2 2 0
556.134 1 1 2 2 0
556.634 1 1 2 2 0
557.134 1 1 2 2 0
557.634 1 1 2 2 0
558.134 1 1 2 2 0
558.634 1 1 2 2 0
559.134 1 1 2 2 0
559.634 1 1 2 2 0
560.134 1 1 2 2 0
560.634 1 1 2 2 0
561.134 1 1 2 2 0
561.634 1 1 2 2 0
562.134 1 1 2 2 0
562.634 1 1 2 2 0
563.134 1 1 2 2 0
563.634 1 1 2 2 0
564.134 1 1 2 2 0
564.634 1 1 2 2 0
565.134 1 1 2 2 0
565.634 1 1 2 2 0
566.134 1 1 2 2 0
566.634 1 1 2 2 0
567.134 1 1 2 2 0
567.634 1 1 2 2 0
568.134 1 1 2 2 0
568.634 1 1 2 2 0
569.134 1 1 2 2 0
569.634 1 1 2 2 0
570.134 1 1 2 2 0
570.634 1 1 2 2 0
571.134 1 1 2 2 0
571.634 1 1 2 2 0
572.134 1 1 2 2 0
572.634 1 1 2 2 0
573.134 1 1 2 2 0
573.634 1 1 2 2 0
574.134 1 1 2 2 0
574.634 1 1 2 2 0
575.134 1 1 2 2 0
575.634 1 1 2 2 0
576.134 1 1 2 2 0
576.634 1 1 2 2 0
577.134 1 1 2 2 0
577.634 1 1 2 2 0
578.134 1 1 2 2 0
578.634 1 1 2 2 0
579.134 1 1 2 2 0
579.634 1 1 2 2 0
580.134 1 1 2 2 0
580.634 1 1 2 2 0
581.134 1 1 2 2 0
581.634 1 1 2 2 0
582.134 1 1 2 2 0
582.634 1 1 2 2 0
583.134 1 1 2 2 0
583.634 1 1 2 2 0
584.134 1 1 2 2 0
584.634 1 1 2 2 0
585.134 1 1 2 2 0
585.634 1 1 2 2 0
586.134 1 1 2 2 0
586.634 1 1 2 2 0
587.134 1 1 2 2 0
587.634 1 1 2 2 0
588.134 1 1 2 2 0
588.634 1 1 2 2 0
589.134 1 1 2 2 0
589.634 1 1 2 2 0
590.134 1 1 2 2 0
590.634 1 1 2 2 0
591.134 1 1 2 2 0
591.634 1 1 2 2 0
592.134 1 1 2 2 0
592.634 1 1 2 2 0
593.134 1 1 2 2 0
593.634 1 1 2 2 0
594.134 1 1 2 2 0
594.634 1 1 2 2 0
595.134 1 1 2 2 0
595.634 1 1 2 2 0
596.134 1 1 2 2 0
596.634 1 1 2 2 0
597.134 1 1 2 2 0
597.634 1 1 2 2 0
598.134 1 1 2 2 0
598.634 1 1 2 2 0
599.134 1 1 2 2 0
599.634 1 1 2 2 0
600.134 1 1 2 2 0
600.634 1 1 2 2 0
601.134 1 1 2 2 0
601.634 1 1 2 2 0
602.134 1 1 2 2 0
602.634 1 1 2 2 0
603.134 1 1 2 2 0
603.634 1 1 2 2 0
604.134 1 1 2 2 0
604.634 1 1 2 2 0
605.134 1 1 2 2 0
605.634 1 1 2 2 0
606.134 1 1 2 2 0
606.634 1 1 2 2 0
607.134 1 1 2 2 0
607.634 1 1 2 2 0
608.134 1 1 2 2 0
608.634 1 1 2 2 0
609.134 1 1 2 2 0
609.634 1 1 2 2 0
610.134 1 1 2 2 0
610.634 1 1 2 2 0
611.134 1 1 2 2 0
611.634 1 1 2 2 0
612.134 1 1 2 2 0
612.634 1 1 2 2 0
613.134 1 1 2 2 0
613.634 1 1 2 2 0
614.134 1 1 2 2 0
614.634 1 1 2 2 0
615.134 1 1 2 2 0
615.634 1 1 2 2 0
616.134 1 1 2 2 0
616.634 1 1 2 2 0
617.134 1 1 2 2 0
617.634 1 1 2 2 0
618.134 1 1 2 2 0
618.634 1 1 2 2 0
619.134 1 1 2 2 0
619.634 1 1 2 2 0
620.134 1 1 2 2 0
620.634 1 1 2 2 0
621.134 1 1 2 2 0
621.634 1 1 2 2 0
622.134 1 1 2 2 0
622.634 1 1 2 2 0
623.134 1 1 2 2 0
623.634 1 1 2 2 0
624.134 1 1 2 2 0
624.634 1 1 2 2 0
625.134 1 1 2 2 0
625.634 1 1 2 2 0
626.134 1 1 2 2 0
626.634 1 1 2 2 0
627.134 1 1 2 2 0
627.634 1 1 2 2 0
628.134 1 1 2 2 0
628.634 1 1 2 2 0
629.134 1 1 2 2 0
629.634 1 1 2 2 0
630.134 1 1 2 2 0
630.634 1 1 2 2 0
631.134 1 1 2 2 0
631.634 1 1 2 2 0
632.134 1 1 2 2 0
632.634 1 1 2 2 0
633.134 1 1 2 2 0
633.634 1 1 2 2 0
634.134 1 1 2 2 0
634.634 1 1 2 2 0
635.134 1 1 2 2 0
635.634 1 1 2 2 0
636.134 1 1 2 2 0
636.634 1 1 2 2 0
637.134 1 1 2 2 0
637.634 1 1 2 2 0
638.134 1 1 2 2 0
638.634 1 1 2 2 0
639.134 1 1 2 2 0
639.634 1 1 2 2 0
640.134 1 1 2 2 0
640.634 1 1 2 2 0
641.134 1 1 2 2 0
641.634 1 1 2 2 0
642.134 1 1 2 2 0
642.634 1 1 2 2 0
643.134 1 1 2 2 0
