300 0.454513 0.132192 4 1 0
300.02 0.454555 0.132218 3 1 0
300.05 0.454567 0.132216 3 1 0
300.095 0.454547 0.132093 3 1 0
300.163 0.454574 0.132082 3 1 0
300.264 0.454614 0.132067 3 1 0
300.416 0.454674 0.132049 3 1 0
300.644 0.454762 0.132017 3 1 0
300.985 0.454895 0.13197 3 1 0
301.485 0.455087 0.131889 3 1 0
301.985 0.455279 0.131821 3 1 0
302.485 0.45547 0.131754 3 1 0
302.985 0.455661 0.131715 3 1 0
303.485 0.45585 0.131649 3 1 0
303.985 0.456039 0.131584 3 1 0
304.485 0.456228 0.131493 3 1 0
304.985 0.456415 0.131428 3 1 0
305.485 0.456602 0.131363 3 1 0
305.985 0.456787 0.131312 3 1 0
306.485 0.456973 0.131247 3 1 0
306.985 0.457157 0.131183 3 1 0
307.485 0.457342 0.131101 3 1 0
307.985 0.457525 0.131038 3 1 0
308.485 0.457708 0.130976 3 1 0
308.985 0.457888 0.130931 3 1 0
309.485 0.458069 0.130869 3 1 0
309.985 0.458249 0.130807 3 1 0
310.485 0.45843 0.130732 3 1 0
310.985 0.458608 0.130671 3 1 0
311.485 0.458787 0.130611 3 1 0
311.985 0.458964 0.130578 3 1 0
312.485 0.45914 0.130518 3 1 0
312.985 0.459316 0.130458 3 1 0
313.485 0.459492 0.130374 3 1 0
313.985 0.459667 0.130316 3 1 0
314.485 0.459841 0.130258 3 1 0
314.985 0.460014 0.13025 3 1 0
315.485 0.460186 0.130192 3 1 0
315.985 0.460358 0.130134 3 1 0
316.485 0.46053 0.13004 3 1 0
316.985 0.460701 0.129984 3 1 0
317.485 0.460871 0.129927 3 1 0
317.985 0.46104 0.129908 3 1 0
318.485 0.461208 0.129852 3 1 0
318.985 0.461376 0.129796 3 1 0
319.485 0.461544 0.129715 3 1 0
319.985 0.461711 0.12966 3 1 0
320.485 0.461877 0.129606 3 1 0
320.985 0.462042 0.129582 3 1 0
321.485 0.462207 0.129529 3 1 0
321.985 0.462371 0.129475 3 1 0
322.485 0.462536 0.129398 3 1 0
322.985 0.462699 0.129345 3 1 0
323.485 0.462861 0.129293 3 1 0
323.985 0.463022 0.12926 3 1 0
324.485 0.463184 0.129209 3 1 0
324.985 0.463344 0.129158 3 1 0
325.485 0.463505 0.129094 3 1 0
325.985 0.463664 0.129043 3 1 0
326.485 0.463823 0.128992 3 1 0
326.985 0.463981 0.128942 3 1 0
327.485 0.464138 0.128892 3 1 0
327.985 0.464295 0.128843 3 1 0
328.485 0.464452 0.128793 3 1 0
328.985 0.464608 0.128744 3 1 0
329.485 0.464764 0.128695 3 1 0
329.985 0.464918 0.128651 3 1 0
330.485 0.465072 0.128603 3 1 0
330.985 0.465226 0.128556 3 1 0
331.485 0.465379 0.128497 3 1 0
331.985 0.465532 0.12845 3 1 0
332.485 0.465684 0.128403 3 1 0
332.985 0.465835 0.128345 3 1 0
333.485 0.465985 0.128299 3 1 0
333.985 0.466136 0.128253 3 1 0
334.485 0.466286 0.128205 3 1 0
334.985 0.466435 0.12816 3 1 0
335.485 0.466583 0.128115 3 1 0
335.985 0.46673 0.128064 3 1 0
336.485 0.466878 0.128019 3 1 0
336.985 0.467025 0.127974 3 1 0
337.485 0.467171 0.12793 3 1 0
337.985 0.467316 0.127886 3 1 0
338.485 0.467461 0.127843 3 1 0
338.985 0.467603 0.127799 3 1 0
339.485 0.467747 0.127756 3 1 0
339.985 0.46789 0.127713 3 1 0
340.485 0.468032 0.127695 3 1 0
340.985 0.468174 0.127651 3 1 0
341.485 0.468315 0.127608 3 1 0
341.985 0.468456 0.127578 3 1 0
342.485 0.468597 0.127535 3 1 0
342.985 0.468739 0.127493 3 1 0
343.485 0.468891 0.127421 3 1 0
343.985 0.469031 0.127379 3 1 0
344.485 0.469171 0.127338 3 1 0
344.985 0.469295 0.127312 3 1 0
345.485 0.469435 0.127272 3 1 0
345.985 0.469574 0.127232 3 1 0
346.485 0.469719 0.127173 3 1 0
346.985 0.469854 0.127133 3 1 0
347.485 0.469989 0.127093 3 1 0
347.985 0.470115 0.127059 3 1 0
348.485 0.470251 0.12702 3 1 0
348.985 0.470387 0.126981 3 1 0
349.485 0.470526 0.126962 3 1 0
349.985 0.470657 0.126925 3 1 0
350.485 0.470788 0.126889 3 1 0
350.985 0.470843 0.126847 3 1 0
351.485 0.470982 0.126812 3 1 0
351.985 0.47112 0.126778 3 1 0
352.485 0.471332 0.126735 3 1 0
352.985 0.471464 0.126697 3 1 0
353.485 0.471595 0.12666 3 1 0
353.985 0.471727 0.126596 3 1 0
354.485 0.471855 0.12656 3 1 0
354.985 0.471982 0.126524 3 1 0
355.485 0.472054 0.126497 3 1 0
355.985 0.472188 0.126459 3 1 0
356.485 0.472321 0.126421 3 1 0
356.985 0.472506 0.12639 3 1 0
357.485 0.472633 0.126354 3 1 0
357.985 0.47276 0.126319 3 1 0
358.485 0.472883 0.126273 3 1 0
358.985 0.473009 0.126238 3 1 0
359.485 0.473133 0.126204 3 1 0
359.985 0.473257 0.126167 3 1 0
360.485 0.473382 0.126133 3 1 0
360.985 0.473507 0.126098 3 1 0
361.485 0.473634 0.126062 3 1 0
361.985 0.473759 0.126028 3 1 0
362.485 0.473883 0.125994 3 1 0
362.985 0.474016 0.125972 3 1 0
363.485 0.474138 0.125939 3 1 0
363.985 0.47426 0.125905 3 1 0
364.485 0.474379 0.125865 3 1 0
364.985 0.4745 0.125832 3 1 0
365.485 0.47462 0.1258 3 1 0
365.985 0.474733 0.125774 3 1 0
366.485 0.474851 0.12574 3 1 0
366.985 0.474968 0.125706 3 1 0
367.485 0.475098 0.125683 3 1 0
367.985 0.475218 0.125652 3 1 0
368.485 0.475337 0.12562 3 1 0
368.985 0.475456 0.125573 3 1 0
369.485 0.475574 0.125542 3 1 0
369.985 0.475691 0.12551 3 1 0
370.485 0.475803 0.125477 3 1 0
370.985 0.475918 0.125447 3 1 0
371.485 0.476032 0.125416 3 1 0
371.985 0.476153 0.125389 3 1 0
372.485 0.476269 0.125358 3 1 0
372.985 0.476384 0.125328 3 1 0
373.485 0.476496 0.125289 3 1 0
373.985 0.47661 0.125259 3 1 0
374.485 0.476723 0.125229 3 1 0
374.985 0.476798 0.1252 3 1 0
375.485 0.476912 0.125171 3 1 0
375.985 0.477035 0.125142 3 1 0
376.485 0.47717 0.125126 3 1 0
376.985 0.477284 0.125097 3 1 0
377.485 0.477397 0.125069 3 1 0
377.985 0.477533 0.125022 3 1 0
378.485 0.477644 0.124993 3 1 0
378.985 0.477754 0.124964 3 1 0
379.485 0.477846 0.124936 3 1 0
379.985 0.477957 0.124908 3 1 0
380.485 0.478067 0.124879 3 1 0
380.985 0.478176 0.124858 3 1 0
381.485 0.478289 0.124829 3 1 0
381.985 0.478401 0.1248 3 1 0
382.485 0.478497 0.124803 3 1 0
382.985 0.478605 0.124774 3 1 0
383.485 0.478712 0.124744 3 1 0
383.985 0.478829 0.124703 3 1 0
384.485 0.478937 0.124676 3 1 0
384.985 0.479045 0.124648 3 1 0
385.485 0.479157 0.124604 3 1 0
385.985 0.479266 0.124576 3 1 0
386.485 0.479373 0.124549 3 1 0
386.985 0.479455 0.124542 3 1 0
387.485 0.479558 0.124517 3 1 0
387.985 0.479662 0.124491 3 1 0
388.485 0.479786 0.124446 3 1 0
388.985 0.479889 0.12442 3 1 0
389.485 0.479993 0.124395 3 1 0
389.985 0.480108 0.124365 3 1 0
390.485 0.480211 0.12434 3 1 0
390.985 0.480314 0.124314 3 1 0
391.485 0.480422 0.124288 3 1 0
391.985 0.480526 0.124263 3 1 0
392.485 0.480629 0.124238 3 1 0
392.985 0.480743 0.12423 3 1 0
393.485 0.480844 0.124205 3 1 0
393.985 0.480945 0.12418 3 1 0
394.485 0.481034 0.124138 3 1 0
394.985 0.481135 0.124114 3 1 0
395.485 0.481237 0.124089 3 1 0
395.985 0.481333 0.124075 3 1 0
396.485 0.481433 0.124051 3 1 0
396.485 0.481433 0.124051 4 1 0
396.505 0.481437 0.12405 3 1 0
396.535 0.481443 0.124049 3 1 0
396.58 0.481441 0.124037 3 1 0
396.648 0.481454 0.124033 3 1 0
396.749 0.481475 0.124029 3 1 0
396.952 0.481531 0.124021 3 1 0
397.255 0.481591 0.124006 3 1 0
397.711 0.481682 0.123983 3 1 0
398.211 0.481529 0.124003 3 1 0
398.711 0.481631 0.123977 3 1 0
399.211 0.481731 0.123951 3 1 0
399.711 0.482073 0.1239 3 1 0
400.211 0.482174 0.123875 3 1 0
400.711 0.482274 0.12385 3 1 0
401.211 0.482337 0.123816 3 1 0
401.711 0.482432 0.123793 3 1 0
402.211 0.482527 0.12377 3 1 0
402.711 0.482651 0.123751 3 1 0
403.211 0.482747 0.123728 3 1 0
403.711 0.482842 0.123705 3 1 0
404.211 0.48294 0.123681 3 1 0
404.711 0.483036 0.123659 3 1 0
405.211 0.483132 0.123636 3 1 0
405.711 0.483204 0.123611 3 1 0
406.211 0.483297 0.123589 3 1 0
406.711 0.48339 0.123567 3 1 0
407.211 0.483499 0.123545 3 1 0
407.711 0.483591 0.123523 3 1 0
408.211 0.483683 0.1235 3 1 0
408.711 0.483785 0.123476 3 1 0
409.211 0.483877 0.123455 3 1 0
409.711 0.48397 0.123433 3 1 0
410.211 0.484053 0.123415 3 1 0
410.711 0.484144 0.123394 3 1 0
411.211 0.484235 0.123373 3 1 0
411.711 0.484344 0.123347 3 1 0
412.211 0.484436 0.123326 3 1 0
412.711 0.484528 0.123305 3 1 0
413.211 0.484588 0.123285 3 1 0
413.711 0.484677 0.123264 3 1 0
414.211 0.484765 0.123244 3 1 0
414.711 0.484891 0.123226 3 1 0
415.211 0.484982 0.123206 3 1 0
415.711 0.485073 0.123187 3 1 0
416.211 0.485136 0.123168 3 1 0
416.711 0.485224 0.123148 3 1 0
417.211 0.485311 0.123129 3 1 0
417.711 0.485431 0.123102 3 1 0
418.211 0.485521 0.123083 3 1 0
418.711 0.48561 0.123063 3 1 0
419.211 0.485674 0.12304 3 1 0
419.711 0.48576 0.12302 3 1 0
420.211 0.485846 0.123 3 1 0
420.711 0.485957 0.122981 3 1 0
421.211 0.486045 0.122961 3 1 0
421.711 0.486133 0.122942 3 1 0
422.211 0.486308 0.122942 3 1 0
422.711 0.486401 0.122925 3 1 0
423.211 0.486491 0.122909 3 1 0
423.711 0.486485 0.122866 3 1 0
424.211 0.48657 0.122847 3 1 0
424.711 0.486655 0.122829 3 1 0
425.211 0.486709 0.122808 3 1 0
425.711 0.486794 0.122789 3 1 0
426.211 0.486879 0.12277 3 1 0
426.711 0.486989 0.12275 3 1 0
427.211 0.487073 0.122732 3 1 0
427.711 0.487157 0.122713 3 1 0
428.211 0.487199 0.122698 3 1 0
428.711 0.487281 0.122679 3 1 0
429.211 0.487363 0.122661 3 1 0
429.711 0.48749 0.122647 3 1 0
430.211 0.487574 0.122628 3 1 0
430.711 0.487657 0.12261 3 1 0
431.211 0.487715 0.12259 3 1 0
431.711 0.487797 0.122571 3 1 0
432.211 0.487878 0.122553 3 1 0
432.711 0.487987 0.122534 3 1 0
433.211 0.488068 0.122516 3 1 0
433.711 0.48815 0.122498 3 1 0
434.211 0.488215 0.122488 3 1 0
434.711 0.488297 0.122471 3 1 0
435.211 0.488379 0.122454 3 1 0
435.711 0.488477 0.122435 3 1 0
436.211 0.488557 0.122419 3 1 0
436.711 0.488636 0.122403 3 1 0
437.211 0.488727 0.12238 3 1 0
437.711 0.488806 0.122362 3 1 0
438.211 0.488885 0.122345 3 1 0
438.711 0.488959 0.122333 3 1 0
439.211 0.489038 0.122315 3 1 0
439.711 0.489116 0.122298 3 1 0
440.211 0.48917 0.122286 3 1 0
440.711 0.489249 0.122269 3 1 0
441.211 0.489326 0.122251 3 1 0
441.711 0.489429 0.122232 3 1 0
442.211 0.489505 0.122217 3 1 0
442.711 0.489581 0.122202 3 1 0
443.211 0.489666 0.122183 3 1 0
443.711 0.489743 0.122168 3 1 0
444.211 0.489819 0.122153 3 1 0
444.711 0.489887 0.122131 3 1 0
445.211 0.489962 0.122116 3 1 0
445.711 0.490038 0.1221 3 1 0
446.211 0.490108 0.122092 3 1 0
446.711 0.490178 0.122078 3 1 0
447.211 0.490247 0.122065 3 1 0
447.711 0.490328 0.122045 3 1 0
448.211 0.49041 0.12203 3 1 0
448.711 0.490491 0.122015 3 1 0
449.211 0.49054 0.121988 3 1 0
449.711 0.490615 0.121972 3 1 0
450.211 0.490689 0.121957 3 1 0
450.711 0.49081 0.12194 3 1 0
451.211 0.490887 0.121924 3 1 0
451.711 0.490963 0.121909 3 1 0
452.211 0.491057 0.1219 3 1 0
452.711 0.491124 0.121884 3 1 0
453.211 0.491191 0.121868 3 1 0
453.711 0.491233 0.121863 3 1 0
454.211 0.491306 0.121848 3 1 0
454.711 0.491378 0.121834 3 1 0
455.211 0.491478 0.121815 3 1 0
455.711 0.491551 0.1218 3 1 0
456.211 0.491624 0.121785 3 1 0
456.711 0.491686 0.121762 3 1 0
457.211 0.491758 0.121747 3 1 0
457.711 0.491829 0.121733 3 1 0
458.211 0.491929 0.121723 3 1 0
458.711 0.491999 0.121708 3 1 0
459.211 0.492068 0.121692 3 1 0
459.711 0.492088 0.121678 3 1 0
460.211 0.49216 0.121663 3 1 0
460.711 0.492233 0.121649 3 1 0
461.211 0.49231 0.121637 3 1 0
461.711 0.492386 0.121623 3 1 0
462.211 0.492463 0.12161 3 1 0
462.711 0.492554 0.121597 3 1 0
463.211 0.492625 0.121583 3 1 0
463.711 0.492696 0.12157 3 1 0
464.211 0.492748 0.121552 3 1 0
464.711 0.49282 0.121538 3 1 0
465.211 0.492891 0.121525 3 1 0
465.711 0.492973 0.121515 3 1 0
466.211 0.493042 0.1215 3 1 0
466.711 0.493111 0.121485 3 1 0
467.211 0.493164 0.121462 3 1 0
467.711 0.493237 0.121447 3 1 0
468.211 0.49331 0.121433 3 1 0
468.711 0.493465 0.121438 3 1 0
469.211 0.493529 0.12143 3 1 0
469.711 0.493586 0.121422 3 1 0
470.211 0.493586 0.12139 3 1 0
470.711 0.493657 0.121378 3 1 0
471.211 0.493731 0.121365 3 1 0
471.711 0.493781 0.121353 3 1 0
472.211 0.493849 0.12134 3 1 0
472.711 0.493917 0.121327 3 1 0
473.211 0.493983 0.121317 3 1 0
473.711 0.494052 0.121304 3 1 0
474.211 0.494121 0.121291 3 1 0
474.711 0.494167 0.121279 3 1 0
475.211 0.49423 0.121267 3 1 0
475.711 0.494291 0.121255 3 1 0
476.211 0.494369 0.121247 3 1 0
476.711 0.494436 0.121235 3 1 0
477.211 0.494502 0.121222 3 1 0
477.711 0.494584 0.1212 3 1 0
478.211 0.494655 0.121188 3 1 0
478.711 0.494725 0.121176 3 1 0
479.211 0.494759 0.121163 3 1 0
479.711 0.49481 0.121148 3 1 0
480.211 0.494872 0.121133 3 1 0
480.711 0.495059 0.121124 3 1 0
481.211 0.495115 0.121111 3 1 0
481.711 0.49517 0.121099 3 1 0
482.211 0.495183 0.121097 3 1 0
482.711 0.495245 0.121085 3 1 0
483.211 0.495308 0.121072 3 1 0
483.711 0.495377 0.121059 3 1 0
484.211 0.495442 0.121048 3 1 0
484.711 0.495506 0.121036 3 1 0
485.211 0.495566 0.121029 3 1 0
485.711 0.49563 0.121017 3 1 0
486.211 0.495694 0.121006 3 1 0
486.711 0.495744 0.120996 3 1 0
487.211 0.495807 0.120985 3 1 0
487.711 0.495869 0.120973 3 1 0
488.211 0.495812 0.120956 3 1 0
488.711 0.49587 0.120944 3 1 0
489.211 0.495928 0.120933 3 1 0
489.711 0.496111 0.120932 3 1 0
490.211 0.496174 0.120921 3 1 0
490.711 0.496237 0.120909 3 1 0
491.211 0.496346 0.120894 3 1 0
491.711 0.496408 0.120883 3 1 0
492.211 0.496471 0.120871 3 1 0
492.711 0.496502 0.120849 3 1 0
493.211 0.49657 0.120838 3 1 0
493.211 0.49657 0.120838 4 1 0
493.231 0.496579 0.120838 3 1 0
493.261 0.496589 0.120837 3 1 0
493.306 0.49665 0.120832 3 1 0
493.356 0.496646 0.120831 3 1 0
493.43 0.496642 0.120831 3 1 0
493.541 0.496618 0.120827 3 1 0
493.664 0.496632 0.120824 3 1 0
493.848 0.496653 0.12082 3 1 0
494.123 0.496708 0.120821 3 1 0
494.537 0.496761 0.120811 3 1 0
495.037 0.496824 0.1208 3 1 0
495.537 0.496878 0.120788 3 1 0
496.037 0.496935 0.120778 3 1 0
496.537 0.496992 0.120767 3 1 0
497.037 0.497035 0.120754 3 1 0
497.537 0.497095 0.120744 3 1 0
498.037 0.497154 0.120733 3 1 0
498.537 0.497236 0.120723 3 1 0
499.037 0.497299 0.120712 3 1 0
499.537 0.497361 0.120702 3 1 0
500.037 0.497387 0.120717 3 1 0
500.537 0.497456 0.120705 3 1 0
501.037 0.497524 0.120692 3 1 0
501.537 0.497587 0.120678 3 1 0
502.037 0.497642 0.120666 3 1 0
502.537 0.497697 0.120654 3 1 0
503.037 0.497821 0.120639 3 1 0
503.537 0.497869 0.120627 3 1 0
504.037 0.497918 0.120615 3 1 0
504.537 0.497951 0.120597 3 1 0
505.037 0.498007 0.120588 3 1 0
505.537 0.498062 0.120578 3 1 0
506.037 0.498148 0.120571 3 1 0
506.537 0.4982 0.12056 3 1 0
507.037 0.498256 0.12055 3 1 0
507.537 0.498293 0.120562 3 1 0
508.037 0.498352 0.120553 3 1 0
508.537 0.498411 0.120544 3 1 0
509.037 0.498466 0.120511 3 1 0
509.537 0.498523 0.120501 3 1 0
510.037 0.498581 0.120491 3 1 0
510.537 0.498651 0.120482 3 1 0
511.037 0.498706 0.120471 3 1 0
511.537 0.49876 0.120461 3 1 0
512.037 0.498792 0.120457 3 1 0
512.537 0.498848 0.120449 3 1 0
513.037 0.498913 0.12044 3 1 0
513.537 0.498886 0.120422 3 1 0
514.037 0.498944 0.120412 3 1 0
514.537 0.499002 0.120403 3 1 0
515.037 0.499156 0.120393 3 1 0
515.537 0.499218 0.120383 3 1 0
516.037 0.499277 0.120373 3 1 0
516.537 0.499324 0.120363 3 1 0
517.037 0.499386 0.120355 3 1 0
517.537 0.499447 0.120348 3 1 0
518.037 0.499545 0.120335 3 1 0
518.537 0.499594 0.120326 3 1 0
519.037 0.499644 0.120317 3 1 0
519.537 0.49966 0.120306 3 1 0
520.037 0.499714 0.120296 3 1 0
520.537 0.499768 0.120286 3 1 0
521.037 0.499873 0.120279 3 1 0
521.537 0.499921 0.120271 3 1 0
522.037 0.499969 0.120262 3 1 0
522.537 0.500006 0.120279 3 1 0
523.037 0.500061 0.12027 3 1 0
523.537 0.500116 0.12026 3 1 0
524.037 0.500176 0.120227 3 1 0
524.537 0.500227 0.120219 3 1 0
525.037 0.500279 0.12021 3 1 0
525.537 0.500331 0.120197 3 1 0
526.037 0.500381 0.120189 3 1 0
526.537 0.500431 0.120181 3 1 0
527.037 0.500533 0.120181 3 1 0
527.537 0.500582 0.120171 3 1 0
528.037 0.500643 0.12016 3 1 0
528.537 0.500667 0.120163 3 1 0
529.037 0.500721 0.120155 3 1 0
529.537 0.500774 0.120146 3 1 0
530.037 0.500824 0.12012 3 1 0
530.537 0.500875 0.120112 3 1 0
531.037 0.500923 0.120104 3 1 0
531.537 0.501082 0.120099 3 1 0
532.037 0.501113 0.120089 3 1 0
532.537 0.501145 0.120081 3 1 0
533.037 0.501089 0.120073 3 1 0
533.537 0.501136 0.120066 3 1 0
534.037 0.501183 0.120058 3 1 0
534.537 0.501304 0.120054 3 1 0
535.037 0.501356 0.120044 3 1 0
535.537 0.501406 0.120035 3 1 0
536.037 0.501407 0.120035 3 1 0
536.537 0.501433 0.120024 3 1 0
537.037 0.501448 0.120016 3 1 0
537.537 0.501649 0.119999 3 1 0
538.037 0.501681 0.119991 3 1 0
538.537 0.50172 0.119983 3 1 0
539.037 0.501615 0.119976 3 1 0
539.537 0.501666 0.119971 3 1 0
540.037 0.501719 0.119967 3 1 0
540.537 0.501922 0.119976 3 1 0
541.037 0.501974 0.119969 3 1 0
541.537 0.502025 0.119962 3 1 0
542.037 0.502044 0.119936 3 1 0
542.537 0.502098 0.119926 3 1 0
543.037 0.502158 0.119917 3 1 0
543.537 0.50222 0.119906 3 1 0
544.037 0.502276 0.1199 3 1 0
544.537 0.502331 0.119895 3 1 0
545.037 0.502413 0.119888 3 1 0
545.537 0.502455 0.119882 3 1 0
546.037 0.502498 0.119873 3 1 0
546.537 0.502521 0.119861 3 1 0
547.037 0.502578 0.119853 3 1 0
547.537 0.502634 0.119846 3 1 0
548.037 0.502706 0.119836 3 1 0
548.537 0.502764 0.119827 3 1 0
549.037 0.502816 0.119819 3 1 0
549.537 0.502828 0.119831 3 1 0
550.037 0.502878 0.119823 3 1 0
550.537 0.502928 0.119815 3 1 0
551.037 0.502957 0.119798 3 1 0
551.537 0.503011 0.119791 3 1 0
552.037 0.503064 0.119785 3 1 0
552.537 0.503137 0.119768 3 1 0
553.037 0.503187 0.119761 3 1 0
553.537 0.503237 0.119754 3 1 0
554.037 0.503287 0.119752 3 1 0
554.537 0.503338 0.119744 3 1 0
555.037 0.503389 0.119737 3 1 0
555.537 0.503441 0.119728 3 1 0
556.037 0.503491 0.119721 3 1 0
556.537 0.503539 0.119714 3 1 0
557.037 0.503587 0.119707 3 1 0
557.537 0.503636 0.1197 3 1 0
558.037 0.503685 0.119692 3 1 0
558.537 0.503734 0.119688 3 1 0
559.037 0.503783 0.119681 3 1 0
559.537 0.503831 0.119674 3 1 0
560.037 0.503892 0.119663 3 1 0
560.537 0.503937 0.119656 3 1 0
561.037 0.503982 0.11965 3 1 0
561.537 0.504028 0.11966 3 1 0
562.037 0.504076 0.119654 3 1 0
562.537 0.504123 0.119648 3 1 0
563.037 0.50416 0.11962 3 1 0
563.537 0.504209 0.119614 3 1 0
564.037 0.504257 0.119608 3 1 0
564.537 0.504354 0.119608 3 1 0
565.037 0.504401 0.119603 3 1 0
565.537 0.504441 0.119594 3 1 0
566.037 0.504417 0.119581 3 1 0
566.537 0.504464 0.119575 3 1 0
567.037 0.504512 0.119569 3 1 0
567.537 0.504558 0.119564 3 1 0
568.037 0.504612 0.119557 3 1 0
568.537 0.504664 0.11955 3 1 0
569.037 0.504753 0.119546 3 1 0
569.537 0.504795 0.119541 3 1 0
570.037 0.504836 0.119536 3 1 0
570.537 0.504785 0.119551 3 1 0
571.037 0.504836 0.119536 3 1 0
571.537 0.504884 0.119521 3 1 0
572.037 0.504994 0.119508 3 1 0
572.537 0.505041 0.119504 3 1 0
573.037 0.505087 0.1195 3 1 0
573.537 0.505225 0.119481 3 1 0
574.037 0.505244 0.119476 3 1 0
574.537 0.505264 0.119471 3 1 0
575.037 0.505246 0.119481 3 1 0
575.537 0.50529 0.119474 3 1 0
576.037 0.505333 0.119467 3 1 0
576.537 0.505419 0.119455 3 1 0
577.037 0.505458 0.119452 3 1 0
577.537 0.505492 0.11945 3 1 0
578.037 0.505621 0.119427 3 1 0
578.537 0.505775 0.119415 3 1 0
579.037 0.505855 0.119409 3 1 0
579.537 0.505672 0.119426 3 1 0
580.037 0.505717 0.11942 3 1 0
580.537 0.505761 0.119415 3 1 0
581.037 0.505821 0.119406 3 1 0
581.537 0.505868 0.1194 3 1 0
582.037 0.505913 0.119393 3 1 0
582.537 0.505942 0.119389 3 1 0
583.037 0.505973 0.119387 3 1 0
583.537 0.506001 0.119385 3 1 0
584.037 0.506056 0.11939 3 1 0
584.537 0.50611 0.119385 3 1 0
585.037 0.506162 0.119378 3 1 0
585.537 0.506249 0.119336 3 1 0
586.037 0.506301 0.11933 3 1 0
586.537 0.506354 0.119324 3 1 0
587.037 0.506347 0.119337 3 1 0
587.537 0.506394 0.11933 3 1 0
588.037 0.506442 0.119323 3 1 0
588.537 0.506514 0.119303 3 1 0
589.037 0.506551 0.119296 3 1 0
589.037 0.506551 0.119296 4 1 0
589.057 0.506546 0.119295 3 1 0
589.079 0.506541 0.119294 3 1 0
589.112 0.506545 0.119296 3 1 0
589.148 0.506548 0.119295 3 1 0
589.202 0.506553 0.119294 3 1 0
589.311 0.506565 0.119308 3 1 0
589.475 0.506579 0.119305 3 1 0
589.72 0.506601 0.119302 3 1 0
590.087 0.50664 0.119312 3 1 0
590.587 0.506684 0.119308 3 1 0
591.087 0.506728 0.119304 3 1 0
591.587 0.506766 0.119277 3 1 0
592.087 0.50681 0.119271 3 1 0
592.587 0.506853 0.119266 3 1 0
593.087 0.506899 0.119257 3 1 0
593.587 0.506942 0.119251 3 1 0
594.087 0.506986 0.119245 3 1 0
594.587 0.507026 0.119236 3 1 0
595.087 0.50707 0.11923 3 1 0
595.587 0.507113 0.119225 3 1 0
596.087 0.507156 0.119224 3 1 0
596.587 0.507199 0.119218 3 1 0
597.087 0.507242 0.119213 3 1 0
597.587 0.507282 0.119205 3 1 0
598.087 0.507324 0.1192 3 1 0
598.587 0.507367 0.119195 3 1 0
599.087 0.507407 0.119206 3 1 0
599.587 0.50745 0.119201 3 1 0
600.087 0.507492 0.119195 3 1 0
600.587 0.507538 0.119179 3 1 0
601.087 0.507578 0.119176 3 1 0
601.587 0.507619 0.119173 3 1 0
602.087 0.507698 0.119155 3 1 0
602.587 0.507745 0.119148 3 1 0
603.087 0.507787 0.119141 3 1 0
603.587 0.507788 0.11912 3 1 0
604.087 0.507831 0.119114 3 1 0
604.587 0.507874 0.119109 3 1 0
605.087 0.507947 0.119117 3 1 0
605.587 0.507985 0.119112 3 1 0
606.087 0.508022 0.119108 3 1 0
606.587 0.508021 0.119091 3 1 0
607.087 0.508065 0.119085 3 1 0
607.587 0.50811 0.119079 3 1 0
608.087 0.508198 0.11909 3 1 0
608.587 0.50823 0.119087 3 1 0
609.087 0.508263 0.119083 3 1 0
609.587 0.508279 0.119072 3 1 0
610.087 0.508323 0.119069 3 1 0
610.587 0.508366 0.119065 3 1 0
611.087 0.508421 0.119062 3 1 0
611.587 0.508461 0.119057 3 1 0
612.087 0.508501 0.119052 3 1 0
612.587 0.508516 0.119033 3 1 0
613.087 0.508562 0.119028 3 1 0
613.587 0.508606 0.119024 3 1 0
614.087 0.50873 0.119023 3 1 0
614.587 0.508751 0.119019 3 1 0
615.087 0.508779 0.119015 3 1 0
615.587 0.508775 0.119007 3 1 0
616.087 0.508812 0.119003 3 1 0
616.587 0.508849 0.118999 3 1 0
617.087 0.508936 0.119026 3 1 0
617.587 0.508973 0.119018 3 1 0
618.087 0.509009 0.119011 3 1 0
618.587 0.509025 0.118978 3 1 0
619.087 0.509064 0.118973 3 1 0
619.587 0.509102 0.118969 3 1 0
620.087 0.509162 0.118972 3 1 0
620.587 0.509197 0.118967 3 1 0
621.087 0.509234 0.118962 3 1 0
621.587 0.509243 0.118949 3 1 0
622.087 0.509284 0.118944 3 1 0
622.587 0.509325 0.118939 3 1 0
623.087 0.509361 0.11896 3 1 0
623.587 0.509387 0.118953 3 1 0
624.087 0.509417 0.118945 3 1 0
624.587 0.509452 0.118918 3 1 0
625.087 0.509494 0.118912 3 1 0
625.587 0.509537 0.118907 3 1 0
626.087 0.509623 0.118913 3 1 0
626.587 0.509655 0.118908 3 1 0
627.087 0.509688 0.118902 3 1 0
627.587 0.509742 0.118898 3 1 0
628.087 0.50978 0.118893 3 1 0
628.587 0.509818 0.118889 3 1 0
629.087 0.509864 0.118887 3 1 0
629.587 0.509905 0.118884 3 1 0
630.087 0.509944 0.11888 3 1 0
630.587 0.510051 0.118869 3 1 0
631.087 0.510056 0.118865 3 1 0
631.587 0.510071 0.118859 3 1 0
632.087 0.510082 0.118893 3 1 0
632.587 0.510122 0.11889 3 1 0
633.087 0.510162 0.118886 3 1 0
633.587 0.510181 0.118837 3 1 0
634.087 0.510223 0.118836 3 1 0
634.587 0.510263 0.118837 3 1 0
635.087 0.510429 0.118827 3 1 0
635.587 0.510455 0.118825 3 1 0
636.087 0.510477 0.118825 3 1 0
636.587 0.510417 0.118821 3 1 0
637.087 0.510456 0.118817 3 1 0
637.587 0.510495 0.118813 3 1 0
638.087 0.510522 0.11881 3 1 0
638.587 0.510562 0.118806 3 1 0
639.087 0.510602 0.118801 3 1 0
639.587 0.510465 0.118817 3 1 0
640.087 0.510454 0.118815 3 1 0
640.587 0.510449 0.118809 3 1 0
641.087 0.51066 0.118797 3 1 0
641.587 0.510679 0.118792 3 1 0
642.087 0.510712 0.118786 3 1 0
642.587 0.510792 0.118768 3 1 0
643.087 0.510835 0.118765 3 1 0
643.587 0.510879 0.118761 3 1 0
644.087 0.510958 0.118766 3 1 0
644.587 0.511003 0.118763 3 1 0
645.087 0.511047 0.118759 3 1 0
645.587 0.511083 0.118754 3 1 0
646.087 0.511119 0.118751 3 1 0
646.587 0.511155 0.118747 3 1 0
647.087 0.511237 0.118732 3 1 0
647.587 0.511275 0.118728 3 1 0
648.087 0.511312 0.118724 3 1 0
648.587 0.51129 0.118726 3 1 0
649.087 0.511325 0.11872 3 1 0
649.587 0.51136 0.118715 3 1 0
650.087 0.511381 0.118709 3 1 0
650.587 0.511418 0.118705 3 1 0
651.087 0.511455 0.118702 3 1 0
651.587 0.511524 0.118695 3 1 0
652.087 0.51156 0.11869 3 1 0
652.587 0.511597 0.118686 3 1 0
653.087 0.511614 0.118679 3 1 0
653.587 0.511659 0.118674 3 1 0
654.087 0.511703 0.11867 3 1 0
654.587 0.511796 0.118665 3 1 0
655.087 0.511834 0.118661 3 1 0
655.587 0.511871 0.118657 3 1 0
656.087 0.511877 0.118659 3 1 0
656.587 0.511917 0.118655 3 1 0
657.087 0.511957 0.118652 3 1 0
657.587 0.512025 0.118649 3 1 0
658.087 0.512061 0.118645 3 1 0
658.587 0.512098 0.118641 3 1 0
659.087 0.512126 0.11863 3 1 0
659.587 0.512163 0.118626 3 1 0
660.087 0.512199 0.118622 3 1 0
660.587 0.512248 0.118619 3 1 0
661.087 0.512283 0.118615 3 1 0
661.587 0.512319 0.118611 3 1 0
662.087 0.512331 0.118623 3 1 0
662.587 0.512369 0.118619 3 1 0
663.087 0.512406 0.118615 3 1 0
663.587 0.512451 0.118598 3 1 0
664.087 0.512487 0.118594 3 1 0
664.587 0.512522 0.118591 3 1 0
665.087 0.512553 0.1186 3 1 0
665.587 0.512589 0.118596 3 1 0
666.087 0.512625 0.118593 3 1 0
666.587 0.512659 0.118592 3 1 0
667.087 0.512695 0.118588 3 1 0
667.587 0.51273 0.118585 3 1 0
668.087 0.512765 0.118578 3 1 0
668.587 0.5128 0.118575 3 1 0
669.087 0.512836 0.118571 3 1 0
669.587 0.512874 0.118571 3 1 0
670.087 0.512909 0.118568 3 1 0
670.587 0.512944 0.118564 3 1 0
671.087 0.512979 0.118559 3 1 0
671.587 0.513014 0.118556 3 1 0
672.087 0.513049 0.118552 3 1 0
672.587 0.513085 0.118551 3 1 0
673.087 0.51312 0.118548 3 1 0
673.587 0.513155 0.118544 3 1 0
674.087 0.513189 0.118541 3 1 0
674.587 0.513224 0.118537 3 1 0
675.087 0.513259 0.118534 3 1 0
675.587 0.513294 0.118531 3 1 0
676.087 0.513329 0.118528 3 1 0
676.587 0.513364 0.118524 3 1 0
677.087 0.513399 0.118521 3 1 0
677.587 0.513434 0.118518 3 1 0
678.087 0.513469 0.118515 3 1 0
678.587 0.513503 0.118511 3 1 0
679.087 0.513537 0.118508 3 1 0
679.587 0.513572 0.118505 3 1 0
680.087 0.513607 0.118502 3 1 0
680.587 0.513641 0.118499 3 1 0
681.087 0.513676 0.118495 3 1 0
681.587 0.51371 0.118492 3 1 0
682.087 0.513744 0.118489 3 1 0
682.587 0.513778 0.118486 3 1 0
683.087 0.513813 0.118483 3 1 0
683.587 0.513847 0.118479 3 1 0
684.087 0.513881 0.118476 3 1 0
684.587 0.513915 0.118473 3 1 0
685.087 0.513949 0.11847 3 1 0
300 0.454513 0.132192 4 1 0
299.98 0.45454 0.132223 3 1 0
299.95 0.454528 0.132229 3 1 0
299.905 0.454473 0.132118 3 1 0
299.837 0.454447 0.132127 3 1 0
299.736 0.454408 0.13214 3 1 0
299.584 0.45435 0.132165 3 1 0
299.356 0.454261 0.132197 3 1 0
299.015 0.454127 0.132246 3 1 0
298.515 0.45393 0.132308 3 1 0
298.015 0.453732 0.132378 3 1 0
297.515 0.453533 0.132449 3 1 0
297.015 0.453334 0.132546 3 1 0
296.515 0.453133 0.132619 3 1 0
296.015 0.452932 0.132694 3 1 0
295.515 0.45273 0.132748 3 1 0
295.015 0.452527 0.132823 3 1 0
294.515 0.452323 0.132898 3 1 0
294.015 0.452119 0.132977 3 1 0
293.515 0.451913 0.133053 3 1 0
293.015 0.451707 0.13313 3 1 0
292.515 0.451499 0.133192 3 1 0
292.015 0.451291 0.13327 3 1 0
291.515 0.451081 0.133348 3 1 0
291.015 0.450871 0.133436 3 1 0
290.515 0.450659 0.133513 3 1 0
290.015 0.450447 0.133591 3 1 0
289.515 0.450234 0.133659 3 1 0
289.015 0.45002 0.13374 3 1 0
288.515 0.449805 0.133821 3 1 0
288.015 0.449589 0.1339 3 1 0
287.515 0.449372 0.133982 3 1 0
287.015 0.449153 0.134065 3 1 0
286.515 0.448934 0.134179 3 1 0
286.015 0.448714 0.13426 3 1 0
285.515 0.448493 0.134343 3 1 0
285.015 0.448271 0.134399 3 1 0
284.515 0.448048 0.134483 3 1 0
284.015 0.447824 0.134568 3 1 0
283.515 0.447598 0.134658 3 1 0
283.015 0.447372 0.134745 3 1 0
282.515 0.447145 0.134834 3 1 0
282.015 0.446917 0.134938 3 1 0
281.515 0.446687 0.135028 3 1 0
281.015 0.446457 0.135119 3 1 0
280.515 0.446225 0.135203 3 1 0
280.015 0.445993 0.135295 3 1 0
279.515 0.445759 0.135388 3 1 0
279.015 0.445524 0.135481 3 1 0
278.515 0.445288 0.135575 3 1 0
278.015 0.445051 0.13567 3 1 0
277.515 0.444813 0.135758 3 1 0
277.015 0.444574 0.135854 3 1 0
276.515 0.444334 0.135951 3 1 0
276.015 0.444092 0.136046 3 1 0
275.515 0.44385 0.136144 3 1 0
275.015 0.443606 0.136244 3 1 0
274.515 0.443361 0.136337 3 1 0
274.015 0.443115 0.136437 3 1 0
273.515 0.442868 0.136539 3 1 0
273.015 0.442619 0.13662 3 1 0
272.515 0.442369 0.136722 3 1 0
272.015 0.442118 0.136825 3 1 0
271.515 0.441866 0.136951 3 1 0
271.015 0.441613 0.137057 3 1 0
270.515 0.441358 0.137163 3 1 0
270.015 0.441102 0.13723 3 1 0
269.515 0.440845 0.137336 3 1 0
269.015 0.440587 0.137443 3 1 0
268.515 0.440327 0.137592 3 1 0
268.015 0.440074 0.137703 3 1 0
267.515 0.43982 0.137814 3 1 0
267.015 0.439565 0.137888 3 1 0
266.515 0.439308 0.138 3 1 0
266.015 0.43905 0.138113 3 1 0
265.515 0.43879 0.138231 3 1 0
265.015 0.438529 0.138346 3 1 0
264.515 0.438268 0.138461 3 1 0
264.015 0.438005 0.13857 3 1 0
263.515 0.43774 0.138687 3 1 0
263.015 0.437475 0.138806 3 1 0
262.515 0.437202 0.138912 3 1 0
262.015 0.436933 0.13903 3 1 0
261.515 0.436664 0.139149 3 1 0
261.015 0.436388 0.139268 3 1 0
260.515 0.436116 0.13939 3 1 0
260.015 0.435842 0.139512 3 1 0
259.515 0.435559 0.139678 3 1 0
259.015 0.435282 0.139801 3 1 0
258.515 0.435004 0.139925 3 1 0
258.015 0.43473 0.140034 3 1 0
257.515 0.434449 0.140164 3 1 0
257.015 0.434166 0.140294 3 1 0
256.515 0.433882 0.14042 3 1 0
256.015 0.433596 0.140553 3 1 0
255.515 0.433309 0.140686 3 1 0
255.015 0.433019 0.140821 3 1 0
254.515 0.432729 0.140957 3 1 0
254.015 0.432438 0.141094 3 1 0
253.515 0.432144 0.141226 3 1 0
253.015 0.431849 0.141366 3 1 0
252.515 0.431553 0.141507 3 1 0
252.015 0.431255 0.141649 3 1 0
251.515 0.430955 0.141792 3 1 0
251.015 0.430655 0.141937 3 1 0
250.515 0.430351 0.142075 3 1 0
250.015 0.430047 0.142222 3 1 0
249.515 0.429741 0.14237 3 1 0
249.015 0.429434 0.142521 3 1 0
248.515 0.429125 0.142672 3 1 0
248.015 0.428814 0.142825 3 1 0
247.515 0.428501 0.142965 3 1 0
247.015 0.428187 0.14312 3 1 0
246.515 0.427871 0.143277 3 1 0
246.015 0.427553 0.143431 3 1 0
245.515 0.427234 0.14359 3 1 0
245.015 0.426913 0.143751 3 1 0
244.515 0.42659 0.143891 3 1 0
244.015 0.426265 0.144054 3 1 0
243.515 0.425938 0.144219 3 1 0
243.015 0.42561 0.144405 3 1 0
242.515 0.42528 0.144573 3 1 0
242.015 0.424947 0.144738 3 1 0
241.515 0.424614 0.144886 3 1 0
241.015 0.424278 0.145058 3 1 0
240.515 0.42394 0.145232 3 1 0
240.015 0.423601 0.145381 3 1 0
239.515 0.423259 0.145555 3 1 0
239.015 0.422915 0.145731 3 1 0
238.515 0.422571 0.14591 3 1 0
238.015 0.422224 0.146089 3 1 0
237.515 0.421874 0.14627 3 1 0
237.015 0.421522 0.14646 3 1 0
236.515 0.421168 0.146646 3 1 0
236.015 0.420813 0.146835 3 1 0
235.515 0.420455 0.147031 3 1 0
235.015 0.420095 0.147224 3 1 0
234.515 0.419733 0.147418 3 1 0
234.015 0.419365 0.1476 3 1 0
233.515 0.418999 0.147795 3 1 0
233.015 0.418629 0.147992 3 1 0
232.515 0.418263 0.148213 3 1 0
232.015 0.41789 0.148418 3 1 0
231.515 0.417514 0.148625 3 1 0
231.015 0.417136 0.148797 3 1 0
230.515 0.416756 0.149006 3 1 0
230.015 0.416373 0.149217 3 1 0
229.515 0.41598 0.149452 3 1 0
229.015 0.415592 0.149665 3 1 0
228.515 0.415201 0.14988 3 1 0
228.015 0.414846 0.150139 3 1 0
227.515 0.414452 0.150358 3 1 0
227.015 0.414056 0.15058 3 1 0
226.515 0.413632 0.150783 3 1 0
226.015 0.41323 0.151011 3 1 0
225.515 0.412825 0.151241 3 1 0
225.015 0.412429 0.151473 3 1 0
224.515 0.412019 0.151711 3 1 0
224.015 0.411606 0.151953 3 1 0
223.515 0.411202 0.15221 3 1 0
223.015 0.410784 0.152453 3 1 0
222.515 0.410363 0.152698 3 1 0
222.015 0.409955 0.152965 3 1 0
221.515 0.409542 0.153216 3 1 0
221.015 0.409127 0.153469 3 1 0
220.515 0.40867 0.153699 3 1 0
220.015 0.408249 0.153963 3 1 0
219.515 0.407826 0.154231 3 1 0
219.015 0.407418 0.15451 3 1 0
218.515 0.406988 0.154785 3 1 0
218.015 0.406555 0.155063 3 1 0
217.515 0.406102 0.155304 3 1 0
217.015 0.405663 0.155586 3 1 0
216.515 0.40522 0.155871 3 1 0
216.015 0.404775 0.156164 3 1 0
215.515 0.404326 0.156458 3 1 0
215.015 0.403873 0.156755 3 1 0
214.515 0.403416 0.15705 3 1 0
214.015 0.402956 0.157355 3 1 0
213.515 0.402492 0.157663 3 1 0
213.015 0.402025 0.15798 3 1 0
212.515 0.401554 0.158297 3 1 0
212.015 0.401079 0.158619 3 1 0
211.515 0.400582 0.158974 3 1 0
211.015 0.400101 0.159301 3 1 0
210.515 0.399616 0.159633 3 1 0
210.015 0.399134 0.160028 3 1 0
209.515 0.398639 0.160368 3 1 0
209.015 0.39814 0.160713 3 1 0
208.515 0.397635 0.161008 3 1 0
208.015 0.397127 0.161369 3 1 0
207.515 0.396615 0.161736 3 1 0
207.015 0.396098 0.162115 3 1 0
206.515 0.395575 0.162488 3 1 0
206.015 0.395047 0.162867 3 1 0
205.515 0.394515 0.163277 3 1 0
205.015 0.393981 0.163668 3 1 0
204.515 0.393441 0.164065 3 1 0
204.015 0.392895 0.16444 3 1 0
203.515 0.392345 0.164852 3 1 0
203.515 0.392345 0.164852 4 1 0
203.495 0.392323 0.164869 3 1 0
203.455 0.392279 0.164902 3 1 0
203.375 0.39219 0.164958 3 1 0
203.215 0.392012 0.165092 3 1 0
202.895 0.391654 0.165364 3 1 0
202.395 0.391089 0.165858 3 1 0
201.895 0.390518 0.166299 3 1 0
201.395 0.389941 0.166749 3 1 0
200.895 0.389356 0.167192 3 1 0
200.395 0.388765 0.167651 3 1 0
199.895 0.388166 0.16812 3 1 0
199.395 0.387585 0.168579 3 1 0
198.895 0.386977 0.169072 3 1 0
198.395 0.38636 0.169574 3 1 0
197.895 0.385737 0.170103 3 1 0
197.395 0.385104 0.170622 3 1 0
196.895 0.384462 0.171152 3 1 0
196.395 0.383817 0.171652 3 1 0
195.895 0.383157 0.172208 3 1 0
195.395 0.382486 0.172777 3 1 0
194.895 0.381824 0.173356 3 1 0
194.395 0.381135 0.173953 3 1 0
193.895 0.380434 0.174566 3 1 0
193.395 0.37975 0.175251 3 1 0
192.895 0.37903 0.175898 3 1 0
192.395 0.378296 0.176564 3 1 0
191.895 0.377557 0.177189 3 1 0
191.395 0.376796 0.177892 3 1 0
190.895 0.376018 0.178616 3 1 0
190.395 0.37524 0.179358 3 1 0
189.895 0.374436 0.180129 3 1 0
189.395 0.373613 0.180926 3 1 0
188.895 0.372713 0.181774 3 1 0
188.395 0.371861 0.182629 3 1 0
187.895 0.370984 0.183517 3 1 0
187.395 0.370104 0.184453 3 1 0
186.895 0.369163 0.185416 3 1 0
186.395 0.36819 0.186422 3 1 0
185.895 0.367079 0.187444 3 1 0
185.395 0.366017 0.188549 3 1 0
184.895 0.364916 0.189711 3 1 0
184.395 0.363915 0.190944 3 1 0
183.895 0.362744 0.192246 3 1 0
183.395 0.36151 0.193631 3 1 0
182.895 0.360201 0.195132 3 1 0
182.395 0.358801 0.196728 3 1 0
181.895 0.357299 0.198461 3 1 0
181.395 0.355645 0.200389 3 1 0
180.895 0.353856 0.202506 3 1 0
180.395 0.351903 0.204895 3 1 0
179.895 0.349715 0.207588 3 1 0
179.395 0.347093 0.210886 3 1 0
178.896 0.343775 0.215112 3 1 0
178.396 0.338797 0.2215 3 1 0
178.146 0.33372 0.228097 3 1 0
178.115 0.332166 0.230104 3 1 0
178.107 0.331459 0.231072 3 1 0
178.103 0.330487 0.232351 3 1 0
178.103 0.330487 0.232351 3 1 0
180.895 0.353856 0.202506 4 1 0
180.875 0.353781 0.202596 3 1 0
180.855 0.353705 0.202686 3 1 0
180.835 0.35365 0.202726 3 1 0
180.815 0.353575 0.202817 3 1 0
180.795 0.353501 0.202908 3 1 0
180.775 0.35342 0.203014 3 1 0
180.755 0.353345 0.203107 3 1 0
180.735 0.35327 0.203199 3 1 0
180.715 0.353199 0.203278 3 1 0
180.695 0.353123 0.203371 3 1 0
180.675 0.353046 0.203466 3 1 0
180.655 0.35296 0.203582 3 1 0
180.635 0.352883 0.203678 3 1 0
180.615 0.352805 0.203773 3 1 0
180.595 0.352735 0.203847 3 1 0
180.575 0.352657 0.203943 3 1 0
180.555 0.352578 0.204041 3 1 0
180.535 0.352492 0.204169 3 1 0
180.515 0.352413 0.204268 3 1 0
180.495 0.352333 0.204366 3 1 0
180.475 0.35226 0.204435 3 1 0
180.455 0.352179 0.204535 3 1 0
180.435 0.352097 0.204636 3 1 0
180.415 0.352004 0.204762 3 1 0
180.395 0.351922 0.204863 3 1 0
180.375 0.35184 0.204966 3 1 0
180.355 0.351763 0.205045 3 1 0
180.335 0.351679 0.205149 3 1 0
180.315 0.351595 0.205253 3 1 0
180.295 0.351497 0.205362 3 1 0
180.275 0.351412 0.205467 3 1 0
180.255 0.351327 0.205573 3 1 0
180.235 0.351244 0.205675 3 1 0
180.215 0.351158 0.205782 3 1 0
180.195 0.351071 0.20589 3 1 0
180.175 0.350976 0.205999 3 1 0
180.155 0.350889 0.206108 3 1 0
180.135 0.3508 0.206218 3 1 0
180.115 0.350709 0.206327 3 1 0
180.095 0.35062 0.206438 3 1 0
180.075 0.350531 0.20655 3 1 0
180.055 0.350429 0.206662 3 1 0
180.035 0.350339 0.206776 3 1 0
180.015 0.350247 0.20689 3 1 0
179.995 0.350144 0.207004 3 1 0
179.975 0.350052 0.20712 3 1 0
179.955 0.349959 0.207237 3 1 0
179.935 0.349871 0.207358 3 1 0
179.915 0.349774 0.207476 3 1 0
179.895 0.349677 0.207595 3 1 0
179.875 0.349572 0.207707 3 1 0
179.855 0.349476 0.207828 3 1 0
179.835 0.349379 0.20795 3 1 0
179.815 0.349316 0.208072 3 1 0
179.795 0.349218 0.208195 3 1 0
179.775 0.349119 0.208319 3 1 0
179.755 0.349035 0.208445 3 1 0
179.735 0.348935 0.208571 3 1 0
179.715 0.348833 0.208698 3 1 0
179.695 0.348739 0.208838 3 1 0
179.675 0.348636 0.208968 3 1 0
179.655 0.348532 0.209098 3 1 0
179.635 0.348428 0.209219 3 1 0
179.615 0.348323 0.209351 3 1 0
179.595 0.348216 0.209485 3 1 0
179.575 0.348108 0.209623 3 1 0
179.555 0.348 0.209758 3 1 0
179.535 0.347891 0.209895 3 1 0
179.515 0.347781 0.210045 3 1 0
179.495 0.347671 0.210184 3 1 0
179.475 0.347559 0.210324 3 1 0
179.455 0.347446 0.210451 3 1 0
179.435 0.347332 0.210594 3 1 0
179.415 0.347217 0.210738 3 1 0
179.395 0.347102 0.210887 3 1 0
179.375 0.346985 0.211034 3 1 0
179.355 0.346867 0.211183 3 1 0
179.335 0.346748 0.211336 3 1 0
179.315 0.346628 0.211487 3 1 0
179.295 0.346506 0.21164 3 1 0
179.275 0.346383 0.211797 3 1 0
179.255 0.34626 0.211953 3 1 0
179.235 0.346134 0.212111 3 1 0
179.215 0.346007 0.212274 3 1 0
179.195 0.345879 0.212435 3 1 0
179.175 0.34575 0.212598 3 1 0
179.155 0.345619 0.212766 3 1 0
179.135 0.345487 0.212933 3 1 0
179.115 0.345353 0.213102 3 1 0
179.095 0.345217 0.213277 3 1 0
179.075 0.34508 0.21345 3 1 0
179.055 0.344942 0.213625 3 1 0
179.035 0.3448 0.213807 3 1 0
179.015 0.344658 0.213987 3 1 0
178.995 0.344514 0.214169 3 1 0
178.975 0.344367 0.214359 3 1 0
178.955 0.34422 0.214546 3 1 0
178.936 0.34407 0.214736 3 1 0
178.916 0.343916 0.214936 3 1 0
178.896 0.343762 0.215131 3 1 0
178.876 0.343606 0.215328 3 1 0
178.856 0.343445 0.21554 3 1 0
178.836 0.343284 0.215744 3 1 0
178.816 0.34312 0.215951 3 1 0
178.796 0.34295 0.216178 3 1 0
178.776 0.342781 0.216392 3 1 0
178.756 0.342609 0.21661 3 1 0
178.736 0.342427 0.216814 3 1 0
178.716 0.342249 0.217043 3 1 0
178.696 0.342067 0.217275 3 1 0
178.676 0.34188 0.217506 3 1 0
178.656 0.341691 0.217746 3 1 0
178.636 0.341498 0.217992 3 1 0
178.616 0.341301 0.218273 3 1 0
178.596 0.3411 0.218532 3 1 0
178.576 0.340894 0.218796 3 1 0
178.556 0.340675 0.219029 3 1 0
178.536 0.340459 0.219307 3 1 0
178.516 0.340237 0.219593 3 1 0
178.496 0.340003 0.219922 3 1 0
178.476 0.339768 0.220221 3 1 0
178.456 0.339527 0.22053 3 1 0
178.436 0.33927 0.220812 3 1 0
178.416 0.339012 0.221145 3 1 0
178.396 0.338744 0.221489 3 1 0
178.376 0.338459 0.22186 3 1 0
178.356 0.338173 0.222233 3 1 0
178.336 0.337877 0.222623 3 1 0
178.316 0.337588 0.223002 3 1 0
178.296 0.337261 0.223432 3 1 0
178.276 0.336916 0.223887 3 1 0
178.256 0.336573 0.224416 3 1 0
178.236 0.336177 0.224933 3 1 0
178.216 0.335747 0.225494 3 1 0
178.196 0.335264 0.226091 3 1 0
178.176 0.334735 0.226784 3 1 0
178.156 0.334123 0.227587 3 1 0
178.136 0.333393 0.228566 3 1 0
178.117 0.332352 0.229928 3 1 0
178.107 0.331497 0.231046 3 1 0
178.105 0.331109 0.231548 3 1 0
178.103 0.330632 0.232174 3 1 0
178.103 0.330426 0.232445 4 1 0
178.103 0.330125 0.232841 4 1 0
178.104 0.329816 0.233245 4 1 0
178.106 0.329507 0.23365 4 1 0
178.109 0.329169 0.234097 4 1 0
178.113 0.328769 0.234619 4 1 0
178.119 0.328294 0.235239 4 1 0
178.129 0.327721 0.236021 4 1 0
178.143 0.327026 0.236925 4 1 0
178.163 0.326238 0.23795 4 1 0
178.183 0.32556 0.238813 4 1 0
178.203 0.324957 0.239598 4 1 0
178.222 0.324404 0.240316 4 1 0
178.242 0.323889 0.24099 4 1 0
178.262 0.323406 0.241617 4 1 0
178.282 0.322947 0.24221 4 1 0
178.302 0.322509 0.242799 4 1 0
178.322 0.322088 0.243341 4 1 0
178.342 0.321682 0.243864 4 1 0
178.362 0.321289 0.244382 4 1 0
178.382 0.320907 0.244876 4 1 0
178.402 0.320536 0.245353 4 1 0
178.422 0.320173 0.245807 4 1 0
178.442 0.319819 0.246264 4 1 0
178.462 0.319472 0.24671 4 1 0
178.482 0.319131 0.247134 4 1 0
178.502 0.318796 0.247562 4 1 0
178.522 0.318468 0.247984 4 1 0
178.542 0.318143 0.248387 4 1 0
178.562 0.317824 0.248795 4 1 0
178.582 0.317509 0.249196 4 1 0
178.602 0.317196 0.249585 4 1 0
178.622 0.316889 0.249976 4 1 0
178.642 0.316585 0.250362 4 1 0
178.662 0.316281 0.250745 4 1 0
178.682 0.315983 0.251122 4 1 0
178.702 0.315687 0.251495 4 1 0
178.722 0.315391 0.251884 4 1 0
178.742 0.3151 0.252249 4 1 0
178.762 0.31481 0.252611 4 1 0
178.782 0.314521 0.252975 4 1 0
178.802 0.314236 0.253334 4 1 0
178.822 0.313951 0.25369 4 1 0
178.842 0.313665 0.254024 4 1 0
178.862 0.313384 0.254376 4 1 0
178.882 0.313104 0.254725 4 1 0
178.902 0.312824 0.25507 4 1 0
178.922 0.312546 0.255416 4 1 0
178.941 0.312268 0.25576 4 1 0
178.961 0.311994 0.256113 4 1 0
178.981 0.311718 0.256455 4 1 0
179.001 0.311443 0.256796 4 1 0
179.021 0.311166 0.257134 4 1 0
179.041 0.310891 0.257474 4 1 0
179.061 0.310616 0.257812 4 1 0
179.081 0.310344 0.25815 4 1 0
179.101 0.310069 0.258486 4 1 0
179.101 0.310069 0.258486 4 1 0
179.121 0.309795 0.258821 4 1 0
179.141 0.30952 0.259156 4 1 0
179.161 0.309243 0.25948 4 1 0
179.181 0.308969 0.259816 4 1 0
179.201 0.308695 0.260151 4 1 0
179.221 0.308423 0.260489 4 1 0
179.241 0.308147 0.260825 4 1 0
179.261 0.307871 0.261162 4 1 0
179.281 0.307601 0.261502 4 1 0
179.301 0.307322 0.261838 4 1 0
179.321 0.307042 0.262176 4 1 0
179.341 0.306767 0.262511 4 1 0
179.361 0.306484 0.262851 4 1 0
179.381 0.3062 0.263191 4 1 0
179.401 0.30591 0.263533 4 1 0
179.421 0.305623 0.263876 4 1 0
179.441 0.305333 0.264221 4 1 0
179.461 0.305029 0.264575 4 1 0
179.481 0.304736 0.264924 4 1 0
179.501 0.30444 0.265276 4 1 0
179.521 0.304134 0.265631 4 1 0
179.541 0.303833 0.265987 4 1 0
179.561 0.303529 0.266345 4 1 0
179.581 0.303222 0.266698 4 1 0
179.601 0.302911 0.267062 4 1 0
179.621 0.302598 0.267429 4 1 0
179.641 0.302279 0.267807 4 1 0
179.661 0.301956 0.26818 4 1 0
179.681 0.301629 0.268557 4 1 0
179.701 0.301301 0.268943 4 1 0
179.721 0.300964 0.269329 4 1 0
179.741 0.300621 0.269721 4 1 0
179.761 0.300281 0.270121 4 1 0
179.781 0.299925 0.270525 4 1 0
179.801 0.299563 0.270936 4 1 0
179.821 0.299198 0.271346 4 1 0
179.841 0.29882 0.271772 4 1 0
179.861 0.298433 0.272207 4 1 0
179.881 0.298041 0.272661 4 1 0
179.901 0.297633 0.273117 4 1 0
179.92 0.297212 0.273586 4 1 0
179.94 0.296767 0.274059 4 1 0
179.96 0.296317 0.274557 4 1 0
179.98 0.295849 0.275072 4 1 0
180 0.295369 0.275607 4 1 0
180.02 0.294857 0.276166 4 1 0
180.04 0.294316 0.276754 4 1 0
180.06 0.293743 0.277375 4 1 0
180.08 0.293126 0.278039 4 1 0
180.1 0.292454 0.278756 4 1 0
180.12 0.291708 0.279547 4 1 0
180.14 0.29086 0.28044 4 1 0
180.16 0.289845 0.2815 4 1 0
180.179 0.288492 0.282899 4 1 0
180.189 0.287477 0.283937 4 1 0
180.203 0.285715 0.285714 4 1 0
180.203 0.285715 0.285714 4 1 0
