5.915829999999999700e+02 3.071110000000000159e-02
5.910829999999999700e+02 3.071010000000000059e-02
5.905829999999999700e+02 3.070399999999999865e-02
5.900829999999999700e+02 3.070300000000000112e-02
5.895829999999999700e+02 3.070200000000000012e-02
5.890829999999999700e+02 3.070840000000000028e-02
5.885829999999999700e+02 3.070760000000000156e-02
5.880829999999999700e+02 3.070679999999999937e-02
5.875829999999999700e+02 3.070550000000000015e-02
5.870829999999999700e+02 3.070459999999999856e-02
5.865829999999999700e+02 3.070360000000000103e-02
5.860829999999999700e+02 3.070250000000000062e-02
5.855829999999999700e+02 3.070149999999999962e-02
5.850829999999999700e+02 3.070060000000000150e-02
5.845829999999999700e+02 3.069579999999999878e-02
5.840829999999999700e+02 3.069449999999999956e-02
5.835829999999999700e+02 3.069320000000000034e-02
5.830829999999999700e+02 3.069699999999999859e-02
5.825829999999999700e+02 3.069619999999999987e-02
5.820829999999999700e+02 3.069540000000000116e-02
5.815829999999999700e+02 3.069320000000000034e-02
5.810829999999999700e+02 3.069219999999999934e-02
5.805829999999999700e+02 3.069109999999999894e-02
5.800829999999999700e+02 3.069109999999999894e-02
5.795829999999999700e+02 3.069020000000000081e-02
5.790829999999999700e+02 3.068939999999999863e-02
5.785829999999999700e+02 3.068560000000000038e-02
5.780829999999999700e+02 3.068440000000000056e-02
5.775829999999999700e+02 3.068320000000000075e-02
5.770829999999999700e+02 3.068459999999999938e-02
5.765829999999999700e+02 3.068370000000000125e-02
5.760829999999999700e+02 3.068279999999999966e-02
5.755829999999999700e+02 3.068059999999999884e-02
5.750829999999999700e+02 3.067949999999999844e-02
5.745829999999999700e+02 3.067829999999999863e-02
5.740829999999999700e+02 3.067910000000000081e-02
5.735829999999999700e+02 3.067829999999999863e-02
5.730829999999999700e+02 3.067759999999999931e-02
5.725829999999999700e+02 3.067299999999999888e-02
5.720829999999999700e+02 3.067169999999999966e-02
5.715829999999999700e+02 3.067049999999999985e-02
5.710829999999999700e+02 3.067140000000000144e-02
5.705829999999999700e+02 3.067030000000000103e-02
5.700829999999999700e+02 3.066930000000000003e-02
5.695829999999999700e+02 3.066649999999999932e-02
5.690829999999999700e+02 3.066520000000000010e-02
5.685829999999999700e+02 3.066390000000000088e-02
5.680829999999999700e+02 3.066429999999999850e-02
5.675829999999999700e+02 3.066320000000000157e-02
5.670829999999999700e+02 3.066220000000000057e-02
5.665829999999999700e+02 3.065669999999999853e-02
5.660829999999999700e+02 3.065539999999999932e-02
5.655829999999999700e+02 3.065400000000000069e-02
5.650829999999999700e+02 3.065520000000000050e-02
5.645829999999999700e+02 3.065400000000000069e-02
5.640829999999999700e+02 3.065280000000000088e-02
5.635829999999999700e+02 3.064789999999999875e-02
5.630829999999999700e+02 3.064659999999999954e-02
5.625829999999999700e+02 3.064539999999999972e-02
5.620829999999999700e+02 3.064690000000000122e-02
5.615829999999999700e+02 3.064559999999999854e-02
5.610829999999999700e+02 3.064439999999999872e-02
5.605829999999999700e+02 3.064149999999999860e-02
5.600829999999999700e+02 3.064040000000000166e-02
5.595829999999999700e+02 3.063919999999999838e-02
5.590829999999999700e+02 3.064040000000000166e-02
5.585829999999999700e+02 3.063909999999999897e-02
5.580829999999999700e+02 3.063789999999999916e-02
5.575829999999999700e+02 3.063640000000000113e-02
5.570829999999999700e+02 3.063509999999999844e-02
5.565829999999999700e+02 3.063379999999999923e-02
5.560829999999999700e+02 3.063149999999999901e-02
5.555829999999999700e+02 3.063000000000000098e-02
5.550829999999999700e+02 3.062840000000000007e-02
5.545829999999999700e+02 3.062919999999999879e-02
5.540829999999999700e+02 3.062780000000000016e-02
5.535829999999999700e+02 3.062650000000000095e-02
5.530829999999999700e+02 3.062180000000000110e-02
5.525829999999999700e+02 3.062029999999999960e-02
5.520829999999999700e+02 3.061869999999999870e-02
5.515829999999999700e+02 3.062120000000000120e-02
5.510829999999999700e+02 3.061979999999999910e-02
5.505829999999999700e+02 3.061830000000000107e-02
5.500829999999999700e+02 3.061360000000000123e-02
5.495829999999999700e+02 3.061190000000000092e-02
5.490829999999999700e+02 3.061020000000000060e-02
5.485829999999999700e+02 3.061339999999999895e-02
5.480829999999999700e+02 3.061200000000000032e-02
5.475829999999999700e+02 3.061049999999999882e-02
5.470829999999999700e+02 3.060569999999999957e-02
5.465829999999999700e+02 3.060409999999999867e-02
5.460829999999999700e+02 3.060260000000000064e-02
5.455819999999999936e+02 3.060399999999999926e-02
5.450829999999999700e+02 3.060260000000000064e-02
5.445819999999999936e+02 3.060109999999999914e-02
5.440819999999999936e+02 3.059790000000000079e-02
5.435819999999999936e+02 3.059620000000000048e-02
5.430819999999999936e+02 3.059440000000000076e-02
5.425819999999999936e+02 3.059459999999999957e-02
5.420819999999999936e+02 3.059310000000000154e-02
5.415819999999999936e+02 3.059169999999999945e-02
5.410819999999999936e+02 3.058769999999999892e-02
5.405819999999999936e+02 3.058620000000000089e-02
5.400819999999999936e+02 3.058469999999999939e-02
5.395819999999999936e+02 3.058610000000000148e-02
5.390819999999999936e+02 3.058459999999999998e-02
5.385819999999999936e+02 3.058299999999999907e-02
5.380819999999999936e+02 3.058119999999999936e-02
5.375819999999999936e+02 3.057959999999999845e-02
5.370819999999999936e+02 3.057800000000000101e-02
5.365819999999999936e+02 3.057810000000000042e-02
5.360819999999999936e+02 3.057649999999999951e-02
5.355819999999999936e+02 3.057479999999999920e-02
5.350819999999999936e+02 3.057280000000000067e-02
5.345819999999999936e+02 3.057119999999999976e-02
5.340819999999999936e+02 3.056949999999999945e-02
5.335819999999999936e+02 3.056630000000000111e-02
5.330819999999999936e+02 3.056460000000000080e-02
5.325819999999999936e+02 3.056299999999999989e-02
5.320819999999999936e+02 3.056599999999999942e-02
5.315819999999999936e+02 3.056439999999999851e-02
5.310819999999999936e+02 3.056290000000000048e-02
5.305819999999999936e+02 3.055729999999999905e-02
5.300819999999999936e+02 3.055559999999999873e-02
5.295819999999999936e+02 3.055379999999999902e-02
5.290819999999999936e+02 3.055000000000000077e-02
5.285819999999999936e+02 3.054830000000000045e-02
5.280819999999999936e+02 3.054660000000000014e-02
5.275819999999999936e+02 3.054660000000000014e-02
5.270819999999999936e+02 3.054489999999999983e-02
5.265819999999999936e+02 3.054310000000000011e-02
5.260819999999999936e+02 3.053880000000000136e-02
5.255819999999999936e+02 3.053669999999999995e-02
5.250819999999999936e+02 3.053470000000000142e-02
5.245819999999999936e+02 3.053619999999999945e-02
5.240819999999999936e+02 3.053439999999999974e-02
5.235819999999999936e+02 3.053260000000000002e-02
5.230819999999999936e+02 3.053029999999999980e-02
5.225819999999999936e+02 3.052850000000000008e-02
5.220819999999999936e+02 3.052670000000000036e-02
5.215819999999999936e+02 3.052730000000000027e-02
5.210819999999999936e+02 3.052540000000000114e-02
5.205819999999999936e+02 3.052349999999999855e-02
5.200819999999999936e+02 3.051970000000000030e-02
5.195819999999999936e+02 3.051769999999999830e-02
5.190819999999999936e+02 3.051579999999999918e-02
5.185819999999999936e+02 3.051169999999999924e-02
5.180819999999999936e+02 3.050980000000000011e-02
5.175819999999999936e+02 3.050800000000000040e-02
5.170819999999999936e+02 3.050819999999999921e-02
5.165819999999999936e+02 3.050630000000000008e-02
5.160819999999999936e+02 3.050430000000000155e-02
5.155819999999999936e+02 3.050249999999999836e-02
5.150819999999999936e+02 3.050040000000000043e-02
5.145819999999999936e+02 3.049829999999999902e-02
5.140819999999999936e+02 3.049639999999999990e-02
5.135819999999999936e+02 3.049440000000000137e-02
5.130819999999999936e+02 3.049239999999999937e-02
5.125819999999999936e+02 3.048630000000000090e-02
5.120819999999999936e+02 3.048450000000000118e-02
5.115819999999999936e+02 3.048259999999999859e-02
5.110819999999999936e+02 3.048369999999999899e-02
5.105819999999999936e+02 3.048160000000000106e-02
5.100819999999999936e+02 3.047949999999999965e-02
5.095819999999999936e+02 3.047750000000000112e-02
5.090819999999999936e+02 3.047549999999999912e-02
5.085819999999999936e+02 3.047340000000000118e-02
5.080819999999999936e+02 3.047410000000000049e-02
5.075819999999999936e+02 3.047189999999999968e-02
5.070819999999999936e+02 3.046979999999999827e-02
5.065819999999999936e+02 3.046600000000000003e-02
5.060819999999999936e+02 3.046379999999999921e-02
5.055819999999999936e+02 3.046170000000000128e-02
5.050819999999999936e+02 3.045809999999999837e-02
5.045819999999999936e+02 3.045569999999999874e-02
5.040819999999999936e+02 3.045329999999999912e-02
5.035819999999999936e+02 3.045269999999999921e-02
5.030819999999999936e+02 3.045039999999999900e-02
5.025819999999999936e+02 3.044809999999999878e-02
5.020819999999999936e+02 3.044530000000000153e-02
5.015819999999999936e+02 3.044310000000000072e-02
5.010819999999999936e+02 3.044080000000000050e-02
5.005819999999999936e+02 3.044080000000000050e-02
5.000819999999999936e+02 3.043850000000000028e-02
4.995819999999999936e+02 3.043620000000000006e-02
4.990819999999999936e+02 3.043250000000000122e-02
4.985819999999999936e+02 3.043020000000000100e-02
4.980819999999999936e+02 3.042780000000000137e-02
4.975819999999999936e+02 3.042490000000000125e-02
4.971279999999999859e+02 3.042279999999999984e-02
4.968240000000000123e+02 3.042129999999999834e-02
4.965489999999999782e+02 3.041999999999999912e-02
4.963650000000000091e+02 3.041900000000000159e-02
4.962420000000000186e+02 3.041819999999999941e-02
4.961309999999999718e+02 3.041829999999999881e-02
4.960570000000000164e+02 3.041790000000000119e-02
4.960070000000000050e+02 3.041769999999999891e-02
4.959619999999999891e+02 3.041680000000000078e-02
4.959320000000000164e+02 3.041659999999999850e-02
4.959119999999999777e+02 3.041639999999999969e-02
4.959119999999999777e+02 3.041639999999999969e-02
4.954119999999999777e+02 3.041390000000000066e-02
4.949119999999999777e+02 3.041179999999999925e-02
4.944119999999999777e+02 3.040939999999999963e-02
4.939119999999999777e+02 3.040700000000000000e-02
4.934119999999999777e+02 3.040460000000000038e-02
4.929119999999999777e+02 3.040210000000000135e-02
4.924119999999999777e+02 3.039959999999999885e-02
4.919119999999999777e+02 3.040090000000000153e-02
4.914119999999999777e+02 3.039839999999999903e-02
4.909119999999999777e+02 3.039599999999999941e-02
4.904119999999999777e+02 3.039040000000000144e-02
4.899119999999999777e+02 3.038779999999999953e-02
4.894119999999999777e+02 3.038520000000000110e-02
4.889119999999999777e+02 3.038220000000000157e-02
4.884119999999999777e+02 3.037969999999999907e-02
4.879119999999999777e+02 3.037710000000000063e-02
4.874119999999999777e+02 3.037480000000000041e-02
4.869119999999999777e+02 3.037209999999999910e-02
4.864119999999999777e+02 3.036950000000000066e-02
4.859119999999999777e+02 3.036619999999999944e-02
4.854119999999999777e+02 3.036329999999999932e-02
4.849119999999999777e+02 3.036049999999999860e-02
4.844119999999999777e+02 3.035909999999999997e-02
4.839119999999999777e+02 3.035639999999999866e-02
4.834119999999999777e+02 3.035360000000000141e-02
4.829119999999999777e+02 3.035039999999999960e-02
4.824119999999999777e+02 3.034769999999999829e-02
4.819119999999999777e+02 3.034490000000000104e-02
4.814119999999999777e+02 3.034370000000000123e-02
4.809119999999999777e+02 3.034080000000000110e-02
4.804119999999999777e+02 3.033800000000000038e-02
4.799119999999999777e+02 3.033359999999999876e-02
4.794119999999999777e+02 3.033069999999999863e-02
4.789119999999999777e+02 3.032790000000000138e-02
4.784119999999999777e+02 3.032510000000000067e-02
4.779119999999999777e+02 3.032220000000000054e-02
4.774119999999999777e+02 3.031930000000000042e-02
4.769119999999999777e+02 3.032079999999999845e-02
4.764119999999999777e+02 3.031789999999999832e-02
4.759119999999999777e+02 3.031510000000000107e-02
4.754119999999999777e+02 3.030779999999999932e-02
4.749119999999999777e+02 3.030470000000000039e-02
4.744119999999999777e+02 3.030160000000000145e-02
4.739119999999999777e+02 3.029880000000000073e-02
4.734119999999999777e+02 3.029580000000000120e-02
4.729119999999999777e+02 3.029280000000000167e-02
4.724119999999999777e+02 3.028969999999999926e-02
4.719119999999999777e+02 3.028660000000000033e-02
4.714119999999999777e+02 3.028360000000000080e-02
4.709119999999999777e+02 3.028170000000000167e-02
4.704119999999999777e+02 3.027859999999999926e-02
4.699119999999999777e+02 3.027550000000000033e-02
4.694119999999999777e+02 3.027099999999999930e-02
4.689119999999999777e+02 3.026790000000000036e-02
4.684119999999999777e+02 3.026469999999999855e-02
4.679119999999999777e+02 3.026239999999999833e-02
4.674119999999999777e+02 3.025919999999999999e-02
4.669119999999999777e+02 3.025600000000000164e-02
4.664119999999999777e+02 3.025529999999999886e-02
4.659119999999999777e+02 3.025210000000000052e-02
4.654119999999999777e+02 3.024879999999999930e-02
4.649119999999999777e+02 3.024179999999999924e-02
4.644119999999999777e+02 3.023850000000000149e-02
4.639119999999999777e+02 3.023510000000000086e-02
4.634119999999999777e+02 3.023220000000000074e-02
4.629119999999999777e+02 3.022880000000000011e-02
4.624119999999999777e+02 3.022549999999999890e-02
4.619119999999999777e+02 3.022199999999999886e-02
4.614119999999999777e+02 3.021860000000000171e-02
4.609119999999999777e+02 3.021510000000000168e-02
4.604119999999999777e+02 3.021259999999999918e-02
4.599119999999999777e+02 3.020909999999999915e-02
4.594119999999999777e+02 3.020559999999999912e-02
4.589119999999999777e+02 3.020110000000000156e-02
4.584119999999999777e+02 3.019760000000000152e-02
4.579119999999999777e+02 3.019399999999999862e-02
4.574119999999999777e+02 3.019099999999999909e-02
4.569119999999999777e+02 3.018739999999999965e-02
4.564119999999999777e+02 3.018380000000000021e-02
4.559119999999999777e+02 3.017970000000000028e-02
4.554119999999999777e+02 3.017600000000000143e-02
4.549119999999999777e+02 3.017239999999999853e-02
4.544119999999999777e+02 3.016920000000000018e-02
4.539119999999999777e+02 3.016539999999999846e-02
4.534119999999999777e+02 3.016169999999999962e-02
4.529119999999999777e+02 3.015740000000000087e-02
4.524119999999999777e+02 3.015359999999999915e-02
4.519119999999999777e+02 3.014990000000000031e-02
4.514119999999999777e+02 3.014620000000000147e-02
4.509119999999999777e+02 3.014239999999999975e-02
4.504119999999999777e+02 3.013860000000000150e-02
4.499119999999999777e+02 3.013460000000000097e-02
4.494119999999999777e+02 3.013079999999999925e-02
4.489119999999999777e+02 3.012690000000000159e-02
4.484119999999999777e+02 3.012300000000000047e-02
4.479119999999999777e+02 3.011899999999999994e-02
4.474119999999999777e+02 3.011499999999999941e-02
4.469119999999999777e+02 3.011159999999999878e-02
4.464119999999999777e+02 3.010760000000000172e-02
4.459119999999999777e+02 3.010349999999999832e-02
4.454119999999999777e+02 3.009869999999999907e-02
4.449119999999999777e+02 3.009459999999999913e-02
4.444119999999999777e+02 3.009049999999999919e-02
4.439119999999999777e+02 3.008680000000000035e-02
4.434119999999999777e+02 3.008260000000000101e-02
4.429119999999999777e+02 3.007850000000000107e-02
4.424119999999999777e+02 3.007390000000000063e-02
4.419119999999999777e+02 3.006970000000000129e-02
4.414119999999999777e+02 3.006549999999999848e-02
4.409119999999999777e+02 3.006160000000000082e-02
4.404119999999999777e+02 3.005729999999999860e-02
4.399119999999999777e+02 3.005290000000000045e-02
4.394119999999999777e+02 3.004810000000000120e-02
4.389119999999999777e+02 3.004369999999999957e-02
4.384119999999999777e+02 3.003940000000000082e-02
4.379119999999999777e+02 3.003530000000000089e-02
4.374119999999999777e+02 3.003079999999999986e-02
4.369119999999999777e+02 3.002640000000000170e-02
4.364119999999999777e+02 3.002149999999999958e-02
4.359119999999999777e+02 3.001699999999999854e-02
4.354119999999999777e+02 3.001240000000000158e-02
4.349119999999999777e+02 3.000819999999999876e-02
4.344119999999999777e+02 3.000359999999999833e-02
4.339119999999999777e+02 2.999900000000000136e-02
4.334119999999999777e+02 2.999390000000000042e-02
4.329119999999999777e+02 2.998929999999999998e-02
4.324119999999999777e+02 2.998460000000000014e-02
4.319119999999999777e+02 2.998019999999999852e-02
4.314119999999999777e+02 2.997549999999999867e-02
4.309119999999999777e+02 2.997069999999999942e-02
4.304119999999999777e+02 2.996580000000000077e-02
4.299119999999999777e+02 2.996100000000000152e-02
4.294119999999999777e+02 2.995619999999999880e-02
4.289119999999999777e+02 2.995170000000000124e-02
4.284119999999999777e+02 2.994679999999999911e-02
4.279119999999999777e+02 2.994190000000000046e-02
4.274119999999999777e+02 2.993639999999999843e-02
4.269119999999999777e+02 2.993149999999999977e-02
4.264119999999999777e+02 2.992650000000000171e-02
4.259119999999999777e+02 2.992150000000000018e-02
4.254119999999999777e+02 2.991639999999999924e-02
4.249119999999999777e+02 2.991129999999999831e-02
4.244119999999999777e+02 2.990659999999999846e-02
4.239119999999999777e+02 2.990140000000000159e-02
4.234119999999999777e+02 2.989620000000000125e-02
4.229119999999999777e+02 2.989199999999999843e-02
4.224119999999999777e+02 2.988669999999999868e-02
4.219119999999999777e+02 2.988139999999999893e-02
4.214119999999999777e+02 2.987400000000000125e-02
4.209119999999999777e+02 2.986870000000000150e-02
4.204119999999999777e+02 2.986329999999999887e-02
4.199119999999999777e+02 2.985869999999999844e-02
4.194119999999999777e+02 2.985319999999999988e-02
4.189119999999999777e+02 2.984780000000000072e-02
4.184119999999999777e+02 2.984250000000000097e-02
4.179119999999999777e+02 2.983699999999999894e-02
4.174119999999999777e+02 2.983140000000000097e-02
4.169119999999999777e+02 2.982610000000000122e-02
4.164119999999999777e+02 2.982040000000000038e-02
4.159119999999999777e+02 2.981479999999999894e-02
4.154119999999999777e+02 2.980879999999999988e-02
4.149119999999999777e+02 2.980309999999999904e-02
4.144119999999999777e+02 2.979740000000000166e-02
4.139119999999999777e+02 2.979040000000000160e-02
4.134119999999999777e+02 2.978470000000000076e-02
4.129119999999999777e+02 2.977880000000000110e-02
4.124119999999999777e+02 2.977350000000000135e-02
4.119119999999999777e+02 2.976760000000000170e-02
4.114119999999999777e+02 2.976169999999999857e-02
4.109119999999999777e+02 2.975569999999999951e-02
4.104119999999999777e+02 2.974970000000000045e-02
4.099119999999999777e+02 2.974359999999999851e-02
4.094119999999999777e+02 2.973769999999999886e-02
4.089119999999999777e+02 2.973160000000000039e-02
4.084119999999999777e+02 2.972539999999999905e-02
4.079119999999999777e+02 2.971930000000000058e-02
4.074119999999999777e+02 2.971309999999999923e-02
4.069119999999999777e+02 2.970679999999999849e-02
4.064119999999999777e+02 2.970000000000000070e-02
4.059119999999999777e+02 2.969360000000000055e-02
4.054119999999999777e+02 2.968729999999999980e-02
4.049119999999999777e+02 2.968109999999999846e-02
4.044119999999999777e+02 2.967459999999999889e-02
4.039119999999999777e+02 2.966809999999999933e-02
4.034119999999999777e+02 2.966169999999999918e-02
4.029119999999999777e+02 2.965510000000000021e-02
4.024119999999999777e+02 2.964850000000000124e-02
4.019119999999999777e+02 2.964200000000000168e-02
4.014119999999999777e+02 2.963529999999999984e-02
4.009119999999999777e+02 2.962860000000000146e-02
4.004119999999999777e+02 2.962189999999999962e-02
4.000710000000000264e+02 2.961729999999999918e-02
3.998430000000000177e+02 2.961420000000000025e-02
3.996909999999999741e+02 2.961110000000000131e-02
3.995899999999999750e+02 2.960969999999999921e-02
3.995219999999999914e+02 2.960880000000000109e-02
3.994769999999999754e+02 2.960849999999999940e-02
3.994470000000000027e+02 2.960809999999999831e-02
3.994270000000000209e+02 2.960789999999999950e-02
3.994270000000000209e+02 2.960789999999999950e-02
3.989270000000000209e+02 2.960099999999999884e-02
3.984270000000000209e+02 2.959389999999999937e-02
3.979270000000000209e+02 2.958689999999999931e-02
3.974270000000000209e+02 2.957989999999999925e-02
3.969270000000000209e+02 2.957299999999999859e-02
3.964270000000000209e+02 2.956589999999999913e-02
3.959270000000000209e+02 2.955870000000000025e-02
3.954270000000000209e+02 2.955170000000000019e-02
3.949270000000000209e+02 2.954439999999999844e-02
3.944270000000000209e+02 2.953710000000000016e-02
3.939270000000000209e+02 2.952990000000000129e-02
3.934270000000000209e+02 2.952250000000000013e-02
3.929270000000000209e+02 2.951509999999999898e-02
3.924270000000000209e+02 2.950759999999999841e-02
3.919270000000000209e+02 2.950010000000000132e-02
3.914270000000000209e+02 2.949250000000000135e-02
3.909270000000000209e+02 2.948500000000000079e-02
3.904270000000000209e+02 2.947730000000000142e-02
3.899270000000000209e+02 2.946959999999999857e-02
3.894270000000000209e+02 2.946220000000000089e-02
3.889270000000000209e+02 2.945439999999999864e-02
3.884270000000000209e+02 2.944659999999999986e-02
3.879270000000000209e+02 2.943830000000000058e-02
3.874270000000000209e+02 2.943029999999999952e-02
3.869270000000000209e+02 2.942229999999999845e-02
3.864270000000000209e+02 2.941430000000000086e-02
3.859270000000000209e+02 2.940620000000000039e-02
3.854270000000000209e+02 2.939800000000000052e-02
3.849270000000000209e+02 2.938999999999999946e-02
3.844270000000000209e+02 2.938170000000000018e-02
3.839270000000000209e+02 2.937340000000000090e-02
3.834270000000000209e+02 2.936539999999999984e-02
3.829270000000000209e+02 2.935700000000000115e-02
3.824270000000000209e+02 2.934849999999999959e-02
3.819270000000000209e+02 2.933909999999999990e-02
3.814270000000000209e+02 2.933059999999999834e-02
3.809270000000000209e+02 2.932200000000000084e-02
3.804270000000000209e+02 2.931349999999999928e-02
3.799270000000000209e+02 2.930479999999999891e-02
3.794270000000000209e+02 2.929599999999999912e-02
3.789270000000000209e+02 2.928719999999999934e-02
3.784270000000000209e+02 2.927830000000000016e-02
3.779270000000000209e+02 2.926940000000000097e-02
3.774270000000000209e+02 2.926049999999999832e-02
3.769270000000000209e+02 2.925140000000000032e-02
3.764270000000000209e+02 2.924229999999999885e-02
3.759270000000000209e+02 2.923330000000000026e-02
3.754270000000000209e+02 2.922399999999999998e-02
3.749270000000000209e+02 2.921479999999999910e-02
3.744270000000000209e+02 2.920549999999999882e-02
3.739270000000000209e+02 2.919609999999999914e-02
3.734270000000000209e+02 2.918669999999999945e-02
3.729270000000000209e+02 2.917689999999999867e-02
3.724270000000000209e+02 2.916730000000000017e-02
3.719270000000000209e+02 2.915759999999999880e-02
3.714270000000000209e+02 2.914800000000000030e-02
3.709270000000000209e+02 2.913829999999999892e-02
3.704270000000000209e+02 2.912839999999999874e-02
3.699270000000000209e+02 2.911860000000000143e-02
3.694270000000000209e+02 2.910859999999999836e-02
3.689270000000000209e+02 2.909859999999999877e-02
3.684270000000000209e+02 2.908859999999999918e-02
3.679270000000000209e+02 2.907840000000000077e-02
3.674270000000000209e+02 2.906819999999999890e-02
3.669270000000000209e+02 2.905790000000000109e-02
3.664270000000000209e+02 2.904759999999999981e-02
3.659270000000000209e+02 2.903719999999999912e-02
3.654270000000000209e+02 2.902659999999999962e-02
3.649270000000000209e+02 2.901609999999999953e-02
3.644270000000000209e+02 2.900550000000000003e-02
3.639270000000000209e+02 2.899440000000000003e-02
3.634270000000000209e+02 2.898360000000000172e-02
3.629270000000000209e+02 2.897279999999999994e-02
3.624270000000000209e+02 2.896179999999999935e-02
3.619270000000000209e+02 2.895079999999999876e-02
3.614270000000000209e+02 2.893980000000000163e-02
3.609270000000000209e+02 2.892870000000000164e-02
3.604270000000000209e+02 2.891749999999999876e-02
3.599270000000000209e+02 2.890629999999999936e-02
3.594270000000000209e+02 2.889490000000000114e-02
3.589270000000000209e+02 2.888349999999999945e-02
3.584270000000000209e+02 2.887199999999999836e-02
3.579270000000000209e+02 2.886040000000000133e-02
3.574270000000000209e+02 2.884880000000000083e-02
3.569270000000000209e+02 2.883710000000000093e-02
3.564270000000000209e+02 2.882519999999999874e-02
3.559270000000000209e+02 2.881339999999999943e-02
3.554270000000000209e+02 2.880140000000000131e-02
3.549270000000000209e+02 2.878949999999999912e-02
3.544270000000000209e+02 2.877740000000000159e-02
3.539270000000000209e+02 2.876520000000000118e-02
3.534270000000000209e+02 2.875269999999999909e-02
3.529270000000000209e+02 2.874039999999999928e-02
3.524270000000000209e+02 2.872790000000000066e-02
3.519270000000000209e+02 2.871550000000000144e-02
3.514270000000000209e+02 2.870289999999999994e-02
3.509270000000000209e+02 2.869019999999999904e-02
3.504270000000000209e+02 2.867750000000000160e-02
3.499270000000000209e+02 2.866459999999999841e-02
3.494270000000000209e+02 2.865169999999999870e-02
3.489270000000000209e+02 2.863869999999999957e-02
3.484270000000000209e+02 2.862560000000000104e-02
3.479270000000000209e+02 2.861230000000000023e-02
3.474270000000000209e+02 2.859909999999999883e-02
3.469270000000000209e+02 2.858569999999999861e-02
3.464270000000000209e+02 2.857219999999999899e-02
3.459270000000000209e+02 2.855859999999999996e-02
3.454270000000000209e+02 2.854500000000000093e-02
3.449270000000000209e+02 2.853119999999999962e-02
3.444270000000000209e+02 2.851750000000000118e-02
3.439270000000000209e+02 2.850350000000000106e-02
3.434270000000000209e+02 2.848950000000000093e-02
3.429270000000000209e+02 2.847490000000000090e-02
3.424270000000000209e+02 2.846059999999999909e-02
3.419270000000000209e+02 2.844630000000000075e-02
3.414270000000000209e+02 2.843209999999999835e-02
3.409270000000000209e+02 2.841749999999999832e-02
3.404270000000000209e+02 2.840279999999999888e-02
3.399270000000000209e+02 2.838780000000000123e-02
3.394270000000000209e+02 2.837289999999999951e-02
3.389270000000000209e+02 2.835800000000000126e-02
3.384270000000000209e+02 2.834300000000000014e-02
3.379270000000000209e+02 2.832789999999999961e-02
3.374270000000000209e+02 2.831260000000000027e-02
3.369270000000000209e+02 2.829720000000000152e-02
3.364270000000000209e+02 2.828169999999999989e-02
3.359270000000000209e+02 2.826609999999999887e-02
3.354270000000000209e+02 2.825050000000000130e-02
3.349270000000000209e+02 2.823470000000000146e-02
3.344270000000000209e+02 2.821869999999999934e-02
3.339270000000000209e+02 2.820260000000000128e-02
3.334270000000000209e+02 2.818640000000000034e-02
3.329270000000000209e+02 2.817019999999999941e-02
3.324270000000000209e+02 2.815370000000000025e-02
3.319270000000000209e+02 2.813720000000000110e-02
3.314270000000000209e+02 2.812059999999999907e-02
3.309270000000000209e+02 2.810390000000000110e-02
3.304270000000000209e+02 2.808710000000000026e-02
3.299270000000000209e+02 2.807010000000000061e-02
3.294270000000000209e+02 2.805300000000000155e-02
3.289270000000000209e+02 2.803579999999999961e-02
3.284270000000000209e+02 2.801839999999999886e-02
3.279270000000000209e+02 2.800100000000000158e-02
3.274270000000000209e+02 2.798339999999999855e-02
3.269270000000000209e+02 2.796560000000000018e-02
3.264270000000000209e+02 2.794779999999999834e-02
3.259270000000000209e+02 2.792980000000000115e-02
3.254270000000000209e+02 2.791170000000000109e-02
3.249270000000000209e+02 2.789339999999999875e-02
3.244270000000000209e+02 2.787500000000000047e-02
3.239270000000000209e+02 2.785649999999999932e-02
3.234270000000000209e+02 2.783779999999999935e-02
3.229270000000000209e+02 2.781909999999999938e-02
3.224270000000000209e+02 2.780010000000000120e-02
3.219270000000000209e+02 2.778109999999999954e-02
3.214270000000000209e+02 2.776179999999999967e-02
3.209270000000000209e+02 2.774249999999999980e-02
3.204270000000000209e+02 2.772300000000000111e-02
3.199270000000000209e+02 2.770339999999999955e-02
3.194270000000000209e+02 2.768359999999999918e-02
3.189270000000000209e+02 2.766369999999999940e-02
3.184270000000000209e+02 2.764360000000000081e-02
3.179270000000000209e+02 2.762329999999999994e-02
3.174270000000000209e+02 2.760289999999999966e-02
3.169270000000000209e+02 2.758239999999999997e-02
3.164270000000000209e+02 2.756170000000000148e-02
3.159270000000000209e+02 2.754090000000000010e-02
3.154270000000000209e+02 2.751989999999999992e-02
3.149270000000000209e+02 2.749870000000000092e-02
3.144270000000000209e+02 2.747739999999999905e-02
3.139270000000000209e+02 2.745600000000000124e-02
3.134270000000000209e+02 2.743429999999999827e-02
3.129270000000000209e+02 2.741249999999999937e-02
3.124270000000000209e+02 2.739060000000000106e-02
3.119270000000000209e+02 2.736840000000000106e-02
3.114270000000000209e+02 2.734620000000000106e-02
3.109270000000000209e+02 2.732369999999999938e-02
3.104270000000000209e+02 2.730099999999999888e-02
3.099270000000000209e+02 2.727819999999999898e-02
3.094270000000000209e+02 2.725520000000000026e-02
3.089270000000000209e+02 2.723199999999999926e-02
3.084270000000000209e+02 2.720859999999999945e-02
3.079270000000000209e+02 2.718510000000000024e-02
3.074279999999999973e+02 2.716139999999999874e-02
3.069279999999999973e+02 2.713749999999999843e-02
3.064279999999999973e+02 2.711339999999999931e-02
3.059289999999999736e+02 2.708920000000000078e-02
3.054289999999999736e+02 2.706470000000000056e-02
3.049300000000000068e+02 2.704010000000000094e-02
3.044320000000000164e+02 2.701529999999999904e-02
3.039329999999999927e+02 2.699040000000000120e-02
3.035919999999999845e+02 2.697319999999999926e-02
3.033639999999999759e+02 2.696170000000000164e-02
3.032130000000000223e+02 2.695399999999999879e-02
3.031120000000000232e+02 2.694879999999999845e-02
3.030439999999999827e+02 2.694540000000000129e-02
3.029990000000000236e+02 2.694310000000000108e-02
3.029689999999999941e+02 2.694159999999999958e-02
3.014499999999999886e+02 2.686310000000000087e-02
3.009510000000000218e+02 2.683690000000000034e-02
3.004510000000000218e+02 2.681040000000000159e-02
2.999510000000000218e+02 2.678370000000000056e-02
2.994510000000000218e+02 2.675680000000000072e-02
2.989510000000000218e+02 2.672969999999999860e-02
2.984510000000000218e+02 2.670240000000000113e-02
2.979510000000000218e+02 2.667490000000000139e-02
2.974510000000000218e+02 2.664709999999999995e-02
2.969510000000000218e+02 2.661909999999999971e-02
2.964510000000000218e+02 2.659090000000000065e-02
2.959510000000000218e+02 2.656239999999999990e-02
2.954510000000000218e+02 2.653370000000000034e-02
2.949510000000000218e+02 2.650479999999999850e-02
2.944510000000000218e+02 2.647559999999999844e-02
2.939510000000000218e+02 2.644619999999999957e-02
2.934510000000000218e+02 2.641649999999999901e-02
2.929510000000000218e+02 2.638669999999999904e-02
2.924510000000000218e+02 2.635650000000000145e-02
2.919510000000000218e+02 2.632610000000000158e-02
2.914510000000000218e+02 2.629549999999999943e-02
2.909510000000000218e+02 2.626459999999999906e-02
2.904510000000000218e+02 2.623340000000000047e-02
2.899510000000000218e+02 2.620199999999999960e-02
2.894510000000000218e+02 2.617030000000000051e-02
2.889510000000000218e+02 2.613839999999999913e-02
2.884510000000000218e+02 2.610610000000000014e-02
2.879510000000000218e+02 2.607359999999999886e-02
2.874510000000000218e+02 2.604079999999999936e-02
2.869510000000000218e+02 2.600780000000000106e-02
2.864510000000000218e+02 2.597450000000000106e-02
2.859510000000000218e+02 2.594079999999999997e-02
2.854510000000000218e+02 2.590690000000000007e-02
2.849510000000000218e+02 2.587269999999999848e-02
2.844510000000000218e+02 2.583819999999999867e-02
2.839510000000000218e+02 2.580340000000000064e-02
2.834510000000000218e+02 2.576820000000000152e-02
2.829510000000000218e+02 2.573280000000000012e-02
2.824510000000000218e+02 2.569710000000000050e-02
2.819510000000000218e+02 2.566099999999999978e-02
2.814510000000000218e+02 2.562470000000000026e-02
2.809510000000000218e+02 2.558799999999999963e-02
2.804510000000000218e+02 2.555090000000000139e-02
2.799510000000000218e+02 2.551360000000000086e-02
2.794510000000000218e+02 2.547589999999999924e-02
2.789510000000000218e+02 2.543789999999999940e-02
2.784510000000000218e+02 2.539949999999999847e-02
2.779510000000000218e+02 2.536079999999999932e-02
2.774510000000000218e+02 2.532169999999999907e-02
2.769510000000000218e+02 2.528230000000000061e-02
2.764510000000000218e+02 2.524250000000000105e-02
2.759510000000000218e+02 2.520230000000000040e-02
2.754510000000000218e+02 2.516180000000000153e-02
2.749510000000000218e+02 2.512090000000000156e-02
2.744510000000000218e+02 2.507960000000000050e-02
2.739510000000000218e+02 2.503800000000000123e-02
2.734510000000000218e+02 2.499590000000000145e-02
2.729510000000000218e+02 2.495340000000000058e-02
2.724510000000000218e+02 2.491060000000000149e-02
2.719510000000000218e+02 2.486729999999999843e-02
2.714510000000000218e+02 2.482360000000000122e-02
2.709510000000000218e+02 2.477959999999999885e-02
2.704510000000000218e+02 2.473500000000000004e-02
2.699510000000000218e+02 2.469009999999999955e-02
2.694510000000000218e+02 2.464469999999999855e-02
2.689510000000000218e+02 2.459889999999999993e-02
2.684510000000000218e+02 2.455260000000000081e-02
2.679510000000000218e+02 2.450590000000000060e-02
2.674510000000000218e+02 2.445869999999999989e-02
2.669510000000000218e+02 2.441099999999999867e-02
2.664510000000000218e+02 2.436289999999999983e-02
2.659510000000000218e+02 2.431430000000000050e-02
2.654510000000000218e+02 2.426520000000000066e-02
2.649510000000000218e+02 2.421560000000000032e-02
2.644510000000000218e+02 2.416540000000000007e-02
2.639510000000000218e+02 2.411479999999999874e-02
2.634510000000000218e+02 2.406370000000000037e-02
2.629510000000000218e+02 2.401199999999999862e-02
2.624510000000000218e+02 2.395979999999999985e-02
2.619510000000000218e+02 2.390710000000000057e-02
2.614510000000000218e+02 2.385380000000000139e-02
2.609510000000000218e+02 2.379989999999999883e-02
2.604510000000000218e+02 2.374549999999999925e-02
2.599510000000000218e+02 2.369040000000000035e-02
2.594510000000000218e+02 2.363480000000000095e-02
2.589510000000000218e+02 2.357860000000000164e-02
2.584510000000000218e+02 2.352179999999999896e-02
2.579510000000000218e+02 2.346439999999999984e-02
2.574510000000000218e+02 2.340630000000000141e-02
2.569510000000000218e+02 2.334759999999999960e-02
2.564510000000000218e+02 2.328819999999999849e-02
2.559509999999999934e+02 2.322820000000000093e-02
2.554509999999999934e+02 2.316750000000000059e-02
2.549509999999999934e+02 2.310610000000000094e-02
2.544509999999999934e+02 2.304399999999999851e-02
2.539509999999999934e+02 2.298110000000000083e-02
2.534509999999999934e+02 2.291759999999999978e-02
2.529509999999999934e+02 2.285330000000000000e-02
2.524509999999999934e+02 2.278820000000000151e-02
2.519509999999999934e+02 2.272240000000000024e-02
2.514509999999999934e+02 2.265580000000000024e-02
2.509509999999999934e+02 2.258840000000000153e-02
2.504509999999999934e+02 2.252020000000000063e-02
2.499509999999999934e+02 2.245110000000000161e-02
2.494509999999999934e+02 2.238120000000000040e-02
2.489509999999999934e+02 2.231040000000000106e-02
2.484509999999999934e+02 2.223870000000000013e-02
2.479509999999999934e+02 2.216610000000000108e-02
2.474509999999999934e+02 2.209250000000000103e-02
2.469509999999999934e+02 2.201799999999999938e-02
2.464509999999999934e+02 2.194259999999999960e-02
2.459509999999999934e+02 2.186619999999999883e-02
2.454509999999999934e+02 2.178870000000000112e-02
2.449509999999999934e+02 2.171019999999999894e-02
2.444509999999999934e+02 2.163059999999999983e-02
2.439509999999999934e+02 2.154999999999999971e-02
2.434509999999999934e+02 2.146819999999999978e-02
2.429509999999999934e+02 2.138529999999999945e-02
2.424509999999999934e+02 2.130119999999999930e-02
2.419509999999999934e+02 2.121589999999999934e-02
2.414509999999999934e+02 2.112930000000000016e-02
2.409509999999999934e+02 2.104150000000000117e-02
2.404509999999999934e+02 2.095239999999999950e-02
2.399509999999999934e+02 2.086189999999999919e-02
2.394509999999999934e+02 2.077000000000000027e-02
2.389509999999999934e+02 2.067669999999999925e-02
2.384509999999999934e+02 2.058199999999999960e-02
2.379509999999999934e+02 2.048579999999999846e-02
2.374509999999999934e+02 2.038790000000000047e-02
2.369509999999999934e+02 2.028850000000000098e-02
2.364509999999999934e+02 2.018750000000000058e-02
2.359509999999999934e+02 2.008470000000000047e-02
2.354509999999999934e+02 1.998010000000000064e-02
2.349509999999999934e+02 1.987370000000000109e-02
2.344509999999999934e+02 1.976549999999999835e-02
2.339509999999999934e+02 1.965520000000000114e-02
2.334509999999999934e+02 1.954289999999999847e-02
2.329509999999999934e+02 1.942850000000000132e-02
2.324509999999999934e+02 1.931189999999999990e-02
2.319509999999999934e+02 1.919300000000000173e-02
2.314509999999999934e+02 1.907170000000000046e-02
2.309509999999999934e+02 1.894790000000000016e-02
2.304509999999999934e+02 1.882150000000000142e-02
2.299509999999999934e+02 1.869240000000000138e-02
2.294509999999999934e+02 1.856050000000000061e-02
2.289509999999999934e+02 1.842550000000000091e-02
2.284509999999999934e+02 1.828739999999999880e-02
2.279509999999999934e+02 1.814599999999999894e-02
2.274509999999999934e+02 1.800099999999999964e-02
2.269509999999999934e+02 1.785240000000000091e-02
2.264509999999999934e+02 1.769990000000000105e-02
2.259509999999999934e+02 1.754309999999999897e-02
2.254509999999999934e+02 1.738200000000000162e-02
2.249509999999999934e+02 1.721599999999999867e-02
2.244509999999999934e+02 1.704500000000000112e-02
2.239509999999999934e+02 1.686839999999999867e-02
2.234509999999999934e+02 1.668590000000000004e-02
2.229509999999999934e+02 1.649700000000000125e-02
2.224509999999999934e+02 1.630090000000000011e-02
2.219509999999999934e+02 1.609709999999999960e-02
2.214509999999999934e+02 1.588459999999999872e-02
2.209509999999999934e+02 1.566249999999999934e-02
2.204509999999999934e+02 1.542959999999999991e-02
2.199509999999999934e+02 1.518429999999999953e-02
2.194509999999999934e+02 1.492470000000000081e-02
2.189509999999999934e+02 1.464829999999999952e-02
2.184509999999999934e+02 1.435170000000000022e-02
2.179509999999999934e+02 1.403030000000000076e-02
2.174509999999999934e+02 1.367699999999999992e-02
2.169509999999999934e+02 1.328080000000000059e-02
2.164509999999999934e+02 1.282200000000000006e-02
2.160320000000000107e+02 1.235930000000000015e-02
2.157520000000000095e+02 1.198150000000000083e-02
2.155660000000000025e+02 1.167329999999999930e-02
2.154420000000000073e+02 1.142179999999999931e-02
2.153590000000000089e+02 1.121660000000000018e-02
2.153040000000000020e+02 1.104920000000000034e-02
2.152669999999999959e+02 1.091250000000000032e-02
2.152429999999999950e+02 1.080079999999999929e-02
2.152259999999999991e+02 1.070940000000000086e-02
2.152150000000000034e+02 1.063459999999999926e-02
2.152079999999999984e+02 1.057330000000000075e-02
2.152030000000000030e+02 1.052289999999999996e-02
2.151999999999999886e+02 1.048110000000000014e-02
2.151980000000000075e+02 1.044639999999999978e-02
2.151970000000000027e+02 1.041719999999999972e-02
2.151959999999999980e+02 1.039220000000000074e-02
2.151949999999999932e+02 1.037629999999999976e-02
2.152139999999999986e+02 1.000000000000000021e-02
2.152340000000000089e+02 9.870399999999999660e-03
2.152640000000000100e+02 9.728020000000000417e-03
2.153089999999999975e+02 9.564249999999999835e-03
2.153770000000000095e+02 9.371390000000000275e-03
2.154780000000000086e+02 9.141470000000000498e-03
2.156299999999999955e+02 8.865480000000000235e-03
2.158569999999999993e+02 8.533129999999999882e-03
2.161990000000000123e+02 8.132590000000000305e-03
2.166990000000000123e+02 7.661310000000000169e-03
2.171990000000000123e+02 7.269710000000000408e-03
2.176990000000000123e+02 6.929509999999999836e-03
2.181990000000000123e+02 6.626139999999999981e-03
2.186990000000000123e+02 6.350910000000000409e-03
2.191990000000000123e+02 6.098130000000000217e-03
2.196990000000000123e+02 5.863850000000000312e-03
2.201990000000000123e+02 5.645159999999999761e-03
2.206990000000000123e+02 5.439860000000000355e-03
2.211990000000000123e+02 5.246299999999999748e-03
2.216990000000000123e+02 5.063060000000000303e-03
2.221990000000000123e+02 4.889049999999999820e-03
2.226990000000000123e+02 4.723360000000000232e-03
2.231990000000000123e+02 4.565210000000000101e-03
2.236990000000000123e+02 4.413949999999999818e-03
2.241990000000000123e+02 4.269030000000000047e-03
2.246990000000000123e+02 4.129960000000000228e-03
2.251990000000000123e+02 3.996330000000000195e-03
2.256990000000000123e+02 3.867750000000000094e-03
2.261990000000000123e+02 3.743910000000000033e-03
2.266990000000000123e+02 3.624510000000000058e-03
2.271990000000000123e+02 3.509280000000000038e-03
2.276990000000000123e+02 3.398009999999999919e-03
2.281990000000000123e+02 3.290459999999999826e-03
2.286990000000000123e+02 3.186459999999999900e-03
2.291990000000000123e+02 3.085810000000000029e-03
2.296990000000000123e+02 2.988370000000000175e-03
2.301990000000000123e+02 2.893989999999999931e-03
2.306990000000000123e+02 2.802520000000000185e-03
2.311990000000000123e+02 2.713849999999999856e-03
2.316990000000000123e+02 2.627860000000000092e-03
2.321990000000000123e+02 2.544439999999999810e-03
2.326990000000000123e+02 2.463490000000000037e-03
2.331990000000000123e+02 2.384910000000000068e-03
2.336990000000000123e+02 2.308629999999999884e-03
2.341990000000000123e+02 2.234550000000000078e-03
2.346990000000000123e+02 2.162600000000000199e-03
2.351990000000000123e+02 2.092709999999999796e-03
2.356990000000000123e+02 2.024810000000000151e-03
2.361990000000000123e+02 1.958839999999999887e-03
2.366990000000000123e+02 1.894719999999999911e-03
2.371990000000000123e+02 1.832400000000000088e-03
2.376990000000000123e+02 1.771819999999999905e-03
2.381990000000000123e+02 1.712940000000000036e-03
2.386990000000000123e+02 1.655690000000000026e-03
2.391990000000000123e+02 1.600040000000000056e-03
2.396990000000000123e+02 1.545909999999999949e-03
2.401990000000000123e+02 1.493280000000000041e-03
2.406990000000000123e+02 1.442090000000000038e-03
2.411990000000000123e+02 1.392299999999999961e-03
2.416990000000000123e+02 1.343860000000000107e-03
2.421990000000000123e+02 1.296770000000000041e-03
2.426990000000000123e+02 1.250910000000000043e-03
2.431990000000000123e+02 1.206279999999999896e-03
2.436990000000000123e+02 1.162810000000000015e-03
2.441990000000000123e+02 1.120490000000000028e-03
2.446990000000000123e+02 1.079270000000000012e-03
2.451990000000000123e+02 1.039109999999999990e-03
2.456990000000000123e+02 9.999340000000000658e-04
2.461990000000000123e+02 9.617160000000000465e-04
2.466990000000000123e+02 9.244270000000000178e-04
2.471990000000000123e+02 8.879880000000000368e-04
2.476990000000000123e+02 8.523650000000000020e-04
2.481990000000000123e+02 8.174840000000000492e-04
2.486990000000000123e+02 7.833539999999999948e-04
2.491990000000000123e+02 7.499170000000000098e-04
2.496990000000000123e+02 7.172090000000000106e-04
2.501980000000000075e+02 6.853389999999999786e-04
2.504480000000000075e+02 6.697209999999999665e-04
2.505720000000000027e+02 6.610210000000000261e-04
2.506339999999999861e+02 6.565180000000000321e-04
2.506680000000000064e+02 6.535389999999999646e-04
2.507059999999999889e+02 6.534450000000000024e-04
2.507429999999999950e+02 6.510799999999999530e-04
2.507609999999999957e+02 6.498899999999999729e-04
2.507719999999999914e+02 6.505179999999999947e-04
2.507820000000000107e+02 6.500730000000000354e-04
2.507920000000000016e+02 6.496199999999999501e-04
