-1.297760000000000025e-01 6.136860000000000231e-02
3.679520000000000013e-01 6.150289999999999924e-02
8.657460000000000155e-01 6.163860000000000172e-02
1.363620000000000054e+00 6.177549999999999708e-02
1.861599999999999921e+00 6.191379999999999800e-02
2.359680000000000000e+00 6.205340000000000161e-02
2.857880000000000198e+00 6.219430000000000097e-02
3.356199999999999850e+00 6.233670000000000183e-02
3.854639999999999844e+00 6.248039999999999844e-02
4.353200000000000180e+00 6.262560000000000349e-02
4.851869999999999905e+00 6.277220000000000022e-02
5.350660000000000416e+00 6.292029999999999845e-02
5.849549999999999805e+00 6.306989999999999819e-02
6.348550000000000360e+00 6.322089999999999654e-02
6.847640000000000171e+00 6.337349999999999928e-02
7.346809999999999619e+00 6.352750000000000064e-02
7.846059999999999590e+00 6.368319999999999537e-02
8.345390000000000086e+00 6.384040000000000548e-02
8.844780000000000086e+00 6.399920000000000608e-02
9.344229999999999592e+00 6.415949999999999431e-02
9.843730000000000757e+00 6.432160000000000655e-02
1.034329999999999927e+01 6.448520000000000640e-02
1.084290000000000020e+01 6.465049999999999963e-02
1.134249999999999936e+01 6.481750000000000012e-02
1.184220000000000006e+01 6.498629999999999685e-02
1.234190000000000076e+01 6.515669999999999795e-02
1.284159999999999968e+01 6.532889999999999531e-02
1.334140000000000015e+01 6.550290000000000279e-02
1.384110000000000085e+01 6.567860000000000364e-02
1.434089999999999954e+01 6.585620000000000362e-02
1.484079999999999977e+01 6.603570000000000273e-02
1.534060000000000024e+01 6.621689999999999521e-02
1.584050000000000047e+01 6.640010000000000356e-02
1.634029999999999916e+01 6.658519999999999717e-02
1.684019999999999939e+01 6.677230000000000665e-02
1.734009999999999962e+01 6.696130000000000138e-02
1.783999999999999986e+01 6.715229999999999810e-02
1.833990000000000009e+01 6.734529999999999683e-02
1.883980000000000032e+01 6.754040000000000044e-02
1.933970000000000056e+01 6.773759999999999504e-02
1.983960000000000079e+01 6.793680000000000552e-02
2.033960000000000079e+01 6.813819999999999599e-02
2.083950000000000102e+01 6.834179999999999422e-02
2.133950000000000102e+01 6.854749999999999732e-02
2.183940000000000126e+01 6.875539999999999430e-02
2.233940000000000126e+01 6.896560000000000190e-02
2.283930000000000149e+01 6.917579999999999563e-02
2.333930000000000149e+01 6.939049999999999385e-02
2.383920000000000172e+01 6.960760000000000558e-02
2.433920000000000172e+01 6.982710000000000305e-02
2.483920000000000172e+01 7.004900000000000015e-02
2.533909999999999840e+01 7.027329999999999688e-02
2.583909999999999840e+01 7.049999999999999323e-02
2.633909999999999840e+01 7.072929999999999495e-02
2.683909999999999840e+01 7.096109999999999918e-02
2.733899999999999864e+01 7.119549999999999490e-02
2.783899999999999864e+01 7.143239999999999312e-02
2.833899999999999864e+01 7.167199999999999960e-02
2.883899999999999864e+01 7.191430000000000045e-02
2.933899999999999864e+01 7.215929999999999567e-02
2.983889999999999887e+01 7.240710000000000202e-02
3.033889999999999887e+01 7.265760000000000274e-02
3.083889999999999887e+01 7.291090000000000071e-02
3.133889999999999887e+01 7.316709999999999881e-02
3.183889999999999887e+01 7.342619999999999703e-02
3.233890000000000242e+01 7.368819999999999537e-02
3.283890000000000242e+01 7.395319999999999672e-02
3.333890000000000242e+01 7.422120000000000106e-02
3.383879999999999910e+01 7.449219999999999453e-02
3.433879999999999910e+01 7.476639999999999675e-02
3.483879999999999910e+01 7.504370000000000485e-02
3.533879999999999910e+01 7.532410000000000494e-02
3.583879999999999910e+01 7.560780000000000278e-02
3.633879999999999910e+01 7.589469999999999550e-02
3.683879999999999910e+01 7.618489999999999984e-02
3.733879999999999910e+01 7.647840000000000193e-02
3.783879999999999910e+01 7.677530000000000465e-02
3.833879999999999910e+01 7.707569999999999699e-02
3.883870000000000289e+01 7.737950000000000383e-02
3.933870000000000289e+01 7.768690000000000317e-02
3.983870000000000289e+01 7.799780000000000602e-02
4.033870000000000289e+01 7.831230000000000135e-02
4.083870000000000289e+01 7.863040000000000307e-02
4.133870000000000289e+01 7.895230000000000303e-02
4.183870000000000289e+01 7.927789999999999837e-02
4.233870000000000289e+01 7.960730000000000584e-02
4.283870000000000289e+01 7.994049999999999767e-02
4.333870000000000289e+01 8.027760000000000451e-02
4.383870000000000289e+01 8.061859999999999860e-02
4.433859999999999957e+01 8.096359999999999668e-02
4.483859999999999957e+01 8.131270000000000164e-02
4.533859999999999957e+01 8.166579999999999673e-02
4.583859999999999957e+01 8.202299999999999869e-02
4.633859999999999957e+01 8.238449999999999940e-02
4.683859999999999957e+01 8.275009999999999311e-02
4.733859999999999957e+01 8.311999999999999944e-02
4.783859999999999957e+01 8.349429999999999352e-02
4.833859999999999957e+01 8.387290000000000023e-02
4.883850000000000335e+01 8.425589999999999469e-02
4.933850000000000335e+01 8.464339999999999364e-02
4.983850000000000335e+01 8.503549999999999998e-02
5.033850000000000335e+01 8.543209999999999693e-02
5.083850000000000335e+01 8.583330000000000126e-02
5.133850000000000335e+01 8.623920000000000197e-02
5.183850000000000335e+01 8.664990000000000192e-02
5.233850000000000335e+01 8.706529999999999825e-02
5.283840000000000003e+01 8.748559999999999670e-02
5.333840000000000003e+01 8.791079999999999728e-02
5.383840000000000003e+01 8.834079999999999711e-02
5.433840000000000003e+01 8.877590000000000481e-02
5.483840000000000003e+01 8.921600000000000363e-02
5.533840000000000003e+01 8.966129999999999933e-02
5.583829999999999671e+01 9.011160000000000003e-02
5.633829999999999671e+01 9.056720000000000048e-02
5.683829999999999671e+01 9.102799999999999780e-02
5.733829999999999671e+01 9.149409999999999488e-02
5.783829999999999671e+01 9.196550000000000558e-02
5.833820000000000050e+01 9.244230000000000502e-02
5.883820000000000050e+01 9.292459999999999609e-02
5.933820000000000050e+01 9.341240000000000654e-02
5.983820000000000050e+01 9.390579999999999761e-02
6.033820000000000050e+01 9.440469999999999418e-02
6.083809999999999718e+01 9.490930000000000200e-02
6.133809999999999718e+01 9.541959999999999331e-02
6.183809999999999718e+01 9.593569999999999875e-02
6.233809999999999718e+01 9.645750000000000157e-02
6.283800000000000097e+01 9.698519999999999364e-02
6.333800000000000097e+01 9.751880000000000270e-02
6.383800000000000097e+01 9.805830000000000102e-02
6.433799999999999386e+01 9.860380000000000533e-02
6.483790000000000475e+01 9.915540000000000465e-02
6.533790000000000475e+01 9.971299999999999608e-02
6.583790000000000475e+01 1.002770000000000050e-01
6.633780000000000143e+01 1.008470000000000061e-01
6.683780000000000143e+01 1.014229999999999993e-01
6.733780000000000143e+01 1.020049999999999985e-01
6.783780000000000143e+01 1.025940000000000046e-01
6.833769999999999811e+01 1.031890000000000029e-01
6.883769999999999811e+01 1.037899999999999934e-01
6.933769999999999811e+01 1.043980000000000047e-01
6.983759999999999479e+01 1.050119999999999942e-01
7.033759999999999479e+01 1.056330000000000047e-01
7.083759999999999479e+01 1.062609999999999943e-01
7.133750000000000568e+01 1.068940000000000029e-01
7.183750000000000568e+01 1.075350000000000056e-01
7.233740000000000236e+01 1.081820000000000004e-01
7.283740000000000236e+01 1.088360000000000022e-01
7.333740000000000236e+01 1.094959999999999961e-01
7.383729999999999905e+01 1.101639999999999980e-01
7.433729999999999905e+01 1.108380000000000060e-01
7.483729999999999905e+01 1.115180000000000060e-01
7.533719999999999573e+01 1.122060000000000002e-01
7.583719999999999573e+01 1.129010000000000014e-01
7.633710000000000662e+01 1.136019999999999947e-01
7.683710000000000662e+01 1.143099999999999949e-01
7.733710000000000662e+01 1.150250000000000022e-01
7.783700000000000330e+01 1.157470000000000027e-01
7.833700000000000330e+01 1.164769999999999972e-01
7.883689999999999998e+01 1.172129999999999977e-01
7.933689999999999998e+01 1.179560000000000053e-01
7.983679999999999666e+01 1.187060000000000060e-01
8.033679999999999666e+01 1.194629999999999997e-01
8.083669999999999334e+01 1.202270000000000005e-01
8.133669999999999334e+01 1.209989999999999954e-01
8.183669999999999334e+01 1.217769999999999964e-01
8.233660000000000423e+01 1.225620000000000043e-01
8.283660000000000423e+01 1.233550000000000063e-01
8.333650000000000091e+01 1.241540000000000005e-01
8.383650000000000091e+01 1.249610000000000026e-01
8.433639999999999759e+01 1.257749999999999979e-01
8.483639999999999759e+01 1.265959999999999863e-01
8.533629999999999427e+01 1.274240000000000095e-01
8.583629999999999427e+01 1.282590000000000119e-01
8.633620000000000516e+01 1.291019999999999945e-01
8.683620000000000516e+01 1.299510000000000109e-01
8.733610000000000184e+01 1.308070000000000066e-01
8.783610000000000184e+01 1.316710000000000103e-01
8.833599999999999852e+01 1.325419999999999932e-01
8.883599999999999852e+01 1.334190000000000098e-01
8.933589999999999520e+01 1.343040000000000067e-01
8.983589999999999520e+01 1.351960000000000106e-01
9.033589999999999520e+01 1.360949999999999938e-01
9.083580000000000609e+01 1.370010000000000117e-01
9.133580000000000609e+01 1.379140000000000088e-01
9.183570000000000277e+01 1.388340000000000130e-01
9.233570000000000277e+01 1.397609999999999963e-01
9.283559999999999945e+01 1.406959999999999877e-01
9.333559999999999945e+01 1.416409999999999891e-01
9.365550000000000352e+01 1.422480000000000133e-01
9.381550000000000011e+01 1.425520000000000120e-01
9.389549999999999841e+01 1.427049999999999985e-01
9.393550000000000466e+01 1.427809999999999913e-01
9.397549999999999670e+01 1.428570000000000118e-01
9.401550000000000296e+01 1.429330000000000045e-01
9.405549999999999500e+01 1.430099999999999982e-01
9.413549999999999329e+01 1.431620000000000115e-01
9.429550000000000409e+01 1.434680000000000122e-01
9.461549999999999727e+01 1.440800000000000136e-01
9.511539999999999395e+01 1.450420000000000043e-01
9.561539999999999395e+01 1.460130000000000039e-01
9.611530000000000484e+01 1.469920000000000115e-01
9.661530000000000484e+01 1.479769999999999974e-01
9.711520000000000152e+01 1.489699999999999913e-01
9.761520000000000152e+01 1.499689999999999912e-01
9.811509999999999820e+01 1.509739999999999971e-01
9.861509999999999820e+01 1.519870000000000110e-01
9.911509999999999820e+01 1.530050000000000021e-01
9.961499999999999488e+01 1.540310000000000012e-01
1.001149999999999949e+02 1.550620000000000054e-01
1.006149999999999949e+02 1.560999999999999888e-01
1.011149999999999949e+02 1.571450000000000069e-01
1.016149999999999949e+02 1.581960000000000033e-01
1.021149999999999949e+02 1.592530000000000057e-01
1.026149999999999949e+02 1.603159999999999863e-01
1.031149999999999949e+02 1.613860000000000017e-01
1.036149999999999949e+02 1.624619999999999953e-01
1.041149999999999949e+02 1.635439999999999949e-01
1.046149999999999949e+02 1.646309999999999996e-01
1.051149999999999949e+02 1.657250000000000112e-01
1.056149999999999949e+02 1.668250000000000011e-01
1.061140000000000043e+02 1.679299999999999959e-01
1.066140000000000043e+02 1.690419999999999978e-01
1.071140000000000043e+02 1.701590000000000047e-01
1.076140000000000043e+02 1.712819999999999898e-01
1.081140000000000043e+02 1.724100000000000077e-01
1.086140000000000043e+02 1.735440000000000038e-01
1.091140000000000043e+02 1.746830000000000049e-01
1.096140000000000043e+02 1.758280000000000121e-01
1.101140000000000043e+02 1.769779999999999964e-01
1.106140000000000043e+02 1.781339999999999868e-01
1.111140000000000043e+02 1.792940000000000089e-01
1.116140000000000043e+02 1.804600000000000093e-01
1.121140000000000043e+02 1.816309999999999869e-01
1.126140000000000043e+02 1.828069999999999973e-01
1.131140000000000043e+02 1.839870000000000116e-01
1.136140000000000043e+02 1.851730000000000043e-01
1.141140000000000043e+02 1.863630000000000009e-01
1.146140000000000043e+02 1.875580000000000025e-01
1.151140000000000043e+02 1.887580000000000091e-01
1.156140000000000043e+02 1.899619999999999920e-01
1.161140000000000043e+02 1.911710000000000076e-01
1.166140000000000043e+02 1.923839999999999995e-01
1.171140000000000043e+02 1.936009999999999953e-01
1.176140000000000043e+02 1.948229999999999962e-01
1.181140000000000043e+02 1.960490000000000010e-01
1.186140000000000043e+02 1.972780000000000089e-01
1.191140000000000043e+02 1.985119999999999940e-01
1.196140000000000043e+02 1.997500000000000109e-01
1.201140000000000043e+02 2.009910000000000030e-01
1.206140000000000043e+02 2.022359999999999991e-01
1.211140000000000043e+02 2.034849999999999992e-01
1.216140000000000043e+02 2.047380000000000033e-01
1.221140000000000043e+02 2.059930000000000094e-01
1.226140000000000043e+02 2.072529999999999928e-01
1.231140000000000043e+02 2.085150000000000059e-01
1.236140000000000043e+02 2.097809999999999953e-01
1.241129999999999995e+02 2.110499999999999876e-01
1.246129999999999995e+02 2.123220000000000107e-01
1.251129999999999995e+02 2.135960000000000081e-01
1.256129999999999995e+02 2.148740000000000094e-01
1.261129999999999995e+02 2.161540000000000128e-01
1.266129999999999995e+02 2.174379999999999924e-01
1.271129999999999995e+02 2.187230000000000008e-01
1.276129999999999995e+02 2.200110000000000121e-01
1.281129999999999995e+02 2.213019999999999987e-01
1.286129999999999995e+02 2.225949999999999873e-01
1.291129999999999995e+02 2.238900000000000057e-01
1.296129999999999995e+02 2.251869999999999983e-01
1.301129999999999995e+02 2.264859999999999929e-01
1.306129999999999995e+02 2.277869999999999895e-01
1.311129999999999995e+02 2.290899999999999881e-01
1.316129999999999995e+02 2.303949999999999887e-01
1.321129999999999995e+02 2.317019999999999913e-01
1.326129999999999995e+02 2.330099999999999949e-01
1.331129999999999995e+02 2.343189999999999995e-01
1.336129999999999995e+02 2.356300000000000061e-01
1.341129999999999995e+02 2.369420000000000137e-01
1.346129999999999995e+02 2.382549999999999946e-01
1.351129999999999995e+02 2.395700000000000052e-01
1.356129999999999995e+02 2.408849999999999880e-01
1.361129999999999995e+02 2.422020000000000006e-01
1.366129999999999995e+02 2.435190000000000132e-01
1.371129999999999995e+02 2.448369999999999991e-01
1.376129999999999995e+02 2.461560000000000137e-01
1.381129999999999995e+02 2.474750000000000005e-01
1.386129999999999995e+02 2.487949999999999884e-01
1.391129999999999995e+02 2.501149999999999762e-01
1.396129999999999995e+02 2.514350000000000196e-01
1.401129999999999995e+02 2.527559999999999807e-01
1.406129999999999995e+02 2.540769999999999973e-01
1.411129999999999995e+02 2.553969999999999851e-01
1.416129999999999995e+02 2.567180000000000017e-01
1.421129999999999995e+02 2.580379999999999896e-01
1.426129999999999995e+02 2.593590000000000062e-01
1.431129999999999995e+02 2.606780000000000208e-01
1.436129999999999995e+02 2.619980000000000087e-01
1.441129999999999995e+02 2.633170000000000233e-01
1.446129999999999995e+02 2.646350000000000091e-01
1.451129999999999995e+02 2.659529999999999950e-01
1.456129999999999995e+02 2.672700000000000076e-01
1.461129999999999995e+02 2.685859999999999914e-01
1.466129999999999995e+02 2.699010000000000020e-01
1.471129999999999995e+02 2.712149999999999839e-01
1.476129999999999995e+02 2.725279999999999925e-01
1.481129999999999995e+02 2.738399999999999723e-01
1.486129999999999995e+02 2.751500000000000057e-01
1.491129999999999995e+02 2.764599999999999835e-01
1.496129999999999995e+02 2.777669999999999861e-01
1.501129999999999995e+02 2.790730000000000155e-01
1.506129999999999995e+02 2.803780000000000161e-01
1.511129999999999995e+02 2.816810000000000147e-01
1.516129999999999995e+02 2.829820000000000113e-01
1.521129999999999995e+02 2.842810000000000059e-01
1.526129999999999995e+02 2.855790000000000273e-01
1.531129999999999995e+02 2.868740000000000179e-01
1.536129999999999995e+02 2.881679999999999797e-01
1.541129999999999995e+02 2.894590000000000218e-01
1.546129999999999995e+02 2.907480000000000064e-01
1.551129999999999995e+02 2.920340000000000158e-01
1.556129999999999995e+02 2.933189999999999964e-01
1.561129999999999995e+02 2.946010000000000018e-01
1.566129999999999995e+02 2.958799999999999764e-01
1.571129999999999995e+02 2.971570000000000045e-01
1.576129999999999995e+02 2.984310000000000018e-01
1.581129999999999995e+02 2.997020000000000239e-01
1.586129999999999995e+02 3.009709999999999885e-01
1.591129999999999995e+02 3.022369999999999779e-01
1.596129999999999995e+02 3.034999999999999920e-01
1.601119999999999948e+02 3.047590000000000021e-01
1.606119999999999948e+02 3.060160000000000102e-01
1.611119999999999948e+02 3.072699999999999876e-01
1.616119999999999948e+02 3.085200000000000164e-01
1.621119999999999948e+02 3.097679999999999878e-01
1.626119999999999948e+02 3.110120000000000107e-01
1.631119999999999948e+02 3.122519999999999740e-01
1.636119999999999948e+02 3.134890000000000176e-01
1.641119999999999948e+02 3.147229999999999750e-01
1.646119999999999948e+02 3.159529999999999839e-01
1.651119999999999948e+02 3.171789999999999887e-01
1.656119999999999948e+02 3.184020000000000183e-01
1.661119999999999948e+02 3.196209999999999885e-01
1.666119999999999948e+02 3.208369999999999833e-01
1.671119999999999948e+02 3.220480000000000009e-01
1.676119999999999948e+02 3.232559999999999878e-01
1.681119999999999948e+02 3.244600000000000262e-01
1.686119999999999948e+02 3.256589999999999763e-01
1.691119999999999948e+02 3.268550000000000066e-01
1.696119999999999948e+02 3.280469999999999775e-01
1.701119999999999948e+02 3.292340000000000266e-01
1.706119999999999948e+02 3.304179999999999895e-01
1.711119999999999948e+02 3.315969999999999751e-01
1.716119999999999948e+02 3.327709999999999835e-01
1.721119999999999948e+02 3.339420000000000166e-01
1.726119999999999948e+02 3.351080000000000170e-01
1.731119999999999948e+02 3.362700000000000133e-01
1.736119999999999948e+02 3.374269999999999770e-01
1.741119999999999948e+02 3.385799999999999921e-01
1.746119999999999948e+02 3.397290000000000032e-01
1.751119999999999948e+02 3.408720000000000083e-01
1.756119999999999948e+02 3.420119999999999827e-01
1.761119999999999948e+02 3.431460000000000066e-01
1.766119999999999948e+02 3.442760000000000264e-01
1.771119999999999948e+02 3.454010000000000136e-01
1.776119999999999948e+02 3.465219999999999967e-01
1.781119999999999948e+02 3.476369999999999738e-01
1.786119999999999948e+02 3.487480000000000024e-01
1.791119999999999948e+02 3.498539999999999983e-01
1.796119999999999948e+02 3.509559999999999902e-01
1.801119999999999948e+02 3.520519999999999761e-01
1.806119999999999948e+02 3.531429999999999847e-01
1.811119999999999948e+02 3.542299999999999893e-01
1.816119999999999948e+02 3.553109999999999880e-01
1.821119999999999948e+02 3.563879999999999826e-01
1.826119999999999948e+02 3.574590000000000267e-01
1.831119999999999948e+02 3.585260000000000113e-01
1.836119999999999948e+02 3.595869999999999900e-01
1.841119999999999948e+02 3.606429999999999914e-01
1.846119999999999948e+02 3.616940000000000155e-01
1.851119999999999948e+02 3.627400000000000069e-01
1.856119999999999948e+02 3.637810000000000210e-01
1.861119999999999948e+02 3.648170000000000024e-01
1.866119999999999948e+02 3.658469999999999778e-01
1.871119999999999948e+02 3.668719999999999759e-01
1.876119999999999948e+02 3.678919999999999968e-01
1.881119999999999948e+02 3.689069999999999849e-01
1.886119999999999948e+02 3.699160000000000226e-01
1.891119999999999948e+02 3.709210000000000007e-01
1.896119999999999948e+02 3.719189999999999996e-01
1.901119999999999948e+02 3.729129999999999945e-01
1.906119999999999948e+02 3.739009999999999834e-01
1.911119999999999948e+02 3.748839999999999950e-01
1.916119999999999948e+02 3.758619999999999739e-01
1.916119999999999948e+02 3.758619999999999739e-01
1.916519999999999868e+02 3.759339999999999904e-01
1.916920000000000073e+02 3.760120000000000129e-01
1.917719999999999914e+02 3.761680000000000024e-01
1.919319999999999879e+02 3.764799999999999813e-01
1.922520000000000095e+02 3.771019999999999928e-01
1.927520000000000095e+02 3.780700000000000172e-01
1.932520000000000095e+02 3.790310000000000068e-01
1.937520000000000095e+02 3.799850000000000172e-01
1.942520000000000095e+02 3.809350000000000236e-01
1.947520000000000095e+02 3.818790000000000240e-01
1.952520000000000095e+02 3.828170000000000184e-01
1.957520000000000095e+02 3.837499999999999800e-01
1.962520000000000095e+02 3.846780000000000199e-01
1.967520000000000095e+02 3.855999999999999983e-01
1.972520000000000095e+02 3.865169999999999995e-01
1.977520000000000095e+02 3.874290000000000234e-01
1.982520000000000095e+02 3.883349999999999858e-01
1.987520000000000095e+02 3.892349999999999977e-01
1.992520000000000095e+02 3.901310000000000056e-01
1.997520000000000095e+02 3.910210000000000075e-01
2.002520000000000095e+02 3.919050000000000034e-01
2.007520000000000095e+02 3.927840000000000220e-01
2.012520000000000095e+02 3.936580000000000079e-01
2.017520000000000095e+02 3.945259999999999878e-01
2.022520000000000095e+02 3.953889999999999905e-01
2.027520000000000095e+02 3.962459999999999871e-01
2.032520000000000095e+02 3.970980000000000065e-01
2.037520000000000095e+02 3.979449999999999932e-01
2.042520000000000095e+02 3.987859999999999738e-01
2.047520000000000095e+02 3.996219999999999772e-01
2.052520000000000095e+02 4.004530000000000034e-01
2.057520000000000095e+02 4.012780000000000236e-01
2.062520000000000095e+02 4.020980000000000110e-01
2.067520000000000095e+02 4.029119999999999924e-01
2.072520000000000095e+02 4.037220000000000253e-01
2.077520000000000095e+02 4.045259999999999967e-01
2.082520000000000095e+02 4.053240000000000176e-01
2.087520000000000095e+02 4.061170000000000058e-01
2.092520000000000095e+02 4.069050000000000167e-01
2.097520000000000095e+02 4.076879999999999948e-01
2.102520000000000095e+02 4.084659999999999958e-01
2.107520000000000095e+02 4.092379999999999907e-01
2.112520000000000095e+02 4.100050000000000083e-01
2.117520000000000095e+02 4.107669999999999932e-01
2.122520000000000095e+02 4.115230000000000277e-01
2.127520000000000095e+02 4.122739999999999738e-01
2.132520000000000095e+02 4.130199999999999982e-01
2.137520000000000095e+02 4.137609999999999899e-01
2.142520000000000095e+02 4.144970000000000043e-01
2.147520000000000095e+02 4.152279999999999860e-01
2.152520000000000095e+02 4.159530000000000172e-01
2.157520000000000095e+02 4.166739999999999888e-01
2.162520000000000095e+02 4.173890000000000100e-01
2.167520000000000095e+02 4.180989999999999984e-01
2.172520000000000095e+02 4.188049999999999828e-01
2.177520000000000095e+02 4.195050000000000168e-01
2.182520000000000095e+02 4.202000000000000179e-01
2.187520000000000095e+02 4.208899999999999864e-01
2.192520000000000095e+02 4.215749999999999775e-01
2.197520000000000095e+02 4.222549999999999915e-01
2.202520000000000095e+02 4.229299999999999726e-01
2.207520000000000095e+02 4.236010000000000053e-01
2.212520000000000095e+02 4.242659999999999765e-01
2.217520000000000095e+02 4.249260000000000259e-01
2.222520000000000095e+02 4.255820000000000158e-01
2.227520000000000095e+02 4.262329999999999730e-01
2.232520000000000095e+02 4.268779999999999797e-01
2.237520000000000095e+02 4.275189999999999824e-01
2.242520000000000095e+02 4.281559999999999810e-01
2.247520000000000095e+02 4.287869999999999737e-01
2.252520000000000095e+02 4.294140000000000179e-01
2.257520000000000095e+02 4.300359999999999738e-01
2.262520000000000095e+02 4.306530000000000080e-01
2.267520000000000095e+02 4.312659999999999827e-01
2.272520000000000095e+02 4.318739999999999801e-01
2.277520000000000095e+02 4.324770000000000003e-01
2.282520000000000095e+02 4.330760000000000165e-01
2.287520000000000095e+02 4.336699999999999999e-01
2.292520000000000095e+02 4.342590000000000061e-01
2.297520000000000095e+02 4.348440000000000083e-01
2.302520000000000095e+02 4.354239999999999777e-01
2.307520000000000095e+02 4.359999999999999987e-01
2.312520000000000095e+02 4.365720000000000156e-01
2.317520000000000095e+02 4.371380000000000265e-01
2.322520000000000095e+02 4.377010000000000067e-01
2.327520000000000095e+02 4.382590000000000097e-01
2.332520000000000095e+02 4.388130000000000086e-01
2.337520000000000095e+02 4.393619999999999748e-01
2.342520000000000095e+02 4.399069999999999925e-01
2.347520000000000095e+02 4.404469999999999774e-01
2.352520000000000095e+02 4.409839999999999871e-01
2.357520000000000095e+02 4.415160000000000196e-01
2.362520000000000095e+02 4.420430000000000192e-01
2.367520000000000095e+02 4.425669999999999882e-01
2.372520000000000095e+02 4.430859999999999799e-01
2.377520000000000095e+02 4.436010000000000231e-01
2.382520000000000095e+02 4.441120000000000068e-01
2.387520000000000095e+02 4.446189999999999864e-01
2.392520000000000095e+02 4.451220000000000176e-01
2.397520000000000095e+02 4.456200000000000161e-01
2.402520000000000095e+02 4.461149999999999838e-01
2.407520000000000095e+02 4.466049999999999742e-01
2.412520000000000095e+02 4.470919999999999894e-01
2.417520000000000095e+02 4.475740000000000274e-01
2.422520000000000095e+02 4.480529999999999791e-01
2.427520000000000095e+02 4.485279999999999823e-01
2.432520000000000095e+02 4.489980000000000082e-01
2.437520000000000095e+02 4.494650000000000034e-01
2.442520000000000095e+02 4.499279999999999946e-01
2.447520000000000095e+02 4.503869999999999818e-01
2.452520000000000095e+02 4.508420000000000205e-01
2.457520000000000095e+02 4.512939999999999729e-01
2.462520000000000095e+02 4.517410000000000037e-01
2.467520000000000095e+02 4.521850000000000036e-01
2.472520000000000095e+02 4.526259999999999728e-01
2.477520000000000095e+02 4.530620000000000203e-01
2.482520000000000095e+02 4.534949999999999815e-01
2.487520000000000095e+02 4.539239999999999942e-01
2.492520000000000095e+02 4.543499999999999761e-01
2.497520000000000095e+02 4.547720000000000096e-01
2.502520000000000095e+02 4.551899999999999835e-01
2.507520000000000095e+02 4.556049999999999822e-01
2.512520000000000095e+02 4.560159999999999769e-01
2.517520000000000095e+02 4.564239999999999964e-01
2.522520000000000095e+02 4.568280000000000118e-01
2.527520000000000095e+02 4.572289999999999965e-01
2.532520000000000095e+02 4.576270000000000060e-01
2.537520000000000095e+02 4.580210000000000115e-01
2.542520000000000095e+02 4.584110000000000129e-01
2.547520000000000095e+02 4.587990000000000124e-01
2.552520000000000095e+02 4.591830000000000078e-01
2.557520000000000095e+02 4.595629999999999993e-01
2.562520000000000095e+02 4.599400000000000155e-01
2.567520000000000095e+02 4.603149999999999742e-01
2.572520000000000095e+02 4.606850000000000112e-01
2.577520000000000095e+02 4.610529999999999906e-01
2.582520000000000095e+02 4.614170000000000216e-01
2.587520000000000095e+02 4.617789999999999950e-01
2.592520000000000095e+02 4.621370000000000200e-01
2.597520000000000095e+02 4.624920000000000142e-01
2.602520000000000095e+02 4.628430000000000044e-01
2.607520000000000095e+02 4.631919999999999926e-01
2.612520000000000095e+02 4.635380000000000056e-01
2.617520000000000095e+02 4.638809999999999878e-01
2.622520000000000095e+02 4.642200000000000215e-01
2.627520000000000095e+02 4.645569999999999977e-01
2.632520000000000095e+02 4.648909999999999987e-01
2.637520000000000095e+02 4.652209999999999956e-01
2.642520000000000095e+02 4.655489999999999906e-01
2.647520000000000095e+02 4.658740000000000103e-01
2.652520000000000095e+02 4.661959999999999993e-01
2.657520000000000095e+02 4.665150000000000130e-01
2.662520000000000095e+02 4.668309999999999960e-01
2.667520000000000095e+02 4.671449999999999769e-01
2.672520000000000095e+02 4.674559999999999826e-01
2.677520000000000095e+02 4.677640000000000131e-01
2.682520000000000095e+02 4.680690000000000128e-01
2.687520000000000095e+02 4.683709999999999818e-01
2.692520000000000095e+02 4.686710000000000043e-01
2.697520000000000095e+02 4.689679999999999960e-01
2.702520000000000095e+02 4.692620000000000124e-01
2.707520000000000095e+02 4.695540000000000269e-01
2.712520000000000095e+02 4.698430000000000106e-01
2.717520000000000095e+02 4.701299999999999923e-01
2.722520000000000095e+02 4.704139999999999988e-01
2.727520000000000095e+02 4.706949999999999745e-01
2.732520000000000095e+02 4.709740000000000038e-01
2.737520000000000095e+02 4.712500000000000022e-01
2.742520000000000095e+02 4.715239999999999987e-01
2.747520000000000095e+02 4.717959999999999932e-01
2.752520000000000095e+02 4.720639999999999836e-01
2.757520000000000095e+02 4.723310000000000008e-01
2.762520000000000095e+02 4.725949999999999873e-01
2.767520000000000095e+02 4.728559999999999985e-01
2.772520000000000095e+02 4.731159999999999810e-01
2.777520000000000095e+02 4.733729999999999882e-01
2.782520000000000095e+02 4.736270000000000202e-01
2.787520000000000095e+02 4.738789999999999947e-01
2.792520000000000095e+02 4.741290000000000227e-01
2.797520000000000095e+02 4.743769999999999931e-01
2.802520000000000095e+02 4.746219999999999883e-01
2.807520000000000095e+02 4.748649999999999816e-01
2.812520000000000095e+02 4.751059999999999728e-01
2.817520000000000095e+02 4.753450000000000175e-01
2.822520000000000095e+02 4.755809999999999760e-01
2.827520000000000095e+02 4.758149999999999880e-01
2.832520000000000095e+02 4.760469999999999979e-01
2.837520000000000095e+02 4.762770000000000059e-01
2.842520000000000095e+02 4.765050000000000119e-01
2.847520000000000095e+02 4.767310000000000159e-01
2.852520000000000095e+02 4.769550000000000178e-01
2.857520000000000095e+02 4.771759999999999891e-01
2.862520000000000095e+02 4.773959999999999870e-01
2.867520000000000095e+02 4.776130000000000098e-01
2.872520000000000095e+02 4.778290000000000037e-01
2.877520000000000095e+02 4.780420000000000225e-01
2.882520000000000095e+02 4.782540000000000124e-01
2.887520000000000095e+02 4.784630000000000272e-01
2.892520000000000095e+02 4.786710000000000131e-01
2.892520000000000095e+02 4.786710000000000131e-01
2.892919999999999732e+02 4.786860000000000004e-01
2.893319999999999936e+02 4.787020000000000164e-01
2.894119999999999777e+02 4.787350000000000216e-01
2.895720000000000027e+02 4.788009999999999766e-01
2.898919999999999959e+02 4.789329999999999976e-01
2.903919999999999959e+02 4.791369999999999796e-01
2.908919999999999959e+02 4.793390000000000151e-01
2.913919999999999959e+02 4.795380000000000198e-01
2.918919999999999959e+02 4.797359999999999958e-01
2.923919999999999959e+02 4.799309999999999965e-01
2.928919999999999959e+02 4.801250000000000240e-01
2.933919999999999959e+02 4.803169999999999940e-01
2.938919999999999959e+02 4.805079999999999907e-01
2.943919999999999959e+02 4.806960000000000122e-01
2.948919999999999959e+02 4.808830000000000049e-01
2.953919999999999959e+02 4.810679999999999956e-01
2.958919999999999959e+02 4.812509999999999843e-01
2.963919999999999959e+02 4.814329999999999998e-01
2.968919999999999959e+02 4.816130000000000133e-01
2.973919999999999959e+02 4.817910000000000248e-01
2.978919999999999959e+02 4.819669999999999788e-01
2.983919999999999959e+02 4.821420000000000150e-01
2.988919999999999959e+02 4.823149999999999937e-01
2.993919999999999959e+02 4.824869999999999992e-01
2.998919999999999959e+02 4.826570000000000027e-01
3.003919999999999959e+02 4.828250000000000042e-01
3.008919999999999959e+02 4.829919999999999769e-01
3.013919999999999959e+02 4.831570000000000031e-01
3.018919999999999959e+02 4.833210000000000006e-01
3.023919999999999959e+02 4.834829999999999961e-01
3.028919999999999959e+02 4.836429999999999896e-01
3.033919999999999959e+02 4.838020000000000098e-01
3.038919999999999959e+02 4.839600000000000013e-01
3.043919999999999959e+02 4.841159999999999908e-01
3.048919999999999959e+02 4.842699999999999783e-01
3.053919999999999959e+02 4.844229999999999925e-01
3.058919999999999959e+02 4.845749999999999780e-01
3.063919999999999959e+02 4.847250000000000170e-01
3.068919999999999959e+02 4.848740000000000272e-01
3.073919999999999959e+02 4.850209999999999799e-01
3.078919999999999959e+02 4.851670000000000149e-01
3.083919999999999959e+02 4.853109999999999924e-01
3.088919999999999959e+02 4.854550000000000254e-01
3.093919999999999959e+02 4.855960000000000276e-01
3.098919999999999959e+02 4.857369999999999743e-01
3.103919999999999959e+02 4.858759999999999746e-01
3.108919999999999959e+02 4.860140000000000016e-01
3.113919999999999959e+02 4.861500000000000266e-01
3.118919999999999959e+02 4.862850000000000228e-01
3.123919999999999959e+02 4.864189999999999903e-01
3.128919999999999959e+02 4.865519999999999845e-01
3.133919999999999959e+02 4.866829999999999767e-01
3.138919999999999959e+02 4.868129999999999957e-01
3.143919999999999959e+02 4.869419999999999860e-01
3.148919999999999959e+02 4.870700000000000029e-01
3.153919999999999959e+02 4.871960000000000179e-01
3.158919999999999959e+02 4.873210000000000042e-01
3.163919999999999959e+02 4.874450000000000172e-01
3.168919999999999959e+02 4.875680000000000014e-01
3.173919999999999959e+02 4.876889999999999836e-01
3.178919999999999959e+02 4.878100000000000214e-01
3.183919999999999959e+02 4.879290000000000016e-01
3.188919999999999959e+02 4.880470000000000086e-01
3.193919999999999959e+02 4.881639999999999868e-01
3.198919999999999959e+02 4.882799999999999918e-01
3.203919999999999959e+02 4.883950000000000236e-01
3.208919999999999959e+02 4.885090000000000265e-01
3.213919999999999959e+02 4.886210000000000275e-01
3.218919999999999959e+02 4.887329999999999730e-01
3.223919999999999959e+02 4.888430000000000275e-01
3.228919999999999959e+02 4.889519999999999977e-01
3.233919999999999959e+02 4.890610000000000235e-01
3.238919999999999959e+02 4.891679999999999917e-01
3.243919999999999959e+02 4.892739999999999867e-01
3.248919999999999959e+02 4.893790000000000084e-01
3.253919999999999959e+02 4.894830000000000014e-01
3.258919999999999959e+02 4.895860000000000212e-01
3.263919999999999959e+02 4.896889999999999854e-01
3.268919999999999959e+02 4.897900000000000031e-01
3.273919999999999959e+02 4.898899999999999921e-01
3.278919999999999959e+02 4.899890000000000079e-01
3.283919999999999959e+02 4.900880000000000236e-01
3.288919999999999959e+02 4.901849999999999818e-01
3.293919999999999959e+02 4.902810000000000223e-01
3.298919999999999959e+02 4.903770000000000073e-01
3.303919999999999959e+02 4.904709999999999903e-01
3.308919999999999959e+02 4.905649999999999733e-01
3.313919999999999959e+02 4.906570000000000098e-01
3.318919999999999959e+02 4.907489999999999908e-01
3.323919999999999959e+02 4.908399999999999985e-01
3.328919999999999959e+02 4.909299999999999775e-01
3.333919999999999959e+02 4.910189999999999833e-01
3.338919999999999959e+02 4.911079999999999890e-01
3.343919999999999959e+02 4.911949999999999927e-01
3.348919999999999959e+02 4.912819999999999965e-01
3.353919999999999959e+02 4.913669999999999982e-01
3.358919999999999959e+02 4.914520000000000000e-01
3.363919999999999959e+02 4.915359999999999729e-01
3.368919999999999959e+02 4.916200000000000014e-01
3.373919999999999959e+02 4.917019999999999724e-01
3.378919999999999959e+02 4.917839999999999989e-01
3.383919999999999959e+02 4.918649999999999967e-01
3.388919999999999959e+02 4.919450000000000212e-01
3.393919999999999959e+02 4.920240000000000169e-01
3.398919999999999959e+02 4.921030000000000126e-01
3.403919999999999959e+02 4.921800000000000064e-01
3.408919999999999959e+02 4.922570000000000001e-01
3.413919999999999959e+02 4.923339999999999939e-01
3.418919999999999959e+02 4.924089999999999856e-01
3.423919999999999959e+02 4.924839999999999773e-01
3.428919999999999959e+02 4.925579999999999958e-01
3.433919999999999959e+02 4.926309999999999856e-01
3.438919999999999959e+02 4.927039999999999753e-01
3.443919999999999959e+02 4.927759999999999918e-01
3.448919999999999959e+02 4.928469999999999795e-01
3.453919999999999959e+02 4.929180000000000228e-01
3.458919999999999959e+02 4.929870000000000085e-01
3.463919999999999959e+02 4.930570000000000230e-01
3.468919999999999959e+02 4.931249999999999800e-01
3.473919999999999959e+02 4.931929999999999925e-01
3.478919999999999959e+02 4.932599999999999763e-01
3.483919999999999959e+02 4.933259999999999867e-01
3.488919999999999959e+02 4.933919999999999972e-01
3.493919999999999959e+02 4.934569999999999790e-01
3.498919999999999959e+02 4.935220000000000162e-01
3.503919999999999959e+02 4.935860000000000247e-01
3.508919999999999959e+02 4.936490000000000045e-01
3.513919999999999959e+02 4.937119999999999842e-01
3.518919999999999959e+02 4.937739999999999907e-01
3.523919999999999959e+02 4.938350000000000239e-01
3.528919999999999959e+02 4.938960000000000017e-01
3.533919999999999959e+02 4.939569999999999794e-01
3.538919999999999959e+02 4.940160000000000107e-01
3.543919999999999959e+02 4.940749999999999864e-01
3.548919999999999959e+02 4.941340000000000177e-01
3.553919999999999959e+02 4.941920000000000202e-01
3.558919999999999959e+02 4.942489999999999939e-01
3.563919999999999959e+02 4.943060000000000231e-01
3.568919999999999959e+02 4.943620000000000236e-01
3.573919999999999959e+02 4.944180000000000241e-01
3.578919999999999959e+02 4.944729999999999959e-01
3.583919999999999959e+02 4.945280000000000231e-01
3.588919999999999959e+02 4.945820000000000216e-01
3.593919999999999959e+02 4.946349999999999913e-01
3.598919999999999959e+02 4.946880000000000166e-01
3.603919999999999959e+02 4.947409999999999863e-01
3.608919999999999959e+02 4.947929999999999828e-01
3.613919999999999959e+02 4.948440000000000061e-01
3.618919999999999959e+02 4.948949999999999738e-01
3.623919999999999959e+02 4.949459999999999971e-01
3.628919999999999959e+02 4.949959999999999916e-01
3.633919999999999959e+02 4.950450000000000128e-01
3.638919999999999959e+02 4.950939999999999785e-01
3.643919999999999959e+02 4.951429999999999998e-01
3.648919999999999959e+02 4.951909999999999923e-01
3.653919999999999959e+02 4.952380000000000115e-01
3.658919999999999959e+02 4.952849999999999753e-01
3.663919999999999959e+02 4.953319999999999945e-01
3.668919999999999959e+02 4.953779999999999850e-01
3.673919999999999959e+02 4.954239999999999755e-01
3.678919999999999959e+02 4.954689999999999928e-01
3.683919999999999959e+02 4.955140000000000100e-01
3.688919999999999959e+02 4.955579999999999985e-01
3.693919999999999959e+02 4.956019999999999870e-01
3.698919999999999959e+02 4.956459999999999755e-01
3.703919999999999959e+02 4.956889999999999907e-01
3.708919999999999959e+02 4.957320000000000060e-01
3.713919999999999959e+02 4.957739999999999925e-01
3.718919999999999959e+02 4.958159999999999790e-01
3.723919999999999959e+02 4.958569999999999922e-01
3.728919999999999959e+02 4.958980000000000055e-01
3.733919999999999959e+02 4.959390000000000187e-01
3.738919999999999959e+02 4.959790000000000032e-01
3.743919999999999959e+02 4.960189999999999877e-01
3.748919999999999959e+02 4.960579999999999989e-01
3.753919999999999959e+02 4.960970000000000102e-01
3.758919999999999959e+02 4.961360000000000214e-01
3.763919999999999959e+02 4.961740000000000039e-01
3.768919999999999959e+02 4.962119999999999864e-01
3.773919999999999959e+02 4.962500000000000244e-01
3.778919999999999959e+02 4.962869999999999782e-01
3.783919999999999959e+02 4.963239999999999874e-01
3.788919999999999959e+02 4.963600000000000234e-01
3.793919999999999959e+02 4.963960000000000039e-01
3.798919999999999959e+02 4.964319999999999844e-01
3.803919999999999959e+02 4.964669999999999916e-01
3.808919999999999959e+02 4.965019999999999989e-01
3.813919999999999959e+02 4.965370000000000061e-01
3.818919999999999959e+02 4.965709999999999846e-01
3.823919999999999959e+02 4.966050000000000186e-01
3.828919999999999959e+02 4.966389999999999971e-01
3.833919999999999959e+02 4.966720000000000024e-01
3.838919999999999959e+02 4.967050000000000076e-01
3.843919999999999959e+02 4.967380000000000129e-01
3.848919999999999959e+02 4.967699999999999894e-01
3.853919999999999959e+02 4.968020000000000214e-01
3.858919999999999959e+02 4.968339999999999979e-01
3.863919999999999959e+02 4.968650000000000011e-01
3.868919999999999959e+02 4.968960000000000043e-01
3.868919999999999959e+02 4.968960000000000043e-01
3.869320000000000164e+02 4.968980000000000063e-01
3.869719999999999800e+02 4.969009999999999816e-01
3.870520000000000209e+02 4.969060000000000143e-01
3.872119999999999891e+02 4.969160000000000244e-01
3.875319999999999823e+02 4.969350000000000156e-01
3.880319999999999823e+02 4.969660000000000188e-01
3.885319999999999823e+02 4.969959999999999933e-01
3.890319999999999823e+02 4.970260000000000233e-01
3.895319999999999823e+02 4.970550000000000246e-01
3.900319999999999823e+02 4.970840000000000258e-01
3.905319999999999823e+02 4.971130000000000271e-01
3.910319999999999823e+02 4.971419999999999728e-01
3.915319999999999823e+02 4.971700000000000008e-01
3.920319999999999823e+02 4.971979999999999733e-01
3.925319999999999823e+02 4.972260000000000013e-01
3.930319999999999823e+02 4.972539999999999738e-01
3.935319999999999823e+02 4.972809999999999730e-01
3.940319999999999823e+02 4.973079999999999723e-01
3.945319999999999823e+02 4.973350000000000271e-01
3.950319999999999823e+02 4.973609999999999975e-01
3.955319999999999823e+02 4.973870000000000235e-01
3.960319999999999823e+02 4.974129999999999940e-01
3.965319999999999823e+02 4.974390000000000200e-01
3.970319999999999823e+02 4.974640000000000173e-01
3.975319999999999823e+02 4.974890000000000145e-01
3.980319999999999823e+02 4.975140000000000118e-01
3.985319999999999823e+02 4.975390000000000090e-01
3.990319999999999823e+02 4.975629999999999775e-01
3.995319999999999823e+02 4.975870000000000015e-01
4.000319999999999823e+02 4.976110000000000255e-01
4.005319999999999823e+02 4.976349999999999940e-01
4.010319999999999823e+02 4.976590000000000180e-01
4.015319999999999823e+02 4.976820000000000133e-01
4.020319999999999823e+02 4.977050000000000085e-01
4.025319999999999823e+02 4.977280000000000038e-01
4.030319999999999823e+02 4.977500000000000258e-01
4.035319999999999823e+02 4.977719999999999922e-01
4.040319999999999823e+02 4.977949999999999875e-01
4.045319999999999823e+02 4.978159999999999807e-01
4.050319999999999823e+02 4.978380000000000027e-01
4.055319999999999823e+02 4.978600000000000247e-01
4.060319999999999823e+02 4.978810000000000180e-01
4.065319999999999823e+02 4.979020000000000112e-01
4.070319999999999823e+02 4.979230000000000045e-01
4.075319999999999823e+02 4.979430000000000245e-01
4.080319999999999823e+02 4.979640000000000177e-01
4.085319999999999823e+02 4.979839999999999822e-01
4.090319999999999823e+02 4.980040000000000022e-01
4.095319999999999823e+02 4.980240000000000222e-01
4.100319999999999823e+02 4.980430000000000135e-01
4.105319999999999823e+02 4.980629999999999780e-01
4.110319999999999823e+02 4.980820000000000247e-01
4.115319999999999823e+02 4.981010000000000160e-01
4.120319999999999823e+02 4.981200000000000072e-01
4.125319999999999823e+02 4.981389999999999985e-01
4.130319999999999823e+02 4.981570000000000165e-01
4.135319999999999823e+02 4.981749999999999790e-01
4.140319999999999823e+02 4.981940000000000257e-01
4.145319999999999823e+02 4.982110000000000150e-01
4.150319999999999823e+02 4.982289999999999774e-01
4.155319999999999823e+02 4.982469999999999954e-01
4.160319999999999823e+02 4.982639999999999847e-01
4.165319999999999823e+02 4.982809999999999739e-01
4.170319999999999823e+02 4.982989999999999919e-01
4.175319999999999823e+02 4.983150000000000079e-01
4.180319999999999823e+02 4.983319999999999972e-01
4.185319999999999823e+02 4.983489999999999864e-01
4.190319999999999823e+02 4.983650000000000024e-01
4.195319999999999823e+02 4.983810000000000184e-01
4.200319999999999823e+02 4.983969999999999789e-01
4.205319999999999823e+02 4.984129999999999949e-01
4.210319999999999823e+02 4.984290000000000109e-01
4.215319999999999823e+02 4.984450000000000269e-01
4.220319999999999823e+02 4.984600000000000142e-01
4.225319999999999823e+02 4.984750000000000014e-01
4.230319999999999823e+02 4.984910000000000174e-01
4.235319999999999823e+02 4.985060000000000047e-01
4.240319999999999823e+02 4.985200000000000187e-01
4.245319999999999823e+02 4.985350000000000059e-01
4.250319999999999823e+02 4.985499999999999932e-01
4.255319999999999823e+02 4.985640000000000072e-01
4.260319999999999823e+02 4.985780000000000212e-01
4.265319999999999823e+02 4.985930000000000084e-01
4.270319999999999823e+02 4.986070000000000224e-01
4.275319999999999823e+02 4.986200000000000077e-01
4.280319999999999823e+02 4.986340000000000217e-01
4.285319999999999823e+02 4.986479999999999801e-01
4.290319999999999823e+02 4.986610000000000209e-01
4.295319999999999823e+02 4.986740000000000061e-01
4.300319999999999823e+02 4.986880000000000202e-01
4.305319999999999823e+02 4.987010000000000054e-01
4.310319999999999823e+02 4.987130000000000174e-01
4.315319999999999823e+02 4.987260000000000026e-01
4.320319999999999823e+02 4.987389999999999879e-01
4.325319999999999823e+02 4.987509999999999999e-01
4.330319999999999823e+02 4.987639999999999851e-01
4.335319999999999823e+02 4.987759999999999971e-01
4.340319999999999823e+02 4.987880000000000091e-01
4.345319999999999823e+02 4.988000000000000211e-01
4.350319999999999823e+02 4.988119999999999776e-01
4.355319999999999823e+02 4.988239999999999896e-01
4.360319999999999823e+02 4.988360000000000016e-01
4.365319999999999823e+02 4.988469999999999849e-01
4.370319999999999823e+02 4.988589999999999969e-01
4.375319999999999823e+02 4.988699999999999801e-01
4.380319999999999823e+02 4.988810000000000189e-01
4.385319999999999823e+02 4.988920000000000021e-01
4.390319999999999823e+02 4.989029999999999854e-01
4.395319999999999823e+02 4.989140000000000241e-01
4.400319999999999823e+02 4.989250000000000074e-01
4.405319999999999823e+02 4.989359999999999906e-01
4.410319999999999823e+02 4.989460000000000006e-01
4.415319999999999823e+02 4.989569999999999839e-01
4.420319999999999823e+02 4.989669999999999939e-01
4.425319999999999823e+02 4.989779999999999771e-01
4.430319999999999823e+02 4.989879999999999871e-01
4.435319999999999823e+02 4.989979999999999971e-01
4.440319999999999823e+02 4.990080000000000071e-01
4.445319999999999823e+02 4.990180000000000171e-01
4.450319999999999823e+02 4.990269999999999984e-01
4.455319999999999823e+02 4.990370000000000084e-01
4.460319999999999823e+02 4.990470000000000184e-01
4.465319999999999823e+02 4.990559999999999996e-01
4.470319999999999823e+02 4.990649999999999809e-01
4.475319999999999823e+02 4.990749999999999909e-01
4.480319999999999823e+02 4.990840000000000276e-01
4.485319999999999823e+02 4.990930000000000089e-01
4.490319999999999823e+02 4.991019999999999901e-01
4.495319999999999823e+02 4.991110000000000269e-01
4.500319999999999823e+02 4.991200000000000081e-01
4.505319999999999823e+02 4.991289999999999893e-01
4.510319999999999823e+02 4.991369999999999973e-01
4.515319999999999823e+02 4.991459999999999786e-01
4.520319999999999823e+02 4.991539999999999866e-01
4.525319999999999823e+02 4.991630000000000233e-01
4.530319999999999823e+02 4.991709999999999758e-01
4.535319999999999823e+02 4.991789999999999838e-01
4.540319999999999823e+02 4.991869999999999918e-01
4.545319999999999823e+02 4.991959999999999731e-01
4.550319999999999823e+02 4.992039999999999811e-01
4.555319999999999823e+02 4.992110000000000158e-01
4.560319999999999823e+02 4.992190000000000238e-01
4.565319999999999823e+02 4.992269999999999763e-01
4.570319999999999823e+02 4.992349999999999843e-01
4.575319999999999823e+02 4.992420000000000191e-01
4.580319999999999823e+02 4.992500000000000271e-01
4.585319999999999823e+02 4.992570000000000063e-01
4.590319999999999823e+02 4.992650000000000143e-01
4.595319999999999823e+02 4.992719999999999936e-01
4.600319999999999823e+02 4.992789999999999728e-01
4.605319999999999823e+02 4.992860000000000076e-01
4.610319999999999823e+02 4.992940000000000156e-01
4.615319999999999823e+02 4.993009999999999948e-01
4.620319999999999823e+02 4.993079999999999741e-01
4.625319999999999823e+02 4.993139999999999801e-01
4.630319999999999823e+02 4.993210000000000148e-01
4.635319999999999823e+02 4.993279999999999941e-01
4.640319999999999823e+02 4.993349999999999733e-01
4.645319999999999823e+02 4.993409999999999793e-01
4.650319999999999823e+02 4.993480000000000141e-01
4.655319999999999823e+02 4.993540000000000201e-01
4.660319999999999823e+02 4.993609999999999993e-01
4.665319999999999823e+02 4.993670000000000053e-01
4.670319999999999823e+02 4.993730000000000113e-01
4.675319999999999823e+02 4.993799999999999906e-01
4.680319999999999823e+02 4.993859999999999966e-01
4.685319999999999823e+02 4.993920000000000026e-01
4.690319999999999823e+02 4.993980000000000086e-01
4.695319999999999823e+02 4.994040000000000146e-01
4.700319999999999823e+02 4.994100000000000206e-01
4.705319999999999823e+02 4.994160000000000266e-01
4.710319999999999823e+02 4.994219999999999771e-01
4.715319999999999823e+02 4.994270000000000098e-01
4.720319999999999823e+02 4.994330000000000158e-01
4.725319999999999823e+02 4.994390000000000218e-01
4.730319999999999823e+02 4.994439999999999991e-01
4.735319999999999823e+02 4.994500000000000051e-01
4.740319999999999823e+02 4.994549999999999823e-01
4.745319999999999823e+02 4.994609999999999883e-01
4.750319999999999823e+02 4.994660000000000211e-01
4.755319999999999823e+02 4.994709999999999983e-01
4.760319999999999823e+02 4.994770000000000043e-01
4.765319999999999823e+02 4.994819999999999816e-01
4.770319999999999823e+02 4.994870000000000143e-01
4.775319999999999823e+02 4.994919999999999916e-01
4.780319999999999823e+02 4.994970000000000243e-01
4.785319999999999823e+02 4.995020000000000016e-01
4.790319999999999823e+02 4.995069999999999788e-01
4.795319999999999823e+02 4.995120000000000116e-01
4.800319999999999823e+02 4.995169999999999888e-01
4.805319999999999823e+02 4.995220000000000216e-01
4.810319999999999823e+02 4.995260000000000256e-01
4.815319999999999823e+02 4.995310000000000028e-01
4.820319999999999823e+02 4.995359999999999800e-01
4.825319999999999823e+02 4.995399999999999840e-01
4.830319999999999823e+02 4.995450000000000168e-01
4.835319999999999823e+02 4.995490000000000208e-01
4.840319999999999823e+02 4.995539999999999980e-01
4.845319999999999823e+02 4.995580000000000020e-01
4.845319999999999823e+02 4.995580000000000020e-01
4.845720000000000027e+02 4.995589999999999753e-01
4.846120000000000232e+02 4.995589999999999753e-01
4.846920000000000073e+02 4.995600000000000041e-01
4.848519999999999754e+02 4.995609999999999773e-01
4.851720000000000255e+02 4.995640000000000081e-01
4.856720000000000255e+02 4.995680000000000121e-01
4.861720000000000255e+02 4.995729999999999893e-01
4.866720000000000255e+02 4.995769999999999933e-01
4.871720000000000255e+02 4.995809999999999973e-01
4.876720000000000255e+02 4.995850000000000013e-01
4.881720000000000255e+02 4.995890000000000053e-01
4.886720000000000255e+02 4.995930000000000093e-01
4.891720000000000255e+02 4.995970000000000133e-01
4.896720000000000255e+02 4.996010000000000173e-01
4.901720000000000255e+02 4.996050000000000213e-01
4.906720000000000255e+02 4.996090000000000253e-01
4.911720000000000255e+02 4.996129999999999738e-01
4.916720000000000255e+02 4.996169999999999778e-01
4.921720000000000255e+02 4.996209999999999818e-01
4.926720000000000255e+02 4.996249999999999858e-01
4.931720000000000255e+02 4.996280000000000165e-01
4.936720000000000255e+02 4.996320000000000205e-01
4.941720000000000255e+02 4.996360000000000245e-01
4.946720000000000255e+02 4.996389999999999998e-01
4.951720000000000255e+02 4.996430000000000038e-01
4.956720000000000255e+02 4.996470000000000078e-01
4.961720000000000255e+02 4.996499999999999830e-01
4.966720000000000255e+02 4.996539999999999870e-01
4.971720000000000255e+02 4.996570000000000178e-01
4.976720000000000255e+02 4.996599999999999930e-01
4.981720000000000255e+02 4.996639999999999970e-01
4.986720000000000255e+02 4.996669999999999723e-01
4.991720000000000255e+02 4.996700000000000030e-01
4.996720000000000255e+02 4.996740000000000070e-01
5.001720000000000255e+02 4.996769999999999823e-01
5.006720000000000255e+02 4.996800000000000130e-01
5.011720000000000255e+02 4.996829999999999883e-01
5.016720000000000255e+02 4.996860000000000190e-01
5.021720000000000255e+02 4.996900000000000230e-01
5.026720000000000255e+02 4.996929999999999983e-01
5.031720000000000255e+02 4.996959999999999735e-01
5.036720000000000255e+02 4.996990000000000043e-01
5.041720000000000255e+02 4.997019999999999795e-01
5.046720000000000255e+02 4.997050000000000103e-01
5.051720000000000255e+02 4.997079999999999855e-01
5.056720000000000255e+02 4.997110000000000163e-01
5.061720000000000255e+02 4.997130000000000183e-01
5.066720000000000255e+02 4.997159999999999935e-01
5.071720000000000255e+02 4.997190000000000243e-01
5.076720000000000255e+02 4.997219999999999995e-01
5.081720000000000255e+02 4.997249999999999748e-01
5.086720000000000255e+02 4.997269999999999768e-01
5.091720000000000255e+02 4.997300000000000075e-01
5.096720000000000255e+02 4.997329999999999828e-01
5.101720000000000255e+02 4.997349999999999848e-01
5.106720000000000255e+02 4.997380000000000155e-01
5.111720000000000255e+02 4.997409999999999908e-01
5.116720000000000255e+02 4.997429999999999928e-01
5.121720000000000255e+02 4.997460000000000235e-01
5.126720000000000255e+02 4.997480000000000255e-01
5.131720000000000255e+02 4.997510000000000008e-01
5.136720000000000255e+02 4.997530000000000028e-01
5.141720000000000255e+02 4.997559999999999780e-01
5.146720000000000255e+02 4.997579999999999800e-01
5.151720000000000255e+02 4.997610000000000108e-01
5.156720000000000255e+02 4.997630000000000128e-01
5.161720000000000255e+02 4.997650000000000148e-01
5.166720000000000255e+02 4.997679999999999900e-01
5.171720000000000255e+02 4.997699999999999920e-01
5.176720000000000255e+02 4.997719999999999940e-01
5.181720000000000255e+02 4.997750000000000248e-01
5.186720000000000255e+02 4.997770000000000268e-01
5.191720000000000255e+02 4.997789999999999733e-01
5.196720000000000255e+02 4.997809999999999753e-01
5.201720000000000255e+02 4.997829999999999773e-01
5.206720000000000255e+02 4.997860000000000080e-01
5.211720000000000255e+02 4.997880000000000100e-01
5.216720000000000255e+02 4.997900000000000120e-01
5.221720000000000255e+02 4.997920000000000140e-01
5.226720000000000255e+02 4.997940000000000160e-01
5.231720000000000255e+02 4.997960000000000180e-01
5.236720000000000255e+02 4.997980000000000200e-01
5.241720000000000255e+02 4.998000000000000220e-01
5.246720000000000255e+02 4.998020000000000240e-01
5.251720000000000255e+02 4.998040000000000260e-01
5.256720000000000255e+02 4.998059999999999725e-01
5.261720000000000255e+02 4.998079999999999745e-01
5.266720000000000255e+02 4.998099999999999765e-01
5.271720000000000255e+02 4.998119999999999785e-01
5.276720000000000255e+02 4.998139999999999805e-01
5.281720000000000255e+02 4.998150000000000093e-01
5.286720000000000255e+02 4.998170000000000113e-01
5.291720000000000255e+02 4.998190000000000133e-01
5.296720000000000255e+02 4.998210000000000153e-01
5.301720000000000255e+02 4.998230000000000173e-01
5.306720000000000255e+02 4.998239999999999905e-01
5.311720000000000255e+02 4.998259999999999925e-01
5.316720000000000255e+02 4.998279999999999945e-01
5.321720000000000255e+02 4.998299999999999965e-01
5.326720000000000255e+02 4.998310000000000253e-01
5.331720000000000255e+02 4.998330000000000273e-01
5.336720000000000255e+02 4.998349999999999738e-01
5.341720000000000255e+02 4.998360000000000025e-01
5.346720000000000255e+02 4.998380000000000045e-01
5.351720000000000255e+02 4.998400000000000065e-01
5.356720000000000255e+02 4.998409999999999798e-01
5.361720000000000255e+02 4.998429999999999818e-01
5.366720000000000255e+02 4.998440000000000105e-01
5.371720000000000255e+02 4.998460000000000125e-01
5.376720000000000255e+02 4.998469999999999858e-01
5.381720000000000255e+02 4.998489999999999878e-01
5.386720000000000255e+02 4.998500000000000165e-01
5.391720000000000255e+02 4.998520000000000185e-01
5.396720000000000255e+02 4.998529999999999918e-01
5.401720000000000255e+02 4.998549999999999938e-01
5.406720000000000255e+02 4.998560000000000225e-01
5.411720000000000255e+02 4.998580000000000245e-01
5.416720000000000255e+02 4.998589999999999978e-01
5.421720000000000255e+02 4.998609999999999998e-01
5.426720000000000255e+02 4.998619999999999730e-01
5.431720000000000255e+02 4.998630000000000018e-01
5.436720000000000255e+02 4.998650000000000038e-01
5.441720000000000255e+02 4.998659999999999770e-01
5.446720000000000255e+02 4.998670000000000058e-01
5.451720000000000255e+02 4.998690000000000078e-01
5.456720000000000255e+02 4.998699999999999810e-01
5.461720000000000255e+02 4.998710000000000098e-01
5.466720000000000255e+02 4.998730000000000118e-01
5.471720000000000255e+02 4.998739999999999850e-01
5.476720000000000255e+02 4.998750000000000138e-01
5.481720000000000255e+02 4.998759999999999870e-01
5.486720000000000255e+02 4.998779999999999890e-01
5.491720000000000255e+02 4.998790000000000178e-01
5.496720000000000255e+02 4.998799999999999910e-01
5.501720000000000255e+02 4.998810000000000198e-01
5.506720000000000255e+02 4.998819999999999930e-01
5.511720000000000255e+02 4.998830000000000218e-01
5.516720000000000255e+02 4.998850000000000238e-01
5.521720000000000255e+02 4.998859999999999970e-01
5.526720000000000255e+02 4.998870000000000258e-01
5.531720000000000255e+02 4.998879999999999990e-01
5.536720000000000255e+02 4.998889999999999723e-01
5.541720000000000255e+02 4.998900000000000010e-01
5.546720000000000255e+02 4.998909999999999743e-01
5.551720000000000255e+02 4.998920000000000030e-01
5.556720000000000255e+02 4.998940000000000050e-01
5.561720000000000255e+02 4.998949999999999783e-01
5.566720000000000255e+02 4.998960000000000070e-01
5.571720000000000255e+02 4.998969999999999803e-01
5.576720000000000255e+02 4.998980000000000090e-01
5.581720000000000255e+02 4.998989999999999823e-01
5.586720000000000255e+02 4.999000000000000110e-01
5.591720000000000255e+02 4.999009999999999843e-01
5.596720000000000255e+02 4.999020000000000130e-01
5.601720000000000255e+02 4.999029999999999863e-01
5.606720000000000255e+02 4.999040000000000150e-01
5.611720000000000255e+02 4.999049999999999883e-01
5.616720000000000255e+02 4.999060000000000170e-01
5.621720000000000255e+02 4.999060000000000170e-01
5.626720000000000255e+02 4.999069999999999903e-01
5.631720000000000255e+02 4.999080000000000190e-01
5.636720000000000255e+02 4.999089999999999923e-01
5.641720000000000255e+02 4.999100000000000210e-01
5.646720000000000255e+02 4.999109999999999943e-01
5.651720000000000255e+02 4.999120000000000230e-01
5.656720000000000255e+02 4.999129999999999963e-01
5.661720000000000255e+02 4.999140000000000250e-01
5.666720000000000255e+02 4.999149999999999983e-01
5.671720000000000255e+02 4.999149999999999983e-01
5.676720000000000255e+02 4.999160000000000270e-01
5.681720000000000255e+02 4.999170000000000003e-01
5.686720000000000255e+02 4.999179999999999735e-01
5.691720000000000255e+02 4.999190000000000023e-01
5.696720000000000255e+02 4.999199999999999755e-01
5.701720000000000255e+02 4.999199999999999755e-01
5.706720000000000255e+02 4.999210000000000043e-01
5.711720000000000255e+02 4.999219999999999775e-01
5.716720000000000255e+02 4.999230000000000063e-01
5.721720000000000255e+02 4.999230000000000063e-01
5.726720000000000255e+02 4.999239999999999795e-01
5.731720000000000255e+02 4.999250000000000083e-01
5.736720000000000255e+02 4.999259999999999815e-01
5.741720000000000255e+02 4.999259999999999815e-01
5.746720000000000255e+02 4.999270000000000103e-01
5.751720000000000255e+02 4.999279999999999835e-01
5.756720000000000255e+02 4.999290000000000123e-01
5.761720000000000255e+02 4.999290000000000123e-01
5.766720000000000255e+02 4.999299999999999855e-01
5.771720000000000255e+02 4.999310000000000143e-01
5.776720000000000255e+02 4.999310000000000143e-01
5.781720000000000255e+02 4.999319999999999875e-01
5.786720000000000255e+02 4.999330000000000163e-01
5.791720000000000255e+02 4.999330000000000163e-01
5.796720000000000255e+02 4.999339999999999895e-01
5.801720000000000255e+02 4.999350000000000183e-01
5.806720000000000255e+02 4.999350000000000183e-01
5.811720000000000255e+02 4.999359999999999915e-01
5.816720000000000255e+02 4.999370000000000203e-01
5.821720000000000255e+02 4.999370000000000203e-01
5.821720000000000255e+02 4.999370000000000203e-01
5.822119999999999891e+02 4.999370000000000203e-01
5.822519999999999527e+02 4.999370000000000203e-01
5.823319999999999936e+02 4.999379999999999935e-01
5.824919999999999618e+02 4.999379999999999935e-01
5.828120000000000118e+02 4.999379999999999935e-01
5.833120000000000118e+02 4.999390000000000223e-01
5.838120000000000118e+02 4.999390000000000223e-01
5.843120000000000118e+02 4.999399999999999955e-01
5.848120000000000118e+02 4.999410000000000243e-01
5.853120000000000118e+02 4.999410000000000243e-01
5.858120000000000118e+02 4.999419999999999975e-01
5.863120000000000118e+02 4.999419999999999975e-01
5.868120000000000118e+02 4.999430000000000263e-01
5.873120000000000118e+02 4.999430000000000263e-01
5.878120000000000118e+02 4.999439999999999995e-01
5.883120000000000118e+02 4.999449999999999728e-01
5.888120000000000118e+02 4.999449999999999728e-01
5.893120000000000118e+02 4.999460000000000015e-01
5.898120000000000118e+02 4.999460000000000015e-01
5.903120000000000118e+02 4.999469999999999748e-01
5.908120000000000118e+02 4.999469999999999748e-01
5.913120000000000118e+02 4.999480000000000035e-01
5.918120000000000118e+02 4.999480000000000035e-01
5.923120000000000118e+02 4.999489999999999768e-01
5.928120000000000118e+02 4.999489999999999768e-01
5.933120000000000118e+02 4.999500000000000055e-01
5.938120000000000118e+02 4.999500000000000055e-01
5.943120000000000118e+02 4.999509999999999788e-01
5.948120000000000118e+02 4.999509999999999788e-01
5.953120000000000118e+02 4.999520000000000075e-01
5.958120000000000118e+02 4.999520000000000075e-01
5.963120000000000118e+02 4.999529999999999808e-01
5.968120000000000118e+02 4.999529999999999808e-01
5.973120000000000118e+02 4.999540000000000095e-01
5.978120000000000118e+02 4.999540000000000095e-01
5.983120000000000118e+02 4.999549999999999828e-01
5.988120000000000118e+02 4.999549999999999828e-01
5.993120000000000118e+02 4.999560000000000115e-01
5.998120000000000118e+02 4.999560000000000115e-01
6.003120000000000118e+02 4.999560000000000115e-01
6.008120000000000118e+02 4.999569999999999848e-01
6.013120000000000118e+02 4.999569999999999848e-01
6.018120000000000118e+02 4.999580000000000135e-01
6.023120000000000118e+02 4.999580000000000135e-01
6.028120000000000118e+02 4.999589999999999868e-01
6.033120000000000118e+02 4.999589999999999868e-01
6.038120000000000118e+02 4.999589999999999868e-01
6.043120000000000118e+02 4.999600000000000155e-01
6.048120000000000118e+02 4.999600000000000155e-01
6.053120000000000118e+02 4.999609999999999888e-01
6.058120000000000118e+02 4.999609999999999888e-01
6.063120000000000118e+02 4.999609999999999888e-01
6.068120000000000118e+02 4.999620000000000175e-01
6.073120000000000118e+02 4.999620000000000175e-01
6.078120000000000118e+02 4.999620000000000175e-01
6.083120000000000118e+02 4.999629999999999908e-01
6.088120000000000118e+02 4.999629999999999908e-01
6.093120000000000118e+02 4.999640000000000195e-01
6.098120000000000118e+02 4.999640000000000195e-01
6.103120000000000118e+02 4.999640000000000195e-01
6.108120000000000118e+02 4.999649999999999928e-01
6.113120000000000118e+02 4.999649999999999928e-01
6.118120000000000118e+02 4.999649999999999928e-01
6.123120000000000118e+02 4.999660000000000215e-01
6.128120000000000118e+02 4.999660000000000215e-01
6.133120000000000118e+02 4.999660000000000215e-01
6.138120000000000118e+02 4.999669999999999948e-01
6.143120000000000118e+02 4.999669999999999948e-01
6.148120000000000118e+02 4.999669999999999948e-01
6.153120000000000118e+02 4.999680000000000235e-01
6.158120000000000118e+02 4.999680000000000235e-01
6.163120000000000118e+02 4.999680000000000235e-01
6.168120000000000118e+02 4.999689999999999968e-01
6.173120000000000118e+02 4.999689999999999968e-01
6.178120000000000118e+02 4.999689999999999968e-01
6.183120000000000118e+02 4.999700000000000255e-01
6.188120000000000118e+02 4.999700000000000255e-01
6.193120000000000118e+02 4.999700000000000255e-01
6.198120000000000118e+02 4.999700000000000255e-01
6.203120000000000118e+02 4.999709999999999988e-01
6.208120000000000118e+02 4.999709999999999988e-01
6.213120000000000118e+02 4.999709999999999988e-01
6.218120000000000118e+02 4.999720000000000275e-01
6.223120000000000118e+02 4.999720000000000275e-01
6.228120000000000118e+02 4.999720000000000275e-01
6.233120000000000118e+02 4.999720000000000275e-01
6.238120000000000118e+02 4.999730000000000008e-01
6.243120000000000118e+02 4.999730000000000008e-01
6.248120000000000118e+02 4.999730000000000008e-01
6.253120000000000118e+02 4.999739999999999740e-01
6.258120000000000118e+02 4.999739999999999740e-01
6.263120000000000118e+02 4.999739999999999740e-01
6.268120000000000118e+02 4.999739999999999740e-01
6.273120000000000118e+02 4.999750000000000028e-01
6.278120000000000118e+02 4.999750000000000028e-01
6.283120000000000118e+02 4.999750000000000028e-01
6.288120000000000118e+02 4.999750000000000028e-01
6.293120000000000118e+02 4.999759999999999760e-01
6.298120000000000118e+02 4.999759999999999760e-01
6.303120000000000118e+02 4.999759999999999760e-01
6.308120000000000118e+02 4.999759999999999760e-01
6.313120000000000118e+02 4.999770000000000048e-01
6.318120000000000118e+02 4.999770000000000048e-01
6.323120000000000118e+02 4.999770000000000048e-01
6.328120000000000118e+02 4.999770000000000048e-01
6.333120000000000118e+02 4.999770000000000048e-01
6.338120000000000118e+02 4.999779999999999780e-01
6.343120000000000118e+02 4.999779999999999780e-01
6.348120000000000118e+02 4.999779999999999780e-01
6.353120000000000118e+02 4.999779999999999780e-01
6.358120000000000118e+02 4.999790000000000068e-01
6.363120000000000118e+02 4.999790000000000068e-01
6.368120000000000118e+02 4.999790000000000068e-01
6.373120000000000118e+02 4.999790000000000068e-01
6.378120000000000118e+02 4.999790000000000068e-01
6.383120000000000118e+02 4.999799999999999800e-01
6.388120000000000118e+02 4.999799999999999800e-01
6.393120000000000118e+02 4.999799999999999800e-01
6.398120000000000118e+02 4.999799999999999800e-01
6.403120000000000118e+02 4.999799999999999800e-01
6.408120000000000118e+02 4.999810000000000088e-01
6.413120000000000118e+02 4.999810000000000088e-01
6.418120000000000118e+02 4.999810000000000088e-01
6.423120000000000118e+02 4.999810000000000088e-01
6.428120000000000118e+02 4.999810000000000088e-01
6.433120000000000118e+02 4.999819999999999820e-01
6.438120000000000118e+02 4.999819999999999820e-01
6.443120000000000118e+02 4.999819999999999820e-01
6.448120000000000118e+02 4.999819999999999820e-01
6.453120000000000118e+02 4.999819999999999820e-01
6.458120000000000118e+02 4.999819999999999820e-01
6.463120000000000118e+02 4.999830000000000108e-01
6.468120000000000118e+02 4.999830000000000108e-01
6.473120000000000118e+02 4.999830000000000108e-01
6.478120000000000118e+02 4.999830000000000108e-01
6.483120000000000118e+02 4.999830000000000108e-01
6.488120000000000118e+02 4.999830000000000108e-01
6.493120000000000118e+02 4.999839999999999840e-01
6.498120000000000118e+02 4.999839999999999840e-01
6.503120000000000118e+02 4.999839999999999840e-01
6.508120000000000118e+02 4.999839999999999840e-01
6.513120000000000118e+02 4.999839999999999840e-01
6.518120000000000118e+02 4.999839999999999840e-01
6.523120000000000118e+02 4.999850000000000128e-01
6.528120000000000118e+02 4.999850000000000128e-01
6.533120000000000118e+02 4.999850000000000128e-01
6.538120000000000118e+02 4.999850000000000128e-01
6.543120000000000118e+02 4.999850000000000128e-01
6.548120000000000118e+02 4.999850000000000128e-01
6.553120000000000118e+02 4.999850000000000128e-01
6.558120000000000118e+02 4.999859999999999860e-01
6.563120000000000118e+02 4.999859999999999860e-01
6.568120000000000118e+02 4.999859999999999860e-01
6.573120000000000118e+02 4.999859999999999860e-01
6.578120000000000118e+02 4.999859999999999860e-01
6.583120000000000118e+02 4.999859999999999860e-01
6.588120000000000118e+02 4.999859999999999860e-01
6.593120000000000118e+02 4.999870000000000148e-01
6.598120000000000118e+02 4.999870000000000148e-01
6.603120000000000118e+02 4.999870000000000148e-01
6.608120000000000118e+02 4.999870000000000148e-01
6.613120000000000118e+02 4.999870000000000148e-01
6.618120000000000118e+02 4.999870000000000148e-01
6.623120000000000118e+02 4.999870000000000148e-01
6.628120000000000118e+02 4.999879999999999880e-01
6.633120000000000118e+02 4.999879999999999880e-01
6.638120000000000118e+02 4.999879999999999880e-01
6.643120000000000118e+02 4.999879999999999880e-01
6.648120000000000118e+02 4.999879999999999880e-01
6.653120000000000118e+02 4.999879999999999880e-01
6.658120000000000118e+02 4.999879999999999880e-01
6.663120000000000118e+02 4.999879999999999880e-01
6.668120000000000118e+02 4.999879999999999880e-01
6.673120000000000118e+02 4.999890000000000168e-01
6.678120000000000118e+02 4.999890000000000168e-01
6.683120000000000118e+02 4.999890000000000168e-01
6.688120000000000118e+02 4.999890000000000168e-01
6.693120000000000118e+02 4.999890000000000168e-01
6.698120000000000118e+02 4.999890000000000168e-01
6.703120000000000118e+02 4.999890000000000168e-01
6.708120000000000118e+02 4.999890000000000168e-01
6.713120000000000118e+02 4.999890000000000168e-01
6.718120000000000118e+02 4.999899999999999900e-01
6.723120000000000118e+02 4.999899999999999900e-01
6.728120000000000118e+02 4.999899999999999900e-01
6.733120000000000118e+02 4.999899999999999900e-01
6.738120000000000118e+02 4.999899999999999900e-01
6.743120000000000118e+02 4.999899999999999900e-01
6.748120000000000118e+02 4.999899999999999900e-01
6.753120000000000118e+02 4.999899999999999900e-01
6.758120000000000118e+02 4.999899999999999900e-01
6.763120000000000118e+02 4.999899999999999900e-01
6.768120000000000118e+02 4.999910000000000188e-01
6.773120000000000118e+02 4.999910000000000188e-01
6.778120000000000118e+02 4.999910000000000188e-01
6.783120000000000118e+02 4.999910000000000188e-01
6.788120000000000118e+02 4.999910000000000188e-01
6.793120000000000118e+02 4.999910000000000188e-01
