358.845 0.5 0.5 2 21 3
358.885 0.499981 0.499981 2 21 3
358.925 0.499963 0.499963 2 21 3
359.005 0.499925 0.499925 2 21 3
359.165 0.499851 0.499851 2 21 3
359.485 0.499702 0.499702 2 21 3
359.985 0.49947 0.49947 2 21 3
360.485 0.49924 0.49924 2 21 3
360.985 0.499011 0.499011 2 21 3
361.485 0.498783 0.498783 2 21 3
361.985 0.498556 0.498556 2 21 3
362.485 0.49833 0.49833 2 21 3
362.985 0.498105 0.498105 2 21 3
363.485 0.497881 0.497881 2 21 3
363.985 0.497658 0.497658 2 21 3
364.485 0.497436 0.497436 2 21 3
364.985 0.497216 0.497216 2 21 3
365.485 0.496996 0.496996 2 21 3
365.985 0.496777 0.496777 2 21 3
366.485 0.496559 0.496559 2 21 3
366.985 0.496342 0.496342 2 21 3
367.485 0.496127 0.496127 2 21 3
367.985 0.495912 0.495912 2 21 3
368.485 0.495698 0.495698 2 21 3
368.985 0.495485 0.495485 2 21 3
369.485 0.495273 0.495273 2 21 3
369.985 0.495062 0.495062 2 21 3
370.485 0.494852 0.494852 2 21 3
370.985 0.494643 0.494643 2 21 3
371.485 0.494435 0.494435 2 21 3
371.985 0.494228 0.494228 2 21 3
372.485 0.494021 0.494021 2 21 3
372.985 0.493816 0.493816 2 21 3
373.485 0.493612 0.493612 2 21 3
373.985 0.493408 0.493408 2 21 3
374.485 0.493206 0.493206 2 21 3
374.985 0.493004 0.493004 2 21 3
375.485 0.492803 0.492803 2 21 3
375.985 0.492603 0.492603 2 21 3
376.485 0.492404 0.492404 2 21 3
376.985 0.492206 0.492206 2 21 3
377.485 0.492009 0.492009 2 21 3
377.985 0.491812 0.491812 2 21 3
378.485 0.491617 0.491617 2 21 3
378.985 0.491422 0.491422 2 21 3
379.485 0.491228 0.491228 2 21 3
379.985 0.491035 0.491035 2 21 3
380.485 0.490843 0.490843 2 21 3
380.985 0.490652 0.490652 2 21 3
381.485 0.490462 0.490462 2 21 3
381.985 0.490272 0.490272 2 21 3
382.485 0.490083 0.490083 2 21 3
382.985 0.489895 0.489895 2 21 3
383.485 0.489708 0.489708 2 21 3
383.985 0.489522 0.489522 2 21 3
384.485 0.489337 0.489337 2 21 3
384.985 0.489152 0.489152 2 21 3
385.485 0.488968 0.488968 2 21 3
385.985 0.488785 0.488785 2 21 3
386.485 0.488603 0.488603 2 21 3
386.985 0.488421 0.488421 2 21 3
387.485 0.48824 0.48824 2 21 3
387.985 0.488061 0.488061 2 21 3
388.485 0.487881 0.487881 2 21 3
388.985 0.487703 0.487703 2 21 3
389.485 0.487525 0.487525 2 21 3
389.985 0.487349 0.487349 2 21 3
390.485 0.487172 0.487172 2 21 3
390.985 0.486997 0.486997 2 21 3
391.485 0.486823 0.486823 2 21 3
391.985 0.486649 0.486649 2 21 3
392.485 0.486476 0.486476 2 21 3
392.985 0.486303 0.486303 2 21 3
393.485 0.486132 0.486132 2 21 3
393.985 0.485961 0.485961 2 21 3
394.485 0.48579 0.48579 2 21 3
394.985 0.485621 0.485621 2 21 3
395.485 0.485452 0.485452 2 21 3
395.985 0.485284 0.485284 2 21 3
396.485 0.485117 0.485117 2 21 3
396.985 0.48495 0.48495 2 21 3
397.485 0.484784 0.484784 2 21 3
397.985 0.484619 0.484619 2 21 3
398.485 0.484455 0.484455 2 21 3
398.985 0.484291 0.484291 2 21 3
399.485 0.484128 0.484128 2 21 3
399.985 0.483965 0.483965 2 21 3
400.485 0.483803 0.483803 2 21 3
400.985 0.483642 0.483642 2 21 3
401.485 0.483482 0.483482 2 21 3
401.985 0.483322 0.483322 2 21 3
402.485 0.483163 0.483163 2 21 3
402.985 0.483005 0.483005 2 21 3
403.485 0.482847 0.482847 2 21 3
403.985 0.48269 0.48269 2 21 3
404.485 0.482533 0.482533 2 21 3
404.985 0.482377 0.482377 2 21 3
405.485 0.482222 0.482222 2 21 3
405.985 0.482068 0.482068 2 21 3
406.485 0.481914 0.481914 2 21 3
406.985 0.48176 0.48176 2 21 3
407.485 0.481608 0.481608 2 21 3
407.985 0.481456 0.481456 2 21 3
408.485 0.481304 0.481304 2 21 3
408.985 0.481154 0.481154 2 21 3
409.485 0.481003 0.481003 2 21 3
409.985 0.480854 0.480854 2 21 3
410.485 0.480705 0.480705 2 21 3
410.985 0.480557 0.480557 2 21 3
411.485 0.480409 0.480409 2 21 3
411.985 0.480262 0.480262 2 21 3
412.485 0.480115 0.480115 2 21 3
412.985 0.479969 0.479969 2 21 3
413.485 0.479824 0.479824 2 21 3
413.985 0.479679 0.479679 2 21 3
414.485 0.479535 0.479535 2 21 3
414.985 0.479391 0.479391 2 21 3
415.485 0.479248 0.479248 2 21 3
415.985 0.479106 0.479106 2 21 3
416.485 0.478964 0.478964 2 21 3
416.985 0.478823 0.478823 2 21 3
417.485 0.478682 0.478682 2 21 3
417.985 0.478542 0.478542 2 21 3
418.485 0.478402 0.478402 2 21 3
418.985 0.478263 0.478263 2 21 3
419.485 0.478125 0.478125 2 21 3
419.985 0.477987 0.477987 2 21 3
420.485 0.47785 0.47785 2 21 3
420.985 0.477713 0.477713 2 21 3
421.485 0.477577 0.477577 2 21 3
421.985 0.477441 0.477441 2 21 3
422.485 0.477306 0.477306 2 21 3
422.985 0.477171 0.477171 2 21 3
423.485 0.477037 0.477037 2 21 3
423.985 0.476903 0.476903 2 21 3
424.485 0.47677 0.47677 2 21 3
424.985 0.476638 0.476638 2 21 3
425.485 0.476506 0.476506 2 21 3
425.985 0.476374 0.476374 2 21 3
426.485 0.476243 0.476243 2 21 3
426.985 0.476113 0.476113 2 21 3
427.485 0.475983 0.475983 2 21 3
427.985 0.475853 0.475853 2 21 3
428.485 0.475724 0.475724 2 21 3
428.985 0.475596 0.475596 2 21 3
429.485 0.475468 0.475468 2 21 3
429.985 0.475341 0.475341 2 21 3
430.485 0.475214 0.475214 2 21 3
430.985 0.475087 0.475087 2 21 3
431.485 0.474961 0.474961 2 21 3
431.985 0.474836 0.474836 2 21 3
432.485 0.474711 0.474711 2 21 3
432.985 0.474587 0.474587 2 21 3
433.485 0.474463 0.474463 2 21 3
433.985 0.474339 0.474339 2 21 3
434.485 0.474216 0.474216 2 21 3
434.985 0.474093 0.474093 2 21 3
435.485 0.473971 0.473971 2 21 3
435.985 0.47385 0.47385 2 21 3
436.485 0.473729 0.473729 2 21 3
436.985 0.473608 0.473608 2 21 3
437.485 0.473488 0.473488 2 21 3
437.985 0.473368 0.473368 2 21 3
438.485 0.473249 0.473249 2 21 3
438.985 0.47313 0.47313 2 21 3
439.485 0.473012 0.473012 2 21 3
439.985 0.472894 0.472894 2 21 3
440.485 0.472776 0.472776 2 21 3
440.985 0.472659 0.472659 2 21 3
441.485 0.472542 0.472542 2 21 3
441.985 0.472426 0.472426 2 21 3
442.485 0.472311 0.472311 2 21 3
442.985 0.472195 0.472195 2 21 3
443.485 0.472081 0.472081 2 21 3
443.985 0.471966 0.471966 2 21 3
444.485 0.471852 0.471852 2 21 3
444.985 0.471739 0.471739 2 21 3
445.485 0.471626 0.471626 2 21 3
445.985 0.471513 0.471513 2 21 3
446.485 0.471401 0.471401 2 21 3
446.985 0.471289 0.471289 2 21 3
447.485 0.471178 0.471178 2 21 3
447.985 0.471067 0.471067 2 21 3
448.485 0.470956 0.470956 2 21 3
448.985 0.470846 0.470846 2 21 3
449.485 0.470736 0.470736 2 21 3
449.985 0.470627 0.470627 2 21 3
450.485 0.470518 0.470518 2 21 3
450.985 0.470409 0.470409 2 21 3
451.485 0.470301 0.470301 2 21 3
451.985 0.470194 0.470194 2 21 3
452.485 0.470086 0.470086 2 21 3
452.985 0.46998 0.46998 2 21 3
453.485 0.469873 0.469873 2 21 3
453.985 0.469767 0.469767 2 21 3
454.485 0.469661 0.469661 2 21 3
454.985 0.469556 0.469556 2 21 3
455.485 0.469451 0.469451 2 21 3
455.985 0.469347 0.469347 2 21 3
456.485 0.469242 0.469242 2 21 3
456.485 0.469242 0.469242 2 21 3
456.525 0.469234 0.469234 2 21 3
456.565 0.469226 0.469226 2 21 3
456.645 0.46921 0.46921 2 21 3
456.805 0.469176 0.469176 2 21 3
457.125 0.46911 0.46911 2 21 3
457.625 0.469006 0.469006 2 21 3
458.125 0.468904 0.468904 2 21 3
458.625 0.468801 0.468801 2 21 3
459.125 0.468699 0.468699 2 21 3
459.625 0.468597 0.468597 2 21 3
460.125 0.468496 0.468496 2 21 3
460.625 0.468395 0.468395 2 21 3
461.125 0.468294 0.468294 2 21 3
461.625 0.468194 0.468194 2 21 3
462.125 0.468094 0.468094 2 21 3
462.625 0.467994 0.467994 2 21 3
463.125 0.467895 0.467895 2 21 3
463.625 0.467796 0.467796 2 21 3
464.125 0.467698 0.467698 2 21 3
464.625 0.4676 0.4676 2 21 3
465.125 0.467502 0.467502 2 21 3
465.625 0.467405 0.467405 2 21 3
466.125 0.467308 0.467308 2 21 3
466.625 0.467211 0.467211 2 21 3
467.125 0.467115 0.467115 2 21 3
467.625 0.467019 0.467019 2 21 3
468.125 0.466923 0.466923 2 21 3
468.625 0.466828 0.466828 2 21 3
469.125 0.466733 0.466733 2 21 3
469.625 0.466638 0.466638 2 21 3
470.125 0.466544 0.466544 2 21 3
470.625 0.46645 0.46645 2 21 3
471.125 0.466357 0.466357 2 21 3
471.625 0.466263 0.466263 2 21 3
472.125 0.46617 0.46617 2 21 3
472.625 0.466078 0.466078 2 21 3
473.125 0.465986 0.465986 2 21 3
473.625 0.465894 0.465894 2 21 3
474.125 0.465802 0.465802 2 21 3
474.625 0.465711 0.465711 2 21 3
475.125 0.46562 0.46562 2 21 3
475.625 0.465529 0.465529 2 21 3
476.125 0.465439 0.465439 2 21 3
476.625 0.465349 0.465349 2 21 3
477.125 0.465259 0.465259 2 21 3
477.625 0.46517 0.46517 2 21 3
478.125 0.465081 0.465081 2 21 3
478.625 0.464992 0.464992 2 21 3
479.125 0.464904 0.464904 2 21 3
479.625 0.464816 0.464816 2 21 3
480.125 0.464728 0.464728 2 21 3
480.625 0.464641 0.464641 2 21 3
481.125 0.464554 0.464554 2 21 3
481.625 0.464467 0.464467 2 21 3
482.125 0.46438 0.46438 2 21 3
482.625 0.464294 0.464294 2 21 3
483.125 0.464208 0.464208 2 21 3
483.625 0.464123 0.464123 2 21 3
484.125 0.464037 0.464037 2 21 3
484.625 0.463952 0.463952 2 21 3
485.125 0.463868 0.463868 2 21 3
485.625 0.463783 0.463783 2 21 3
486.125 0.463699 0.463699 2 21 3
486.625 0.463615 0.463615 2 21 3
487.125 0.463532 0.463532 2 21 3
487.625 0.463448 0.463448 2 21 3
488.125 0.463365 0.463365 2 21 3
488.625 0.463283 0.463283 2 21 3
489.125 0.4632 0.4632 2 21 3
489.625 0.463118 0.463118 2 21 3
490.125 0.463037 0.463037 2 21 3
490.625 0.462955 0.462955 2 21 3
491.125 0.462874 0.462874 2 21 3
491.625 0.462793 0.462793 2 21 3
492.125 0.462712 0.462712 2 21 3
492.625 0.462632 0.462632 2 21 3
493.125 0.462552 0.462552 2 21 3
493.625 0.462472 0.462472 2 21 3
494.125 0.462392 0.462392 2 21 3
494.625 0.462313 0.462313 2 21 3
495.125 0.462234 0.462234 2 21 3
495.625 0.462155 0.462155 2 21 3
496.125 0.462077 0.462077 2 21 3
496.625 0.461998 0.461998 2 21 3
497.125 0.461921 0.461921 2 21 3
497.625 0.461843 0.461843 2 21 3
498.125 0.461765 0.461765 2 21 3
498.625 0.461688 0.461688 2 21 3
499.125 0.461611 0.461611 2 21 3
499.625 0.461535 0.461535 2 21 3
500.125 0.461458 0.461458 2 21 3
500.625 0.461382 0.461382 2 21 3
501.125 0.461307 0.461307 2 21 3
501.625 0.461231 0.461231 2 21 3
502.125 0.461156 0.461156 2 21 3
502.625 0.461081 0.461081 2 21 3
503.125 0.461006 0.461006 2 21 3
503.625 0.460931 0.460931 2 21 3
504.125 0.460857 0.460857 2 21 3
504.625 0.460783 0.460783 2 21 3
505.125 0.460709 0.460709 2 21 3
505.625 0.460636 0.460636 2 21 3
506.125 0.460562 0.460562 2 21 3
506.625 0.460489 0.460489 2 21 3
507.125 0.460416 0.460416 2 21 3
507.625 0.460344 0.460344 2 21 3
508.125 0.460271 0.460271 2 21 3
508.625 0.460199 0.460199 2 21 3
509.125 0.460128 0.460128 2 21 3
509.625 0.460056 0.460056 2 21 3
510.125 0.459985 0.459985 2 21 3
510.625 0.459914 0.459914 2 21 3
511.125 0.459843 0.459843 2 21 3
511.625 0.459772 0.459772 2 21 3
512.125 0.459702 0.459702 2 21 3
512.625 0.459631 0.459631 2 21 3
513.125 0.459562 0.459562 2 21 3
513.625 0.459492 0.459492 2 21 3
514.125 0.459422 0.459422 2 21 3
514.625 0.459353 0.459353 2 21 3
515.125 0.459284 0.459284 2 21 3
515.625 0.459215 0.459215 2 21 3
516.125 0.459147 0.459147 2 21 3
516.625 0.459079 0.459079 2 21 3
517.125 0.45901 0.45901 2 21 3
517.625 0.458943 0.458943 2 21 3
518.125 0.458875 0.458875 2 21 3
518.625 0.458808 0.458808 2 21 3
519.125 0.45874 0.45874 2 21 3
519.625 0.458673 0.458673 2 21 3
520.125 0.458607 0.458607 2 21 3
520.625 0.45854 0.45854 2 21 3
521.125 0.458474 0.458474 2 21 3
521.625 0.458408 0.458408 2 21 3
522.125 0.458342 0.458342 2 21 3
522.625 0.458276 0.458276 2 21 3
523.125 0.458211 0.458211 2 21 3
523.625 0.458145 0.458145 2 21 3
524.125 0.45808 0.45808 2 21 3
524.625 0.458016 0.458016 2 21 3
525.125 0.457951 0.457951 2 21 3
525.625 0.457887 0.457887 2 21 3
526.125 0.457823 0.457823 2 21 3
526.625 0.457759 0.457759 2 21 3
527.125 0.457695 0.457695 2 21 3
527.625 0.457631 0.457631 2 21 3
528.125 0.457568 0.457568 2 21 3
528.625 0.457505 0.457505 2 21 3
529.125 0.457442 0.457442 2 21 3
529.625 0.457379 0.457379 2 21 3
530.125 0.457317 0.457317 2 21 3
530.625 0.457254 0.457254 2 21 3
531.125 0.457192 0.457192 2 21 3
531.625 0.45713 0.45713 2 21 3
532.125 0.457069 0.457069 2 21 3
532.625 0.457007 0.457007 2 21 3
533.125 0.456946 0.456946 2 21 3
533.625 0.456885 0.456885 2 21 3
534.125 0.456824 0.456824 2 21 3
534.625 0.456763 0.456763 2 21 3
535.125 0.456703 0.456703 2 21 3
535.625 0.456642 0.456642 2 21 3
536.125 0.456582 0.456582 2 21 3
536.625 0.456522 0.456522 2 21 3
537.125 0.456463 0.456463 2 21 3
537.625 0.456403 0.456403 2 21 3
538.125 0.456344 0.456344 2 21 3
538.625 0.456284 0.456284 2 21 3
539.125 0.456225 0.456225 2 21 3
539.625 0.456167 0.456167 2 21 3
540.125 0.456108 0.456108 2 21 3
540.625 0.45605 0.45605 2 21 3
541.125 0.455991 0.455991 2 21 3
541.625 0.455933 0.455933 2 21 3
542.125 0.455876 0.455876 2 21 3
542.625 0.455818 0.455818 2 21 3
543.125 0.45576 0.45576 2 21 3
543.625 0.455703 0.455703 2 21 3
544.125 0.455646 0.455646 2 21 3
544.625 0.455589 0.455589 2 21 3
545.125 0.455532 0.455532 2 21 3
545.625 0.455476 0.455476 2 21 3
546.125 0.455419 0.455419 2 21 3
546.625 0.455363 0.455363 2 21 3
547.125 0.455307 0.455307 2 21 3
547.625 0.455251 0.455251 2 21 3
548.125 0.455196 0.455196 2 21 3
548.625 0.45514 0.45514 2 21 3
549.125 0.455085 0.455085 2 21 3
549.625 0.455029 0.455029 2 21 3
550.125 0.454975 0.454975 2 21 3
550.625 0.45492 0.45492 2 21 3
551.125 0.454865 0.454865 2 21 3
551.625 0.454811 0.454811 2 21 3
552.125 0.454756 0.454756 2 21 3
552.625 0.454702 0.454702 2 21 3
553.125 0.454648 0.454648 2 21 3
553.625 0.454594 0.454594 2 21 3
554.125 0.454541 0.454541 2 21 3
554.125 0.454541 0.454541 2 21 3
554.165 0.454537 0.454537 2 21 3
554.205 0.454532 0.454532 2 21 3
554.285 0.454524 0.454524 2 21 3
554.445 0.454507 0.454507 2 21 3
554.765 0.454473 0.454473 2 21 3
555.265 0.454419 0.454419 2 21 3
555.765 0.454366 0.454366 2 21 3
556.265 0.454313 0.454313 2 21 3
556.765 0.45426 0.45426 2 21 3
557.265 0.454208 0.454208 2 21 3
557.765 0.454155 0.454155 2 21 3
558.265 0.454103 0.454103 2 21 3
558.765 0.454051 0.454051 2 21 3
559.265 0.453999 0.453999 2 21 3
559.765 0.453947 0.453947 2 21 3
560.265 0.453896 0.453896 2 21 3
560.765 0.453844 0.453844 2 21 3
561.265 0.453793 0.453793 2 21 3
561.765 0.453742 0.453742 2 21 3
562.265 0.453691 0.453691 2 21 3
562.765 0.45364 0.45364 2 21 3
563.265 0.45359 0.45359 2 21 3
563.765 0.453539 0.453539 2 21 3
564.265 0.453489 0.453489 2 21 3
564.765 0.453439 0.453439 2 21 3
565.265 0.453389 0.453389 2 21 3
565.765 0.453339 0.453339 2 21 3
566.265 0.453289 0.453289 2 21 3
566.765 0.453239 0.453239 2 21 3
567.265 0.45319 0.45319 2 21 3
567.765 0.453141 0.453141 2 21 3
568.265 0.453092 0.453092 2 21 3
568.765 0.453043 0.453043 2 21 3
569.265 0.452994 0.452994 2 21 3
569.765 0.452945 0.452945 2 21 3
570.265 0.452897 0.452897 2 21 3
570.765 0.452848 0.452848 2 21 3
571.265 0.4528 0.4528 2 21 3
571.765 0.452752 0.452752 2 21 3
572.265 0.452704 0.452704 2 21 3
572.765 0.452656 0.452656 2 21 3
573.265 0.452609 0.452609 2 21 3
573.765 0.452561 0.452561 2 21 3
574.265 0.452514 0.452514 2 21 3
574.765 0.452467 0.452467 2 21 3
575.265 0.45242 0.45242 2 21 3
575.765 0.452373 0.452373 2 21 3
576.265 0.452326 0.452326 2 21 3
576.765 0.452279 0.452279 2 21 3
577.265 0.452233 0.452233 2 21 3
577.765 0.452187 0.452187 2 21 3
578.265 0.45214 0.45214 2 21 3
578.765 0.452094 0.452094 2 21 3
579.265 0.452048 0.452048 2 21 3
579.765 0.452003 0.452003 2 21 3
580.265 0.451957 0.451957 2 21 3
580.765 0.451912 0.451912 2 21 3
581.265 0.451866 0.451866 2 21 3
581.765 0.451821 0.451821 2 21 3
582.265 0.451776 0.451776 2 21 3
582.765 0.451731 0.451731 2 21 3
583.265 0.451686 0.451686 2 21 3
583.765 0.451641 0.451641 2 21 3
584.265 0.451597 0.451597 2 21 3
584.765 0.451552 0.451552 2 21 3
585.265 0.451508 0.451508 2 21 3
585.765 0.451464 0.451464 2 21 3
586.265 0.45142 0.45142 2 21 3
586.765 0.451376 0.451376 2 21 3
587.265 0.451332 0.451332 2 21 3
587.765 0.451289 0.451289 2 21 3
588.265 0.451245 0.451245 2 21 3
588.765 0.451202 0.451202 2 21 3
589.265 0.451159 0.451159 2 21 3
589.765 0.451116 0.451116 2 21 3
590.265 0.451073 0.451073 2 21 3
590.765 0.45103 0.45103 2 21 3
591.265 0.450987 0.450987 2 21 3
591.765 0.450944 0.450944 2 21 3
592.265 0.450902 0.450902 2 21 3
592.765 0.45086 0.45086 2 21 3
593.265 0.450817 0.450817 2 21 3
593.765 0.450775 0.450775 2 21 3
594.265 0.450733 0.450733 2 21 3
594.765 0.450692 0.450692 2 21 3
595.265 0.45065 0.45065 2 21 3
595.765 0.450608 0.450608 2 21 3
596.265 0.450567 0.450567 2 21 3
596.765 0.450525 0.450525 2 21 3
597.265 0.450484 0.450484 2 21 3
597.765 0.450443 0.450443 2 21 3
598.265 0.450402 0.450402 2 21 3
598.765 0.450361 0.450361 2 21 3
599.265 0.450321 0.450321 2 21 3
599.765 0.45028 0.45028 2 21 3
600.265 0.450239 0.450239 2 21 3
600.765 0.450199 0.450199 2 21 3
601.265 0.450159 0.450159 2 21 3
601.765 0.450119 0.450119 2 21 3
602.265 0.450079 0.450079 2 21 3
602.765 0.450039 0.450039 2 21 3
603.265 0.449999 0.449999 2 21 3
603.765 0.449959 0.449959 2 21 3
604.265 0.44992 0.44992 2 21 3
604.765 0.44988 0.44988 2 21 3
605.265 0.449841 0.449841 2 21 3
605.765 0.449802 0.449802 2 21 3
606.265 0.449763 0.449763 2 21 3
606.765 0.449724 0.449724 2 21 3
607.265 0.449685 0.449685 2 21 3
607.765 0.449646 0.449646 2 21 3
608.265 0.449608 0.449608 2 21 3
608.765 0.449569 0.449569 2 21 3
609.265 0.449531 0.449531 2 21 3
609.765 0.449492 0.449492 2 21 3
610.265 0.449454 0.449454 2 21 3
610.765 0.449416 0.449416 2 21 3
611.265 0.449378 0.449378 2 21 3
611.765 0.44934 0.44934 2 21 3
612.265 0.449302 0.449302 2 21 3
612.765 0.449265 0.449265 2 21 3
613.265 0.449227 0.449227 2 21 3
613.765 0.44919 0.44919 2 21 3
614.265 0.449153 0.449153 2 21 3
614.765 0.449115 0.449115 2 21 3
615.265 0.449078 0.449078 2 21 3
615.765 0.449041 0.449041 2 21 3
616.265 0.449004 0.449004 2 21 3
616.765 0.448968 0.448968 2 21 3
617.265 0.448931 0.448931 2 21 3
617.765 0.448894 0.448894 2 21 3
618.265 0.448858 0.448858 2 21 3
618.765 0.448822 0.448822 2 21 3
619.265 0.448785 0.448785 2 21 3
619.765 0.448749 0.448749 2 21 3
620.265 0.448713 0.448713 2 21 3
620.765 0.448677 0.448677 2 21 3
621.265 0.448641 0.448641 2 21 3
621.765 0.448606 0.448606 2 21 3
622.265 0.44857 0.44857 2 21 3
622.765 0.448535 0.448535 2 21 3
623.265 0.448499 0.448499 2 21 3
623.765 0.448464 0.448464 2 21 3
624.265 0.448429 0.448429 2 21 3
624.765 0.448394 0.448394 2 21 3
625.265 0.448359 0.448359 2 21 3
625.765 0.448324 0.448324 2 21 3
626.265 0.448289 0.448289 2 21 3
626.765 0.448254 0.448254 2 21 3
627.265 0.448219 0.448219 2 21 3
627.765 0.448185 0.448185 2 21 3
628.265 0.448151 0.448151 2 21 3
628.765 0.448116 0.448116 2 21 3
629.265 0.448082 0.448082 2 21 3
629.765 0.448048 0.448048 2 21 3
630.265 0.448014 0.448014 2 21 3
630.765 0.44798 0.44798 2 21 3
631.265 0.447946 0.447946 2 21 3
631.765 0.447912 0.447912 2 21 3
632.265 0.447879 0.447879 2 21 3
632.765 0.447845 0.447845 2 21 3
633.265 0.447812 0.447812 2 21 3
633.765 0.447778 0.447778 2 21 3
634.265 0.447745 0.447745 2 21 3
634.765 0.447712 0.447712 2 21 3
635.265 0.447679 0.447679 2 21 3
635.765 0.447646 0.447646 2 21 3
636.265 0.447613 0.447613 2 21 3
636.765 0.44758 0.44758 2 21 3
637.265 0.447548 0.447548 2 21 3
637.765 0.447515 0.447515 2 21 3
638.265 0.447482 0.447482 2 21 3
638.765 0.44745 0.44745 2 21 3
639.265 0.447418 0.447418 2 21 3
639.765 0.447385 0.447385 2 21 3
640.265 0.447353 0.447353 2 21 3
640.765 0.447321 0.447321 2 21 3
641.265 0.447289 0.447289 2 21 3
641.765 0.447257 0.447257 2 21 3
642.265 0.447226 0.447226 2 21 3
642.765 0.447194 0.447194 2 21 3
643.265 0.447162 0.447162 2 21 3
643.765 0.447131 0.447131 2 21 3
644.265 0.447099 0.447099 2 21 3
644.765 0.447068 0.447068 2 21 3
645.265 0.447037 0.447037 2 21 3
645.765 0.447006 0.447006 2 21 3
646.265 0.446974 0.446974 2 21 3
646.765 0.446943 0.446943 2 21 3
647.265 0.446913 0.446913 2 21 3
647.765 0.446882 0.446882 2 21 3
648.265 0.446851 0.446851 2 21 3
648.765 0.44682 0.44682 2 21 3
649.265 0.44679 0.44679 2 21 3
649.765 0.446759 0.446759 2 21 3
650.265 0.446729 0.446729 2 21 3
650.765 0.446699 0.446699 2 21 3
651.265 0.446668 0.446668 2 21 3
651.765 0.446638 0.446638 2 21 3
358.845 0.5 0.5 2 21 3
358.805 0.500019 0.500019 2 21 3
358.765 0.500037 0.500037 2 21 3
358.685 0.500075 0.500075 2 21 3
358.525 0.500149 0.500149 2 21 3
358.205 0.500299 0.500299 2 21 3
357.705 0.500534 0.500534 2 21 3
357.205 0.50077 0.50077 2 21 3
356.705 0.501007 0.501007 2 21 3
356.205 0.501245 0.501245 2 21 3
355.705 0.501485 0.501485 2 21 3
355.205 0.501726 0.501726 2 21 3
354.705 0.501968 0.501968 2 21 3
354.205 0.502211 0.502211 2 21 3
353.705 0.502455 0.502455 2 21 3
353.205 0.5027 0.5027 2 21 3
352.705 0.502946 0.502946 2 21 3
352.205 0.503194 0.503194 2 21 3
351.705 0.503443 0.503443 2 21 3
351.205 0.503693 0.503693 2 21 3
350.705 0.503944 0.503944 2 21 3
350.205 0.504197 0.504197 2 21 3
349.705 0.50445 0.50445 2 21 3
349.205 0.504705 0.504705 2 21 3
348.705 0.504961 0.504961 2 21 3
348.205 0.505218 0.505218 2 21 3
347.705 0.505477 0.505477 2 21 3
347.205 0.505737 0.505737 2 21 3
346.705 0.505998 0.505998 2 21 3
346.205 0.50626 0.50626 2 21 3
345.705 0.506524 0.506524 2 21 3
345.205 0.506788 0.506788 2 21 3
344.705 0.507055 0.507055 2 21 3
344.205 0.507322 0.507322 2 21 3
343.705 0.507591 0.507591 2 21 3
343.205 0.507861 0.507861 2 21 3
342.705 0.508132 0.508132 2 21 3
342.205 0.508405 0.508405 2 21 3
341.705 0.508679 0.508679 2 21 3
341.205 0.508954 0.508954 2 21 3
340.705 0.509231 0.509231 2 21 3
340.205 0.509509 0.509509 2 21 3
339.705 0.509789 0.509789 2 21 3
339.205 0.51007 0.51007 2 21 3
338.705 0.510352 0.510352 2 21 3
338.205 0.510636 0.510636 2 21 3
337.705 0.510921 0.510921 2 21 3
337.205 0.511207 0.511207 2 21 3
336.705 0.511495 0.511495 2 21 3
336.205 0.511784 0.511784 2 21 3
335.705 0.512075 0.512075 2 21 3
335.205 0.512368 0.512368 2 21 3
334.705 0.512661 0.512661 2 21 3
334.205 0.512957 0.512957 2 21 3
333.705 0.513253 0.513253 2 21 3
333.205 0.513551 0.513551 2 21 3
332.705 0.513851 0.513851 2 21 3
332.205 0.514152 0.514152 2 21 3
331.705 0.514455 0.514455 2 21 3
331.205 0.514759 0.514759 2 21 3
330.705 0.515065 0.515065 2 21 3
330.205 0.515373 0.515373 2 21 3
329.705 0.515682 0.515682 2 21 3
329.205 0.515992 0.515992 2 21 3
328.705 0.516304 0.516304 2 21 3
328.205 0.516618 0.516618 2 21 3
327.705 0.516933 0.516933 2 21 3
327.205 0.51725 0.51725 2 21 3
326.705 0.517569 0.517569 2 21 3
326.205 0.517889 0.517889 2 21 3
325.705 0.518211 0.518211 2 21 3
325.205 0.518534 0.518534 2 21 3
324.705 0.51886 0.51886 2 21 3
324.205 0.519187 0.519187 2 21 3
323.705 0.519515 0.519515 2 21 3
323.205 0.519846 0.519846 2 21 3
322.705 0.520178 0.520178 2 21 3
322.205 0.520511 0.520511 2 21 3
321.705 0.520847 0.520847 2 21 3
321.205 0.521184 0.521184 2 21 3
320.705 0.521523 0.521523 2 21 3
320.205 0.521864 0.521864 2 21 3
319.705 0.522207 0.522207 2 21 3
319.205 0.522551 0.522551 2 21 3
318.705 0.522897 0.522897 2 21 3
318.205 0.523246 0.523246 2 21 3
317.705 0.523596 0.523596 2 21 3
317.205 0.523947 0.523947 2 21 3
316.705 0.524301 0.524301 2 21 3
316.205 0.524657 0.524657 2 21 3
315.705 0.525014 0.525014 2 21 3
315.205 0.525373 0.525373 2 21 3
314.705 0.525735 0.525735 2 21 3
314.205 0.526098 0.526098 2 21 3
313.705 0.526463 0.526463 2 21 3
313.205 0.52683 0.52683 2 21 3
312.705 0.5272 0.5272 2 21 3
312.205 0.527571 0.527571 2 21 3
311.705 0.527944 0.527944 2 21 3
311.205 0.528319 0.528319 2 21 3
310.705 0.528696 0.528696 2 21 3
310.205 0.529076 0.529076 2 21 3
309.705 0.529457 0.529457 2 21 3
309.205 0.52984 0.52984 2 21 3
308.705 0.530226 0.530226 2 21 3
308.205 0.530614 0.530614 2 21 3
307.705 0.531003 0.531003 2 21 3
307.205 0.531395 0.531395 2 21 3
306.705 0.531789 0.531789 2 21 3
306.205 0.532186 0.532186 2 21 3
305.705 0.532584 0.532584 2 21 3
305.205 0.532985 0.532985 2 21 3
304.705 0.533388 0.533388 2 21 3
304.205 0.533793 0.533793 2 21 3
303.705 0.5342 0.5342 2 21 3
303.205 0.53461 0.53461 2 21 3
302.705 0.535022 0.535022 2 21 3
302.205 0.535436 0.535436 2 21 3
301.705 0.535853 0.535853 2 21 3
301.205 0.536272 0.536272 2 21 3
300.705 0.536693 0.536693 2 21 3
300.205 0.537117 0.537117 2 21 3
299.705 0.537543 0.537543 2 21 3
299.205 0.537971 0.537971 2 21 3
298.705 0.538402 0.538402 2 21 3
298.205 0.538835 0.538835 2 21 3
297.705 0.539271 0.539271 2 21 3
297.205 0.53971 0.53971 2 21 3
296.705 0.54015 0.54015 2 21 3
296.205 0.540594 0.540594 2 21 3
295.705 0.54104 0.54104 2 21 3
295.205 0.541488 0.541488 2 21 3
294.705 0.541939 0.541939 2 21 3
294.205 0.542393 0.542393 2 21 3
293.705 0.542849 0.542849 2 21 3
293.205 0.543308 0.543308 2 21 3
292.705 0.54377 0.54377 2 21 3
292.205 0.544234 0.544234 2 21 3
291.705 0.544701 0.544701 2 21 3
291.205 0.545171 0.545171 2 21 3
290.705 0.545644 0.545644 2 21 3
290.205 0.546119 0.546119 2 21 3
289.705 0.546597 0.546597 2 21 3
289.205 0.547078 0.547078 2 21 3
288.705 0.547561 0.547561 2 21 3
288.205 0.548048 0.548048 2 21 3
287.705 0.548538 0.548538 2 21 3
287.205 0.54903 0.54903 2 21 3
286.705 0.549525 0.549525 2 21 3
286.205 0.550024 0.550024 2 21 3
285.705 0.550525 0.550525 2 21 3
285.205 0.551029 0.551029 2 21 3
284.705 0.551536 0.551536 2 21 3
284.205 0.552047 0.552047 2 21 3
283.705 0.55256 0.55256 2 21 3
283.205 0.553077 0.553077 2 21 3
282.705 0.553596 0.553596 2 21 3
282.205 0.554119 0.554119 2 21 3
281.705 0.554645 0.554645 2 21 3
281.205 0.555174 0.555174 2 21 3
280.705 0.555707 0.555707 2 21 3
280.205 0.556242 0.556242 2 21 3
279.705 0.556781 0.556781 2 21 3
279.205 0.557323 0.557323 2 21 3
278.705 0.557869 0.557869 2 21 3
278.205 0.558418 0.558418 2 21 3
277.705 0.55897 0.55897 2 21 3
277.205 0.559526 0.559526 2 21 3
276.705 0.560085 0.560085 2 21 3
276.205 0.560648 0.560648 2 21 3
275.705 0.561214 0.561214 2 21 3
275.205 0.561784 0.561784 2 21 3
274.705 0.562357 0.562357 2 21 3
274.205 0.562934 0.562934 2 21 3
273.705 0.563515 0.563515 2 21 3
273.205 0.564099 0.564099 2 21 3
272.705 0.564687 0.564687 2 21 3
272.205 0.565278 0.565278 2 21 3
271.705 0.565874 0.565874 2 21 3
271.205 0.566473 0.566473 2 21 3
270.705 0.567076 0.567076 2 21 3
270.205 0.567682 0.567682 2 21 3
269.705 0.568293 0.568293 2 21 3
269.205 0.568908 0.568908 2 21 3
268.705 0.569526 0.569526 2 21 3
268.205 0.570149 0.570149 2 21 3
267.705 0.570775 0.570775 2 21 3
267.205 0.571406 0.571406 2 21 3
266.705 0.572041 0.572041 2 21 3
266.205 0.57268 0.57268 2 21 3
265.705 0.573323 0.573323 2 21 3
265.205 0.57397 0.57397 2 21 3
264.705 0.574621 0.574621 2 21 3
264.205 0.575277 0.575277 2 21 3
263.705 0.575937 0.575937 2 21 3
263.205 0.576602 0.576602 2 21 3
262.705 0.577271 0.577271 2 21 3
262.205 0.577944 0.577944 2 21 3
261.705 0.578622 0.578622 2 21 3
261.205 0.579304 0.579304 2 21 3
261.205 0.579304 0.579304 2 21 3
261.165 0.579363 0.579363 2 21 3
261.125 0.579418 0.579418 2 21 3
261.045 0.579528 0.579528 2 21 3
260.885 0.579747 0.579747 2 21 3
260.565 0.580187 0.580187 2 21 3
260.065 0.580877 0.580877 2 21 3
259.565 0.581574 0.581574 2 21 3
259.065 0.582276 0.582276 2 21 3
258.565 0.582983 0.582983 2 21 3
258.065 0.583694 0.583694 2 21 3
257.565 0.584411 0.584411 2 21 3
257.065 0.585132 0.585132 2 21 3
256.565 0.585858 0.585858 2 21 3
256.065 0.58659 0.58659 2 21 3
255.565 0.587326 0.587326 2 21 3
255.065 0.588067 0.588067 2 21 3
254.565 0.588813 0.588813 2 21 3
254.065 0.589565 0.589565 2 21 3
253.565 0.590322 0.590322 2 21 3
253.065 0.591084 0.591084 2 21 3
252.565 0.591851 0.591851 2 21 3
252.065 0.592623 0.592623 2 21 3
251.565 0.593401 0.593401 2 21 3
251.065 0.594185 0.594185 2 21 3
250.565 0.594974 0.594974 2 21 3
250.065 0.595769 0.595769 2 21 3
249.565 0.596569 0.596569 2 21 3
249.065 0.597375 0.597375 2 21 3
248.565 0.598186 0.598186 2 21 3
248.065 0.599004 0.599004 2 21 3
247.565 0.599827 0.599827 2 21 3
247.065 0.600656 0.600656 2 21 3
246.565 0.601491 0.601491 2 21 3
246.065 0.602332 0.602332 2 21 3
245.565 0.60318 0.60318 2 21 3
245.065 0.604033 0.604033 2 21 3
244.565 0.604893 0.604893 2 21 3
244.065 0.605758 0.605758 2 21 3
243.565 0.606631 0.606631 2 21 3
243.065 0.607509 0.607509 2 21 3
242.565 0.608394 0.608394 2 21 3
242.065 0.609286 0.609286 2 21 3
241.565 0.610184 0.610184 2 21 3
241.065 0.611089 0.611089 2 21 3
240.565 0.612 0.612 2 21 3
240.065 0.612919 0.612919 2 21 3
239.565 0.613844 0.613844 2 21 3
239.065 0.614776 0.614776 2 21 3
238.565 0.615715 0.615715 2 21 3
238.065 0.616661 0.616661 2 21 3
237.565 0.617615 0.617615 2 21 3
237.065 0.618576 0.618576 2 21 3
236.565 0.619544 0.619544 2 21 3
236.065 0.620519 0.620519 2 21 3
235.565 0.621502 0.621502 2 21 3
235.065 0.622493 0.622493 2 21 3
234.565 0.623491 0.623491 2 21 3
234.065 0.624497 0.624497 2 21 3
233.565 0.62551 0.62551 2 21 3
233.065 0.626532 0.626532 2 21 3
232.565 0.627561 0.627561 2 21 3
232.065 0.628599 0.628599 2 21 3
231.565 0.629645 0.629645 2 21 3
231.065 0.630699 0.630699 2 21 3
230.565 0.631761 0.631761 2 21 3
230.065 0.632832 0.632832 2 21 3
229.565 0.633912 0.633912 2 21 3
229.065 0.635 0.635 2 21 3
228.565 0.636097 0.636097 2 21 3
228.065 0.637202 0.637202 2 21 3
227.565 0.638317 0.638317 2 21 3
227.065 0.63944 0.63944 2 21 3
226.565 0.640573 0.640573 2 21 3
226.065 0.641715 0.641715 2 21 3
225.565 0.642866 0.642866 2 21 3
225.065 0.644027 0.644027 2 21 3
224.565 0.645198 0.645198 2 21 3
224.065 0.646378 0.646378 2 21 3
223.565 0.647568 0.647568 2 21 3
223.065 0.648768 0.648768 2 21 3
222.565 0.649978 0.649978 2 21 3
222.065 0.651198 0.651198 2 21 3
221.565 0.652428 0.652428 2 21 3
221.065 0.653669 0.653669 2 21 3
220.565 0.65492 0.65492 2 21 3
220.065 0.656183 0.656183 2 21 3
219.565 0.657455 0.657455 2 21 3
219.065 0.658739 0.658739 2 21 3
218.565 0.660034 0.660034 2 21 3
218.065 0.66134 0.66134 2 21 3
217.565 0.662658 0.662658 2 21 3
217.065 0.663987 0.663987 2 21 3
216.565 0.665328 0.665328 2 21 3
216.065 0.66668 0.66668 2 21 3
215.565 0.668045 0.668045 2 21 3
215.065 0.669421 0.669421 2 21 3
214.565 0.67081 0.67081 2 21 3
214.065 0.672212 0.672212 2 21 3
213.565 0.673626 0.673626 2 21 3
213.065 0.675053 0.675053 2 21 3
212.566 0.676492 0.676492 2 21 3
212.066 0.677945 0.677945 2 21 3
211.566 0.679411 0.679411 2 21 3
211.066 0.680891 0.680891 2 21 3
210.566 0.682384 0.682384 2 21 3
210.066 0.683891 0.683891 2 21 3
209.566 0.685413 0.685413 2 21 3
209.066 0.686948 0.686948 2 21 3
208.566 0.688498 0.688498 2 21 3
208.066 0.690063 0.690063 2 21 3
207.566 0.691642 0.691642 2 21 3
207.066 0.693237 0.693237 2 21 3
206.566 0.694847 0.694847 2 21 3
206.066 0.696472 0.696472 2 21 3
205.566 0.698113 0.698113 2 21 3
205.066 0.69977 0.69977 2 21 3
204.566 0.701443 0.701443 2 21 3
204.066 0.703133 0.703133 2 21 3
203.566 0.70484 0.70484 2 21 3
203.066 0.706563 0.706563 2 21 3
202.566 0.708304 0.708304 2 21 3
202.066 0.710062 0.710062 2 21 3
201.566 0.711838 0.711838 2 21 3
201.066 0.713632 0.713632 2 21 3
200.566 0.715444 0.715444 2 21 3
200.066 0.717275 0.717275 2 21 3
199.566 0.719125 0.719125 2 21 3
199.066 0.720994 0.720994 2 21 3
198.566 0.722882 0.722882 2 21 3
198.066 0.72479 0.72479 2 21 3
197.566 0.726719 0.726719 2 21 3
197.066 0.728668 0.728668 2 21 3
196.566 0.730638 0.730638 2 21 3
196.066 0.732629 0.732629 2 21 3
195.566 0.734642 0.734642 2 21 3
195.066 0.736676 0.736676 2 21 3
194.566 0.738733 0.738733 2 21 3
194.066 0.740813 0.740813 2 21 3
193.566 0.742915 0.742915 2 21 3
193.066 0.745042 0.745042 2 21 3
192.566 0.747192 0.747192 2 21 3
192.066 0.749367 0.749367 2 21 3
191.566 0.751566 0.751566 2 21 3
191.066 0.753791 0.753791 2 21 3
190.566 0.756041 0.756041 2 21 3
190.066 0.758318 0.758318 2 21 3
189.566 0.760622 0.760622 2 21 3
189.066 0.762953 0.762953 2 21 3
188.566 0.765311 0.765311 2 21 3
188.066 0.767698 0.767698 2 21 3
187.566 0.770114 0.770114 2 21 3
187.066 0.77256 0.77256 2 21 3
186.566 0.775036 0.775036 2 21 3
186.066 0.777542 0.777542 2 21 3
185.566 0.78008 0.78008 2 21 3
185.067 0.78265 0.78265 2 21 3
184.567 0.785253 0.785253 2 21 3
184.067 0.787889 0.787889 2 21 3
183.567 0.79056 0.79056 2 21 3
183.067 0.793265 0.793265 2 21 3
182.567 0.796006 0.796006 2 21 3
182.067 0.798784 0.798784 2 21 3
181.567 0.801599 0.801599 2 21 3
181.067 0.804453 0.804453 2 21 3
180.567 0.807346 0.807346 2 21 3
180.067 0.810279 0.810279 2 21 3
179.567 0.813254 0.813254 2 21 3
179.067 0.81627 0.81627 2 21 3
178.567 0.81933 0.81933 2 21 3
178.067 0.822435 0.822435 2 21 3
177.567 0.825585 0.825585 2 21 3
177.067 0.828782 0.828782 2 21 3
176.567 0.832027 0.832027 2 21 3
176.067 0.835321 0.835321 2 21 3
175.567 0.838667 0.838667 2 21 3
175.067 0.842064 0.842064 2 21 3
174.567 0.845516 0.845516 2 21 3
174.068 0.849023 0.849023 2 21 3
173.568 0.852587 0.852587 2 21 3
173.068 0.85621 0.85621 2 21 3
172.568 0.859894 0.859894 2 21 3
172.068 0.863641 0.863641 2 21 3
171.568 0.867452 0.867452 2 21 3
171.068 0.871331 0.871331 2 21 3
170.568 0.875279 0.875279 2 21 3
170.068 0.879298 0.879298 2 21 3
169.568 0.883393 0.883393 2 21 3
169.068 0.887564 0.887564 2 21 3
168.568 0.891815 0.891815 2 21 3
168.068 0.89615 0.89615 2 21 3
167.569 0.900572 0.900572 2 21 3
167.069 0.905084 0.905084 2 21 3
166.569 0.90969 0.90969 2 21 3
166.069 0.914394 0.914394 2 21 3
165.569 0.919201 0.919201 2 21 3
165.069 0.924115 0.924115 2 21 3
164.569 0.929143 0.929143 2 21 3
164.069 0.934288 0.934288 2 21 3
163.569 0.939559 0.939559 2 21 3
163.569 0.939559 0.939559 2 21 3
163.529 0.940112 0.940112 2 21 3
163.489 0.94054 0.94054 2 21 3
163.409 0.941397 0.941397 2 21 3
163.25 0.943119 0.943119 2 21 3
162.93 0.946589 0.946589 2 21 3
162.43 0.952103 0.952103 2 21 3
161.93 0.957808 0.957808 2 21 3
161.43 0.963697 0.963697 2 21 3
160.93 0.969754 0.969754 2 21 3
160.43 0.975991 0.975991 2 21 3
159.931 0.982422 0.982422 2 21 3
159.431 0.989059 0.989059 2 21 3
158.931 0.99592 0.99592 2 21 3
158.431 1.00302 1.00302 2 21 3
157.932 1.01039 1.01039 2 21 3
157.432 1.01805 1.01805 2 21 3
156.932 1.02603 1.02603 2 21 3
156.432 1.03436 1.03436 2 21 3
155.933 1.04308 1.04308 2 21 3
155.433 1.05225 1.05225 2 21 3
154.934 1.06246 1.06246 2 21 3
154.434 1.07282 1.07282 2 21 3
153.935 1.0839 1.0839 2 21 3
153.435 1.09586 1.09586 2 21 3
152.936 1.10891 1.10891 2 21 3
152.437 1.1234 1.1234 2 21 3
151.938 1.13986 1.13986 2 21 3
151.439 1.15934 1.15934 2 21 3
150.942 1.18425 1.18425 2 21 3
150.449 1.22872 1.22872 2 21 3
150.393 1.2444 1.2444 2 21 3
150.403 1.26255 1.26255 2 21 3
150.434 1.27067 1.27067 2 21 3
150.467 1.27667 1.27667 2 21 3
150.517 1.28361 1.28361 2 21 3
150.593 1.292 1.292 2 21 3
150.707 1.30208 1.30208 2 21 3
150.88 1.31427 1.31427 2 21 3
151.14 1.32901 1.32901 2 21 3
151.53 1.34689 1.34689 2 21 3
152.029 1.36557 1.36557 2 21 3
152.528 1.38146 1.38146 2 21 3
153.028 1.39551 1.39551 2 21 3
153.527 1.40821 1.40821 2 21 3
154.027 1.41986 1.41986 2 21 3
154.527 1.43067 1.43067 2 21 3
155.026 1.44079 1.44079 2 21 3
155.526 1.45031 1.45031 2 21 3
156.026 1.45933 1.45933 2 21 3
156.526 1.46834 1.46834 2 21 3
157.026 1.47647 1.47647 2 21 3
157.525 1.48426 1.48426 2 21 3
158.025 1.49174 1.49174 2 21 3
158.525 1.49895 1.49895 2 21 3
159.025 1.50589 1.50589 2 21 3
159.525 1.5126 1.5126 2 21 3
160.025 1.5191 1.5191 2 21 3
160.525 1.52539 1.52539 2 21 3
161.025 1.53149 1.53149 2 21 3
161.525 1.53742 1.53742 2 21 3
162.025 1.54319 1.54319 2 21 3
162.525 1.5488 1.5488 2 21 3
163.025 1.55427 1.55427 2 21 3
163.525 1.5596 1.5596 2 21 3
164.024 1.5648 1.5648 2 21 3
164.524 1.56988 1.56988 2 21 3
165.024 1.57484 1.57484 2 21 3
165.524 1.57969 1.57969 2 21 3
166.024 1.58444 1.58444 2 21 3
166.524 1.58908 1.58908 2 21 3
167.024 1.59363 1.59363 2 21 3
167.524 1.59808 1.59808 2 21 3
168.024 1.60245 1.60245 2 21 3
168.524 1.60673 1.60673 2 21 3
169.024 1.61094 1.61094 2 21 3
169.524 1.61506 1.61506 2 21 3
170.024 1.61911 1.61911 2 21 3
170.524 1.62308 1.62308 2 21 3
171.024 1.62699 1.62699 2 21 3
171.524 1.63082 1.63082 2 21 3
172.024 1.6346 1.6346 2 21 3
172.524 1.6383 1.6383 2 21 3
173.024 1.64195 1.64195 2 21 3
173.524 1.64554 1.64554 2 21 3
174.024 1.64907 1.64907 2 21 3
174.524 1.65255 1.65255 2 21 3
175.024 1.65597 1.65597 2 21 3
175.524 1.65934 1.65934 2 21 3
176.024 1.66266 1.66266 2 21 3
176.524 1.66594 1.66594 2 21 3
177.024 1.66916 1.66916 2 21 3
177.524 1.67234 1.67234 2 21 3
178.024 1.67547 1.67547 2 21 3
178.524 1.67855 1.67855 2 21 3
179.024 1.6816 1.6816 2 21 3
179.524 1.6846 1.6846 2 21 3
180.024 1.68756 1.68756 2 21 3
180.524 1.69049 1.69049 2 21 3
181.024 1.69337 1.69337 2 21 3
181.524 1.69622 1.69622 2 21 3
182.024 1.69903 1.69903 2 21 3
182.524 1.7018 1.7018 2 21 3
183.024 1.70454 1.70454 2 21 3
183.524 1.70724 1.70724 2 21 3
184.024 1.70991 1.70991 2 21 3
184.524 1.71255 1.71255 2 21 3
185.024 1.71515 1.71515 2 21 3
185.524 1.71773 1.71773 2 21 3
186.024 1.72027 1.72027 2 21 3
186.524 1.72279 1.72279 2 21 3
187.024 1.72527 1.72527 2 21 3
187.524 1.72772 1.72772 2 21 3
188.024 1.73015 1.73015 2 21 3
188.524 1.73255 1.73255 2 21 3
189.024 1.73492 1.73492 2 21 3
189.524 1.73727 1.73727 2 21 3
190.024 1.73959 1.73959 2 21 3
190.524 1.74188 1.74188 2 21 3
191.024 1.74415 1.74415 2 21 3
191.524 1.7464 1.7464 2 21 3
192.024 1.74862 1.74862 2 21 3
192.524 1.75081 1.75081 2 21 3
193.024 1.75299 1.75299 2 21 3
193.524 1.75514 1.75514 2 21 3
194.023 1.75727 1.75727 2 21 3
194.523 1.75937 1.75937 2 21 3
195.023 1.76146 1.76146 2 21 3
195.523 1.76352 1.76352 2 21 3
196.023 1.76556 1.76556 2 21 3
196.523 1.76759 1.76759 2 21 3
197.023 1.76959 1.76959 2 21 3
197.523 1.77157 1.77157 2 21 3
198.023 1.77353 1.77353 2 21 3
198.523 1.77548 1.77548 2 21 3
199.023 1.7774 1.7774 2 21 3
199.523 1.77931 1.77931 2 21 3
200.023 1.7812 1.7812 2 21 3
200.523 1.78307 1.78307 2 21 3
201.023 1.78492 1.78492 2 21 3
201.523 1.78675 1.78675 2 21 3
202.023 1.78857 1.78857 2 21 3
202.523 1.79037 1.79037 2 21 3
203.023 1.79216 1.79216 2 21 3
203.523 1.79393 1.79393 2 21 3
204.023 1.79568 1.79568 2 21 3
204.523 1.79741 1.79741 2 21 3
205.023 1.79913 1.79913 2 21 3
205.523 1.80084 1.80084 2 21 3
206.023 1.80253 1.80253 2 21 3
206.523 1.80421 1.80421 2 21 3
207.023 1.80587 1.80587 2 21 3
207.523 1.80751 1.80751 2 21 3
208.023 1.80914 1.80914 2 21 3
208.523 1.81076 1.81076 2 21 3
209.023 1.81237 1.81237 2 21 3
209.523 1.81396 1.81396 2 21 3
210.023 1.81553 1.81553 2 21 3
210.523 1.8171 1.8171 2 21 3
211.023 1.81865 1.81865 2 21 3
211.523 1.82019 1.82019 2 21 3
212.023 1.82171 1.82171 2 21 3
212.523 1.82322 1.82322 2 21 3
213.023 1.82472 1.82472 2 21 3
213.523 1.82621 1.82621 2 21 3
214.023 1.82768 1.82768 2 21 3
214.523 1.82915 1.82915 2 21 3
215.023 1.8306 1.8306 2 21 3
215.523 1.83204 1.83204 2 21 3
216.023 1.83347 1.83347 2 21 3
216.523 1.83489 1.83489 2 21 3
217.023 1.83629 1.83629 2 21 3
217.523 1.83769 1.83769 2 21 3
218.023 1.83907 1.83907 2 21 3
218.523 1.84044 1.84044 2 21 3
219.023 1.84181 1.84181 2 21 3
219.523 1.84316 1.84316 2 21 3
220.023 1.8445 1.8445 2 21 3
220.523 1.84583 1.84583 2 21 3
221.023 1.84715 1.84715 2 21 3
221.523 1.84846 1.84846 2 21 3
222.023 1.84977 1.84977 2 21 3
222.523 1.85106 1.85106 2 21 3
223.023 1.85234 1.85234 2 21 3
223.523 1.85361 1.85361 2 21 3
224.023 1.85487 1.85487 2 21 3
224.523 1.85613 1.85613 2 21 3
225.023 1.85737 1.85737 2 21 3
225.523 1.85861 1.85861 2 21 3
226.023 1.85984 1.85984 2 21 3
226.523 1.86105 1.86105 2 21 3
227.023 1.86226 1.86226 2 21 3
227.523 1.86346 1.86346 2 21 3
228.023 1.86465 1.86465 2 21 3
228.523 1.86584 1.86584 2 21 3
229.023 1.86701 1.86701 2 21 3
229.523 1.86818 1.86818 2 21 3
230.023 1.86934 1.86934 2 21 3
230.523 1.87049 1.87049 2 21 3
231.023 1.87163 1.87163 2 21 3
231.023 1.87163 1.87163 2 21 3
230.983 1.87153 1.87153 2 21 3
230.943 1.87144 1.87144 2 21 3
230.863 1.87126 1.87126 2 21 3
230.703 1.87089 1.87089 2 21 3
230.383 1.87016 1.87016 2 21 3
229.883 1.86901 1.86901 2 21 3
229.383 1.86785 1.86785 2 21 3
228.883 1.86668 1.86668 2 21 3
228.383 1.86551 1.86551 2 21 3
227.883 1.86432 1.86432 2 21 3
227.383 1.86313 1.86313 2 21 3
226.883 1.86192 1.86192 2 21 3
226.383 1.86071 1.86071 2 21 3
225.883 1.85949 1.85949 2 21 3
225.383 1.85826 1.85826 2 21 3
224.883 1.85703 1.85703 2 21 3
224.383 1.85578 1.85578 2 21 3
223.883 1.85452 1.85452 2 21 3
223.383 1.85326 1.85326 2 21 3
222.883 1.85198 1.85198 2 21 3
222.383 1.8507 1.8507 2 21 3
221.883 1.8494 1.8494 2 21 3
221.383 1.8481 1.8481 2 21 3
220.883 1.84678 1.84678 2 21 3
220.383 1.84546 1.84546 2 21 3
219.883 1.84412 1.84412 2 21 3
219.383 1.84278 1.84278 2 21 3
218.883 1.84143 1.84143 2 21 3
218.383 1.84006 1.84006 2 21 3
217.883 1.83868 1.83868 2 21 3
217.383 1.8373 1.8373 2 21 3
216.883 1.8359 1.8359 2 21 3
216.383 1.83449 1.83449 2 21 3
215.883 1.83307 1.83307 2 21 3
215.383 1.83164 1.83164 2 21 3
214.883 1.83019 1.83019 2 21 3
214.383 1.82874 1.82874 2 21 3
213.883 1.82727 1.82727 2 21 3
213.383 1.82579 1.82579 2 21 3
212.883 1.8243 1.8243 2 21 3
212.383 1.8228 1.8228 2 21 3
211.883 1.82128 1.82128 2 21 3
211.383 1.81976 1.81976 2 21 3
210.883 1.81821 1.81821 2 21 3
210.383 1.81666 1.81666 2 21 3
209.883 1.81509 1.81509 2 21 3
209.383 1.81351 1.81351 2 21 3
208.883 1.81192 1.81192 2 21 3
208.383 1.81031 1.81031 2 21 3
207.883 1.80869 1.80869 2 21 3
207.383 1.80705 1.80705 2 21 3
206.883 1.8054 1.8054 2 21 3
206.383 1.80374 1.80374 2 21 3
205.883 1.80206 1.80206 2 21 3
205.383 1.80036 1.80036 2 21 3
204.883 1.79865 1.79865 2 21 3
204.383 1.79693 1.79693 2 21 3
203.883 1.79519 1.79519 2 21 3
203.383 1.79343 1.79343 2 21 3
202.883 1.79166 1.79166 2 21 3
202.383 1.78987 1.78987 2 21 3
201.883 1.78806 1.78806 2 21 3
201.383 1.78624 1.78624 2 21 3
200.883 1.7844 1.7844 2 21 3
200.383 1.78254 1.78254 2 21 3
199.883 1.78067 1.78067 2 21 3
199.383 1.77877 1.77877 2 21 3
198.883 1.77686 1.77686 2 21 3
198.383 1.77493 1.77493 2 21 3
197.883 1.77298 1.77298 2 21 3
197.383 1.77102 1.77102 2 21 3
196.883 1.76903 1.76903 2 21 3
196.383 1.76702 1.76702 2 21 3
195.883 1.76499 1.76499 2 21 3
195.383 1.76294 1.76294 2 21 3
194.883 1.76087 1.76087 2 21 3
194.383 1.75878 1.75878 2 21 3
193.883 1.75667 1.75667 2 21 3
193.384 1.75454 1.75454 2 21 3
192.884 1.75238 1.75238 2 21 3
192.384 1.7502 1.7502 2 21 3
191.884 1.748 1.748 2 21 3
191.384 1.74577 1.74577 2 21 3
190.884 1.74352 1.74352 2 21 3
190.384 1.74124 1.74124 2 21 3
189.884 1.73894 1.73894 2 21 3
189.384 1.73661 1.73661 2 21 3
188.884 1.73426 1.73426 2 21 3
188.384 1.73188 1.73188 2 21 3
187.884 1.72947 1.72947 2 21 3
187.384 1.72704 1.72704 2 21 3
186.884 1.72458 1.72458 2 21 3
186.384 1.72208 1.72208 2 21 3
185.884 1.71956 1.71956 2 21 3
185.384 1.71701 1.71701 2 21 3
184.884 1.71443 1.71443 2 21 3
184.384 1.71181 1.71181 2 21 3
183.884 1.70917 1.70917 2 21 3
183.384 1.70649 1.70649 2 21 3
182.884 1.70377 1.70377 2 21 3
182.384 1.70102 1.70102 2 21 3
181.884 1.69824 1.69824 2 21 3
181.384 1.69542 1.69542 2 21 3
180.884 1.69256 1.69256 2 21 3
180.384 1.68967 1.68967 2 21 3
179.884 1.68674 1.68674 2 21 3
179.384 1.68376 1.68376 2 21 3
178.884 1.68075 1.68075 2 21 3
178.384 1.67769 1.67769 2 21 3
177.884 1.67459 1.67459 2 21 3
177.384 1.67145 1.67145 2 21 3
176.884 1.66826 1.66826 2 21 3
176.384 1.66502 1.66502 2 21 3
175.884 1.66174 1.66174 2 21 3
175.384 1.6584 1.6584 2 21 3
174.884 1.65502 1.65502 2 21 3
174.384 1.65158 1.65158 2 21 3
173.884 1.64809 1.64809 2 21 3
173.384 1.64454 1.64454 2 21 3
172.884 1.64093 1.64093 2 21 3
172.384 1.63727 1.63727 2 21 3
171.884 1.63354 1.63354 2 21 3
171.384 1.62975 1.62975 2 21 3
170.884 1.62589 1.62589 2 21 3
170.384 1.62197 1.62197 2 21 3
169.884 1.61797 1.61797 2 21 3
169.384 1.61391 1.61391 2 21 3
168.884 1.60976 1.60976 2 21 3
168.384 1.60554 1.60554 2 21 3
167.884 1.60123 1.60123 2 21 3
167.384 1.59684 1.59684 2 21 3
166.884 1.59236 1.59236 2 21 3
166.384 1.58778 1.58778 2 21 3
165.884 1.58311 1.58311 2 21 3
165.384 1.57833 1.57833 2 21 3
164.884 1.57345 1.57345 2 21 3
164.384 1.56846 1.56846 2 21 3
163.884 1.56334 1.56334 2 21 3
163.385 1.55811 1.55811 2 21 3
162.885 1.55274 1.55274 2 21 3
162.385 1.54723 1.54723 2 21 3
161.885 1.54157 1.54157 2 21 3
161.385 1.53576 1.53576 2 21 3
160.885 1.52978 1.52978 2 21 3
160.385 1.52362 1.52362 2 21 3
159.885 1.51727 1.51727 2 21 3
159.385 1.51071 1.51071 2 21 3
158.885 1.50393 1.50393 2 21 3
158.385 1.49691 1.49691 2 21 3
157.885 1.48962 1.48962 2 21 3
157.386 1.48205 1.48205 2 21 3
156.886 1.47415 1.47415 2 21 3
156.386 1.4659 1.4659 2 21 3
155.886 1.45726 1.45726 2 21 3
155.386 1.44816 1.44816 2 21 3
154.886 1.43802 1.43802 2 21 3
154.387 1.42772 1.42772 2 21 3
153.887 1.41669 1.41669 2 21 3
153.387 1.40477 1.40477 2 21 3
152.888 1.39172 1.39172 2 21 3
152.388 1.37721 1.37721 2 21 3
151.889 1.36064 1.36064 2 21 3
151.39 1.34089 1.34089 2 21 3
150.892 1.31521 1.31521 2 21 3
150.402 1.2619 1.2619 2 21 3
150.392 1.24573 1.24573 2 21 3
150.418 1.23556 1.23556 2 21 3
150.432 1.23249 1.23249 2 21 3
150.454 1.22833 1.22833 2 21 3
150.487 1.22301 1.22301 2 21 3
150.539 1.21646 1.21646 2 21 3
150.616 1.20839 1.20839 2 21 3
150.733 1.1985 1.1985 2 21 3
150.91 1.18641 1.18641 2 21 3
151.175 1.17163 1.17163 2 21 3
151.574 1.15362 1.15362 2 21 3
152.073 1.13511 1.13511 2 21 3
152.572 1.1193 1.1193 2 21 3
153.071 1.10525 1.10525 2 21 3
153.57 1.09253 1.09253 2 21 3
154.069 1.08083 1.08083 2 21 3
154.569 1.06995 1.06995 2 21 3
155.069 1.05977 1.05977 2 21 3
155.568 1.05017 1.05017 2 21 3
156.068 1.04107 1.04107 2 21 3
156.567 1.03198 1.03198 2 21 3
157.067 1.02376 1.02376 2 21 3
157.567 1.01589 1.01589 2 21 3
158.067 1.00832 1.00832 2 21 3
158.566 1.00103 1.00103 2 21 3
159.066 0.994004 0.994004 2 21 3
159.566 0.98721 0.98721 2 21 3
160.066 0.980634 0.980634 2 21 3
160.565 0.974261 0.974261 2 21 3
161.065 0.968077 0.968077 2 21 3
161.565 0.962068 0.962068 2 21 3
162.065 0.956226 0.956226 2 21 3
162.565 0.950539 0.950539 2 21 3
163.065 0.944999 0.944999 2 21 3
231.023 1.87163 1.87163 2 21 3
231.063 1.87171 1.87171 2 21 3
231.103 1.8718 1.8718 2 21 3
231.183 1.87198 1.87198 2 21 3
231.343 1.87235 1.87235 2 21 3
231.663 1.87307 1.87307 2 21 3
232.163 1.8742 1.8742 2 21 3
232.663 1.87532 1.87532 2 21 3
233.163 1.87643 1.87643 2 21 3
233.663 1.87753 1.87753 2 21 3
234.163 1.87862 1.87862 2 21 3
234.663 1.87971 1.87971 2 21 3
235.163 1.88079 1.88079 2 21 3
235.663 1.88186 1.88186 2 21 3
236.163 1.88292 1.88292 2 21 3
236.663 1.88398 1.88398 2 21 3
237.163 1.88503 1.88503 2 21 3
237.663 1.88607 1.88607 2 21 3
238.163 1.88711 1.88711 2 21 3
238.663 1.88814 1.88814 2 21 3
239.163 1.88916 1.88916 2 21 3
239.663 1.89018 1.89018 2 21 3
240.163 1.89119 1.89119 2 21 3
240.663 1.89219 1.89219 2 21 3
241.163 1.89319 1.89319 2 21 3
241.663 1.89418 1.89418 2 21 3
242.163 1.89516 1.89516 2 21 3
242.663 1.89614 1.89614 2 21 3
243.163 1.89711 1.89711 2 21 3
243.663 1.89808 1.89808 2 21 3
244.163 1.89903 1.89903 2 21 3
244.663 1.89999 1.89999 2 21 3
245.163 1.90093 1.90093 2 21 3
245.663 1.90188 1.90188 2 21 3
246.163 1.90281 1.90281 2 21 3
246.663 1.90374 1.90374 2 21 3
247.163 1.90466 1.90466 2 21 3
247.663 1.90558 1.90558 2 21 3
248.163 1.90649 1.90649 2 21 3
248.663 1.9074 1.9074 2 21 3
249.163 1.9083 1.9083 2 21 3
249.663 1.9092 1.9092 2 21 3
250.163 1.91009 1.91009 2 21 3
250.663 1.91097 1.91097 2 21 3
251.163 1.91185 1.91185 2 21 3
251.663 1.91272 1.91272 2 21 3
252.163 1.91359 1.91359 2 21 3
252.663 1.91446 1.91446 2 21 3
253.163 1.91532 1.91532 2 21 3
253.663 1.91617 1.91617 2 21 3
254.163 1.91702 1.91702 2 21 3
254.663 1.91786 1.91786 2 21 3
255.163 1.9187 1.9187 2 21 3
255.663 1.91953 1.91953 2 21 3
256.163 1.92036 1.92036 2 21 3
256.663 1.92118 1.92118 2 21 3
257.163 1.922 1.922 2 21 3
257.663 1.92282 1.92282 2 21 3
258.163 1.92363 1.92363 2 21 3
258.663 1.92443 1.92443 2 21 3
259.163 1.92523 1.92523 2 21 3
259.663 1.92603 1.92603 2 21 3
260.163 1.92682 1.92682 2 21 3
260.663 1.9276 1.9276 2 21 3
261.163 1.92839 1.92839 2 21 3
261.663 1.92916 1.92916 2 21 3
262.163 1.92994 1.92994 2 21 3
262.663 1.93071 1.93071 2 21 3
263.163 1.93147 1.93147 2 21 3
263.663 1.93223 1.93223 2 21 3
264.163 1.93299 1.93299 2 21 3
264.663 1.93374 1.93374 2 21 3
265.163 1.93449 1.93449 2 21 3
265.663 1.93523 1.93523 2 21 3
266.163 1.93597 1.93597 2 21 3
266.663 1.93671 1.93671 2 21 3
267.163 1.93744 1.93744 2 21 3
267.663 1.93816 1.93816 2 21 3
268.163 1.93889 1.93889 2 21 3
268.663 1.93961 1.93961 2 21 3
269.163 1.94032 1.94032 2 21 3
269.663 1.94104 1.94104 2 21 3
270.163 1.94174 1.94174 2 21 3
270.663 1.94245 1.94245 2 21 3
271.163 1.94315 1.94315 2 21 3
271.663 1.94384 1.94384 2 21 3
272.163 1.94454 1.94454 2 21 3
272.663 1.94523 1.94523 2 21 3
273.163 1.94591 1.94591 2 21 3
273.663 1.94659 1.94659 2 21 3
274.163 1.94727 1.94727 2 21 3
274.663 1.94795 1.94795 2 21 3
275.163 1.94862 1.94862 2 21 3
275.663 1.94929 1.94929 2 21 3
276.163 1.94995 1.94995 2 21 3
276.663 1.95061 1.95061 2 21 3
277.163 1.95127 1.95127 2 21 3
277.663 1.95192 1.95192 2 21 3
278.163 1.95257 1.95257 2 21 3
278.663 1.95322 1.95322 2 21 3
279.163 1.95386 1.95386 2 21 3
279.663 1.9545 1.9545 2 21 3
280.163 1.95514 1.95514 2 21 3
280.663 1.95578 1.95578 2 21 3
281.163 1.95641 1.95641 2 21 3
281.663 1.95703 1.95703 2 21 3
282.163 1.95766 1.95766 2 21 3
282.663 1.95828 1.95828 2 21 3
283.163 1.9589 1.9589 2 21 3
283.663 1.95951 1.95951 2 21 3
284.163 1.96013 1.96013 2 21 3
284.663 1.96074 1.96074 2 21 3
285.163 1.96134 1.96134 2 21 3
285.663 1.96194 1.96194 2 21 3
286.163 1.96254 1.96254 2 21 3
286.663 1.96314 1.96314 2 21 3
287.163 1.96374 1.96374 2 21 3
287.663 1.96433 1.96433 2 21 3
288.163 1.96491 1.96491 2 21 3
288.663 1.9655 1.9655 2 21 3
289.163 1.96608 1.96608 2 21 3
289.663 1.96666 1.96666 2 21 3
290.163 1.96724 1.96724 2 21 3
290.663 1.96781 1.96781 2 21 3
291.163 1.96838 1.96838 2 21 3
291.663 1.96895 1.96895 2 21 3
292.163 1.96952 1.96952 2 21 3
292.663 1.97008 1.97008 2 21 3
293.163 1.97064 1.97064 2 21 3
293.663 1.9712 1.9712 2 21 3
294.163 1.97176 1.97176 2 21 3
294.663 1.97231 1.97231 2 21 3
295.163 1.97286 1.97286 2 21 3
295.663 1.97341 1.97341 2 21 3
296.163 1.97395 1.97395 2 21 3
296.663 1.97449 1.97449 2 21 3
297.163 1.97503 1.97503 2 21 3
297.663 1.97557 1.97557 2 21 3
298.163 1.9761 1.9761 2 21 3
298.663 1.97664 1.97664 2 21 3
299.163 1.97716 1.97716 2 21 3
299.663 1.97769 1.97769 2 21 3
300.163 1.97822 1.97822 2 21 3
300.663 1.97874 1.97874 2 21 3
301.163 1.97926 1.97926 2 21 3
301.663 1.97978 1.97978 2 21 3
302.163 1.98029 1.98029 2 21 3
302.663 1.9808 1.9808 2 21 3
303.163 1.98131 1.98131 2 21 3
303.663 1.98182 1.98182 2 21 3
304.163 1.98233 1.98233 2 21 3
304.663 1.98283 1.98283 2 21 3
305.163 1.98333 1.98333 2 21 3
305.663 1.98383 1.98383 2 21 3
306.163 1.98433 1.98433 2 21 3
306.663 1.98482 1.98482 2 21 3
307.163 1.98531 1.98531 2 21 3
307.663 1.9858 1.9858 2 21 3
308.163 1.98629 1.98629 2 21 3
308.663 1.98678 1.98678 2 21 3
309.163 1.98726 1.98726 2 21 3
309.663 1.98774 1.98774 2 21 3
310.163 1.98822 1.98822 2 21 3
310.663 1.9887 1.9887 2 21 3
311.163 1.98917 1.98917 2 21 3
311.663 1.98965 1.98965 2 21 3
312.163 1.99012 1.99012 2 21 3
312.663 1.99059 1.99059 2 21 3
313.163 1.99105 1.99105 2 21 3
313.663 1.99152 1.99152 2 21 3
314.163 1.99198 1.99198 2 21 3
314.663 1.99244 1.99244 2 21 3
315.163 1.9929 1.9929 2 21 3
315.663 1.99336 1.99336 2 21 3
316.163 1.99381 1.99381 2 21 3
316.663 1.99426 1.99426 2 21 3
317.163 1.99471 1.99471 2 21 3
317.663 1.99516 1.99516 2 21 3
318.163 1.99561 1.99561 2 21 3
318.663 1.99605 1.99605 2 21 3
319.163 1.9965 1.9965 2 21 3
319.663 1.99694 1.99694 2 21 3
320.163 1.99738 1.99738 2 21 3
320.663 1.99781 1.99781 2 21 3
321.163 1.99825 1.99825 2 21 3
321.663 1.99868 1.99868 2 21 3
322.163 1.99912 1.99912 2 21 3
322.663 1.99955 1.99955 2 21 3
323.163 1.99997 1.99997 2 21 3
323.663 2.0004 2.0004 2 21 3
324.163 2.00083 2.00083 2 21 3
324.663 2.00125 2.00125 2 21 3
325.163 2.00167 2.00167 2 21 3
325.663 2.00209 2.00209 2 21 3
326.163 2.00251 2.00251 2 21 3
326.663 2.00292 2.00292 2 21 3
327.163 2.00334 2.00334 2 21 3
327.663 2.00375 2.00375 2 21 3
328.163 2.00416 2.00416 2 21 3
328.663 2.00457 2.00457 2 21 3
328.663 2.00457 2.00457 2 21 3
328.703 2.0046 2.0046 2 21 3
328.743 2.00463 2.00463 2 21 3
328.823 2.0047 2.0047 2 21 3
328.983 2.00483 2.00483 2 21 3
329.303 2.00509 2.00509 2 21 3
329.803 2.0055 2.0055 2 21 3
330.303 2.0059 2.0059 2 21 3
330.803 2.0063 2.0063 2 21 3
331.303 2.0067 2.0067 2 21 3
331.803 2.0071 2.0071 2 21 3
332.303 2.0075 2.0075 2 21 3
332.803 2.00789 2.00789 2 21 3
333.303 2.00829 2.00829 2 21 3
333.803 2.00868 2.00868 2 21 3
334.303 2.00907 2.00907 2 21 3
334.803 2.00946 2.00946 2 21 3
335.303 2.00985 2.00985 2 21 3
335.803 2.01023 2.01023 2 21 3
336.303 2.01062 2.01062 2 21 3
336.803 2.011 2.011 2 21 3
337.303 2.01138 2.01138 2 21 3
337.803 2.01176 2.01176 2 21 3
338.303 2.01214 2.01214 2 21 3
338.803 2.01252 2.01252 2 21 3
339.303 2.01289 2.01289 2 21 3
339.803 2.01327 2.01327 2 21 3
340.303 2.01364 2.01364 2 21 3
340.803 2.01401 2.01401 2 21 3
341.303 2.01438 2.01438 2 21 3
341.803 2.01475 2.01475 2 21 3
342.303 2.01512 2.01512 2 21 3
342.803 2.01548 2.01548 2 21 3
343.303 2.01585 2.01585 2 21 3
343.803 2.01621 2.01621 2 21 3
344.303 2.01657 2.01657 2 21 3
344.803 2.01693 2.01693 2 21 3
345.303 2.01729 2.01729 2 21 3
345.803 2.01765 2.01765 2 21 3
346.303 2.018 2.018 2 21 3
346.803 2.01836 2.01836 2 21 3
347.303 2.01871 2.01871 2 21 3
347.803 2.01906 2.01906 2 21 3
348.303 2.01941 2.01941 2 21 3
348.803 2.01976 2.01976 2 21 3
349.303 2.02011 2.02011 2 21 3
349.803 2.02045 2.02045 2 21 3
350.303 2.0208 2.0208 2 21 3
350.803 2.02114 2.02114 2 21 3
351.303 2.02148 2.02148 2 21 3
351.803 2.02183 2.02183 2 21 3
352.303 2.02217 2.02217 2 21 3
352.803 2.0225 2.0225 2 21 3
353.303 2.02284 2.02284 2 21 3
353.803 2.02318 2.02318 2 21 3
354.303 2.02351 2.02351 2 21 3
354.803 2.02385 2.02385 2 21 3
355.303 2.02418 2.02418 2 21 3
355.803 2.02451 2.02451 2 21 3
356.303 2.02484 2.02484 2 21 3
356.803 2.02517 2.02517 2 21 3
357.303 2.02549 2.02549 2 21 3
357.803 2.02582 2.02582 2 21 3
358.303 2.02615 2.02615 2 21 3
358.803 2.02647 2.02647 2 21 3
359.303 2.02679 2.02679 2 21 3
359.803 2.02711 2.02711 2 21 3
360.303 2.02743 2.02743 2 21 3
360.803 2.02775 2.02775 2 21 3
361.303 2.02807 2.02807 2 21 3
361.803 2.02839 2.02839 2 21 3
362.303 2.0287 2.0287 2 21 3
362.803 2.02902 2.02902 2 21 3
363.303 2.02933 2.02933 2 21 3
363.803 2.02964 2.02964 2 21 3
364.303 2.02995 2.02995 2 21 3
364.803 2.03026 2.03026 2 21 3
365.303 2.03057 2.03057 2 21 3
365.802 2.03088 2.03088 2 21 3
366.302 2.03119 2.03119 2 21 3
366.802 2.03149 2.03149 2 21 3
367.302 2.0318 2.0318 2 21 3
367.802 2.0321 2.0321 2 21 3
368.302 2.0324 2.0324 2 21 3
368.802 2.0327 2.0327 2 21 3
369.302 2.033 2.033 2 21 3
369.802 2.0333 2.0333 2 21 3
370.302 2.0336 2.0336 2 21 3
370.802 2.0339 2.0339 2 21 3
371.302 2.03419 2.03419 2 21 3
371.802 2.03449 2.03449 2 21 3
372.302 2.03478 2.03478 2 21 3
372.802 2.03508 2.03508 2 21 3
373.302 2.03537 2.03537 2 21 3
373.802 2.03566 2.03566 2 21 3
374.302 2.03595 2.03595 2 21 3
374.802 2.03624 2.03624 2 21 3
375.302 2.03653 2.03653 2 21 3
375.802 2.03681 2.03681 2 21 3
376.302 2.0371 2.0371 2 21 3
376.802 2.03738 2.03738 2 21 3
377.302 2.03767 2.03767 2 21 3
377.802 2.03795 2.03795 2 21 3
378.302 2.03823 2.03823 2 21 3
378.802 2.03851 2.03851 2 21 3
379.302 2.03879 2.03879 2 21 3
379.802 2.03907 2.03907 2 21 3
380.302 2.03935 2.03935 2 21 3
380.802 2.03963 2.03963 2 21 3
381.302 2.0399 2.0399 2 21 3
381.802 2.04018 2.04018 2 21 3
382.302 2.04045 2.04045 2 21 3
382.802 2.04072 2.04072 2 21 3
383.302 2.041 2.041 2 21 3
383.802 2.04127 2.04127 2 21 3
384.302 2.04154 2.04154 2 21 3
384.802 2.04181 2.04181 2 21 3
385.302 2.04208 2.04208 2 21 3
385.802 2.04235 2.04235 2 21 3
386.302 2.04261 2.04261 2 21 3
386.802 2.04288 2.04288 2 21 3
387.302 2.04314 2.04314 2 21 3
387.802 2.04341 2.04341 2 21 3
388.302 2.04367 2.04367 2 21 3
388.802 2.04393 2.04393 2 21 3
389.302 2.04419 2.04419 2 21 3
389.802 2.04446 2.04446 2 21 3
390.302 2.04472 2.04472 2 21 3
390.802 2.04497 2.04497 2 21 3
391.302 2.04523 2.04523 2 21 3
391.802 2.04549 2.04549 2 21 3
392.302 2.04575 2.04575 2 21 3
392.802 2.046 2.046 2 21 3
393.302 2.04626 2.04626 2 21 3
393.802 2.04651 2.04651 2 21 3
394.302 2.04676 2.04676 2 21 3
394.802 2.04702 2.04702 2 21 3
395.302 2.04727 2.04727 2 21 3
395.802 2.04752 2.04752 2 21 3
396.302 2.04777 2.04777 2 21 3
396.802 2.04802 2.04802 2 21 3
397.302 2.04827 2.04827 2 21 3
397.802 2.04851 2.04851 2 21 3
398.302 2.04876 2.04876 2 21 3
398.802 2.04901 2.04901 2 21 3
399.302 2.04925 2.04925 2 21 3
399.802 2.04949 2.04949 2 21 3
400.302 2.04974 2.04974 2 21 3
400.802 2.04998 2.04998 2 21 3
401.302 2.05022 2.05022 2 21 3
401.802 2.05046 2.05046 2 21 3
402.302 2.0507 2.0507 2 21 3
402.802 2.05094 2.05094 2 21 3
403.302 2.05118 2.05118 2 21 3
403.802 2.05142 2.05142 2 21 3
404.302 2.05166 2.05166 2 21 3
404.802 2.05189 2.05189 2 21 3
405.302 2.05213 2.05213 2 21 3
405.802 2.05237 2.05237 2 21 3
406.302 2.0526 2.0526 2 21 3
406.802 2.05283 2.05283 2 21 3
407.302 2.05307 2.05307 2 21 3
407.802 2.0533 2.0533 2 21 3
408.302 2.05353 2.05353 2 21 3
408.802 2.05376 2.05376 2 21 3
409.302 2.05399 2.05399 2 21 3
409.802 2.05422 2.05422 2 21 3
410.302 2.05445 2.05445 2 21 3
410.802 2.05468 2.05468 2 21 3
411.302 2.0549 2.0549 2 21 3
411.802 2.05513 2.05513 2 21 3
412.302 2.05536 2.05536 2 21 3
412.802 2.05558 2.05558 2 21 3
413.302 2.0558 2.0558 2 21 3
413.802 2.05603 2.05603 2 21 3
414.302 2.05625 2.05625 2 21 3
414.802 2.05647 2.05647 2 21 3
415.302 2.05669 2.05669 2 21 3
415.802 2.05692 2.05692 2 21 3
416.302 2.05714 2.05714 2 21 3
416.802 2.05736 2.05736 2 21 3
417.302 2.05757 2.05757 2 21 3
417.802 2.05779 2.05779 2 21 3
418.302 2.05801 2.05801 2 21 3
418.802 2.05823 2.05823 2 21 3
419.302 2.05844 2.05844 2 21 3
419.802 2.05866 2.05866 2 21 3
420.302 2.05887 2.05887 2 21 3
420.802 2.05909 2.05909 2 21 3
421.302 2.0593 2.0593 2 21 3
421.802 2.05951 2.05951 2 21 3
422.302 2.05973 2.05973 2 21 3
422.802 2.05994 2.05994 2 21 3
423.302 2.06015 2.06015 2 21 3
423.802 2.06036 2.06036 2 21 3
424.302 2.06057 2.06057 2 21 3
424.802 2.06078 2.06078 2 21 3
425.302 2.06099 2.06099 2 21 3
425.802 2.06119 2.06119 2 21 3
426.302 2.0614 2.0614 2 21 3
426.302 2.0614 2.0614 2 21 3
426.342 2.06142 2.06142 2 21 3
426.382 2.06143 2.06143 2 21 3
426.462 2.06147 2.06147 2 21 3
426.622 2.06153 2.06153 2 21 3
426.942 2.06167 2.06167 2 21 3
427.442 2.06187 2.06187 2 21 3
427.942 2.06208 2.06208 2 21 3
428.442 2.06228 2.06228 2 21 3
428.942 2.06249 2.06249 2 21 3
429.442 2.06269 2.06269 2 21 3
429.942 2.06289 2.06289 2 21 3
430.442 2.06309 2.06309 2 21 3
430.942 2.0633 2.0633 2 21 3
431.442 2.0635 2.0635 2 21 3
431.942 2.0637 2.0637 2 21 3
432.442 2.0639 2.0639 2 21 3
432.942 2.0641 2.0641 2 21 3
433.442 2.0643 2.0643 2 21 3
433.942 2.06449 2.06449 2 21 3
434.442 2.06469 2.06469 2 21 3
434.942 2.06489 2.06489 2 21 3
435.442 2.06508 2.06508 2 21 3
435.942 2.06528 2.06528 2 21 3
436.442 2.06548 2.06548 2 21 3
436.942 2.06567 2.06567 2 21 3
437.442 2.06586 2.06586 2 21 3
437.942 2.06606 2.06606 2 21 3
438.442 2.06625 2.06625 2 21 3
438.942 2.06644 2.06644 2 21 3
439.442 2.06663 2.06663 2 21 3
439.942 2.06683 2.06683 2 21 3
440.442 2.06702 2.06702 2 21 3
440.942 2.06721 2.06721 2 21 3
441.442 2.0674 2.0674 2 21 3
441.942 2.06759 2.06759 2 21 3
442.442 2.06777 2.06777 2 21 3
442.942 2.06796 2.06796 2 21 3
443.442 2.06815 2.06815 2 21 3
443.942 2.06834 2.06834 2 21 3
444.442 2.06852 2.06852 2 21 3
444.942 2.06871 2.06871 2 21 3
445.442 2.06889 2.06889 2 21 3
445.942 2.06908 2.06908 2 21 3
446.442 2.06926 2.06926 2 21 3
446.942 2.06945 2.06945 2 21 3
447.442 2.06963 2.06963 2 21 3
447.942 2.06981 2.06981 2 21 3
448.442 2.07 2.07 2 21 3
448.942 2.07018 2.07018 2 21 3
449.442 2.07036 2.07036 2 21 3
449.942 2.07054 2.07054 2 21 3
450.442 2.07072 2.07072 2 21 3
450.942 2.0709 2.0709 2 21 3
451.442 2.07108 2.07108 2 21 3
451.942 2.07126 2.07126 2 21 3
452.442 2.07144 2.07144 2 21 3
452.942 2.07161 2.07161 2 21 3
453.442 2.07179 2.07179 2 21 3
453.942 2.07197 2.07197 2 21 3
454.442 2.07214 2.07214 2 21 3
454.942 2.07232 2.07232 2 21 3
455.442 2.0725 2.0725 2 21 3
455.942 2.07267 2.07267 2 21 3
456.442 2.07284 2.07284 2 21 3
456.942 2.07302 2.07302 2 21 3
457.442 2.07319 2.07319 2 21 3
457.942 2.07336 2.07336 2 21 3
458.442 2.07354 2.07354 2 21 3
458.942 2.07371 2.07371 2 21 3
459.442 2.07388 2.07388 2 21 3
459.942 2.07405 2.07405 2 21 3
460.442 2.07422 2.07422 2 21 3
460.942 2.07439 2.07439 2 21 3
461.442 2.07456 2.07456 2 21 3
461.942 2.07473 2.07473 2 21 3
462.442 2.0749 2.0749 2 21 3
462.942 2.07507 2.07507 2 21 3
463.442 2.07524 2.07524 2 21 3
463.942 2.0754 2.0754 2 21 3
464.442 2.07557 2.07557 2 21 3
464.942 2.07574 2.07574 2 21 3
465.442 2.0759 2.0759 2 21 3
465.942 2.07607 2.07607 2 21 3
466.442 2.07623 2.07623 2 21 3
466.942 2.0764 2.0764 2 21 3
467.442 2.07656 2.07656 2 21 3
467.942 2.07673 2.07673 2 21 3
468.442 2.07689 2.07689 2 21 3
468.942 2.07705 2.07705 2 21 3
469.442 2.07721 2.07721 2 21 3
469.942 2.07738 2.07738 2 21 3
470.442 2.07754 2.07754 2 21 3
470.942 2.0777 2.0777 2 21 3
471.442 2.07786 2.07786 2 21 3
471.942 2.07802 2.07802 2 21 3
472.442 2.07818 2.07818 2 21 3
472.942 2.07834 2.07834 2 21 3
473.442 2.0785 2.0785 2 21 3
473.942 2.07866 2.07866 2 21 3
474.442 2.07881 2.07881 2 21 3
474.942 2.07897 2.07897 2 21 3
475.442 2.07913 2.07913 2 21 3
475.942 2.07929 2.07929 2 21 3
476.442 2.07944 2.07944 2 21 3
476.942 2.0796 2.0796 2 21 3
477.442 2.07976 2.07976 2 21 3
477.942 2.07991 2.07991 2 21 3
478.442 2.08007 2.08007 2 21 3
478.942 2.08022 2.08022 2 21 3
479.442 2.08037 2.08037 2 21 3
479.942 2.08053 2.08053 2 21 3
480.442 2.08068 2.08068 2 21 3
480.942 2.08083 2.08083 2 21 3
481.442 2.08099 2.08099 2 21 3
481.942 2.08114 2.08114 2 21 3
482.442 2.08129 2.08129 2 21 3
482.942 2.08144 2.08144 2 21 3
483.442 2.08159 2.08159 2 21 3
483.942 2.08174 2.08174 2 21 3
484.442 2.08189 2.08189 2 21 3
484.942 2.08204 2.08204 2 21 3
485.442 2.08219 2.08219 2 21 3
485.942 2.08234 2.08234 2 21 3
486.442 2.08249 2.08249 2 21 3
486.942 2.08264 2.08264 2 21 3
487.442 2.08279 2.08279 2 21 3
487.942 2.08293 2.08293 2 21 3
488.442 2.08308 2.08308 2 21 3
488.942 2.08323 2.08323 2 21 3
489.442 2.08337 2.08337 2 21 3
489.942 2.08352 2.08352 2 21 3
490.442 2.08367 2.08367 2 21 3
490.942 2.08381 2.08381 2 21 3
491.442 2.08396 2.08396 2 21 3
491.942 2.0841 2.0841 2 21 3
492.442 2.08424 2.08424 2 21 3
492.942 2.08439 2.08439 2 21 3
493.442 2.08453 2.08453 2 21 3
493.942 2.08467 2.08467 2 21 3
494.442 2.08482 2.08482 2 21 3
494.942 2.08496 2.08496 2 21 3
495.442 2.0851 2.0851 2 21 3
495.942 2.08524 2.08524 2 21 3
496.442 2.08538 2.08538 2 21 3
496.942 2.08553 2.08553 2 21 3
497.442 2.08567 2.08567 2 21 3
497.942 2.08581 2.08581 2 21 3
498.442 2.08595 2.08595 2 21 3
498.942 2.08609 2.08609 2 21 3
499.442 2.08622 2.08622 2 21 3
499.942 2.08636 2.08636 2 21 3
500.442 2.0865 2.0865 2 21 3
500.942 2.08664 2.08664 2 21 3
501.442 2.08678 2.08678 2 21 3
501.942 2.08692 2.08692 2 21 3
502.442 2.08705 2.08705 2 21 3
502.942 2.08719 2.08719 2 21 3
503.442 2.08733 2.08733 2 21 3
503.942 2.08746 2.08746 2 21 3
504.442 2.0876 2.0876 2 21 3
504.942 2.08773 2.08773 2 21 3
505.442 2.08787 2.08787 2 21 3
505.942 2.088 2.088 2 21 3
506.442 2.08814 2.08814 2 21 3
506.942 2.08827 2.08827 2 21 3
507.442 2.0884 2.0884 2 21 3
507.942 2.08854 2.08854 2 21 3
508.442 2.08867 2.08867 2 21 3
508.942 2.0888 2.0888 2 21 3
509.442 2.08894 2.08894 2 21 3
509.942 2.08907 2.08907 2 21 3
510.442 2.0892 2.0892 2 21 3
510.942 2.08933 2.08933 2 21 3
511.442 2.08946 2.08946 2 21 3
511.942 2.08959 2.08959 2 21 3
512.442 2.08972 2.08972 2 21 3
512.942 2.08986 2.08986 2 21 3
513.442 2.08999 2.08999 2 21 3
513.942 2.09011 2.09011 2 21 3
514.442 2.09024 2.09024 2 21 3
514.942 2.09037 2.09037 2 21 3
515.442 2.0905 2.0905 2 21 3
515.942 2.09063 2.09063 2 21 3
516.442 2.09076 2.09076 2 21 3
516.942 2.09089 2.09089 2 21 3
517.442 2.09101 2.09101 2 21 3
517.942 2.09114 2.09114 2 21 3
518.442 2.09127 2.09127 2 21 3
518.942 2.09139 2.09139 2 21 3
519.442 2.09152 2.09152 2 21 3
519.942 2.09165 2.09165 2 21 3
520.442 2.09177 2.09177 2 21 3
520.942 2.0919 2.0919 2 21 3
521.442 2.09202 2.09202 2 21 3
521.942 2.09215 2.09215 2 21 3
522.442 2.09227 2.09227 2 21 3
522.942 2.0924 2.0924 2 21 3
523.442 2.09252 2.09252 2 21 3
523.942 2.09264 2.09264 2 21 3
523.942 2.09264 2.09264 2 21 3
523.982 2.09265 2.09265 2 21 3
524.022 2.09266 2.09266 2 21 3
524.102 2.09268 2.09268 2 21 3
524.262 2.09272 2.09272 2 21 3
524.582 2.0928 2.0928 2 21 3
525.082 2.09292 2.09292 2 21 3
525.582 2.09305 2.09305 2 21 3
526.082 2.09317 2.09317 2 21 3
526.582 2.09329 2.09329 2 21 3
527.082 2.09341 2.09341 2 21 3
527.582 2.09353 2.09353 2 21 3
528.082 2.09366 2.09366 2 21 3
528.582 2.09378 2.09378 2 21 3
529.082 2.0939 2.0939 2 21 3
529.582 2.09402 2.09402 2 21 3
530.082 2.09414 2.09414 2 21 3
530.582 2.09426 2.09426 2 21 3
531.082 2.09438 2.09438 2 21 3
531.582 2.0945 2.0945 2 21 3
532.082 2.09461 2.09461 2 21 3
532.582 2.09473 2.09473 2 21 3
533.082 2.09485 2.09485 2 21 3
533.582 2.09497 2.09497 2 21 3
534.082 2.09509 2.09509 2 21 3
534.582 2.09521 2.09521 2 21 3
535.082 2.09532 2.09532 2 21 3
535.582 2.09544 2.09544 2 21 3
536.082 2.09556 2.09556 2 21 3
536.582 2.09567 2.09567 2 21 3
537.082 2.09579 2.09579 2 21 3
537.582 2.09591 2.09591 2 21 3
538.082 2.09602 2.09602 2 21 3
538.582 2.09614 2.09614 2 21 3
539.082 2.09625 2.09625 2 21 3
539.582 2.09637 2.09637 2 21 3
540.082 2.09648 2.09648 2 21 3
540.582 2.0966 2.0966 2 21 3
541.082 2.09671 2.09671 2 21 3
541.582 2.09682 2.09682 2 21 3
542.082 2.09694 2.09694 2 21 3
542.582 2.09705 2.09705 2 21 3
543.082 2.09716 2.09716 2 21 3
543.582 2.09728 2.09728 2 21 3
544.082 2.09739 2.09739 2 21 3
544.582 2.0975 2.0975 2 21 3
545.082 2.09761 2.09761 2 21 3
545.582 2.09773 2.09773 2 21 3
546.082 2.09784 2.09784 2 21 3
546.582 2.09795 2.09795 2 21 3
547.082 2.09806 2.09806 2 21 3
547.582 2.09817 2.09817 2 21 3
548.082 2.09828 2.09828 2 21 3
548.582 2.09839 2.09839 2 21 3
549.082 2.0985 2.0985 2 21 3
549.582 2.09861 2.09861 2 21 3
550.082 2.09872 2.09872 2 21 3
550.582 2.09883 2.09883 2 21 3
551.082 2.09894 2.09894 2 21 3
551.582 2.09905 2.09905 2 21 3
552.082 2.09916 2.09916 2 21 3
552.582 2.09927 2.09927 2 21 3
553.082 2.09937 2.09937 2 21 3
553.582 2.09948 2.09948 2 21 3
554.082 2.09959 2.09959 2 21 3
554.582 2.0997 2.0997 2 21 3
555.082 2.0998 2.0998 2 21 3
555.582 2.09991 2.09991 2 21 3
556.082 2.10002 2.10002 2 21 3
556.582 2.10012 2.10012 2 21 3
557.082 2.10023 2.10023 2 21 3
557.582 2.10034 2.10034 2 21 3
558.082 2.10044 2.10044 2 21 3
558.582 2.10055 2.10055 2 21 3
559.082 2.10065 2.10065 2 21 3
559.582 2.10076 2.10076 2 21 3
560.082 2.10086 2.10086 2 21 3
560.582 2.10097 2.10097 2 21 3
561.082 2.10107 2.10107 2 21 3
561.582 2.10118 2.10118 2 21 3
562.082 2.10128 2.10128 2 21 3
562.582 2.10138 2.10138 2 21 3
563.082 2.10149 2.10149 2 21 3
563.582 2.10159 2.10159 2 21 3
564.082 2.10169 2.10169 2 21 3
564.582 2.1018 2.1018 2 21 3
565.082 2.1019 2.1019 2 21 3
565.582 2.102 2.102 2 21 3
566.082 2.1021 2.1021 2 21 3
566.582 2.1022 2.1022 2 21 3
567.082 2.10231 2.10231 2 21 3
567.582 2.10241 2.10241 2 21 3
568.082 2.10251 2.10251 2 21 3
568.582 2.10261 2.10261 2 21 3
569.082 2.10271 2.10271 2 21 3
569.582 2.10281 2.10281 2 21 3
570.082 2.10291 2.10291 2 21 3
570.582 2.10301 2.10301 2 21 3
571.082 2.10311 2.10311 2 21 3
571.582 2.10321 2.10321 2 21 3
572.082 2.10331 2.10331 2 21 3
572.582 2.10341 2.10341 2 21 3
573.082 2.10351 2.10351 2 21 3
573.582 2.10361 2.10361 2 21 3
574.082 2.10371 2.10371 2 21 3
574.582 2.10381 2.10381 2 21 3
575.082 2.1039 2.1039 2 21 3
575.582 2.104 2.104 2 21 3
576.082 2.1041 2.1041 2 21 3
576.582 2.1042 2.1042 2 21 3
577.082 2.1043 2.1043 2 21 3
577.582 2.10439 2.10439 2 21 3
578.082 2.10449 2.10449 2 21 3
578.582 2.10459 2.10459 2 21 3
579.082 2.10468 2.10468 2 21 3
579.582 2.10478 2.10478 2 21 3
580.082 2.10488 2.10488 2 21 3
580.582 2.10497 2.10497 2 21 3
581.082 2.10507 2.10507 2 21 3
581.582 2.10516 2.10516 2 21 3
582.082 2.10526 2.10526 2 21 3
582.582 2.10535 2.10535 2 21 3
583.082 2.10545 2.10545 2 21 3
583.582 2.10554 2.10554 2 21 3
584.082 2.10564 2.10564 2 21 3
584.582 2.10573 2.10573 2 21 3
585.082 2.10583 2.10583 2 21 3
585.582 2.10592 2.10592 2 21 3
586.082 2.10601 2.10601 2 21 3
586.582 2.10611 2.10611 2 21 3
587.082 2.1062 2.1062 2 21 3
587.582 2.10629 2.10629 2 21 3
588.082 2.10639 2.10639 2 21 3
588.582 2.10648 2.10648 2 21 3
589.082 2.10657 2.10657 2 21 3
589.582 2.10667 2.10667 2 21 3
590.082 2.10676 2.10676 2 21 3
590.582 2.10685 2.10685 2 21 3
591.082 2.10694 2.10694 2 21 3
591.582 2.10703 2.10703 2 21 3
592.082 2.10713 2.10713 2 21 3
592.582 2.10722 2.10722 2 21 3
593.082 2.10731 2.10731 2 21 3
593.582 2.1074 2.1074 2 21 3
594.082 2.10749 2.10749 2 21 3
594.582 2.10758 2.10758 2 21 3
595.082 2.10767 2.10767 2 21 3
595.582 2.10776 2.10776 2 21 3
596.082 2.10785 2.10785 2 21 3
596.582 2.10794 2.10794 2 21 3
597.082 2.10803 2.10803 2 21 3
597.582 2.10812 2.10812 2 21 3
598.082 2.10821 2.10821 2 21 3
598.582 2.1083 2.1083 2 21 3
599.082 2.10839 2.10839 2 21 3
599.582 2.10848 2.10848 2 21 3
600.082 2.10856 2.10856 2 21 3
600.582 2.10865 2.10865 2 21 3
601.082 2.10874 2.10874 2 21 3
601.582 2.10883 2.10883 2 21 3
602.082 2.10892 2.10892 2 21 3
602.582 2.109 2.109 2 21 3
603.082 2.10909 2.10909 2 21 3
603.582 2.10918 2.10918 2 21 3
604.082 2.10927 2.10927 2 21 3
604.582 2.10935 2.10935 2 21 3
605.082 2.10944 2.10944 2 21 3
605.582 2.10953 2.10953 2 21 3
606.082 2.10961 2.10961 2 21 3
606.582 2.1097 2.1097 2 21 3
607.082 2.10979 2.10979 2 21 3
607.582 2.10987 2.10987 2 21 3
608.082 2.10996 2.10996 2 21 3
608.582 2.11004 2.11004 2 21 3
609.082 2.11013 2.11013 2 21 3
609.582 2.11021 2.11021 2 21 3
610.082 2.1103 2.1103 2 21 3
610.582 2.11038 2.11038 2 21 3
611.082 2.11047 2.11047 2 21 3
611.582 2.11055 2.11055 2 21 3
612.081 2.11064 2.11064 2 21 3
612.581 2.11072 2.11072 2 21 3
613.081 2.11081 2.11081 2 21 3
613.581 2.11089 2.11089 2 21 3
614.081 2.11097 2.11097 2 21 3
614.581 2.11106 2.11106 2 21 3
615.081 2.11114 2.11114 2 21 3
615.581 2.11122 2.11122 2 21 3
616.081 2.11131 2.11131 2 21 3
616.581 2.11139 2.11139 2 21 3
617.081 2.11147 2.11147 2 21 3
617.581 2.11155 2.11155 2 21 3
618.081 2.11164 2.11164 2 21 3
618.581 2.11172 2.11172 2 21 3
619.081 2.1118 2.1118 2 21 3
619.581 2.11188 2.11188 2 21 3
620.081 2.11196 2.11196 2 21 3
620.581 2.11205 2.11205 2 21 3
621.081 2.11213 2.11213 2 21 3
621.581 2.11221 2.11221 2 21 3
621.581 2.11221 2.11221 2 21 3
621.621 2.11222 2.11222 2 21 3
621.661 2.11222 2.11222 2 21 3
621.741 2.11223 2.11223 2 21 3
621.901 2.11226 2.11226 2 21 3
622.221 2.11231 2.11231 2 21 3
622.721 2.11239 2.11239 2 21 3
623.221 2.11247 2.11247 2 21 3
623.721 2.11256 2.11256 2 21 3
624.221 2.11264 2.11264 2 21 3
624.721 2.11272 2.11272 2 21 3
625.221 2.1128 2.1128 2 21 3
625.721 2.11288 2.11288 2 21 3
626.221 2.11296 2.11296 2 21 3
626.721 2.11304 2.11304 2 21 3
627.221 2.11312 2.11312 2 21 3
627.721 2.11319 2.11319 2 21 3
628.221 2.11327 2.11327 2 21 3
628.721 2.11335 2.11335 2 21 3
629.221 2.11343 2.11343 2 21 3
629.721 2.11351 2.11351 2 21 3
630.221 2.11359 2.11359 2 21 3
630.721 2.11367 2.11367 2 21 3
631.221 2.11375 2.11375 2 21 3
631.721 2.11382 2.11382 2 21 3
632.221 2.1139 2.1139 2 21 3
632.721 2.11398 2.11398 2 21 3
633.221 2.11406 2.11406 2 21 3
633.721 2.11414 2.11414 2 21 3
634.221 2.11421 2.11421 2 21 3
634.721 2.11429 2.11429 2 21 3
635.221 2.11437 2.11437 2 21 3
635.721 2.11444 2.11444 2 21 3
636.221 2.11452 2.11452 2 21 3
636.721 2.1146 2.1146 2 21 3
637.221 2.11467 2.11467 2 21 3
637.721 2.11475 2.11475 2 21 3
638.221 2.11483 2.11483 2 21 3
638.721 2.1149 2.1149 2 21 3
639.221 2.11498 2.11498 2 21 3
639.721 2.11505 2.11505 2 21 3
640.221 2.11513 2.11513 2 21 3
640.721 2.11521 2.11521 2 21 3
641.221 2.11528 2.11528 2 21 3
641.721 2.11536 2.11536 2 21 3
642.221 2.11543 2.11543 2 21 3
642.721 2.11551 2.11551 2 21 3
643.221 2.11558 2.11558 2 21 3
643.721 2.11566 2.11566 2 21 3
644.221 2.11573 2.11573 2 21 3
644.721 2.1158 2.1158 2 21 3
645.221 2.11588 2.11588 2 21 3
645.721 2.11595 2.11595 2 21 3
646.221 2.11603 2.11603 2 21 3
646.721 2.1161 2.1161 2 21 3
647.221 2.11617 2.11617 2 21 3
647.721 2.11625 2.11625 2 21 3
648.221 2.11632 2.11632 2 21 3
648.721 2.11639 2.11639 2 21 3
649.221 2.11647 2.11647 2 21 3
649.721 2.11654 2.11654 2 21 3
650.221 2.11661 2.11661 2 21 3
650.721 2.11669 2.11669 2 21 3
651.221 2.11676 2.11676 2 21 3
651.721 2.11683 2.11683 2 21 3
652.221 2.1169 2.1169 2 21 3
652.721 2.11698 2.11698 2 21 3
653.221 2.11705 2.11705 2 21 3
653.721 2.11712 2.11712 2 21 3
654.221 2.11719 2.11719 2 21 3
654.721 2.11726 2.11726 2 21 3
655.221 2.11733 2.11733 2 21 3
655.721 2.11741 2.11741 2 21 3
656.221 2.11748 2.11748 2 21 3
656.721 2.11755 2.11755 2 21 3
657.221 2.11762 2.11762 2 21 3
657.721 2.11769 2.11769 2 21 3
658.221 2.11776 2.11776 2 21 3
658.721 2.11783 2.11783 2 21 3
659.221 2.1179 2.1179 2 21 3
659.721 2.11797 2.11797 2 21 3
660.221 2.11804 2.11804 2 21 3
660.721 2.11811 2.11811 2 21 3
661.221 2.11818 2.11818 2 21 3
661.721 2.11825 2.11825 2 21 3
662.221 2.11832 2.11832 2 21 3
662.721 2.11839 2.11839 2 21 3
663.221 2.11846 2.11846 2 21 3
663.721 2.11853 2.11853 2 21 3
664.221 2.1186 2.1186 2 21 3
664.721 2.11867 2.11867 2 21 3
665.221 2.11874 2.11874 2 21 3
665.721 2.11881 2.11881 2 21 3
666.221 2.11888 2.11888 2 21 3
666.721 2.11894 2.11894 2 21 3
667.221 2.11901 2.11901 2 21 3
667.721 2.11908 2.11908 2 21 3
668.221 2.11915 2.11915 2 21 3
668.721 2.11922 2.11922 2 21 3
669.221 2.11929 2.11929 2 21 3
669.721 2.11935 2.11935 2 21 3
670.221 2.11942 2.11942 2 21 3
670.721 2.11949 2.11949 2 21 3
671.221 2.11956 2.11956 2 21 3
671.721 2.11962 2.11962 2 21 3
672.221 2.11969 2.11969 2 21 3
672.721 2.11976 2.11976 2 21 3
673.221 2.11982 2.11982 2 21 3
673.721 2.11989 2.11989 2 21 3
674.221 2.11996 2.11996 2 21 3
674.721 2.12002 2.12002 2 21 3
675.221 2.12009 2.12009 2 21 3
675.721 2.12016 2.12016 2 21 3
676.221 2.12022 2.12022 2 21 3
676.721 2.12029 2.12029 2 21 3
677.221 2.12036 2.12036 2 21 3
677.721 2.12042 2.12042 2 21 3
678.221 2.12049 2.12049 2 21 3
678.721 2.12055 2.12055 2 21 3
679.221 2.12062 2.12062 2 21 3
679.721 2.12068 2.12068 2 21 3
680.221 2.12075 2.12075 2 21 3
680.721 2.12081 2.12081 2 21 3
681.221 2.12088 2.12088 2 21 3
681.721 2.12094 2.12094 2 21 3
682.221 2.12101 2.12101 2 21 3
682.721 2.12107 2.12107 2 21 3
683.221 2.12114 2.12114 2 21 3
683.721 2.1212 2.1212 2 21 3
684.221 2.12127 2.12127 2 21 3
684.721 2.12133 2.12133 2 21 3
685.221 2.1214 2.1214 2 21 3
685.721 2.12146 2.12146 2 21 3
686.221 2.12152 2.12152 2 21 3
686.721 2.12159 2.12159 2 21 3
687.221 2.12165 2.12165 2 21 3
687.721 2.12172 2.12172 2 21 3
688.221 2.12178 2.12178 2 21 3
688.721 2.12184 2.12184 2 21 3
689.221 2.12191 2.12191 2 21 3
689.721 2.12197 2.12197 2 21 3
690.221 2.12203 2.12203 2 21 3
690.721 2.1221 2.1221 2 21 3
691.221 2.12216 2.12216 2 21 3
691.721 2.12222 2.12222 2 21 3
692.221 2.12228 2.12228 2 21 3
692.721 2.12235 2.12235 2 21 3
693.221 2.12241 2.12241 2 21 3
693.721 2.12247 2.12247 2 21 3
694.221 2.12253 2.12253 2 21 3
694.721 2.1226 2.1226 2 21 3
695.221 2.12266 2.12266 2 21 3
695.721 2.12272 2.12272 2 21 3
696.221 2.12278 2.12278 2 21 3
696.721 2.12284 2.12284 2 21 3
697.221 2.1229 2.1229 2 21 3
697.721 2.12297 2.12297 2 21 3
698.221 2.12303 2.12303 2 21 3
698.721 2.12309 2.12309 2 21 3
699.221 2.12315 2.12315 2 21 3
699.721 2.12321 2.12321 2 21 3
700.221 2.12327 2.12327 2 21 3
700.721 2.12333 2.12333 2 21 3
701.221 2.12339 2.12339 2 21 3
701.721 2.12345 2.12345 2 21 3
702.221 2.12351 2.12351 2 21 3
702.721 2.12357 2.12357 2 21 3
703.221 2.12363 2.12363 2 21 3
703.721 2.12369 2.12369 2 21 3
704.221 2.12375 2.12375 2 21 3
704.721 2.12381 2.12381 2 21 3
705.221 2.12387 2.12387 2 21 3
705.721 2.12393 2.12393 2 21 3
706.221 2.12399 2.12399 2 21 3
706.721 2.12405 2.12405 2 21 3
707.221 2.12411 2.12411 2 21 3
707.721 2.12417 2.12417 2 21 3
708.221 2.12423 2.12423 2 21 3
708.721 2.12429 2.12429 2 21 3
709.221 2.12435 2.12435 2 21 3
709.721 2.12441 2.12441 2 21 3
710.221 2.12447 2.12447 2 21 3
710.721 2.12453 2.12453 2 21 3
711.221 2.12459 2.12459 2 21 3
711.721 2.12464 2.12464 2 21 3
712.221 2.1247 2.1247 2 21 3
712.721 2.12476 2.12476 2 21 3
713.221 2.12482 2.12482 2 21 3
713.721 2.12488 2.12488 2 21 3
714.221 2.12494 2.12494 2 21 3
714.721 2.12499 2.12499 2 21 3
715.221 2.12505 2.12505 2 21 3
715.721 2.12511 2.12511 2 21 3
716.221 2.12517 2.12517 2 21 3
716.721 2.12522 2.12522 2 21 3
717.221 2.12528 2.12528 2 21 3
717.721 2.12534 2.12534 2 21 3
718.221 2.1254 2.1254 2 21 3
718.721 2.12545 2.12545 2 21 3
719.221 2.12551 2.12551 2 21 3
