300 0.468578 0.169058 4 1 0
300.02 0.468583 0.169035 3 1 0
300.05 0.468596 0.169031 3 1 0
300.095 0.468618 0.169058 3 1 0
300.163 0.468649 0.169051 3 1 0
300.264 0.468697 0.169041 3 1 0
300.466 0.468791 0.169015 3 1 0
300.77 0.468932 0.168985 3 1 0
301.226 0.469143 0.16894 3 1 0
301.726 0.469374 0.16891 3 1 0
302.226 0.469604 0.168862 3 1 0
302.726 0.469832 0.168814 3 1 0
303.226 0.47006 0.168741 3 1 0
303.726 0.470287 0.168693 3 1 0
304.226 0.470514 0.168646 3 1 0
304.726 0.470739 0.16863 3 1 0
305.226 0.470964 0.168583 3 1 0
305.726 0.471188 0.168536 3 1 0
306.226 0.471411 0.168467 3 1 0
306.726 0.471633 0.168421 3 1 0
307.226 0.471855 0.168376 3 1 0
307.726 0.472075 0.168349 3 1 0
308.226 0.472295 0.168304 3 1 0
308.726 0.472514 0.168259 3 1 0
309.226 0.472732 0.168187 3 1 0
309.726 0.47295 0.168143 3 1 0
310.226 0.473167 0.1681 3 1 0
310.726 0.473383 0.168088 3 1 0
311.226 0.473598 0.168046 3 1 0
311.726 0.473812 0.168004 3 1 0
312.226 0.474026 0.16793 3 1 0
312.726 0.474239 0.167888 3 1 0
313.226 0.474451 0.167846 3 1 0
313.726 0.474662 0.167833 3 1 0
314.226 0.474873 0.167793 3 1 0
314.726 0.475082 0.167752 3 1 0
315.226 0.475292 0.167682 3 1 0
315.726 0.4755 0.167642 3 1 0
316.226 0.475708 0.167602 3 1 0
316.726 0.475915 0.167562 3 1 0
317.226 0.476121 0.167523 3 1 0
317.726 0.476327 0.167484 3 1 0
318.226 0.476531 0.167469 3 1 0
318.726 0.476735 0.16743 3 1 0
319.226 0.476939 0.16739 3 1 0
319.726 0.477141 0.167328 3 1 0
320.226 0.477343 0.16729 3 1 0
320.726 0.477545 0.167252 3 1 0
321.226 0.477745 0.167227 3 1 0
321.726 0.477945 0.167189 3 1 0
322.226 0.478144 0.167152 3 1 0
322.726 0.478343 0.167104 3 1 0
323.226 0.47854 0.167067 3 1 0
323.726 0.478737 0.167031 3 1 0
324.226 0.478934 0.166997 3 1 0
324.726 0.479129 0.166961 3 1 0
325.226 0.479325 0.166925 3 1 0
325.726 0.479519 0.166906 3 1 0
326.226 0.479713 0.166871 3 1 0
326.726 0.479906 0.166837 3 1 0
327.226 0.480098 0.16681 3 1 0
327.726 0.48029 0.166777 3 1 0
328.226 0.480481 0.166743 3 1 0
328.726 0.480672 0.1667 3 1 0
329.226 0.480861 0.166666 3 1 0
329.726 0.48105 0.166633 3 1 0
330.226 0.481239 0.166598 3 1 0
330.726 0.481427 0.166564 3 1 0
331.226 0.481614 0.16653 3 1 0
331.726 0.481801 0.166559 3 1 0
332.226 0.481987 0.166528 3 1 0
332.726 0.482172 0.166496 3 1 0
333.226 0.482357 0.166387 3 1 0
333.726 0.482541 0.166355 3 1 0
334.226 0.482724 0.166324 3 1 0
334.726 0.482907 0.166287 3 1 0
335.226 0.483089 0.166256 3 1 0
335.726 0.483271 0.166224 3 1 0
336.226 0.483452 0.166223 3 1 0
336.726 0.483633 0.166192 3 1 0
337.226 0.483812 0.16616 3 1 0
337.726 0.483992 0.166131 3 1 0
338.226 0.48417 0.166101 3 1 0
338.726 0.484348 0.166072 3 1 0
339.226 0.484526 0.166011 3 1 0
339.726 0.484702 0.165982 3 1 0
340.226 0.484879 0.165952 3 1 0
340.726 0.485054 0.165923 3 1 0
341.226 0.48523 0.165894 3 1 0
341.726 0.485404 0.165865 3 1 0
342.226 0.485578 0.165835 3 1 0
342.726 0.485752 0.165806 3 1 0
343.226 0.485925 0.165778 3 1 0
343.726 0.486097 0.165749 3 1 0
344.226 0.486269 0.165721 3 1 0
344.726 0.486441 0.165693 3 1 0
345.226 0.486612 0.165669 3 1 0
345.726 0.486782 0.165642 3 1 0
346.226 0.486951 0.165614 3 1 0
346.726 0.487119 0.165673 3 1 0
347.226 0.487287 0.165647 3 1 0
347.726 0.487455 0.165618 3 1 0
348.226 0.487623 0.165528 3 1 0
348.726 0.487789 0.165502 3 1 0
349.226 0.487955 0.165476 3 1 0
349.726 0.48812 0.165422 3 1 0
350.226 0.488285 0.165396 3 1 0
350.726 0.48845 0.16537 3 1 0
351.226 0.488614 0.165392 3 1 0
351.726 0.488778 0.165367 3 1 0
352.226 0.48894 0.165343 3 1 0
352.726 0.489103 0.165268 3 1 0
353.226 0.489265 0.165243 3 1 0
353.726 0.489426 0.165218 3 1 0
354.226 0.489587 0.165258 3 1 0
354.726 0.489747 0.165234 3 1 0
355.226 0.489907 0.165211 3 1 0
355.726 0.490066 0.165119 3 1 0
356.226 0.490225 0.165095 3 1 0
356.726 0.490383 0.165071 3 1 0
357.226 0.490541 0.165117 3 1 0
357.726 0.490698 0.165094 3 1 0
358.226 0.490855 0.165071 3 1 0
358.726 0.491011 0.164972 3 1 0
359.226 0.491167 0.164948 3 1 0
359.726 0.491323 0.164924 3 1 0
360.226 0.491478 0.164937 3 1 0
360.726 0.491632 0.164912 3 1 0
361.226 0.491785 0.164888 3 1 0
361.726 0.491939 0.16483 3 1 0
362.226 0.492091 0.164807 3 1 0
362.726 0.492244 0.164784 3 1 0
363.226 0.492396 0.164852 3 1 0
363.726 0.492547 0.164827 3 1 0
364.226 0.492698 0.164803 3 1 0
364.726 0.492849 0.164786 3 1 0
365.226 0.492998 0.164765 3 1 0
365.726 0.493148 0.164744 3 1 0
366.226 0.493297 0.164688 3 1 0
366.726 0.493445 0.164665 3 1 0
367.226 0.493594 0.164642 3 1 0
367.726 0.493741 0.164604 3 1 0
368.226 0.493889 0.164583 3 1 0
368.726 0.494036 0.164563 3 1 0
369.226 0.494182 0.164563 3 1 0
369.726 0.494329 0.164541 3 1 0
370.226 0.494475 0.164519 3 1 0
370.726 0.49462 0.164436 3 1 0
371.226 0.494766 0.164415 3 1 0
371.726 0.49491 0.164395 3 1 0
372.226 0.495055 0.164374 3 1 0
372.726 0.495199 0.164354 3 1 0
373.226 0.495343 0.164334 3 1 0
373.726 0.495488 0.164337 3 1 0
374.226 0.495632 0.164317 3 1 0
374.726 0.495775 0.164297 3 1 0
375.226 0.495925 0.164269 3 1 0
375.726 0.496069 0.16425 3 1 0
376.226 0.496213 0.16423 3 1 0
376.726 0.496345 0.164203 3 1 0
377.226 0.496487 0.164183 3 1 0
377.726 0.496628 0.164164 3 1 0
378.226 0.496768 0.164178 3 1 0
378.726 0.496907 0.164159 3 1 0
379.226 0.497046 0.164141 3 1 0
379.726 0.497185 0.16413 3 1 0
380.226 0.497326 0.164111 3 1 0
380.726 0.497467 0.164092 3 1 0
381.226 0.497604 0.16405 3 1 0
381.726 0.49774 0.164032 3 1 0
382.226 0.497875 0.164014 3 1 0
382.726 0.498012 0.164032 3 1 0
383.226 0.49815 0.164013 3 1 0
383.726 0.498288 0.163994 3 1 0
384.226 0.498424 0.163934 3 1 0
384.726 0.498563 0.163916 3 1 0
385.226 0.498701 0.163898 3 1 0
385.726 0.498835 0.163884 3 1 0
386.226 0.498968 0.163865 3 1 0
386.726 0.499101 0.163847 3 1 0
387.226 0.499247 0.163846 3 1 0
387.726 0.499382 0.163829 3 1 0
388.226 0.499516 0.163812 3 1 0
388.726 0.499642 0.163797 3 1 0
389.226 0.499774 0.16378 3 1 0
389.726 0.499906 0.163764 3 1 0
390.226 0.500028 0.163715 3 1 0
390.726 0.500154 0.163699 3 1 0
391.226 0.500279 0.163683 3 1 0
391.726 0.500422 0.163657 3 1 0
392.226 0.500552 0.163641 3 1 0
392.726 0.500683 0.163624 3 1 0
393.226 0.500809 0.16368 3 1 0
393.726 0.500939 0.163663 3 1 0
394.226 0.501068 0.163645 3 1 0
394.726 0.501191 0.163634 3 1 0
395.226 0.501316 0.16362 3 1 0
395.726 0.501441 0.163605 3 1 0
396.226 0.501573 0.163508 3 1 0
396.726 0.501702 0.163492 3 1 0
300 0.468578 0.169058 4 1 0
299.98 0.468564 0.169039 3 1 0
299.95 0.468549 0.169041 3 1 0
299.905 0.46853 0.169077 3 1 0
299.837 0.468498 0.169084 3 1 0
299.736 0.468451 0.169094 3 1 0
299.534 0.468356 0.169109 3 1 0
299.23 0.468215 0.16914 3 1 0
298.774 0.468001 0.169185 3 1 0
298.274 0.467767 0.169228 3 1 0
297.774 0.467531 0.169279 3 1 0
297.274 0.467294 0.169331 3 1 0
296.774 0.467056 0.169397 3 1 0
296.274 0.466817 0.16945 3 1 0
295.774 0.466577 0.169502 3 1 0
295.274 0.466337 0.169563 3 1 0
294.774 0.466095 0.169616 3 1 0
294.274 0.465852 0.16967 3 1 0
293.774 0.465608 0.169736 3 1 0
293.274 0.465364 0.169791 3 1 0
292.774 0.465118 0.169846 3 1 0
292.274 0.464872 0.169859 3 1 0
291.774 0.464625 0.169915 3 1 0
291.274 0.464376 0.169971 3 1 0
290.774 0.464127 0.170043 3 1 0
290.274 0.463876 0.1701 3 1 0
289.774 0.463625 0.170157 3 1 0
289.274 0.463373 0.170229 3 1 0
288.774 0.463119 0.170287 3 1 0
288.274 0.462865 0.170345 3 1 0
287.774 0.462609 0.170388 3 1 0
287.274 0.462353 0.170448 3 1 0
286.774 0.462096 0.170508 3 1 0
286.274 0.461837 0.170561 3 1 0
285.774 0.461578 0.170622 3 1 0
285.274 0.461318 0.170683 3 1 0
284.774 0.461055 0.17076 3 1 0
284.274 0.460793 0.170822 3 1 0
283.774 0.460529 0.170884 3 1 0
283.274 0.460265 0.170925 3 1 0
282.774 0.459999 0.170988 3 1 0
282.274 0.459733 0.171052 3 1 0
281.774 0.459465 0.171143 3 1 0
281.274 0.459196 0.171208 3 1 0
280.774 0.458926 0.171273 3 1 0
280.274 0.458655 0.171317 3 1 0
279.774 0.458383 0.171383 3 1 0
279.274 0.45811 0.17145 3 1 0
278.774 0.457835 0.171518 3 1 0
278.274 0.457559 0.171586 3 1 0
277.774 0.457282 0.171654 3 1 0
277.274 0.457004 0.171732 3 1 0
276.774 0.456725 0.171801 3 1 0
276.274 0.456445 0.171871 3 1 0
275.774 0.456164 0.17193 3 1 0
275.274 0.455881 0.172001 3 1 0
274.774 0.455598 0.172073 3 1 0
274.274 0.455313 0.172144 3 1 0
273.774 0.455027 0.172217 3 1 0
273.274 0.454739 0.17229 3 1 0
272.774 0.454451 0.172395 3 1 0
272.274 0.454161 0.172469 3 1 0
271.774 0.453871 0.172544 3 1 0
271.274 0.453579 0.172592 3 1 0
270.774 0.453285 0.172669 3 1 0
270.274 0.452991 0.172745 3 1 0
269.774 0.452695 0.172836 3 1 0
269.274 0.452398 0.172914 3 1 0
268.774 0.4521 0.172993 3 1 0
268.274 0.451801 0.173062 3 1 0
267.774 0.4515 0.173142 3 1 0
267.274 0.451198 0.173223 3 1 0
266.774 0.450895 0.173338 3 1 0
266.274 0.450591 0.17342 3 1 0
265.774 0.450285 0.173503 3 1 0
265.274 0.449978 0.17359 3 1 0
264.774 0.44967 0.173674 3 1 0
264.274 0.44936 0.173759 3 1 0
263.774 0.449048 0.173802 3 1 0
263.274 0.448736 0.173888 3 1 0
262.774 0.448422 0.173974 3 1 0
262.274 0.448107 0.174073 3 1 0
261.774 0.44779 0.174161 3 1 0
261.274 0.447473 0.17425 3 1 0
260.774 0.447153 0.174328 3 1 0
260.274 0.446832 0.174418 3 1 0
259.774 0.44651 0.174509 3 1 0
259.274 0.446186 0.174602 3 1 0
258.774 0.445861 0.174694 3 1 0
258.274 0.445535 0.174788 3 1 0
257.774 0.445207 0.174904 3 1 0
257.274 0.444877 0.174999 3 1 0
256.774 0.444547 0.175095 3 1 0
256.274 0.444214 0.175171 3 1 0
255.774 0.443881 0.175268 3 1 0
255.274 0.443546 0.175367 3 1 0
254.774 0.443209 0.175465 3 1 0
254.274 0.442871 0.175565 3 1 0
253.774 0.442531 0.175666 3 1 0
253.274 0.44219 0.175763 3 1 0
252.774 0.441848 0.175865 3 1 0
252.274 0.441504 0.175969 3 1 0
251.774 0.441158 0.176073 3 1 0
251.274 0.440811 0.176178 3 1 0
250.774 0.440462 0.176284 3 1 0
250.274 0.440112 0.176406 3 1 0
249.774 0.439759 0.176514 3 1 0
249.274 0.439406 0.176623 3 1 0
248.774 0.43905 0.176722 3 1 0
248.274 0.438693 0.176833 3 1 0
247.774 0.438335 0.176944 3 1 0
247.274 0.437975 0.177087 3 1 0
246.774 0.437613 0.1772 3 1 0
246.274 0.437249 0.177315 3 1 0
245.774 0.436883 0.177398 3 1 0
245.274 0.436516 0.177515 3 1 0
244.774 0.436147 0.177633 3 1 0
244.274 0.435777 0.177752 3 1 0
243.774 0.435405 0.177872 3 1 0
243.274 0.435034 0.177993 3 1 0
242.774 0.434657 0.178149 3 1 0
242.274 0.43428 0.178272 3 1 0
241.774 0.433901 0.178397 3 1 0
241.274 0.433521 0.178486 3 1 0
240.774 0.433139 0.178613 3 1 0
240.274 0.432754 0.178741 3 1 0
239.774 0.432369 0.178911 3 1 0
239.274 0.431981 0.179041 3 1 0
238.774 0.431592 0.179172 3 1 0
238.274 0.431202 0.179298 3 1 0
237.774 0.43081 0.179431 3 1 0
237.274 0.430415 0.179566 3 1 0
236.774 0.430018 0.179676 3 1 0
236.274 0.429619 0.179814 3 1 0
235.774 0.429223 0.179953 3 1 0
235.274 0.428815 0.180092 3 1 0
234.774 0.42841 0.180234 3 1 0
234.274 0.428003 0.180377 3 1 0
233.774 0.427595 0.180542 3 1 0
233.274 0.427184 0.180688 3 1 0
232.774 0.426772 0.180836 3 1 0
232.274 0.426357 0.180967 3 1 0
231.774 0.42594 0.181117 3 1 0
231.274 0.425521 0.181269 3 1 0
230.774 0.4251 0.181433 3 1 0
230.274 0.424677 0.181587 3 1 0
229.774 0.424252 0.181743 3 1 0
229.274 0.423873 0.181938 3 1 0
228.774 0.423453 0.182098 3 1 0
228.274 0.423032 0.18226 3 1 0
227.774 0.422538 0.182433 3 1 0
227.274 0.422113 0.182596 3 1 0
226.774 0.421685 0.182761 3 1 0
226.274 0.421289 0.182881 3 1 0
225.774 0.420856 0.183051 3 1 0
225.274 0.420421 0.183222 3 1 0
224.774 0.420049 0.183385 3 1 0
224.274 0.419608 0.183558 3 1 0
223.774 0.419164 0.183734 3 1 0
223.274 0.418722 0.183897 3 1 0
222.774 0.418274 0.184076 3 1 0
222.274 0.417823 0.184258 3 1 0
221.774 0.417372 0.184446 3 1 0
221.274 0.416916 0.184631 3 1 0
220.774 0.416458 0.184819 3 1 0
220.274 0.416002 0.185025 3 1 0
219.774 0.415538 0.185215 3 1 0
219.274 0.415072 0.185407 3 1 0
218.774 0.41461 0.185624 3 1 0
218.274 0.414138 0.185823 3 1 0
217.774 0.413664 0.186023 3 1 0
217.274 0.413192 0.186179 3 1 0
216.774 0.412712 0.186383 3 1 0
216.274 0.41223 0.186588 3 1 0
215.774 0.411729 0.186873 3 1 0
215.274 0.411242 0.187082 3 1 0
214.774 0.410752 0.187294 3 1 0
214.274 0.410254 0.187447 3 1 0
213.774 0.409759 0.187665 3 1 0
213.274 0.409261 0.187885 3 1 0
212.774 0.408764 0.188112 3 1 0
212.274 0.40826 0.188336 3 1 0
211.774 0.407753 0.188563 3 1 0
211.274 0.407243 0.188777 3 1 0
210.774 0.40673 0.18901 3 1 0
210.274 0.406213 0.189245 3 1 0
209.774 0.405692 0.189512 3 1 0
209.274 0.40517 0.189753 3 1 0
208.774 0.404644 0.189998 3 1 0
208.274 0.404112 0.190216 3 1 0
207.774 0.40358 0.190466 3 1 0
207.274 0.403045 0.190718 3 1 0
206.774 0.402503 0.190977 3 1 0
206.274 0.401962 0.191236 3 1 0
205.774 0.401417 0.191498 3 1 0
205.274 0.400861 0.191758 3 1 0
204.774 0.40031 0.192026 3 1 0
204.274 0.399755 0.192298 3 1 0
203.774 0.399197 0.192567 3 1 0
203.274 0.398635 0.192845 3 1 0
203.274 0.398635 0.192845 4 1 0
203.254 0.398612 0.192857 3 1 0
203.214 0.398567 0.192879 3 1 0
203.134 0.39848 0.192928 3 1 0
202.974 0.398299 0.193018 3 1 0
202.654 0.397935 0.1932 3 1 0
202.154 0.397365 0.193502 3 1 0
201.654 0.396789 0.193793 3 1 0
201.154 0.39621 0.194087 3 1 0
200.654 0.395626 0.194454 3 1 0
200.154 0.395038 0.194757 3 1 0
199.654 0.394447 0.195064 3 1 0
199.154 0.39385 0.195377 3 1 0
198.654 0.393251 0.195692 3 1 0
198.154 0.392647 0.196012 3 1 0
197.654 0.392037 0.196271 3 1 0
197.154 0.391424 0.196598 3 1 0
196.654 0.390807 0.19693 3 1 0
196.154 0.390183 0.197274 3 1 0
195.654 0.389556 0.197616 3 1 0
195.154 0.388925 0.197961 3 1 0
194.654 0.388288 0.198306 3 1 0
194.154 0.387647 0.198661 3 1 0
193.654 0.387001 0.199022 3 1 0
193.154 0.386348 0.199381 3 1 0
192.654 0.385693 0.199752 3 1 0
192.154 0.385032 0.200129 3 1 0
191.654 0.384362 0.200525 3 1 0
191.154 0.38369 0.200914 3 1 0
190.654 0.383013 0.201308 3 1 0
190.154 0.382325 0.201694 3 1 0
189.654 0.381643 0.202097 3 1 0
189.155 0.380963 0.202506 3 1 0
188.655 0.380282 0.202924 3 1 0
188.155 0.37959 0.203346 3 1 0
187.655 0.378892 0.203776 3 1 0
187.155 0.378185 0.204179 3 1 0
186.655 0.377474 0.204625 3 1 0
186.155 0.376756 0.205079 3 1 0
185.655 0.376027 0.205514 3 1 0
185.155 0.375295 0.205983 3 1 0
184.655 0.374556 0.206459 3 1 0
184.155 0.373811 0.206951 3 1 0
183.655 0.373056 0.207444 3 1 0
183.155 0.372294 0.207947 3 1 0
182.655 0.371525 0.208503 3 1 0
182.155 0.370745 0.209026 3 1 0
181.655 0.369957 0.209559 3 1 0
181.155 0.369161 0.210051 3 1 0
180.655 0.368354 0.210604 3 1 0
180.155 0.367537 0.211168 3 1 0
179.655 0.366709 0.211755 3 1 0
179.155 0.365872 0.212342 3 1 0
178.655 0.365023 0.212941 3 1 0
178.155 0.364163 0.21354 3 1 0
177.655 0.363292 0.214165 3 1 0
177.155 0.362409 0.214804 3 1 0
176.655 0.361514 0.215458 3 1 0
176.155 0.360606 0.216127 3 1 0
175.655 0.359684 0.216812 3 1 0
175.155 0.358763 0.217561 3 1 0
174.655 0.357813 0.21828 3 1 0
174.155 0.356849 0.219016 3 1 0
173.655 0.355867 0.219727 3 1 0
173.155 0.354869 0.220503 3 1 0
172.655 0.353854 0.221299 3 1 0
172.155 0.352839 0.222149 3 1 0
171.655 0.351786 0.22299 3 1 0
171.155 0.350712 0.223856 3 1 0
170.655 0.349603 0.224769 3 1 0
170.155 0.348484 0.225688 3 1 0
169.655 0.347356 0.226635 3 1 0
169.155 0.346216 0.227598 3 1 0
168.655 0.34503 0.22861 3 1 0
168.155 0.343813 0.229657 3 1 0
167.655 0.342559 0.230711 3 1 0
167.155 0.341273 0.231838 3 1 0
166.655 0.339948 0.23301 3 1 0
166.155 0.338582 0.234266 3 1 0
165.655 0.337167 0.235535 3 1 0
165.155 0.335702 0.236859 3 1 0
164.655 0.334182 0.238221 3 1 0
164.155 0.3326 0.239678 3 1 0
163.655 0.330949 0.241211 3 1 0
163.155 0.329222 0.242837 3 1 0
162.655 0.327405 0.24455 3 1 0
162.155 0.325488 0.246372 3 1 0
161.655 0.323459 0.248295 3 1 0
161.155 0.321286 0.250388 3 1 0
160.655 0.318946 0.252658 3 1 0
160.155 0.316403 0.255186 3 1 0
159.655 0.31359 0.257942 3 1 0
159.156 0.310416 0.261067 3 1 0
158.656 0.306729 0.264709 3 1 0
158.156 0.302153 0.269268 3 1 0
157.656 0.295533 0.275885 3 1 0
157.157 0.285714 0.285714 3 1 0
157.157 0.285714 0.285714 3 1 0
180.655 0.368354 0.210604 4 1 0
180.635 0.368321 0.210626 3 1 0
180.615 0.368289 0.210648 3 1 0
180.595 0.368257 0.210686 3 1 0
180.575 0.368224 0.210709 3 1 0
180.555 0.368192 0.210731 3 1 0
180.535 0.368159 0.210735 3 1 0
180.515 0.368127 0.210758 3 1 0
180.495 0.368094 0.21078 3 1 0
180.475 0.368061 0.210856 3 1 0
180.455 0.368028 0.210878 3 1 0
180.435 0.367996 0.210901 3 1 0
180.415 0.367963 0.210871 3 1 0
180.395 0.367931 0.210894 3 1 0
180.375 0.367898 0.210916 3 1 0
180.355 0.367865 0.210965 3 1 0
180.335 0.367832 0.210988 3 1 0
180.315 0.3678 0.211011 3 1 0
180.295 0.367767 0.211006 3 1 0
180.275 0.367734 0.211029 3 1 0
180.255 0.367701 0.211051 3 1 0
180.235 0.367668 0.211107 3 1 0
180.215 0.367636 0.21113 3 1 0
180.195 0.367603 0.211152 3 1 0
180.175 0.36757 0.211169 3 1 0
180.155 0.367537 0.211192 3 1 0
180.135 0.367504 0.211215 3 1 0
180.115 0.367471 0.211233 3 1 0
180.095 0.367438 0.211256 3 1 0
180.075 0.367405 0.211279 3 1 0
180.055 0.367372 0.211286 3 1 0
180.035 0.36734 0.211309 3 1 0
180.015 0.367307 0.211332 3 1 0
179.995 0.367274 0.211348 3 1 0
179.975 0.367241 0.21137 3 1 0
179.955 0.367208 0.211393 3 1 0
179.935 0.367174 0.211417 3 1 0
179.915 0.367141 0.21144 3 1 0
179.895 0.367108 0.211463 3 1 0
179.875 0.367075 0.211486 3 1 0
179.855 0.367042 0.211509 3 1 0
179.835 0.367009 0.211533 3 1 0
179.815 0.366976 0.211555 3 1 0
179.795 0.366943 0.211578 3 1 0
179.775 0.366909 0.211602 3 1 0
179.755 0.366876 0.21163 3 1 0
179.735 0.366843 0.211653 3 1 0
179.715 0.366809 0.211676 3 1 0
179.695 0.366776 0.211694 3 1 0
179.675 0.366743 0.211717 3 1 0
179.655 0.36671 0.21174 3 1 0
179.635 0.366677 0.211763 3 1 0
179.615 0.366644 0.211786 3 1 0
179.595 0.36661 0.21181 3 1 0
179.575 0.366576 0.211835 3 1 0
179.555 0.366543 0.211859 3 1 0
179.535 0.36651 0.211882 3 1 0
179.515 0.366476 0.211903 3 1 0
179.495 0.366443 0.211926 3 1 0
179.475 0.366409 0.21195 3 1 0
179.455 0.366377 0.211973 3 1 0
179.435 0.366343 0.211997 3 1 0
179.415 0.36631 0.21202 3 1 0
179.395 0.366276 0.212044 3 1 0
179.375 0.366242 0.212067 3 1 0
179.355 0.366209 0.212091 3 1 0
179.335 0.366174 0.212116 3 1 0
179.315 0.36614 0.21214 3 1 0
179.295 0.366107 0.212163 3 1 0
179.275 0.366073 0.212185 3 1 0
179.255 0.36604 0.212209 3 1 0
179.235 0.366006 0.212232 3 1 0
179.215 0.365975 0.212256 3 1 0
179.195 0.365941 0.21228 3 1 0
179.175 0.365907 0.212304 3 1 0
179.155 0.365873 0.212332 3 1 0
179.135 0.365839 0.212356 3 1 0
179.115 0.365806 0.21238 3 1 0
179.095 0.365771 0.212401 3 1 0
179.075 0.365738 0.212425 3 1 0
179.055 0.365704 0.212449 3 1 0
179.035 0.36567 0.212472 3 1 0
179.015 0.365636 0.212496 3 1 0
178.995 0.365602 0.21252 3 1 0
178.975 0.365569 0.212545 3 1 0
178.955 0.365535 0.212569 3 1 0
178.935 0.365501 0.212593 3 1 0
178.915 0.365467 0.212618 3 1 0
178.895 0.365433 0.212642 3 1 0
178.875 0.365399 0.212666 3 1 0
178.855 0.365365 0.212689 3 1 0
178.835 0.365331 0.212713 3 1 0
178.815 0.365297 0.212737 3 1 0
178.795 0.365263 0.212762 3 1 0
178.775 0.365229 0.212787 3 1 0
178.755 0.365195 0.212811 3 1 0
178.735 0.365161 0.212836 3 1 0
178.715 0.365127 0.21286 3 1 0
178.695 0.365093 0.212885 3 1 0
178.675 0.365059 0.212907 3 1 0
178.655 0.365025 0.212931 3 1 0
178.635 0.364991 0.212955 3 1 0
178.615 0.364956 0.212982 3 1 0
178.595 0.364922 0.213006 3 1 0
178.575 0.364888 0.213031 3 1 0
178.555 0.364854 0.213056 3 1 0
178.535 0.364819 0.213081 3 1 0
178.515 0.364785 0.213105 3 1 0
178.495 0.364751 0.213124 3 1 0
178.475 0.364716 0.213149 3 1 0
178.455 0.364682 0.213173 3 1 0
178.435 0.364648 0.2132 3 1 0
178.415 0.364613 0.213224 3 1 0
178.395 0.364579 0.213249 3 1 0
178.375 0.364545 0.213288 3 1 0
178.355 0.36451 0.213312 3 1 0
178.335 0.364476 0.213337 3 1 0
178.315 0.364442 0.213347 3 1 0
178.295 0.364408 0.213372 3 1 0
178.275 0.364373 0.213396 3 1 0
178.255 0.364338 0.213419 3 1 0
178.235 0.364304 0.213444 3 1 0
178.215 0.364269 0.213468 3 1 0
178.195 0.364234 0.213495 3 1 0
178.175 0.3642 0.21352 3 1 0
178.155 0.364165 0.213545 3 1 0
178.135 0.36413 0.213572 3 1 0
178.115 0.364096 0.213597 3 1 0
178.095 0.364061 0.213622 3 1 0
178.075 0.364026 0.213652 3 1 0
178.055 0.363991 0.213677 3 1 0
178.035 0.363957 0.213701 3 1 0
178.015 0.363923 0.213719 3 1 0
177.995 0.363888 0.213744 3 1 0
177.975 0.363853 0.213769 3 1 0
177.955 0.363818 0.213788 3 1 0
177.935 0.363783 0.213813 3 1 0
177.915 0.363748 0.213838 3 1 0
177.895 0.363713 0.213864 3 1 0
177.875 0.363678 0.213889 3 1 0
177.855 0.363643 0.213914 3 1 0
177.835 0.363609 0.213938 3 1 0
177.815 0.363574 0.213963 3 1 0
177.795 0.36354 0.213988 3 1 0
177.775 0.363504 0.214019 3 1 0
177.755 0.363469 0.214044 3 1 0
177.735 0.363434 0.214069 3 1 0
177.715 0.363399 0.214091 3 1 0
177.695 0.363364 0.214116 3 1 0
177.675 0.363329 0.214141 3 1 0
177.655 0.363293 0.214199 3 1 0
177.635 0.363258 0.214224 3 1 0
177.615 0.363222 0.21425 3 1 0
177.595 0.363193 0.21425 3 1 0
177.575 0.363158 0.214276 3 1 0
177.555 0.363123 0.214301 3 1 0
177.535 0.363084 0.21435 3 1 0
177.515 0.363049 0.214375 3 1 0
177.495 0.363014 0.214401 3 1 0
177.475 0.362979 0.214398 3 1 0
177.455 0.362943 0.214424 3 1 0
177.435 0.362908 0.214449 3 1 0
177.415 0.362873 0.214487 3 1 0
177.395 0.362837 0.214513 3 1 0
177.375 0.362802 0.214539 3 1 0
177.355 0.362767 0.21457 3 1 0
177.335 0.362731 0.214596 3 1 0
177.315 0.362696 0.214621 3 1 0
177.295 0.362659 0.214675 3 1 0
177.275 0.362624 0.2147 3 1 0
177.255 0.362588 0.214726 3 1 0
177.235 0.362554 0.214739 3 1 0
177.215 0.362519 0.214765 3 1 0
177.195 0.362483 0.21479 3 1 0
177.175 0.362448 0.214778 3 1 0
177.155 0.362413 0.214804 3 1 0
177.135 0.362377 0.21483 3 1 0
177.115 0.362341 0.214879 3 1 0
177.095 0.362305 0.214905 3 1 0
177.075 0.362269 0.214931 3 1 0
177.055 0.362232 0.214961 3 1 0
177.035 0.362196 0.214987 3 1 0
177.015 0.362161 0.215013 3 1 0
176.995 0.362128 0.215012 3 1 0
176.975 0.362092 0.215038 3 1 0
176.955 0.362056 0.215064 3 1 0
176.935 0.362016 0.21511 3 1 0
176.915 0.361981 0.215136 3 1 0
176.895 0.361945 0.215162 3 1 0
176.875 0.361917 0.215192 3 1 0
176.855 0.361881 0.215218 3 1 0
176.835 0.361846 0.215244 3 1 0
176.815 0.361806 0.215247 3 1 0
176.795 0.36177 0.215273 3 1 0
176.775 0.361734 0.215299 3 1 0
176.755 0.361698 0.215336 3 1 0
176.735 0.361662 0.215362 3 1 0
176.715 0.361626 0.215389 3 1 0
176.695 0.36159 0.21543 3 1 0
176.675 0.361554 0.215456 3 1 0
176.675 0.361554 0.215456 4 1 0
176.655 0.361518 0.215482 3 1 0
176.635 0.361482 0.215509 3 1 0
176.615 0.361444 0.215561 3 1 0
176.595 0.361408 0.215587 3 1 0
176.575 0.361372 0.215614 3 1 0
176.555 0.361333 0.21559 3 1 0
176.535 0.361297 0.215617 3 1 0
176.515 0.36126 0.215643 3 1 0
176.495 0.361226 0.215695 3 1 0
176.475 0.361189 0.215722 3 1 0
176.455 0.361153 0.215749 3 1 0
176.435 0.361121 0.215756 3 1 0
176.415 0.361085 0.215783 3 1 0
176.395 0.361049 0.21581 3 1 0
176.375 0.361006 0.215863 3 1 0
176.355 0.36097 0.21589 3 1 0
176.335 0.360934 0.215917 3 1 0
176.315 0.360905 0.21593 3 1 0
176.295 0.360869 0.215957 3 1 0
176.275 0.360832 0.215983 3 1 0
176.255 0.360792 0.21602 3 1 0
176.235 0.360755 0.216047 3 1 0
176.215 0.360719 0.216074 3 1 0
176.195 0.360678 0.216097 3 1 0
176.175 0.360642 0.216124 3 1 0
176.155 0.360605 0.216151 3 1 0
176.135 0.360579 0.216189 3 1 0
176.115 0.360542 0.216216 3 1 0
176.095 0.360505 0.216243 3 1 0
176.075 0.360467 0.216236 3 1 0
176.055 0.36043 0.216263 3 1 0
176.035 0.360393 0.21629 3 1 0
176.015 0.360352 0.216346 3 1 0
175.995 0.360315 0.216374 3 1 0
175.975 0.360278 0.216401 3 1 0
175.955 0.36025 0.21641 3 1 0
175.935 0.360213 0.216437 3 1 0
175.915 0.360177 0.216464 3 1 0
175.895 0.360132 0.216487 3 1 0
175.875 0.360095 0.216515 3 1 0
175.855 0.360058 0.216542 3 1 0
175.835 0.36002 0.21657 3 1 0
175.815 0.359983 0.216598 3 1 0
175.795 0.359946 0.216625 3 1 0
175.775 0.359912 0.216667 3 1 0
175.755 0.359875 0.216695 3 1 0
175.735 0.359838 0.216723 3 1 0
175.715 0.359807 0.216732 3 1 0
175.695 0.35977 0.216759 3 1 0
175.675 0.359733 0.216787 3 1 0
175.655 0.359688 0.216848 3 1 0
175.635 0.359651 0.216876 3 1 0
175.615 0.359614 0.216904 3 1 0
175.595 0.359578 0.216895 3 1 0
175.575 0.35954 0.216923 3 1 0
175.555 0.359503 0.21695 3 1 0
175.535 0.359462 0.217005 3 1 0
175.515 0.359424 0.217033 3 1 0
175.495 0.359387 0.217061 3 1 0
175.475 0.359363 0.21711 3 1 0
175.455 0.359326 0.217138 3 1 0
175.435 0.359288 0.217166 3 1 0
175.415 0.359246 0.217175 3 1 0
175.395 0.359209 0.217203 3 1 0
175.375 0.359171 0.217231 3 1 0
175.355 0.359129 0.217248 3 1 0
175.335 0.359092 0.217277 3 1 0
175.315 0.359054 0.217305 3 1 0
175.295 0.359026 0.217337 3 1 0
175.275 0.358988 0.217366 3 1 0
175.255 0.358951 0.217394 3 1 0
175.235 0.358909 0.21742 3 1 0
175.215 0.358871 0.217448 3 1 0
175.195 0.358833 0.217476 3 1 0
175.175 0.35879 0.217497 3 1 0
175.155 0.358752 0.217525 3 1 0
175.135 0.358714 0.217553 3 1 0
175.115 0.358684 0.217616 3 1 0
175.095 0.358647 0.217645 3 1 0
175.075 0.358609 0.217673 3 1 0
175.055 0.358573 0.217658 3 1 0
175.035 0.358535 0.217687 3 1 0
175.015 0.358497 0.217715 3 1 0
174.995 0.358454 0.217785 3 1 0
174.975 0.358416 0.217814 3 1 0
174.955 0.358378 0.217843 3 1 0
174.935 0.358338 0.217841 3 1 0
174.915 0.358301 0.21787 3 1 0
174.895 0.358263 0.217898 3 1 0
174.875 0.358234 0.217929 3 1 0
174.855 0.358196 0.217958 3 1 0
174.835 0.358158 0.217987 3 1 0
174.815 0.358116 0.218049 3 1 0
174.795 0.358078 0.218078 3 1 0
174.775 0.35804 0.218107 3 1 0
174.755 0.357998 0.218088 3 1 0
174.735 0.35796 0.218117 3 1 0
174.715 0.357922 0.218146 3 1 0
174.695 0.357897 0.21818 3 1 0
174.675 0.357858 0.218209 3 1 0
174.655 0.35782 0.218238 3 1 0
174.635 0.357771 0.218306 3 1 0
174.615 0.357733 0.218335 3 1 0
174.595 0.357694 0.218364 3 1 0
174.575 0.357661 0.218349 3 1 0
174.555 0.357622 0.218378 3 1 0
174.535 0.357584 0.218408 3 1 0
174.515 0.357545 0.218472 3 1 0
174.495 0.357506 0.218501 3 1 0
174.475 0.357468 0.218531 3 1 0
174.455 0.35743 0.218553 3 1 0
174.435 0.357391 0.218582 3 1 0
174.415 0.357353 0.218611 3 1 0
174.395 0.357315 0.218628 3 1 0
174.375 0.357276 0.218658 3 1 0
174.355 0.357238 0.218687 3 1 0
174.335 0.357201 0.218741 3 1 0
174.315 0.357162 0.218771 3 1 0
174.295 0.357123 0.2188 3 1 0
174.275 0.357083 0.218798 3 1 0
174.255 0.357045 0.218828 3 1 0
174.235 0.357006 0.218858 3 1 0
174.215 0.356967 0.2189 3 1 0
174.195 0.356929 0.21893 3 1 0
174.175 0.35689 0.21896 3 1 0
174.155 0.356853 0.219023 3 1 0
174.135 0.356815 0.219053 3 1 0
174.115 0.356776 0.219083 3 1 0
174.095 0.356736 0.21907 3 1 0
174.075 0.356697 0.2191 3 1 0
174.055 0.356658 0.21913 3 1 0
174.035 0.356619 0.219178 3 1 0
174.015 0.35658 0.219208 3 1 0
173.995 0.356541 0.219238 3 1 0
173.975 0.356503 0.219268 3 1 0
173.955 0.356463 0.219298 3 1 0
173.935 0.356424 0.219328 3 1 0
173.915 0.356384 0.219333 3 1 0
173.895 0.356344 0.219363 3 1 0
173.875 0.356305 0.219394 3 1 0
173.855 0.356266 0.219461 3 1 0
173.835 0.356227 0.219491 3 1 0
173.815 0.356187 0.219521 3 1 0
173.795 0.356149 0.219575 3 1 0
173.775 0.35611 0.219605 3 1 0
173.755 0.356071 0.219635 3 1 0
173.735 0.356029 0.219615 3 1 0
173.715 0.35599 0.219646 3 1 0
173.695 0.35595 0.219676 3 1 0
173.675 0.355916 0.219763 3 1 0
173.655 0.355876 0.219793 3 1 0
173.635 0.355836 0.219824 3 1 0
173.615 0.355795 0.219785 3 1 0
173.595 0.355755 0.219815 3 1 0
173.575 0.355715 0.219846 3 1 0
173.555 0.355676 0.219888 3 1 0
173.535 0.355637 0.219919 3 1 0
173.515 0.355597 0.21995 3 1 0
173.495 0.355568 0.219973 3 1 0
173.475 0.355529 0.220004 3 1 0
173.455 0.355489 0.220034 3 1 0
173.435 0.35545 0.220112 3 1 0
173.415 0.355411 0.220143 3 1 0
173.395 0.355371 0.220174 3 1 0
173.375 0.355327 0.220182 3 1 0
173.355 0.355287 0.220213 3 1 0
173.335 0.355247 0.220244 3 1 0
173.315 0.355202 0.220258 3 1 0
173.295 0.355162 0.22029 3 1 0
173.275 0.355122 0.220321 3 1 0
173.255 0.355074 0.220342 3 1 0
173.235 0.355033 0.220373 3 1 0
173.215 0.354993 0.220405 3 1 0
173.195 0.354953 0.220475 3 1 0
173.175 0.354913 0.220507 3 1 0
173.155 0.354873 0.220538 3 1 0
173.135 0.354833 0.22062 3 1 0
173.115 0.354793 0.220651 3 1 0
173.095 0.354752 0.220683 3 1 0
173.075 0.354712 0.220677 3 1 0
173.055 0.354672 0.220709 3 1 0
173.035 0.354631 0.22074 3 1 0
173.015 0.354593 0.22079 3 1 0
172.995 0.354552 0.220822 3 1 0
172.975 0.354512 0.220853 3 1 0
172.955 0.354469 0.220871 3 1 0
172.935 0.354429 0.220902 3 1 0
172.915 0.354388 0.220934 3 1 0
172.895 0.354346 0.220964 3 1 0
172.875 0.354305 0.220996 3 1 0
172.855 0.354264 0.221028 3 1 0
172.835 0.354223 0.221056 3 1 0
172.815 0.354182 0.221088 3 1 0
172.795 0.354141 0.22112 3 1 0
172.775 0.354096 0.221105 3 1 0
172.755 0.354055 0.221138 3 1 0
172.735 0.354014 0.22117 3 1 0
172.715 0.353986 0.221224 3 1 0
172.695 0.353945 0.221256 3 1 0
172.695 0.353945 0.221256 4 1 0
172.675 0.353904 0.221288 3 1 0
172.655 0.353863 0.22132 3 1 0
172.635 0.353818 0.221369 3 1 0
172.615 0.353776 0.221402 3 1 0
172.595 0.353735 0.221434 3 1 0
172.575 0.353689 0.221476 3 1 0
172.555 0.353648 0.221508 3 1 0
172.535 0.353607 0.22154 3 1 0
172.515 0.353566 0.221575 3 1 0
172.495 0.353525 0.221608 3 1 0
172.475 0.353484 0.221641 3 1 0
172.455 0.353443 0.221644 3 1 0
172.435 0.353402 0.221677 3 1 0
172.415 0.353361 0.221709 3 1 0
172.395 0.353315 0.221741 3 1 0
172.375 0.353274 0.221774 3 1 0
172.355 0.353232 0.221807 3 1 0
172.335 0.353194 0.221848 3 1 0
172.315 0.353153 0.221881 3 1 0
172.295 0.353111 0.221913 3 1 0
172.275 0.353073 0.221927 3 1 0
172.255 0.353031 0.22196 3 1 0
172.235 0.35299 0.221993 3 1 0
172.215 0.352945 0.222087 3 1 0
172.195 0.352903 0.22212 3 1 0
172.175 0.352861 0.222153 3 1 0
172.155 0.35282 0.222156 3 1 0
172.135 0.352778 0.222189 3 1 0
172.115 0.352736 0.222222 3 1 0
172.095 0.352687 0.222232 3 1 0
172.075 0.352645 0.222266 3 1 0
172.055 0.352603 0.222299 3 1 0
172.035 0.352575 0.222392 3 1 0
172.015 0.352533 0.222425 3 1 0
171.995 0.352491 0.222459 3 1 0
171.975 0.352441 0.222456 3 1 0
171.955 0.352399 0.22249 3 1 0
171.935 0.352357 0.222523 3 1 0
171.915 0.352308 0.222601 3 1 0
171.895 0.352265 0.222635 3 1 0
171.875 0.352223 0.222668 3 1 0
171.855 0.35219 0.222652 3 1 0
171.835 0.352148 0.222686 3 1 0
171.815 0.352105 0.22272 3 1 0
171.795 0.352057 0.22279 3 1 0
171.775 0.352014 0.222824 3 1 0
171.755 0.351972 0.222858 3 1 0
171.735 0.351932 0.222856 3 1 0
171.715 0.35189 0.22289 3 1 0
171.695 0.351847 0.222924 3 1 0
171.675 0.351813 0.223027 3 1 0
171.655 0.351771 0.223061 3 1 0
171.635 0.351729 0.223095 3 1 0
171.615 0.351695 0.22306 3 1 0
171.595 0.351652 0.223095 3 1 0
171.575 0.351609 0.223129 3 1 0
171.555 0.351549 0.223193 3 1 0
171.535 0.351506 0.223228 3 1 0
171.515 0.351463 0.223262 3 1 0
171.495 0.351424 0.2233 3 1 0
171.475 0.351381 0.223334 3 1 0
171.455 0.351338 0.223369 3 1 0
171.435 0.351288 0.223415 3 1 0
171.415 0.351246 0.22345 3 1 0
171.395 0.351203 0.223485 3 1 0
171.375 0.351163 0.223524 3 1 0
171.355 0.35112 0.223559 3 1 0
171.335 0.351077 0.223594 3 1 0
171.315 0.351034 0.223582 3 1 0
171.295 0.350992 0.223617 3 1 0
171.275 0.350949 0.223652 3 1 0
171.255 0.350916 0.223717 3 1 0
171.235 0.350873 0.223752 3 1 0
171.215 0.350831 0.223787 3 1 0
171.195 0.350785 0.22379 3 1 0
171.175 0.350742 0.223826 3 1 0
171.155 0.350698 0.223861 3 1 0
171.135 0.350646 0.223909 3 1 0
171.115 0.350603 0.223945 3 1 0
171.095 0.35056 0.22398 3 1 0
171.075 0.350527 0.223966 3 1 0
171.055 0.350484 0.224001 3 1 0
171.035 0.350441 0.224036 3 1 0
171.015 0.350391 0.224077 3 1 0
170.995 0.350347 0.224112 3 1 0
170.975 0.350303 0.224148 3 1 0
170.955 0.350264 0.22421 3 1 0
170.935 0.350221 0.224246 3 1 0
170.915 0.350178 0.224282 3 1 0
170.895 0.350126 0.224307 3 1 0
170.875 0.350082 0.224343 3 1 0
170.855 0.350038 0.224379 3 1 0
170.835 0.350001 0.224465 3 1 0
170.815 0.349958 0.224501 3 1 0
170.795 0.349914 0.224537 3 1 0
170.775 0.34987 0.224558 3 1 0
170.755 0.349827 0.224594 3 1 0
170.735 0.349783 0.22463 3 1 0
170.715 0.349741 0.224665 3 1 0
170.695 0.349698 0.224701 3 1 0
170.675 0.349654 0.224737 3 1 0
170.655 0.349618 0.224783 3 1 0
170.635 0.349574 0.224819 3 1 0
170.615 0.34953 0.224856 3 1 0
170.595 0.34947 0.224882 3 1 0
170.575 0.349427 0.224918 3 1 0
170.555 0.349383 0.224954 3 1 0
170.535 0.349345 0.225013 3 1 0
170.515 0.349301 0.225049 3 1 0
170.495 0.349257 0.225086 3 1 0
170.475 0.349218 0.22512 3 1 0
170.455 0.349174 0.225157 3 1 0
170.435 0.349129 0.225193 3 1 0
170.415 0.349084 0.225221 3 1 0
170.395 0.34904 0.225258 3 1 0
170.375 0.348996 0.225295 3 1 0
170.355 0.348955 0.22532 3 1 0
170.335 0.34891 0.225357 3 1 0
170.315 0.348866 0.225394 3 1 0
170.295 0.348818 0.225438 3 1 0
170.275 0.348773 0.225475 3 1 0
170.255 0.348729 0.225513 3 1 0
170.235 0.348684 0.225542 3 1 0
170.215 0.348639 0.22558 3 1 0
170.195 0.348595 0.225617 3 1 0
170.175 0.348565 0.225613 3 1 0
170.155 0.348521 0.22565 3 1 0
170.135 0.348476 0.225688 3 1 0
170.115 0.348408 0.225737 3 1 0
170.095 0.348363 0.225774 3 1 0
170.075 0.348318 0.225812 3 1 0
170.055 0.348272 0.225826 3 1 0
170.035 0.348228 0.225863 3 1 0
170.015 0.348183 0.225901 3 1 0
169.995 0.348154 0.22594 3 1 0
169.975 0.348109 0.225978 3 1 0
169.955 0.348064 0.226015 3 1 0
169.935 0.348003 0.226046 3 1 0
169.915 0.347958 0.226084 3 1 0
169.895 0.347913 0.226122 3 1 0
169.875 0.347875 0.226176 3 1 0
169.855 0.34783 0.226215 3 1 0
169.835 0.347784 0.226253 3 1 0
169.815 0.347745 0.226276 3 1 0
169.795 0.347699 0.226314 3 1 0
169.775 0.347654 0.226353 3 1 0
169.755 0.347597 0.226428 3 1 0
169.735 0.347551 0.226466 3 1 0
169.715 0.347506 0.226505 3 1 0
169.695 0.347474 0.226511 3 1 0
169.675 0.347428 0.226549 3 1 0
169.655 0.347382 0.226588 3 1 0
169.635 0.34732 0.226621 3 1 0
169.615 0.347274 0.226659 3 1 0
169.595 0.347229 0.226698 3 1 0
169.575 0.347188 0.226765 3 1 0
169.555 0.347142 0.226803 3 1 0
169.535 0.347096 0.226842 3 1 0
169.515 0.347059 0.226853 3 1 0
169.495 0.347013 0.226891 3 1 0
169.475 0.346967 0.22693 3 1 0
169.455 0.346904 0.226981 3 1 0
169.435 0.346858 0.22702 3 1 0
169.415 0.346812 0.227059 3 1 0
169.395 0.346784 0.227104 3 1 0
169.375 0.346737 0.227144 3 1 0
169.355 0.346691 0.227183 3 1 0
169.335 0.346628 0.227205 3 1 0
169.315 0.346581 0.227244 3 1 0
169.295 0.346535 0.227284 3 1 0
169.275 0.346498 0.227325 3 1 0
169.255 0.346451 0.227364 3 1 0
169.235 0.346405 0.227404 3 1 0
169.215 0.346357 0.227442 3 1 0
169.195 0.346311 0.227482 3 1 0
169.175 0.346264 0.227522 3 1 0
169.155 0.346214 0.227609 3 1 0
169.135 0.346167 0.227649 3 1 0
169.115 0.34612 0.227689 3 1 0
169.095 0.346085 0.227695 3 1 0
169.075 0.346038 0.227735 3 1 0
169.055 0.34599 0.227776 3 1 0
169.035 0.345923 0.227804 3 1 0
169.015 0.345876 0.227844 3 1 0
168.995 0.345829 0.227885 3 1 0
168.975 0.345792 0.227923 3 1 0
168.955 0.345744 0.227963 3 1 0
168.935 0.345697 0.228004 3 1 0
168.915 0.34565 0.228048 3 1 0
168.895 0.345603 0.228089 3 1 0
168.875 0.345555 0.228129 3 1 0
168.855 0.345506 0.228189 3 1 0
168.835 0.345459 0.22823 3 1 0
168.815 0.345411 0.22827 3 1 0
168.795 0.345367 0.22829 3 1 0
168.775 0.345319 0.228331 3 1 0
168.755 0.345271 0.228372 3 1 0
168.735 0.345218 0.228446 3 1 0
168.715 0.345171 0.228487 3 1 0
168.715 0.345171 0.228487 4 1 0
168.695 0.345123 0.228528 3 1 0
168.675 0.345075 0.22857 3 1 0
168.655 0.345034 0.22858 3 1 0
168.635 0.344986 0.228621 3 1 0
168.615 0.344938 0.228662 3 1 0
168.595 0.344879 0.228709 3 1 0
168.575 0.344831 0.22875 3 1 0
168.555 0.344782 0.228792 3 1 0
168.535 0.34474 0.228832 3 1 0
168.515 0.344692 0.228874 3 1 0
168.495 0.344644 0.228916 3 1 0
168.475 0.344593 0.228958 3 1 0
168.455 0.344545 0.229 3 1 0
168.435 0.344496 0.229042 3 1 0
168.415 0.344448 0.229087 3 1 0
168.395 0.3444 0.229129 3 1 0
168.375 0.344351 0.229171 3 1 0
168.355 0.344302 0.229205 3 1 0
168.335 0.344253 0.229247 3 1 0
168.315 0.344205 0.22929 3 1 0
168.295 0.344154 0.229338 3 1 0
168.275 0.344105 0.22938 3 1 0
168.255 0.344056 0.229423 3 1 0
168.235 0.344008 0.229459 3 1 0
168.215 0.343959 0.229501 3 1 0
168.195 0.34391 0.229544 3 1 0
168.175 0.343859 0.229589 3 1 0
168.155 0.34381 0.229632 3 1 0
168.135 0.343761 0.229674 3 1 0
168.115 0.343712 0.229716 3 1 0
168.095 0.343663 0.229759 3 1 0
168.075 0.343613 0.229802 3 1 0
168.055 0.343563 0.229843 3 1 0
168.035 0.343513 0.229886 3 1 0
168.015 0.343464 0.229929 3 1 0
167.995 0.343414 0.229974 3 1 0
167.975 0.343364 0.230017 3 1 0
167.955 0.343314 0.23006 3 1 0
167.935 0.343265 0.230101 3 1 0
167.915 0.343215 0.230144 3 1 0
167.895 0.343165 0.230188 3 1 0
167.875 0.343114 0.230232 3 1 0
167.855 0.343064 0.230276 3 1 0
167.835 0.343014 0.23032 3 1 0
167.815 0.342964 0.230362 3 1 0
167.795 0.342914 0.230406 3 1 0
167.775 0.342863 0.23045 3 1 0
167.755 0.342812 0.230493 3 1 0
167.735 0.342762 0.230537 3 1 0
167.715 0.342711 0.230581 3 1 0
167.695 0.342661 0.230625 3 1 0
167.675 0.34261 0.23067 3 1 0
167.655 0.34256 0.230714 3 1 0
167.635 0.342509 0.230757 3 1 0
167.615 0.342458 0.230801 3 1 0
167.595 0.342407 0.230846 3 1 0
167.575 0.342356 0.230891 3 1 0
167.555 0.342305 0.230935 3 1 0
167.535 0.342254 0.23098 3 1 0
167.515 0.342203 0.231024 3 1 0
167.495 0.342152 0.231068 3 1 0
167.475 0.342101 0.231113 3 1 0
167.455 0.342049 0.231158 3 1 0
167.435 0.341998 0.231203 3 1 0
167.415 0.341947 0.231248 3 1 0
167.395 0.341895 0.231293 3 1 0
167.375 0.341844 0.231338 3 1 0
167.355 0.341792 0.231383 3 1 0
167.335 0.341741 0.231428 3 1 0
167.315 0.341689 0.231473 3 1 0
167.295 0.341637 0.231519 3 1 0
167.275 0.341585 0.231564 3 1 0
167.255 0.341533 0.23161 3 1 0
167.235 0.341481 0.231655 3 1 0
167.215 0.34143 0.231701 3 1 0
167.195 0.341377 0.231746 3 1 0
167.175 0.341325 0.231792 3 1 0
167.155 0.341273 0.231838 3 1 0
167.135 0.341221 0.231884 3 1 0
167.115 0.341169 0.23193 3 1 0
167.095 0.341116 0.231976 3 1 0
167.075 0.341064 0.232022 3 1 0
167.055 0.341011 0.232069 3 1 0
167.035 0.340959 0.232115 3 1 0
167.015 0.340906 0.232161 3 1 0
166.995 0.340853 0.232207 3 1 0
166.975 0.340801 0.232254 3 1 0
166.955 0.340748 0.232301 3 1 0
166.935 0.340695 0.232347 3 1 0
166.915 0.340642 0.232394 3 1 0
166.895 0.340589 0.232441 3 1 0
166.875 0.340536 0.232488 3 1 0
166.855 0.340483 0.232534 3 1 0
166.835 0.34043 0.232582 3 1 0
166.815 0.340376 0.232629 3 1 0
166.795 0.340323 0.232676 3 1 0
166.775 0.34027 0.232723 3 1 0
166.755 0.340216 0.23277 3 1 0
166.735 0.340163 0.232818 3 1 0
166.715 0.340109 0.232865 3 1 0
166.695 0.340056 0.232913 3 1 0
166.675 0.340002 0.23296 3 1 0
166.655 0.339948 0.233008 3 1 0
166.635 0.339894 0.233056 3 1 0
166.615 0.33984 0.233104 3 1 0
166.595 0.339786 0.233152 3 1 0
166.575 0.339732 0.2332 3 1 0
166.555 0.339678 0.233248 3 1 0
166.535 0.339624 0.233296 3 1 0
166.515 0.33957 0.233344 3 1 0
166.495 0.339515 0.233392 3 1 0
166.475 0.339461 0.233441 3 1 0
166.455 0.339407 0.233489 3 1 0
166.435 0.339352 0.233538 3 1 0
166.415 0.339297 0.233587 3 1 0
166.395 0.339243 0.233635 3 1 0
166.375 0.339188 0.233684 3 1 0
166.355 0.339133 0.233733 3 1 0
166.335 0.339078 0.233782 3 1 0
166.315 0.339023 0.233831 3 1 0
166.295 0.338968 0.23388 3 1 0
166.275 0.338913 0.23393 3 1 0
166.255 0.338858 0.233979 3 1 0
166.235 0.338803 0.234028 3 1 0
166.215 0.338747 0.234078 3 1 0
166.195 0.338692 0.234127 3 1 0
166.175 0.338637 0.234177 3 1 0
166.155 0.338581 0.234227 3 1 0
166.135 0.338526 0.234277 3 1 0
166.115 0.33847 0.234327 3 1 0
166.095 0.338414 0.234377 3 1 0
166.075 0.338358 0.234427 3 1 0
166.055 0.338302 0.234477 3 1 0
166.035 0.338246 0.234527 3 1 0
166.015 0.33819 0.234578 3 1 0
165.995 0.338134 0.234628 3 1 0
165.975 0.338078 0.234679 3 1 0
165.955 0.338022 0.23473 3 1 0
165.935 0.337965 0.23478 3 1 0
165.915 0.337909 0.234831 3 1 0
165.895 0.337852 0.234883 3 1 0
165.875 0.337796 0.234934 3 1 0
165.855 0.337739 0.234985 3 1 0
165.835 0.337682 0.235038 3 1 0
165.815 0.337626 0.235089 3 1 0
165.795 0.337569 0.23514 3 1 0
165.775 0.337512 0.235195 3 1 0
165.755 0.337455 0.235246 3 1 0
165.735 0.337398 0.235298 3 1 0
165.715 0.33734 0.235359 3 1 0
165.695 0.337283 0.235411 3 1 0
165.675 0.337226 0.235462 3 1 0
165.655 0.337168 0.235516 3 1 0
165.635 0.337111 0.235568 3 1 0
165.615 0.337053 0.23562 3 1 0
165.595 0.336995 0.235695 3 1 0
165.575 0.336937 0.235747 3 1 0
165.555 0.336879 0.2358 3 1 0
165.535 0.336821 0.235814 3 1 0
165.515 0.336763 0.235867 3 1 0
165.495 0.336705 0.23592 3 1 0
165.475 0.336646 0.235966 3 1 0
165.455 0.336588 0.236019 3 1 0
165.435 0.336529 0.236072 3 1 0
165.415 0.336471 0.236129 3 1 0
165.395 0.336412 0.236182 3 1 0
165.375 0.336354 0.236236 3 1 0
165.355 0.336295 0.236284 3 1 0
165.335 0.336236 0.236338 3 1 0
165.315 0.336177 0.236391 3 1 0
165.295 0.336118 0.236456 3 1 0
165.275 0.336059 0.236509 3 1 0
165.255 0.336 0.236563 3 1 0
165.235 0.335941 0.236606 3 1 0
165.215 0.335881 0.23666 3 1 0
165.195 0.335822 0.236714 3 1 0
165.175 0.335762 0.236769 3 1 0
165.155 0.335702 0.236823 3 1 0
165.135 0.335643 0.236877 3 1 0
165.115 0.335583 0.236936 3 1 0
165.095 0.335523 0.23699 3 1 0
165.075 0.335463 0.237045 3 1 0
165.055 0.335403 0.237095 3 1 0
165.035 0.335343 0.23715 3 1 0
165.015 0.335283 0.237205 3 1 0
164.995 0.335222 0.237284 3 1 0
164.975 0.335162 0.23734 3 1 0
164.955 0.335101 0.237395 3 1 0
164.935 0.33504 0.237434 3 1 0
164.915 0.33498 0.237489 3 1 0
164.895 0.334919 0.237545 3 1 0
164.875 0.334858 0.237599 3 1 0
164.855 0.334797 0.237655 3 1 0
164.835 0.334736 0.237711 3 1 0
164.815 0.334675 0.23777 3 1 0
164.795 0.334613 0.237827 3 1 0
164.775 0.334552 0.237883 3 1 0
164.755 0.334491 0.237927 3 1 0
164.735 0.334429 0.237984 3 1 0
164.735 0.334429 0.237984 4 1 0
164.715 0.334367 0.23804 3 1 0
164.695 0.334306 0.238097 3 1 0
164.675 0.334244 0.238161 3 1 0
164.655 0.334182 0.238218 3 1 0
164.635 0.33412 0.238275 3 1 0
164.615 0.334058 0.23833 3 1 0
164.595 0.333995 0.238387 3 1 0
164.575 0.333933 0.238444 3 1 0
164.555 0.333871 0.23851 3 1 0
164.535 0.333808 0.238567 3 1 0
164.515 0.333745 0.238625 3 1 0
164.495 0.333683 0.238677 3 1 0
164.475 0.33362 0.238734 3 1 0
164.455 0.333557 0.238792 3 1 0
164.435 0.333494 0.238855 3 1 0
164.415 0.333431 0.238913 3 1 0
164.395 0.333367 0.238971 3 1 0
164.375 0.333304 0.239027 3 1 0
164.355 0.33324 0.239086 3 1 0
164.335 0.333177 0.239144 3 1 0
164.315 0.333113 0.239206 3 1 0
164.295 0.333049 0.239265 3 1 0
164.275 0.332986 0.239324 3 1 0
164.255 0.332922 0.239382 3 1 0
164.235 0.332857 0.239441 3 1 0
164.215 0.332793 0.239501 3 1 0
164.195 0.332729 0.239564 3 1 0
164.175 0.332664 0.239624 3 1 0
164.155 0.3326 0.239683 3 1 0
164.135 0.332535 0.239742 3 1 0
164.115 0.33247 0.239802 3 1 0
164.095 0.332406 0.239862 3 1 0
164.075 0.332341 0.239931 3 1 0
164.055 0.332275 0.239991 3 1 0
164.035 0.33221 0.240051 3 1 0
164.015 0.332145 0.240103 3 1 0
163.995 0.33208 0.240163 3 1 0
163.975 0.332014 0.240224 3 1 0
163.955 0.331948 0.240287 3 1 0
163.935 0.331883 0.240348 3 1 0
163.915 0.331817 0.240409 3 1 0
163.895 0.331751 0.240468 3 1 0
163.875 0.331685 0.24053 3 1 0
163.855 0.331618 0.240591 3 1 0
163.835 0.331552 0.240647 3 1 0
163.815 0.331486 0.240709 3 1 0
163.795 0.331419 0.240771 3 1 0
163.775 0.331352 0.240828 3 1 0
163.755 0.331286 0.24089 3 1 0
163.735 0.331219 0.240952 3 1 0
163.715 0.331152 0.241012 3 1 0
163.695 0.331084 0.241075 3 1 0
163.675 0.331017 0.241137 3 1 0
163.655 0.33095 0.241199 3 1 0
163.635 0.330882 0.241262 3 1 0
163.615 0.330814 0.241325 3 1 0
163.595 0.330747 0.241388 3 1 0
163.575 0.330679 0.241452 3 1 0
163.555 0.330611 0.241515 3 1 0
163.535 0.330543 0.241579 3 1 0
163.515 0.330474 0.241643 3 1 0
163.495 0.330406 0.241707 3 1 0
163.475 0.330337 0.241771 3 1 0
163.455 0.330269 0.241835 3 1 0
163.435 0.3302 0.241899 3 1 0
163.415 0.330131 0.241964 3 1 0
163.395 0.330062 0.242029 3 1 0
163.375 0.329993 0.242094 3 1 0
163.355 0.329923 0.242159 3 1 0
163.335 0.329854 0.242224 3 1 0
163.315 0.329784 0.24229 3 1 0
163.295 0.329714 0.242356 3 1 0
163.275 0.329644 0.242421 3 1 0
163.255 0.329574 0.242487 3 1 0
163.235 0.329504 0.242554 3 1 0
163.215 0.329434 0.24262 3 1 0
163.195 0.329364 0.242686 3 1 0
163.175 0.329293 0.242754 3 1 0
163.155 0.329222 0.24282 3 1 0
163.135 0.329151 0.242887 3 1 0
163.115 0.32908 0.242956 3 1 0
163.095 0.329009 0.243023 3 1 0
163.075 0.328938 0.24309 3 1 0
163.055 0.328867 0.243161 3 1 0
163.035 0.328795 0.243229 3 1 0
163.015 0.328723 0.243296 3 1 0
162.995 0.328651 0.243371 3 1 0
162.975 0.328579 0.243439 3 1 0
162.955 0.328507 0.243507 3 1 0
162.935 0.328435 0.243587 3 1 0
162.915 0.328362 0.243655 3 1 0
162.895 0.328289 0.243724 3 1 0
162.875 0.328217 0.243798 3 1 0
162.855 0.328144 0.243866 3 1 0
162.835 0.328071 0.243935 3 1 0
162.815 0.327998 0.243982 3 1 0
162.795 0.327925 0.244051 3 1 0
162.775 0.327851 0.244121 3 1 0
162.755 0.327778 0.244179 3 1 0
162.735 0.327704 0.244249 3 1 0
162.715 0.32763 0.244319 3 1 0
162.695 0.327556 0.244387 3 1 0
162.675 0.327482 0.244458 3 1 0
162.655 0.327407 0.244528 3 1 0
162.635 0.327333 0.244598 3 1 0
162.615 0.327258 0.244669 3 1 0
162.595 0.327183 0.24474 3 1 0
162.575 0.327108 0.244811 3 1 0
162.555 0.327033 0.244883 3 1 0
162.535 0.326957 0.244954 3 1 0
162.515 0.326882 0.245026 3 1 0
162.495 0.326806 0.245098 3 1 0
162.475 0.32673 0.24517 3 1 0
162.455 0.326654 0.245242 3 1 0
162.435 0.326578 0.245315 3 1 0
162.415 0.326501 0.245387 3 1 0
162.395 0.326425 0.24546 3 1 0
162.375 0.326348 0.245533 3 1 0
162.355 0.326271 0.245607 3 1 0
162.335 0.326194 0.245679 3 1 0
162.315 0.326117 0.245753 3 1 0
162.295 0.326039 0.245826 3 1 0
162.275 0.325962 0.245901 3 1 0
162.255 0.325884 0.245975 3 1 0
162.235 0.325806 0.246049 3 1 0
162.215 0.325728 0.246125 3 1 0
162.195 0.325649 0.2462 3 1 0
162.175 0.325571 0.246275 3 1 0
162.155 0.325492 0.246351 3 1 0
162.135 0.325413 0.246427 3 1 0
162.115 0.325334 0.246502 3 1 0
162.095 0.325255 0.246579 3 1 0
162.075 0.325175 0.246655 3 1 0
162.055 0.325096 0.246731 3 1 0
162.035 0.325016 0.246809 3 1 0
162.015 0.324936 0.246886 3 1 0
161.995 0.324855 0.246963 3 1 0
161.975 0.324775 0.247041 3 1 0
161.955 0.324694 0.247118 3 1 0
161.935 0.324613 0.247196 3 1 0
161.915 0.324532 0.247275 3 1 0
161.895 0.324451 0.247353 3 1 0
161.875 0.324369 0.247431 3 1 0
161.855 0.324288 0.247511 3 1 0
161.835 0.324206 0.247589 3 1 0
161.815 0.324124 0.247668 3 1 0
161.795 0.324042 0.247749 3 1 0
161.775 0.323959 0.247828 3 1 0
161.755 0.323876 0.247907 3 1 0
161.735 0.323793 0.247989 3 1 0
161.715 0.32371 0.248068 3 1 0
161.695 0.323627 0.248148 3 1 0
161.675 0.323543 0.248231 3 1 0
161.655 0.323459 0.248311 3 1 0
161.635 0.323375 0.248392 3 1 0
161.615 0.323291 0.248475 3 1 0
161.595 0.323207 0.248556 3 1 0
161.575 0.323122 0.248638 3 1 0
161.555 0.323037 0.248722 3 1 0
161.535 0.322952 0.248804 3 1 0
161.515 0.322866 0.248886 3 1 0
161.495 0.322781 0.248971 3 1 0
161.475 0.322695 0.249053 3 1 0
161.455 0.322609 0.249136 3 1 0
161.435 0.322523 0.249222 3 1 0
161.415 0.322436 0.249306 3 1 0
161.395 0.322349 0.249389 3 1 0
161.375 0.322262 0.249476 3 1 0
161.355 0.322175 0.24956 3 1 0
161.335 0.322087 0.249645 3 1 0
161.315 0.322 0.249733 3 1 0
161.295 0.321911 0.249817 3 1 0
161.275 0.321823 0.249903 3 1 0
161.255 0.321735 0.249992 3 1 0
161.235 0.321646 0.250077 3 1 0
161.215 0.321557 0.250163 3 1 0
161.195 0.321467 0.250253 3 1 0
161.175 0.321378 0.25034 3 1 0
161.155 0.321288 0.250426 3 1 0
161.135 0.321198 0.250518 3 1 0
161.115 0.321107 0.250605 3 1 0
161.095 0.321017 0.250693 3 1 0
161.075 0.320926 0.250785 3 1 0
161.055 0.320835 0.250873 3 1 0
161.035 0.320743 0.250962 3 1 0
161.015 0.320651 0.251056 3 1 0
160.995 0.320559 0.251145 3 1 0
160.975 0.320467 0.251234 3 1 0
160.955 0.320374 0.25133 3 1 0
160.935 0.320281 0.251419 3 1 0
160.915 0.320188 0.25151 3 1 0
160.895 0.320095 0.251598 3 1 0
160.875 0.320001 0.251689 3 1 0
160.855 0.319907 0.251781 3 1 0
160.835 0.319812 0.251867 3 1 0
160.815 0.319717 0.251959 3 1 0
160.795 0.319622 0.252052 3 1 0
160.775 0.319527 0.252139 3 1 0
160.755 0.319431 0.252232 3 1 0
160.755 0.319431 0.252232 4 1 0
160.735 0.319335 0.252325 3 1 0
160.715 0.319239 0.252419 3 1 0
160.695 0.319142 0.252506 3 1 0
160.675 0.319045 0.2526 3 1 0
160.655 0.318948 0.252695 3 1 0
160.635 0.31885 0.252785 3 1 0
160.615 0.318753 0.25288 3 1 0
160.595 0.318654 0.252976 3 1 0
160.575 0.318555 0.253064 3 1 0
160.555 0.318456 0.253161 3 1 0
160.535 0.318357 0.253258 3 1 0
160.515 0.318257 0.253349 3 1 0
160.495 0.318157 0.253446 3 1 0
160.475 0.318057 0.253544 3 1 0
160.455 0.317955 0.253633 3 1 0
160.435 0.317854 0.253731 3 1 0
160.415 0.317752 0.25383 3 1 0
160.395 0.317649 0.253928 3 1 0
160.375 0.317547 0.254028 3 1 0
160.355 0.317445 0.254128 3 1 0
160.335 0.317343 0.254249 3 1 0
160.315 0.317239 0.25435 3 1 0
160.295 0.317136 0.254451 3 1 0
160.275 0.317031 0.254536 3 1 0
160.255 0.316927 0.254638 3 1 0
160.235 0.316822 0.254741 3 1 0
160.215 0.316718 0.254875 3 1 0
160.195 0.316612 0.254979 3 1 0
160.175 0.316506 0.255083 3 1 0
160.155 0.3164 0.255174 3 1 0
160.135 0.316293 0.255279 3 1 0
160.115 0.316185 0.255384 3 1 0
160.095 0.316077 0.255489 3 1 0
160.075 0.315969 0.255595 3 1 0
160.055 0.31586 0.255702 3 1 0
160.035 0.315752 0.255802 3 1 0
160.015 0.315643 0.255909 3 1 0
159.995 0.315533 0.256017 3 1 0
159.975 0.315421 0.256121 3 1 0
159.955 0.31531 0.25623 3 1 0
159.935 0.315199 0.256339 3 1 0
159.915 0.31509 0.256463 3 1 0
159.895 0.314978 0.256573 3 1 0
159.875 0.314865 0.256684 3 1 0
159.855 0.314751 0.256787 3 1 0
159.835 0.314637 0.256899 3 1 0
159.815 0.314523 0.257011 3 1 0
159.795 0.314409 0.257136 3 1 0
159.775 0.314294 0.25725 3 1 0
159.755 0.314178 0.257363 3 1 0
159.735 0.314062 0.257484 3 1 0
159.715 0.313945 0.257599 3 1 0
159.695 0.313827 0.257714 3 1 0
159.675 0.31371 0.257841 3 1 0
159.655 0.313592 0.257957 3 1 0
159.635 0.313472 0.258074 3 1 0
159.615 0.313353 0.258181 3 1 0
159.595 0.313233 0.258299 3 1 0
159.575 0.313112 0.258418 3 1 0
159.555 0.312991 0.258531 3 1 0
159.535 0.312869 0.258651 3 1 0
159.515 0.312746 0.258773 3 1 0
159.495 0.312624 0.25889 3 1 0
159.475 0.3125 0.259013 3 1 0
159.455 0.312375 0.259136 3 1 0
159.435 0.31225 0.259266 3 1 0
159.415 0.312124 0.259391 3 1 0
159.395 0.311997 0.259516 3 1 0
159.375 0.311871 0.25962 3 1 0
159.355 0.311743 0.259747 3 1 0
159.335 0.311614 0.259874 3 1 0
159.315 0.311486 0.259996 3 1 0
159.295 0.311356 0.260124 3 1 0
159.275 0.311225 0.260254 3 1 0
159.255 0.311094 0.260381 3 1 0
159.236 0.310962 0.260512 3 1 0
159.216 0.310829 0.260643 3 1 0
159.196 0.310695 0.260773 3 1 0
159.176 0.310561 0.260907 3 1 0
159.156 0.310425 0.261041 3 1 0
159.136 0.310289 0.261175 3 1 0
159.116 0.310152 0.261311 3 1 0
159.096 0.310014 0.261448 3 1 0
159.076 0.309876 0.261588 3 1 0
159.056 0.309736 0.261727 3 1 0
159.036 0.309595 0.261866 3 1 0
159.016 0.309454 0.262015 3 1 0
158.996 0.309312 0.262156 3 1 0
158.976 0.309168 0.262298 3 1 0
158.956 0.309024 0.262454 3 1 0
158.936 0.308878 0.262598 3 1 0
158.916 0.308732 0.262743 3 1 0
158.896 0.308584 0.262869 3 1 0
158.876 0.308435 0.263016 3 1 0
158.856 0.308286 0.263164 3 1 0
158.836 0.308138 0.263341 3 1 0
158.816 0.307986 0.263492 3 1 0
158.796 0.307834 0.263643 3 1 0
158.776 0.307681 0.263788 3 1 0
158.756 0.307526 0.263942 3 1 0
158.736 0.30737 0.264097 3 1 0
158.716 0.307213 0.26425 3 1 0
158.696 0.307055 0.264407 3 1 0
158.676 0.306895 0.264566 3 1 0
158.656 0.306734 0.264726 3 1 0
158.636 0.306572 0.264887 3 1 0
158.616 0.306408 0.26505 3 1 0
158.596 0.306242 0.265218 3 1 0
158.576 0.306076 0.265384 3 1 0
158.556 0.305907 0.265551 3 1 0
158.536 0.305738 0.265718 3 1 0
158.516 0.305567 0.265889 3 1 0
158.496 0.305394 0.26606 3 1 0
158.476 0.305219 0.266229 3 1 0
158.456 0.305043 0.266404 3 1 0
158.436 0.304865 0.266581 3 1 0
158.416 0.304684 0.26677 3 1 0
158.396 0.304503 0.266951 3 1 0
158.376 0.30432 0.267133 3 1 0
158.356 0.304133 0.267319 3 1 0
158.336 0.303945 0.267505 3 1 0
158.316 0.303756 0.267694 3 1 0
158.296 0.30356 0.267865 3 1 0
158.276 0.303366 0.268058 3 1 0
158.256 0.303171 0.268253 3 1 0
158.236 0.302962 0.268464 3 1 0
158.216 0.302762 0.268664 3 1 0
158.196 0.302559 0.268867 3 1 0
158.176 0.302335 0.269064 3 1 0
158.156 0.302126 0.269272 3 1 0
158.136 0.301915 0.269483 3 1 0
158.116 0.301705 0.269694 3 1 0
158.096 0.301488 0.269911 3 1 0
158.076 0.301268 0.270132 3 1 0
158.056 0.301058 0.270353 3 1 0
158.036 0.300831 0.27058 3 1 0
158.016 0.300601 0.27081 3 1 0
157.996 0.300376 0.271046 3 1 0
157.976 0.300138 0.271285 3 1 0
157.956 0.299895 0.271527 3 1 0
157.936 0.29965 0.271774 3 1 0
157.916 0.299399 0.272025 3 1 0
157.896 0.299143 0.272281 3 1 0
157.876 0.298881 0.272542 3 1 0
157.856 0.298614 0.272809 3 1 0
157.836 0.298342 0.273082 3 1 0
157.816 0.298062 0.273361 3 1 0
157.796 0.297777 0.273646 3 1 0
157.776 0.297484 0.273939 3 1 0
157.756 0.297182 0.274241 3 1 0
157.736 0.296874 0.27455 3 1 0
157.716 0.296556 0.274868 3 1 0
157.696 0.296225 0.275203 3 1 0
157.676 0.295887 0.275542 3 1 0
157.656 0.295537 0.275892 3 1 0
157.636 0.295179 0.276256 3 1 0
157.616 0.294801 0.276634 3 1 0
157.596 0.294406 0.277028 3 1 0
157.576 0.293991 0.277434 3 1 0
157.557 0.293555 0.277869 3 1 0
157.537 0.293094 0.278331 3 1 0
157.517 0.292599 0.278823 3 1 0
157.497 0.292069 0.279355 3 1 0
157.477 0.29149 0.279934 3 1 0
157.457 0.290845 0.280584 3 1 0
157.437 0.290108 0.28132 3 1 0
157.417 0.289223 0.282205 3 1 0
157.398 0.28803 0.283396 3 1 0
157.379 0.285716 0.285713 3 1 0
157.379 0.285716 0.285713 3 1 0
396.726 0.501702 0.163492 4 1 0
396.746 0.50171 0.163491 3 1 0
396.776 0.501719 0.16349 3 1 0
396.821 0.501717 0.163494 3 1 0
396.888 0.501731 0.163492 3 1 0
396.989 0.501752 0.163488 3 1 0
397.141 0.501795 0.163499 3 1 0
397.369 0.501852 0.163492 3 1 0
397.711 0.501938 0.163482 3 1 0
398.211 0.502061 0.163502 3 1 0
398.711 0.50219 0.163487 3 1 0
399.211 0.502319 0.163471 3 1 0
399.711 0.502441 0.163417 3 1 0
400.211 0.502562 0.163403 3 1 0
400.711 0.502683 0.163389 3 1 0
401.211 0.502817 0.163351 3 1 0
401.711 0.502938 0.163336 3 1 0
402.211 0.50306 0.16332 3 1 0
402.711 0.503178 0.16332 3 1 0
403.211 0.503301 0.163306 3 1 0
403.711 0.503423 0.163291 3 1 0
404.211 0.503537 0.163297 3 1 0
404.711 0.503666 0.163283 3 1 0
405.211 0.503792 0.16327 3 1 0
405.711 0.504017 0.163222 3 1 0
406.211 0.504137 0.163208 3 1 0
406.711 0.504255 0.163193 3 1 0
407.211 0.504301 0.163212 3 1 0
407.711 0.50442 0.163199 3 1 0
408.211 0.504538 0.163186 3 1 0
408.711 0.504654 0.163175 3 1 0
409.211 0.504773 0.163162 3 1 0
409.711 0.504891 0.163148 3 1 0
410.211 0.505004 0.163089 3 1 0
410.711 0.505122 0.163075 3 1 0
411.211 0.505239 0.163061 3 1 0
411.711 0.505358 0.163048 3 1 0
412.211 0.505474 0.163035 3 1 0
412.711 0.50559 0.163022 3 1 0
413.211 0.505707 0.163007 3 1 0
413.711 0.505823 0.162993 3 1 0
414.211 0.505938 0.16298 3 1 0
414.711 0.506051 0.162977 3 1 0
415.211 0.506166 0.162964 3 1 0
415.711 0.50628 0.162951 3 1 0
416.211 0.506392 0.162928 3 1 0
416.711 0.506506 0.162915 3 1 0
417.211 0.506619 0.162902 3 1 0
417.711 0.506737 0.162897 3 1 0
418.211 0.506849 0.162884 3 1 0
418.711 0.506961 0.162872 3 1 0
419.211 0.507072 0.162878 3 1 0
419.711 0.507184 0.162865 3 1 0
420.211 0.507296 0.162853 3 1 0
420.711 0.507405 0.162848 3 1 0
421.211 0.507515 0.162836 3 1 0
421.711 0.507626 0.162824 3 1 0
422.211 0.507742 0.162801 3 1 0
422.711 0.507852 0.16279 3 1 0
423.211 0.507961 0.162778 3 1 0
423.711 0.508071 0.16274 3 1 0
424.211 0.50818 0.162727 3 1 0
424.711 0.50829 0.162715 3 1 0
425.211 0.508399 0.162705 3 1 0
425.711 0.508508 0.162693 3 1 0
426.211 0.508616 0.162681 3 1 0
426.711 0.508725 0.16269 3 1 0
427.211 0.508834 0.162677 3 1 0
427.711 0.508942 0.162665 3 1 0
428.211 0.509047 0.162626 3 1 0
428.711 0.509154 0.162614 3 1 0
429.211 0.509261 0.162602 3 1 0
429.711 0.509369 0.16259 3 1 0
430.211 0.509475 0.162579 3 1 0
430.711 0.509581 0.162567 3 1 0
431.211 0.509694 0.162562 3 1 0
431.711 0.5098 0.162551 3 1 0
432.211 0.509905 0.16254 3 1 0
432.711 0.510006 0.162533 3 1 0
433.211 0.510111 0.162521 3 1 0
433.711 0.510216 0.162509 3 1 0
434.211 0.510319 0.162487 3 1 0
434.711 0.510423 0.162476 3 1 0
435.211 0.510527 0.162465 3 1 0
435.711 0.510632 0.16246 3 1 0
436.211 0.510735 0.162449 3 1 0
436.711 0.510838 0.162438 3 1 0
437.211 0.510942 0.162427 3 1 0
437.711 0.511045 0.162416 3 1 0
438.211 0.511147 0.162406 3 1 0
438.711 0.511249 0.162422 3 1 0
439.211 0.511351 0.162411 3 1 0
439.711 0.511453 0.162399 3 1 0
440.211 0.511553 0.162358 3 1 0
440.711 0.511654 0.162348 3 1 0
441.211 0.511755 0.162337 3 1 0
441.711 0.511858 0.162353 3 1 0
442.211 0.511959 0.162343 3 1 0
442.711 0.512059 0.162333 3 1 0
443.211 0.512157 0.16231 3 1 0
443.711 0.512256 0.1623 3 1 0
444.211 0.512356 0.162291 3 1 0
444.711 0.51246 0.162285 3 1 0
445.211 0.512559 0.162274 3 1 0
445.711 0.512658 0.162263 3 1 0
446.211 0.512752 0.16226 3 1 0
446.711 0.512851 0.162251 3 1 0
447.211 0.512949 0.162241 3 1 0
447.711 0.513054 0.162212 3 1 0
448.211 0.513152 0.162202 3 1 0
448.711 0.51325 0.162191 3 1 0
449.211 0.513341 0.162209 3 1 0
449.711 0.513438 0.1622 3 1 0
450.211 0.513534 0.162191 3 1 0
450.711 0.513639 0.162143 3 1 0
451.211 0.513736 0.162133 3 1 0
451.711 0.513832 0.162123 3 1 0
452.211 0.513921 0.162157 3 1 0
452.711 0.514017 0.162149 3 1 0
453.211 0.514112 0.16214 3 1 0
453.711 0.514215 0.162082 3 1 0
454.211 0.514311 0.162073 3 1 0
454.711 0.514406 0.162063 3 1 0
455.211 0.514493 0.162097 3 1 0
455.711 0.514587 0.162086 3 1 0
456.211 0.514682 0.162076 3 1 0
456.711 0.514784 0.162024 3 1 0
457.211 0.514878 0.162014 3 1 0
457.711 0.514972 0.162005 3 1 0
458.211 0.515057 0.162027 3 1 0
458.711 0.51515 0.162017 3 1 0
459.211 0.515243 0.162007 3 1 0
459.711 0.515346 0.161969 3 1 0
460.211 0.515438 0.16196 3 1 0
460.711 0.51553 0.161951 3 1 0
461.211 0.515614 0.161963 3 1 0
461.711 0.515706 0.161953 3 1 0
462.211 0.515798 0.161943 3 1 0
462.711 0.515898 0.161919 3 1 0
463.211 0.515989 0.161911 3 1 0
463.711 0.51608 0.161902 3 1 0
464.211 0.516163 0.161901 3 1 0
464.711 0.516254 0.161892 3 1 0
465.211 0.516344 0.161882 3 1 0
465.711 0.516444 0.161875 3 1 0
466.211 0.516534 0.161866 3 1 0
466.711 0.516623 0.161858 3 1 0
467.211 0.516704 0.161842 3 1 0
467.711 0.516794 0.161833 3 1 0
468.211 0.516883 0.161824 3 1 0
468.711 0.516982 0.16184 3 1 0
469.211 0.51707 0.161832 3 1 0
469.711 0.517158 0.161824 3 1 0
470.211 0.517238 0.161786 3 1 0
470.711 0.517327 0.161778 3 1 0
471.211 0.517415 0.161769 3 1 0
471.711 0.517511 0.16182 3 1 0
472.211 0.517598 0.161812 3 1 0
472.711 0.517685 0.161804 3 1 0
473.211 0.517765 0.161738 3 1 0
473.711 0.517853 0.161731 3 1 0
474.211 0.51794 0.161723 3 1 0
474.711 0.518034 0.161794 3 1 0
475.211 0.518119 0.161786 3 1 0
475.711 0.518205 0.161777 3 1 0
476.211 0.518287 0.161744 3 1 0
476.711 0.518373 0.161737 3 1 0
477.211 0.518459 0.16173 3 1 0
477.711 0.518545 0.161662 3 1 0
478.211 0.51863 0.161655 3 1 0
478.711 0.518714 0.161647 3 1 0
479.211 0.5188 0.161667 3 1 0
479.711 0.518885 0.16166 3 1 0
480.211 0.51897 0.161653 3 1 0
480.711 0.519051 0.16173 3 1 0
481.211 0.519135 0.161723 3 1 0
481.711 0.519219 0.161716 3 1 0
482.211 0.519303 0.1616 3 1 0
482.711 0.519388 0.161592 3 1 0
483.211 0.519472 0.161584 3 1 0
483.711 0.519566 0.161601 3 1 0
484.211 0.51965 0.161594 3 1 0
484.711 0.519733 0.161587 3 1 0
485.211 0.519806 0.16156 3 1 0
485.711 0.51989 0.161553 3 1 0
486.211 0.519973 0.161546 3 1 0
486.711 0.520068 0.161581 3 1 0
487.211 0.520149 0.161574 3 1 0
487.711 0.520231 0.161567 3 1 0
488.211 0.520301 0.161511 3 1 0
488.711 0.520384 0.161504 3 1 0
489.211 0.520467 0.161498 3 1 0
489.711 0.520559 0.161581 3 1 0
490.211 0.520639 0.161575 3 1 0
490.711 0.520718 0.161568 3 1 0
491.211 0.520788 0.161478 3 1 0
491.711 0.52087 0.161472 3 1 0
492.211 0.520952 0.161465 3 1 0
492.711 0.521039 0.161525 3 1 0
493.211 0.521119 0.161517 3 1 0
493.211 0.521119 0.161517 4 1 0
493.231 0.521121 0.161517 3 1 0
493.261 0.521124 0.161517 3 1 0
493.306 0.521124 0.161468 3 1 0
493.373 0.521136 0.161468 3 1 0
493.475 0.521153 0.161467 3 1 0
493.627 0.521184 0.161536 3 1 0
493.854 0.52122 0.161533 3 1 0
494.196 0.521274 0.161527 3 1 0
494.696 0.521346 0.161426 3 1 0
495.196 0.521427 0.16142 3 1 0
495.696 0.521508 0.161413 3 1 0
496.196 0.521601 0.161468 3 1 0
496.696 0.521679 0.161462 3 1 0
497.196 0.521756 0.161455 3 1 0
497.696 0.521821 0.161397 3 1 0
498.196 0.521902 0.161391 3 1 0
498.696 0.521982 0.161385 3 1 0
499.196 0.522073 0.161437 3 1 0
499.696 0.522149 0.161431 3 1 0
500.196 0.522225 0.161424 3 1 0
500.696 0.522287 0.161333 3 1 0
501.196 0.522367 0.161327 3 1 0
501.696 0.522446 0.161321 3 1 0
502.196 0.522543 0.1614 3 1 0
502.696 0.522619 0.161394 3 1 0
503.196 0.522694 0.161388 3 1 0
503.696 0.522753 0.161359 3 1 0
504.196 0.522832 0.161354 3 1 0
504.696 0.522911 0.161349 3 1 0
505.196 0.522991 0.161331 3 1 0
505.696 0.523069 0.161326 3 1 0
506.196 0.523146 0.161321 3 1 0
506.696 0.523218 0.16127 3 1 0
507.196 0.523296 0.161265 3 1 0
507.696 0.523373 0.161259 3 1 0
508.196 0.523481 0.161277 3 1 0
508.696 0.523554 0.161271 3 1 0
509.196 0.523627 0.161265 3 1 0
509.696 0.523673 0.161213 3 1 0
510.196 0.523751 0.161208 3 1 0
510.696 0.523829 0.161202 3 1 0
511.196 0.523916 0.161298 3 1 0
511.696 0.523989 0.161292 3 1 0
512.196 0.524063 0.161286 3 1 0
512.696 0.524124 0.161247 3 1 0
513.196 0.5242 0.161242 3 1 0
513.696 0.524276 0.161237 3 1 0
514.196 0.524367 0.161231 4 1 0
514.696 0.524437 0.161226 4 1 0
515.196 0.524506 0.16122 4 1 0
515.696 0.524558 0.161142 3 1 0
516.196 0.524635 0.161137 3 1 0
516.696 0.52471 0.161131 3 1 0
517.196 0.524809 0.161218 3 1 0
517.696 0.524881 0.161211 3 1 0
518.196 0.524952 0.161204 3 1 0
518.696 0.525001 0.161204 3 1 0
519.196 0.525076 0.1612 3 1 0
519.696 0.525151 0.161196 3 1 0
520.196 0.525227 0.161148 3 1 0
520.696 0.525302 0.161144 3 1 0
521.196 0.525375 0.161139 3 1 0
521.696 0.525442 0.161114 3 1 0
522.196 0.525516 0.161109 3 1 0
522.696 0.525589 0.161104 3 1 0
523.196 0.525685 0.161105 3 1 0
523.696 0.525757 0.1611 3 1 0
524.196 0.525829 0.161095 3 1 0
524.696 0.525883 0.161104 3 1 0
525.196 0.525956 0.161099 3 1 0
525.696 0.526029 0.161095 3 1 0
526.196 0.526113 0.161126 3 1 0
526.696 0.526184 0.161122 3 1 0
527.196 0.526255 0.161116 3 1 0
527.696 0.526314 0.161115 3 1 0
528.196 0.526386 0.161107 3 1 0
528.696 0.526457 0.161099 3 1 0
529.196 0.526542 0.161082 3 1 0
529.696 0.526612 0.161075 3 1 0
530.196 0.526682 0.161067 3 1 0
530.696 0.52674 0.161047 3 1 0
531.196 0.526811 0.16104 3 1 0
531.696 0.526882 0.161032 3 1 0
532.196 0.52695 0.161045 3 1 0
532.696 0.52702 0.161041 3 1 0
533.196 0.527091 0.161038 3 1 0
533.696 0.527184 0.161015 3 1 0
534.196 0.527253 0.16101 3 1 0
534.696 0.527322 0.161006 3 1 0
535.196 0.527369 0.160951 3 1 0
535.696 0.527439 0.160945 3 1 0
536.196 0.527508 0.160938 3 1 0
536.696 0.527597 0.161005 3 1 0
537.196 0.527665 0.160999 3 1 0
537.696 0.527733 0.160992 3 1 0
538.196 0.527785 0.160869 4 1 0
538.696 0.527852 0.160863 4 1 0
539.196 0.52792 0.160857 4 1 0
539.696 0.527992 0.160923 4 1 0
540.196 0.52806 0.160916 4 1 0
540.696 0.528128 0.160909 4 1 0
541.196 0.528188 0.160841 4 1 0
541.696 0.528256 0.160835 4 1 0
542.196 0.528323 0.160829 4 1 0
542.696 0.52841 0.16091 4 1 0
543.196 0.528477 0.160904 4 1 0
543.696 0.528544 0.160897 4 1 0
544.196 0.528593 0.160801 4 1 0
544.696 0.52866 0.160796 4 1 0
545.196 0.528726 0.16079 4 1 0
545.696 0.528802 0.160839 4 1 0
546.196 0.528869 0.160833 4 1 0
546.696 0.528935 0.160827 4 1 0
547.196 0.528989 0.160772 4 1 0
547.696 0.529055 0.160766 4 1 0
548.196 0.529121 0.160761 4 1 0
548.696 0.529209 0.160822 3 1 0
549.196 0.529274 0.160816 3 1 0
549.696 0.529339 0.16081 3 1 0
550.196 0.529386 0.160735 4 1 0
550.696 0.529451 0.16073 4 1 0
551.196 0.529516 0.160725 4 1 0
551.696 0.529587 0.160759 4 1 0
552.196 0.529653 0.160753 4 1 0
552.696 0.529718 0.160747 4 1 0
553.196 0.52977 0.16071 4 1 0
553.696 0.529835 0.160705 4 1 0
554.196 0.5299 0.160699 4 1 0
554.696 0.529997 0.160788 4 1 0
555.196 0.530061 0.160783 4 1 0
555.696 0.530124 0.160778 3 1 0
556.196 0.530165 0.160671 4 1 0
556.696 0.530228 0.160666 4 1 0
557.196 0.53029 0.160662 4 1 0
557.696 0.530346 0.160689 4 1 0
558.196 0.530411 0.160683 4 1 0
558.696 0.530476 0.160677 4 1 0
559.196 0.530531 0.160657 4 1 0
559.696 0.530596 0.160652 4 1 0
560.196 0.53066 0.160646 4 1 0
560.696 0.530768 0.160722 4 1 0
561.196 0.530829 0.160717 4 1 0
561.696 0.53089 0.160712 4 1 0
562.196 0.53092 0.160614 4 1 0
562.696 0.530982 0.160609 4 1 0
563.196 0.531044 0.160604 4 1 0
563.696 0.531102 0.160636 4 1 0
564.196 0.531166 0.16063 4 1 0
564.696 0.53123 0.160624 4 1 0
565.196 0.531288 0.160593 4 1 0
565.696 0.531351 0.160588 4 1 0
566.196 0.531414 0.160582 4 1 0
566.696 0.531507 0.160651 4 1 0
567.196 0.531568 0.160646 4 1 0
567.696 0.531628 0.160641 4 1 0
568.196 0.531664 0.160561 4 1 0
568.696 0.531726 0.160557 4 1 0
569.196 0.531787 0.160552 4 1 0
569.696 0.531853 0.160568 4 1 0
570.196 0.531915 0.160563 4 1 0
570.696 0.531977 0.160557 4 1 0
571.196 0.532024 0.160534 4 1 0
571.696 0.532086 0.160529 4 1 0
572.196 0.532148 0.160524 4 1 0
572.696 0.532257 0.160568 3 1 0
573.196 0.532316 0.160563 3 1 0
573.696 0.532374 0.160558 3 1 0
574.196 0.532403 0.16051 4 1 0
574.696 0.532462 0.160506 4 1 0
575.196 0.532521 0.160502 4 1 0
575.696 0.532567 0.160498 4 1 0
576.196 0.532628 0.160493 4 1 0
576.696 0.53269 0.160488 4 1 0
577.196 0.532748 0.160481 4 1 0
577.696 0.53281 0.160476 4 1 0
578.196 0.532871 0.160471 4 1 0
578.696 0.532954 0.160475 4 1 0
579.196 0.533013 0.16047 4 1 0
579.696 0.533072 0.160465 4 1 0
580.196 0.533113 0.160452 4 1 0
580.696 0.533173 0.160448 4 1 0
581.196 0.533234 0.160444 4 1 0
581.696 0.533309 0.160438 4 1 0
582.196 0.533368 0.160434 4 1 0
582.696 0.533427 0.160429 4 1 0
583.196 0.533472 0.160437 4 1 0
583.696 0.533531 0.160433 4 1 0
584.196 0.533591 0.160429 4 1 0
584.696 0.533664 0.160414 4 1 0
585.196 0.533722 0.160409 4 1 0
585.696 0.53378 0.160405 4 1 0
586.196 0.533826 0.160421 4 1 0
586.696 0.533884 0.160417 4 1 0
587.196 0.533943 0.160413 4 1 0
587.696 0.534015 0.160394 4 1 0
588.196 0.534073 0.16039 4 1 0
588.696 0.53413 0.160386 4 1 0
589.196 0.534176 0.160407 4 1 0
589.696 0.534234 0.160403 4 1 0
589.696 0.534234 0.160403 4 1 0
589.716 0.534237 0.160403 4 1 0
589.746 0.53424 0.160403 4 1 0
589.791 0.534256 0.160387 4 1 0
589.859 0.534264 0.160387 4 1 0
589.96 0.534275 0.160386 4 1 0
590.162 0.534289 0.16041 4 1 0
590.466 0.534324 0.160408 4 1 0
590.922 0.534377 0.160405 4 1 0
591.422 0.534443 0.160383 4 1 0
591.922 0.5345 0.160379 4 1 0
592.422 0.534557 0.160376 4 1 0
592.922 0.534607 0.160396 4 1 0
593.422 0.534664 0.160393 4 1 0
593.922 0.534721 0.160389 4 1 0
594.422 0.534785 0.160374 4 1 0
594.922 0.534842 0.16037 4 1 0
595.422 0.534898 0.160367 4 1 0
595.922 0.53495 0.160384 4 1 0
596.422 0.535006 0.160381 4 1 0
596.922 0.535063 0.160378 4 1 0
597.422 0.535124 0.16037 4 1 0
597.922 0.53518 0.160367 4 1 0
598.422 0.535236 0.160363 4 1 0
598.922 0.535289 0.160376 4 1 0
599.422 0.535345 0.160373 4 1 0
599.922 0.535401 0.16037 4 1 0
600.422 0.53546 0.160366 4 1 0
600.922 0.535515 0.160363 4 1 0
601.422 0.535571 0.16036 4 1 0
601.922 0.535625 0.160369 4 1 0
602.422 0.53568 0.160366 4 1 0
602.922 0.535736 0.160363 4 1 0
603.422 0.535793 0.160362 4 1 0
603.922 0.535848 0.160359 4 1 0
604.422 0.535903 0.160357 4 1 0
604.922 0.535958 0.160362 4 1 0
605.422 0.536013 0.160359 4 1 0
605.922 0.536068 0.160357 4 1 0
606.422 0.536124 0.160358 4 1 0
606.922 0.536178 0.160355 4 1 0
607.422 0.536233 0.160353 4 1 0
607.922 0.536287 0.160356 4 1 0
608.422 0.536342 0.160353 4 1 0
608.922 0.536396 0.16035 4 1 0
609.422 0.536451 0.160352 4 1 0
609.922 0.536506 0.160349 4 1 0
610.422 0.53656 0.160345 4 1 0
610.922 0.536614 0.160335 4 1 0
611.422 0.536668 0.160329 4 1 0
611.922 0.536722 0.160324 4 1 0
612.422 0.536776 0.160315 4 1 0
612.922 0.53683 0.16031 4 1 0
613.422 0.536884 0.160304 4 1 0
613.922 0.536938 0.160296 4 1 0
614.422 0.536991 0.16029 4 1 0
614.922 0.537045 0.160285 4 1 0
615.422 0.537099 0.160277 4 1 0
615.922 0.537152 0.160272 4 1 0
616.422 0.537205 0.160267 4 1 0
616.922 0.537259 0.160259 4 1 0
617.422 0.537312 0.160254 4 1 0
617.922 0.537365 0.160249 4 1 0
618.422 0.537418 0.160242 4 1 0
618.922 0.537471 0.160237 4 1 0
619.422 0.537524 0.160232 4 1 0
619.922 0.537577 0.160225 4 1 0
620.422 0.537629 0.16022 4 1 0
620.922 0.537682 0.160215 4 1 0
621.422 0.537735 0.160209 4 1 0
621.922 0.537787 0.160204 4 1 0
622.422 0.537839 0.160198 4 1 0
622.922 0.537892 0.160192 4 1 0
623.422 0.537944 0.160187 4 1 0
623.922 0.537996 0.160182 4 1 0
624.422 0.538049 0.160177 4 1 0
624.922 0.538101 0.160172 4 1 0
625.422 0.538153 0.160167 4 1 0
625.922 0.538205 0.160161 4 1 0
626.422 0.538256 0.160156 4 1 0
626.922 0.538308 0.160151 4 1 0
627.422 0.53836 0.160146 4 1 0
627.922 0.538412 0.160141 4 1 0
628.422 0.538463 0.160136 4 1 0
628.922 0.538515 0.16013 4 1 0
629.422 0.538566 0.160126 4 1 0
629.922 0.538617 0.160121 4 1 0
630.422 0.538669 0.160115 4 1 0
630.922 0.53872 0.160111 4 1 0
631.422 0.538771 0.160106 4 1 0
631.922 0.538823 0.160101 4 1 0
632.422 0.538873 0.160096 4 1 0
632.922 0.538924 0.160091 4 1 0
633.422 0.538975 0.160086 4 1 0
633.922 0.539026 0.160081 4 1 0
634.422 0.539077 0.160076 4 1 0
634.922 0.539128 0.160071 4 1 0
635.422 0.539178 0.160067 4 1 0
635.922 0.539229 0.160062 4 1 0
636.422 0.539279 0.160057 4 1 0
636.922 0.53933 0.160052 4 1 0
637.422 0.53938 0.160048 4 1 0
637.922 0.53943 0.160043 4 1 0
638.422 0.53948 0.160038 4 1 0
638.922 0.53953 0.160034 4 1 0
639.422 0.539581 0.160029 4 1 0
639.922 0.539631 0.160024 4 1 0
640.422 0.53968 0.16002 4 1 0
640.922 0.539731 0.160015 4 1 0
641.422 0.53978 0.16001 4 1 0
641.922 0.53983 0.160006 4 1 0
642.422 0.53988 0.160001 4 1 0
642.922 0.539929 0.159996 4 1 0
643.422 0.539979 0.159992 4 1 0
643.922 0.540028 0.159987 4 1 0
644.422 0.540078 0.159983 4 1 0
644.922 0.540127 0.159978 4 1 0
645.422 0.540177 0.159974 4 1 0
645.922 0.540226 0.159969 4 1 0
646.422 0.540275 0.159965 4 1 0
646.922 0.540324 0.15996 4 1 0
647.422 0.540373 0.159956 4 1 0
647.922 0.540422 0.159952 4 1 0
648.422 0.540471 0.159947 4 1 0
648.922 0.54052 0.159943 4 1 0
649.422 0.540568 0.159939 4 1 0
649.922 0.540617 0.159934 4 1 0
650.422 0.540666 0.15993 4 1 0
650.922 0.540714 0.159926 4 1 0
651.422 0.540763 0.159921 4 1 0
651.922 0.540811 0.159917 4 1 0
652.422 0.54086 0.159913 4 1 0
652.922 0.540908 0.159908 4 1 0
653.422 0.540956 0.159904 4 1 0
653.922 0.541004 0.1599 4 1 0
654.422 0.541053 0.159896 4 1 0
654.922 0.541101 0.159892 4 1 0
655.422 0.541149 0.159888 4 1 0
655.922 0.541197 0.159883 4 1 0
656.422 0.541245 0.159879 4 1 0
656.922 0.541292 0.159875 4 1 0
657.422 0.54134 0.159871 4 1 0
657.922 0.541388 0.159867 4 1 0
658.422 0.541435 0.159863 4 1 0
658.922 0.541483 0.159859 4 1 0
659.422 0.541531 0.159855 4 1 0
659.922 0.541578 0.159851 4 1 0
660.422 0.541626 0.159847 4 1 0
660.922 0.541673 0.159843 4 1 0
661.422 0.54172 0.159839 4 1 0
661.922 0.541768 0.159835 4 1 0
662.422 0.541815 0.159831 4 1 0
662.922 0.541862 0.159827 4 1 0
663.422 0.541909 0.159823 4 1 0
663.922 0.541956 0.159819 4 1 0
664.422 0.542003 0.159815 4 1 0
664.922 0.54205 0.159811 4 1 0
665.422 0.542097 0.159808 4 1 0
665.922 0.542143 0.159804 4 1 0
666.422 0.54219 0.1598 4 1 0
666.922 0.542237 0.159796 4 1 0
667.422 0.542283 0.159792 4 1 0
667.922 0.54233 0.159788 4 1 0
668.422 0.542376 0.159785 4 1 0
668.922 0.542422 0.159781 4 1 0
669.422 0.542469 0.159777 4 1 0
669.922 0.542515 0.159773 4 1 0
670.422 0.542561 0.15977 4 1 0
670.922 0.542608 0.159766 4 1 0
671.422 0.542654 0.159762 4 1 0
671.922 0.5427 0.159759 4 1 0
672.422 0.542746 0.159755 4 1 0
672.922 0.542792 0.159751 4 1 0
673.422 0.542838 0.159748 4 1 0
673.922 0.542884 0.159744 4 1 0
674.422 0.542929 0.15974 4 1 0
674.922 0.542975 0.159737 4 1 0
675.422 0.543021 0.159733 4 1 0
675.922 0.543066 0.15973 4 1 0
676.422 0.543112 0.159726 4 1 0
676.922 0.543158 0.159723 4 1 0
677.422 0.543203 0.159719 4 1 0
677.922 0.543248 0.159716 4 1 0
678.422 0.543294 0.159712 4 1 0
678.922 0.543339 0.159709 4 1 0
679.422 0.543384 0.159705 4 1 0
679.922 0.54343 0.159702 4 1 0
680.422 0.543475 0.159698 4 1 0
680.922 0.543519 0.159695 4 1 0
681.422 0.543565 0.159691 4 1 0
681.922 0.54361 0.159688 4 1 0
682.422 0.543654 0.159685 4 1 0
682.922 0.5437 0.159681 4 1 0
683.422 0.543744 0.159678 4 1 0
683.922 0.543789 0.159674 4 1 0
684.422 0.543834 0.159671 4 1 0
684.922 0.543878 0.159668 4 1 0
685.422 0.543923 0.159664 4 1 0
685.922 0.543968 0.159661 4 1 0
686.422 0.544012 0.159658 4 1 0
686.422 0.544012 0.159658 4 1 0
686.442 0.544014 0.159658 4 1 0
686.472 0.544016 0.159658 4 1 0
686.532 0.544021 0.159657 4 1 0
686.622 0.544029 0.159657 4 1 0
686.757 0.544041 0.159656 4 1 0
687.027 0.544065 0.159654 4 1 0
687.527 0.544109 0.15965 4 1 0
688.027 0.544153 0.159647 4 1 0
688.527 0.544199 0.159644 4 1 0
689.027 0.544243 0.159641 4 1 0
689.527 0.544287 0.159638 4 1 0
690.027 0.54433 0.159635 4 1 0
690.527 0.544374 0.159631 4 1 0
691.027 0.544418 0.159628 4 1 0
691.527 0.544463 0.159625 4 1 0
692.027 0.544507 0.159622 4 1 0
692.527 0.54455 0.159619 4 1 0
693.027 0.544594 0.159616 4 1 0
693.527 0.544638 0.159612 4 1 0
694.027 0.544681 0.159609 4 1 0
694.527 0.544726 0.159606 4 1 0
695.027 0.544769 0.159603 4 1 0
695.527 0.544812 0.1596 4 1 0
696.027 0.544856 0.159597 4 1 0
696.527 0.544899 0.159594 4 1 0
697.027 0.544943 0.159591 4 1 0
697.527 0.544986 0.159588 4 1 0
698.027 0.545029 0.159585 4 1 0
698.527 0.545073 0.159582 4 1 0
699.027 0.545116 0.159579 4 1 0
699.527 0.545159 0.159576 4 1 0
700.027 0.545202 0.159573 4 1 0
700.527 0.545245 0.15957 4 1 0
701.027 0.545288 0.159567 4 1 0
701.527 0.545331 0.159564 4 1 0
702.027 0.545374 0.159561 4 1 0
702.527 0.545417 0.159558 4 1 0
703.027 0.54546 0.159555 4 1 0
703.527 0.545503 0.159552 4 1 0
704.027 0.545545 0.159549 4 1 0
704.527 0.545588 0.159546 4 1 0
705.027 0.545631 0.159544 4 1 0
705.527 0.545673 0.159541 4 1 0
706.027 0.545715 0.159538 4 1 0
706.527 0.545758 0.159535 4 1 0
707.027 0.5458 0.159532 4 1 0
707.527 0.545842 0.159529 4 1 0
708.027 0.545885 0.159527 4 1 0
708.527 0.545927 0.159524 4 1 0
709.027 0.545969 0.159521 4 1 0
709.527 0.546012 0.159518 4 1 0
710.027 0.546054 0.159516 4 1 0
710.527 0.546095 0.159513 4 1 0
711.027 0.546138 0.15951 4 1 0
711.527 0.54618 0.159507 4 1 0
712.027 0.546221 0.159505 4 1 0
712.527 0.546264 0.159502 4 1 0
713.027 0.546305 0.159499 4 1 0
713.527 0.546347 0.159496 4 1 0
714.027 0.546389 0.159494 4 1 0
714.527 0.54643 0.159491 4 1 0
715.027 0.546472 0.159488 4 1 0
715.527 0.546514 0.159486 4 1 0
716.027 0.546555 0.159483 4 1 0
716.527 0.546596 0.159481 4 1 0
717.027 0.546638 0.159478 4 1 0
717.527 0.54668 0.159475 4 1 0
718.027 0.546721 0.159473 4 1 0
718.527 0.546763 0.15947 4 1 0
719.027 0.546803 0.159468 4 1 0
719.527 0.546844 0.159465 4 1 0
720.027 0.546886 0.159463 4 1 0
720.527 0.546927 0.15946 4 1 0
721.027 0.546968 0.159457 4 1 0
721.527 0.547009 0.159455 4 1 0
722.027 0.54705 0.159452 4 1 0
722.527 0.547091 0.15945 4 1 0
723.027 0.547132 0.159447 4 1 0
723.527 0.547173 0.159445 4 1 0
724.027 0.547213 0.159442 4 1 0
724.527 0.547255 0.15944 4 1 0
725.027 0.547295 0.159437 4 1 0
725.527 0.547336 0.159435 4 1 0
726.027 0.547377 0.159433 4 1 0
726.527 0.547417 0.15943 4 1 0
727.027 0.547457 0.159428 4 1 0
727.527 0.547498 0.159425 4 1 0
728.027 0.547539 0.159423 4 1 0
728.527 0.547579 0.15942 4 1 0
729.027 0.54762 0.159418 4 1 0
729.527 0.54766 0.159416 4 1 0
730.027 0.5477 0.159413 4 1 0
730.527 0.54774 0.159411 4 1 0
731.027 0.54778 0.159409 4 1 0
731.527 0.54782 0.159406 4 1 0
732.027 0.547861 0.159404 4 1 0
732.527 0.547901 0.159402 4 1 0
733.027 0.54794 0.159399 4 1 0
733.527 0.547981 0.159397 4 1 0
734.027 0.548021 0.159395 4 1 0
734.527 0.54806 0.159392 4 1 0
735.027 0.548101 0.15939 4 1 0
735.527 0.54814 0.159388 4 1 0
736.027 0.54818 0.159385 4 1 0
736.527 0.54822 0.159383 4 1 0
737.027 0.548259 0.159381 4 1 0
737.527 0.548299 0.159379 4 1 0
738.027 0.548339 0.159377 4 1 0
738.527 0.548378 0.159374 4 1 0
739.027 0.548417 0.159372 4 1 0
739.527 0.548457 0.15937 4 1 0
740.027 0.548496 0.159368 4 1 0
740.527 0.548536 0.159365 4 1 0
741.027 0.548576 0.159363 4 1 0
741.527 0.548615 0.159361 4 1 0
742.027 0.548653 0.159359 4 1 0
742.527 0.548693 0.159357 4 1 0
743.027 0.548732 0.159355 4 1 0
743.527 0.548771 0.159352 4 1 0
744.027 0.548811 0.15935 4 1 0
744.527 0.548849 0.159348 4 1 0
745.027 0.548888 0.159346 4 1 0
745.527 0.548928 0.159344 4 1 0
746.027 0.548966 0.159342 4 1 0
746.527 0.549005 0.15934 4 1 0
747.027 0.549044 0.159338 4 1 0
747.527 0.549083 0.159336 4 1 0
748.027 0.549121 0.159333 4 1 0
748.527 0.549161 0.159332 4 1 0
749.027 0.549199 0.159329 4 1 0
749.527 0.549237 0.159327 4 1 0
750.027 0.549277 0.159325 4 1 0
750.527 0.549315 0.159323 4 1 0
751.027 0.549353 0.159321 4 1 0
751.527 0.549392 0.159319 4 1 0
752.027 0.54943 0.159317 4 1 0
752.527 0.549468 0.159315 4 1 0
753.027 0.549507 0.159313 4 1 0
753.527 0.549545 0.159311 4 1 0
754.027 0.549583 0.159309 4 1 0
754.527 0.549622 0.159307 4 1 0
755.027 0.54966 0.159305 4 1 0
755.527 0.549698 0.159303 4 1 0
756.027 0.549737 0.159302 4 1 0
756.527 0.549774 0.159299 4 1 0
757.027 0.549812 0.159297 4 1 0
757.527 0.549851 0.159296 4 1 0
758.027 0.549889 0.159294 4 1 0
758.527 0.549926 0.159292 4 1 0
759.027 0.549965 0.15929 4 1 0
759.527 0.550002 0.159288 4 1 0
760.027 0.55004 0.159286 4 1 0
760.527 0.550078 0.159284 4 1 0
761.027 0.550116 0.159282 4 1 0
761.527 0.550153 0.15928 4 1 0
762.027 0.550191 0.159279 4 1 0
762.527 0.550229 0.159277 4 1 0
763.027 0.550266 0.159275 4 1 0
763.527 0.550304 0.159273 4 1 0
764.027 0.550341 0.159271 4 1 0
764.527 0.550378 0.159269 4 1 0
765.027 0.550416 0.159268 4 1 0
765.527 0.550453 0.159266 4 1 0
766.027 0.55049 0.159264 4 1 0
766.527 0.550528 0.159262 4 1 0
767.027 0.550565 0.15926 4 1 0
767.527 0.550602 0.159258 4 1 0
768.027 0.55064 0.159257 4 1 0
768.527 0.550677 0.159255 4 1 0
769.027 0.550714 0.159253 4 1 0
769.527 0.550752 0.159252 4 1 0
770.027 0.550788 0.15925 4 1 0
770.527 0.550825 0.159248 4 1 0
771.027 0.550863 0.159246 4 1 0
771.527 0.550899 0.159244 4 1 0
772.027 0.550936 0.159243 4 1 0
772.527 0.550973 0.159241 4 1 0
773.027 0.55101 0.159239 4 1 0
773.527 0.551046 0.159237 4 1 0
774.027 0.551084 0.159236 4 1 0
774.527 0.55112 0.159234 4 1 0
775.027 0.551156 0.159232 4 1 0
775.527 0.551194 0.159231 4 1 0
776.027 0.55123 0.159229 4 1 0
776.527 0.551266 0.159227 4 1 0
777.027 0.551304 0.159226 4 1 0
777.527 0.55134 0.159224 4 1 0
778.027 0.551376 0.159222 4 1 0
778.527 0.551413 0.159221 4 1 0
779.027 0.551449 0.159219 4 1 0
779.527 0.551485 0.159217 4 1 0
780.027 0.551522 0.159216 4 1 0
780.527 0.551558 0.159214 4 1 0
781.027 0.551594 0.159212 4 1 0
781.527 0.551631 0.159211 4 1 0
782.027 0.551667 0.159209 4 1 0
782.527 0.551702 0.159208 4 1 0
783.027 0.551739 0.159206 4 1 0
783.527 0.551775 0.159205 4 1 0
