50 0.0890582 0.0890582 2 1 0
50.04 0.0890945 0.0890945 1 1 0
50.08 0.0891309 0.0891309 1 1 0
50.16 0.0892039 0.0892039 1 1 0
50.32 0.0893502 0.0893502 1 1 0
50.64 0.0896446 0.0896446 1 1 0
51.14 0.0901093 0.0901093 1 1 0
51.64 0.0905799 0.0905799 1 1 0
52.14 0.0910564 0.0910564 1 1 0
52.64 0.091539 0.091539 1 1 0
53.14 0.0920276 0.0920276 1 1 0
53.64 0.0925224 0.0925224 1 1 0
54.14 0.0930234 0.0930234 1 1 0
54.64 0.0935307 0.0935307 1 1 0
55.14 0.0940445 0.0940445 1 1 0
55.64 0.0945647 0.0945647 1 1 0
56.14 0.0950915 0.0950915 1 1 0
56.6399 0.0956249 0.0956249 1 1 0
57.1399 0.096165 0.096165 1 1 0
57.6399 0.0967119 0.0967119 1 1 0
58.1399 0.0972656 0.0972656 1 1 0
58.6399 0.0978264 0.0978264 1 1 0
59.1399 0.0983942 0.0983942 1 1 0
59.6399 0.098969 0.098969 1 1 0
60.1399 0.0995511 0.0995511 1 1 0
60.6399 0.100141 0.100141 1 1 0
61.1399 0.100737 0.100737 1 1 0
61.6399 0.101341 0.101341 1 1 0
62.1399 0.101953 0.101953 1 1 0
62.6399 0.102572 0.102572 1 1 0
63.1399 0.1032 0.1032 1 1 0
63.6399 0.103834 0.103834 1 1 0
64.1399 0.104477 0.104477 1 1 0
64.6399 0.105128 0.105128 1 1 0
65.1399 0.105786 0.105786 1 1 0
65.6399 0.106453 0.106453 1 1 0
66.1399 0.107128 0.107128 1 1 0
66.6399 0.107811 0.107811 1 1 0
67.1399 0.108503 0.108503 1 1 0
67.6399 0.109203 0.109203 1 1 0
68.1399 0.109912 0.109912 1 1 0
68.6398 0.110629 0.110629 1 1 0
69.1398 0.111355 0.111355 1 1 0
69.6398 0.112089 0.112089 1 1 0
70.1398 0.112833 0.112833 1 1 0
70.6398 0.113585 0.113585 1 1 0
71.1398 0.114347 0.114347 1 1 0
71.6398 0.115117 0.115117 1 1 0
72.1398 0.115897 0.115897 1 1 0
72.6398 0.116686 0.116686 1 1 0
73.1398 0.117485 0.117485 1 1 0
73.6398 0.118292 0.118292 1 1 0
74.1398 0.11911 0.11911 1 1 0
74.6398 0.119937 0.119937 1 1 0
75.1398 0.120773 0.120773 1 1 0
75.6398 0.12162 0.12162 1 1 0
76.1398 0.122476 0.122476 1 1 0
76.6398 0.123342 0.123342 1 1 0
77.1398 0.124218 0.124218 1 1 0
77.6398 0.125104 0.125104 1 1 0
78.1398 0.126 0.126 1 1 0
78.6398 0.126906 0.126906 1 1 0
79.1398 0.127823 0.127823 1 1 0
79.6398 0.12875 0.12875 1 1 0
80.1397 0.129687 0.129687 1 1 0
80.6397 0.130635 0.130635 1 1 0
81.1397 0.131593 0.131593 1 1 0
81.6397 0.132562 0.132562 1 1 0
82.1397 0.133542 0.133542 1 1 0
82.6397 0.134532 0.134532 1 1 0
83.1397 0.135533 0.135533 1 1 0
83.6397 0.136545 0.136545 1 1 0
84.1397 0.137568 0.137568 1 1 0
84.6397 0.138602 0.138602 1 1 0
85.1397 0.139647 0.139647 1 1 0
85.6397 0.140703 0.140703 1 1 0
86.1397 0.141771 0.141771 1 1 0
86.6397 0.142849 0.142849 1 1 0
87.1397 0.143939 0.143939 1 1 0
87.6397 0.14504 0.14504 1 1 0
88.1397 0.146153 0.146153 1 1 0
88.6397 0.147277 0.147277 1 1 0
89.1397 0.148413 0.148413 1 1 0
89.6397 0.14956 0.14956 1 1 0
90.1397 0.150718 0.150718 1 1 0
90.6397 0.151889 0.151889 1 1 0
91.1397 0.153071 0.153071 1 1 0
91.6396 0.154265 0.154265 1 1 0
92.1396 0.155471 0.155471 1 1 0
92.6396 0.156688 0.156688 1 1 0
93.1396 0.157918 0.157918 1 1 0
93.6396 0.159159 0.159159 1 1 0
94.1396 0.160412 0.160412 1 1 0
94.6396 0.161678 0.161678 1 1 0
95.1396 0.162955 0.162955 1 1 0
95.6396 0.164245 0.164245 1 1 0
96.1396 0.165546 0.165546 1 1 0
96.6396 0.16686 0.16686 1 1 0
97.1396 0.168186 0.168186 1 1 0
97.6396 0.169524 0.169524 1 1 0
98.1396 0.170875 0.170875 1 1 0
98.6396 0.172237 0.172237 1 1 0
99.1396 0.173612 0.173612 1 1 0
99.6396 0.174999 0.174999 1 1 0
100.14 0.176399 0.176399 1 1 0
100.64 0.177811 0.177811 1 1 0
101.14 0.179235 0.179235 1 1 0
101.64 0.180672 0.180672 1 1 0
102.14 0.182121 0.182121 1 1 0
102.64 0.183583 0.183583 1 1 0
103.14 0.185057 0.185057 1 1 0
103.64 0.186543 0.186543 1 1 0
104.14 0.188042 0.188042 1 1 0
104.64 0.189554 0.189554 1 1 0
105.14 0.191078 0.191078 1 1 0
105.64 0.192614 0.192614 1 1 0
106.14 0.194163 0.194163 1 1 0
106.64 0.195725 0.195725 1 1 0
107.14 0.197299 0.197299 1 1 0
107.64 0.198885 0.198885 1 1 0
108.14 0.200484 0.200484 1 1 0
108.64 0.202095 0.202095 1 1 0
109.14 0.203719 0.203719 1 1 0
109.639 0.205356 0.205356 1 1 0
110.139 0.207005 0.207005 1 1 0
110.639 0.208666 0.208666 1 1 0
111.139 0.21034 0.21034 1 1 0
111.639 0.212026 0.212026 1 1 0
112.139 0.213725 0.213725 1 1 0
112.639 0.215436 0.215436 1 1 0
113.139 0.21716 0.21716 1 1 0
113.639 0.218896 0.218896 1 1 0
114.139 0.220644 0.220644 1 1 0
114.639 0.222405 0.222405 1 1 0
115.139 0.224178 0.224178 1 1 0
115.639 0.225964 0.225964 1 1 0
116.139 0.227761 0.227761 1 1 0
116.639 0.229571 0.229571 1 1 0
117.139 0.231393 0.231393 1 1 0
117.639 0.233227 0.233227 1 1 0
118.139 0.235074 0.235074 1 1 0
118.639 0.236932 0.236932 1 1 0
119.139 0.238803 0.238803 1 1 0
119.639 0.240686 0.240686 1 1 0
120.139 0.24258 0.24258 1 1 0
120.639 0.244487 0.244487 1 1 0
121.139 0.246405 0.246405 1 1 0
121.639 0.248336 0.248336 1 1 0
122.139 0.250278 0.250278 1 1 0
122.639 0.252232 0.252232 1 1 0
123.139 0.254198 0.254198 1 1 0
123.639 0.256175 0.256175 1 1 0
124.139 0.258164 0.258164 1 1 0
124.639 0.260164 0.260164 1 1 0
125.139 0.262176 0.262176 1 1 0
125.639 0.2642 0.2642 1 1 0
126.139 0.266235 0.266235 1 1 0
126.639 0.268281 0.268281 1 1 0
127.139 0.270338 0.270338 1 1 0
127.639 0.272407 0.272407 1 1 0
128.139 0.274487 0.274487 1 1 0
128.639 0.276578 0.276578 1 1 0
129.139 0.27868 0.27868 1 1 0
129.639 0.280792 0.280792 1 1 0
130.139 0.282916 0.282916 1 1 0
130.639 0.28505 0.28505 1 1 0
130.794 0.285714 0.285714 1 1 0
131.294 0.287863 0.287863 2 1 0
131.794 0.290022 0.290022 2 1 0
132.294 0.292191 0.292191 2 1 0
132.794 0.294371 0.294371 2 1 0
133.294 0.296561 0.296561 2 1 0
133.794 0.298762 0.298762 2 1 0
134.294 0.300973 0.300973 2 1 0
134.794 0.303193 0.303193 2 1 0
135.294 0.305424 0.305424 2 1 0
135.794 0.307665 0.307665 2 1 0
136.294 0.309915 0.309915 2 1 0
136.794 0.312176 0.312176 2 1 0
137.294 0.314446 0.314446 2 1 0
137.794 0.316725 0.316725 2 1 0
138.294 0.319014 0.319014 2 1 0
138.794 0.321312 0.321312 2 1 0
139.294 0.323619 0.323619 2 1 0
139.794 0.325936 0.325936 2 1 0
140.294 0.328261 0.328261 2 1 0
140.794 0.330596 0.330596 2 1 0
141.294 0.332939 0.332939 2 1 0
141.794 0.335291 0.335291 2 1 0
142.294 0.337652 0.337652 2 1 0
142.794 0.340021 0.340021 2 1 0
143.294 0.342398 0.342398 2 1 0
143.794 0.344783 0.344783 2 1 0
144.294 0.347177 0.347177 2 1 0
144.794 0.349579 0.349579 2 1 0
145.294 0.351989 0.351989 2 1 0
145.794 0.354406 0.354406 2 1 0
146.294 0.356831 0.356831 2 1 0
146.794 0.359264 0.359264 2 1 0
147.294 0.361704 0.361704 2 1 0
130.794 0.285714 0.285714 2 2 0
126.346 0.285714 0.285714 2 2 0
126.34 0.285714 0.285714 2 2 0
126.337 0.285714 0.285714 2 2 0
126.331 0.285714 0.285714 2 2 0
126.321 0.285714 0.285714 2 2 0
126.301 0.285714 0.285714 2 2 0
126.261 0.285714 0.285714 2 2 0
126.181 0.285714 0.285714 2 2 0
126.021 0.285714 0.285714 2 2 0
125.701 0.285714 0.285714 2 2 0
125.201 0.285714 0.285714 2 2 0
124.701 0.285714 0.285714 2 2 0
124.201 0.285714 0.285714 2 2 0
123.701 0.285714 0.285714 2 2 0
123.201 0.285714 0.285714 2 2 0
122.701 0.285714 0.285714 2 2 0
122.201 0.285714 0.285714 2 2 0
121.701 0.285714 0.285714 2 2 0
121.201 0.285714 0.285714 2 2 0
120.701 0.285714 0.285714 2 2 0
120.201 0.285714 0.285714 2 2 0
119.701 0.285714 0.285714 2 2 0
119.201 0.285714 0.285714 2 2 0
118.701 0.285714 0.285714 2 2 0
118.201 0.285714 0.285714 2 2 0
117.701 0.285714 0.285714 2 2 0
117.201 0.285714 0.285714 2 2 0
116.701 0.285714 0.285714 2 2 0
116.201 0.285714 0.285714 2 2 0
115.701 0.285714 0.285714 2 2 0
115.201 0.285714 0.285714 2 2 0
114.701 0.285714 0.285714 2 2 0
114.201 0.285714 0.285714 2 2 0
113.701 0.285714 0.285714 2 2 0
113.201 0.285714 0.285714 2 2 0
112.701 0.285714 0.285714 2 2 0
112.201 0.285714 0.285714 2 2 0
111.701 0.285714 0.285714 2 2 0
111.201 0.285714 0.285714 2 2 0
110.701 0.285714 0.285714 2 2 0
110.201 0.285714 0.285714 2 2 0
109.701 0.285714 0.285714 2 2 0
109.201 0.285714 0.285714 2 2 0
108.701 0.285714 0.285714 2 2 0
108.201 0.285714 0.285714 2 2 0
107.701 0.285714 0.285714 2 2 0
107.201 0.285714 0.285714 2 2 0
106.701 0.285714 0.285714 2 2 0
106.201 0.285714 0.285714 2 2 0
105.701 0.285714 0.285714 2 2 0
105.201 0.285714 0.285714 2 2 0
104.701 0.285714 0.285714 2 2 0
104.201 0.285714 0.285714 2 2 0
103.701 0.285714 0.285714 2 2 0
103.201 0.285714 0.285714 2 2 0
102.701 0.285714 0.285714 2 2 0
102.201 0.285714 0.285714 2 2 0
101.701 0.285714 0.285714 2 2 0
101.201 0.285714 0.285714 2 2 0
100.701 0.285714 0.285714 2 2 0
100.201 0.285714 0.285714 2 2 0
99.7015 0.285714 0.285714 2 2 0
99.2015 0.285714 0.285714 2 2 0
98.7015 0.285714 0.285714 2 2 0
98.2015 0.285714 0.285714 2 2 0
97.7015 0.285714 0.285714 2 2 0
97.2015 0.285714 0.285714 2 2 0
96.7015 0.285714 0.285714 2 2 0
96.2015 0.285714 0.285714 2 2 0
95.7015 0.285714 0.285714 2 2 0
95.2015 0.285714 0.285714 2 2 0
94.7015 0.285714 0.285714 2 2 0
94.2015 0.285714 0.285714 2 2 0
93.7015 0.285714 0.285714 2 2 0
93.2015 0.285714 0.285714 2 2 0
92.7015 0.285714 0.285714 2 2 0
92.2015 0.285714 0.285714 2 2 0
91.7015 0.285714 0.285714 2 2 0
91.2015 0.285714 0.285714 2 2 0
90.7015 0.285714 0.285714 2 2 0
90.2015 0.285714 0.285714 2 2 0
89.7015 0.285714 0.285714 2 2 0
89.2015 0.285714 0.285714 2 2 0
88.7015 0.285714 0.285714 2 2 0
88.2015 0.285714 0.285714 2 2 0
87.7015 0.285714 0.285714 2 2 0
87.2015 0.285714 0.285714 2 2 0
86.7015 0.285714 0.285714 2 2 0
86.2015 0.285714 0.285714 2 2 0
85.7015 0.285714 0.285714 2 2 0
85.2015 0.285714 0.285714 2 2 0
84.7015 0.285714 0.285714 2 2 0
84.2015 0.285714 0.285714 2 2 0
83.7015 0.285714 0.285714 2 2 0
83.2015 0.285714 0.285714 2 2 0
82.7015 0.285714 0.285714 2 2 0
82.2015 0.285714 0.285714 2 2 0
81.7015 0.285714 0.285714 2 2 0
81.2015 0.285714 0.285714 2 2 0
80.7015 0.285714 0.285714 2 2 0
80.2015 0.285714 0.285714 2 2 0
79.7015 0.285714 0.285714 2 2 0
79.2015 0.285714 0.285714 2 2 0
78.7015 0.285714 0.285714 2 2 0
78.2015 0.285714 0.285714 2 2 0
77.7015 0.285714 0.285714 2 2 0
77.2015 0.285714 0.285714 2 2 0
76.7015 0.285714 0.285714 2 2 0
76.2015 0.285714 0.285714 2 2 0
75.7015 0.285714 0.285714 2 2 0
75.2015 0.285714 0.285714 2 2 0
74.7015 0.285714 0.285714 2 2 0
74.2015 0.285714 0.285714 2 2 0
73.7015 0.285714 0.285714 2 2 0
73.2015 0.285714 0.285714 2 2 0
72.7015 0.285714 0.285714 2 2 0
72.2015 0.285714 0.285714 2 2 0
71.7015 0.285714 0.285714 2 2 0
71.2015 0.285714 0.285714 2 2 0
70.7015 0.285714 0.285714 2 2 0
70.2015 0.285714 0.285714 2 2 0
69.7015 0.285714 0.285714 2 2 0
69.2015 0.285714 0.285714 2 2 0
68.7015 0.285714 0.285714 2 2 0
68.2015 0.285714 0.285714 2 2 0
67.7015 0.285714 0.285714 2 2 0
67.2015 0.285714 0.285714 2 2 0
66.7015 0.285714 0.285714 2 2 0
66.2015 0.285714 0.285714 2 2 0
65.7015 0.285714 0.285714 2 2 0
65.2015 0.285714 0.285714 2 2 0
64.7015 0.285714 0.285714 2 2 0
64.2015 0.285714 0.285714 2 2 0
63.7015 0.285714 0.285714 2 2 0
63.2015 0.285714 0.285714 2 2 0
62.7015 0.285714 0.285714 2 2 0
62.2015 0.285714 0.285714 2 2 0
61.7015 0.285714 0.285714 2 2 0
61.2015 0.285714 0.285714 2 2 0
60.7015 0.285714 0.285714 2 2 0
60.2015 0.285714 0.285714 2 2 0
59.7015 0.285714 0.285714 2 2 0
59.2015 0.285714 0.285714 2 2 0
58.7015 0.285714 0.285714 2 2 0
58.2015 0.285714 0.285714 2 2 0
57.7015 0.285714 0.285714 2 2 0
57.2015 0.285714 0.285714 2 2 0
56.7015 0.285714 0.285714 2 2 0
56.2015 0.285714 0.285714 2 2 0
55.7015 0.285714 0.285714 2 2 0
55.2015 0.285714 0.285714 2 2 0
54.7015 0.285714 0.285714 2 2 0
54.2015 0.285714 0.285714 2 2 0
53.7015 0.285714 0.285714 2 2 0
53.2015 0.285714 0.285714 2 2 0
52.7015 0.285714 0.285714 2 2 0
52.2015 0.285714 0.285714 2 2 0
51.7015 0.285714 0.285714 2 2 0
51.2015 0.285714 0.285714 2 2 0
50.7015 0.285714 0.285714 2 2 0
50.2015 0.285714 0.285714 2 2 0
49.7015 0.285714 0.285714 2 2 0
49.2015 0.285714 0.285714 2 2 0
48.7015 0.285714 0.285714 2 2 0
48.2015 0.285714 0.285714 2 2 0
47.7015 0.285714 0.285714 2 2 0
47.2015 0.285714 0.285714 2 2 0
46.7015 0.285714 0.285714 2 2 0
46.2015 0.285714 0.285714 2 2 0
45.7015 0.285714 0.285714 2 2 0
45.2015 0.285714 0.285714 2 2 0
44.7015 0.285714 0.285714 2 2 0
44.2015 0.285714 0.285714 2 2 0
43.7015 0.285714 0.285714 2 2 0
43.2015 0.285714 0.285714 2 2 0
42.7015 0.285714 0.285714 2 2 0
42.2015 0.285714 0.285714 2 2 0
41.7015 0.285714 0.285714 2 2 0
41.2015 0.285714 0.285714 2 2 0
40.7015 0.285714 0.285714 2 2 0
40.2015 0.285714 0.285714 2 2 0
39.7015 0.285714 0.285714 2 2 0
39.2015 0.285714 0.285714 2 2 0
38.7015 0.285714 0.285714 2 2 0
38.2015 0.285714 0.285714 2 2 0
37.7015 0.285714 0.285714 2 2 0
37.2015 0.285714 0.285714 2 2 0
36.7016 0.285714 0.285714 2 2 0
36.2016 0.285714 0.285714 2 2 0
35.7016 0.285714 0.285714 2 2 0
35.2016 0.285714 0.285714 2 2 0
34.7016 0.285714 0.285714 2 2 0
34.2016 0.285714 0.285714 2 2 0
33.7016 0.285714 0.285714 2 2 0
33.2016 0.285714 0.285714 2 2 0
32.7016 0.285714 0.285714 2 2 0
32.2016 0.285714 0.285714 2 2 0
31.7016 0.285714 0.285714 2 2 0
31.2016 0.285714 0.285714 2 2 0
130.794 0.285714 0.285714 2 2 0
135.236 0.285714 0.285714 2 2 0
135.243 0.285714 0.285714 1 2 0
135.246 0.285714 0.285714 1 2 0
135.251 0.285714 0.285714 1 2 0
135.261 0.285714 0.285714 1 2 0
135.281 0.285714 0.285714 1 2 0
135.321 0.285714 0.285714 1 2 0
135.401 0.285714 0.285714 1 2 0
135.561 0.285714 0.285714 1 2 0
135.881 0.285714 0.285714 1 2 0
136.381 0.285714 0.285714 1 2 0
136.881 0.285714 0.285714 1 2 0
137.381 0.285714 0.285714 1 2 0
137.881 0.285714 0.285714 1 2 0
138.381 0.285714 0.285714 1 2 0
138.881 0.285714 0.285714 1 2 0
139.381 0.285714 0.285714 1 2 0
139.881 0.285714 0.285714 1 2 0
140.381 0.285714 0.285714 1 2 0
140.881 0.285714 0.285714 1 2 0
141.381 0.285714 0.285714 1 2 0
141.881 0.285714 0.285714 1 2 0
142.381 0.285714 0.285714 1 2 0
142.881 0.285714 0.285714 1 2 0
143.381 0.285714 0.285714 1 2 0
143.881 0.285714 0.285714 1 2 0
144.381 0.285714 0.285714 1 2 0
144.881 0.285714 0.285714 1 2 0
145.381 0.285714 0.285714 1 2 0
145.881 0.285714 0.285714 1 2 0
146.381 0.285714 0.285714 1 2 0
146.881 0.285714 0.285714 1 2 0
147.381 0.285714 0.285714 1 2 0
147.881 0.285714 0.285714 1 2 0
148.381 0.285714 0.285714 1 2 0
148.881 0.285714 0.285714 1 2 0
149.381 0.285714 0.285714 1 2 0
149.881 0.285714 0.285714 1 2 0
150.381 0.285714 0.285714 1 2 0
150.881 0.285714 0.285714 1 2 0
151.381 0.285714 0.285714 1 2 0
151.881 0.285714 0.285714 1 2 0
152.381 0.285714 0.285714 1 2 0
152.881 0.285714 0.285714 1 2 0
153.381 0.285714 0.285714 1 2 0
153.881 0.285714 0.285714 1 2 0
154.381 0.285714 0.285714 1 2 0
154.881 0.285714 0.285714 1 2 0
155.381 0.285714 0.285714 1 2 0
155.881 0.285714 0.285714 1 2 0
156.381 0.285714 0.285714 1 2 0
156.881 0.285714 0.285714 1 2 0
157.381 0.285714 0.285714 1 2 0
157.881 0.285714 0.285714 1 2 0
158.381 0.285714 0.285714 1 2 0
158.881 0.285714 0.285714 1 2 0
159.381 0.285714 0.285714 1 2 0
159.881 0.285714 0.285714 1 2 0
160.381 0.285714 0.285714 1 2 0
160.881 0.285714 0.285714 1 2 0
161.381 0.285714 0.285714 1 2 0
161.881 0.285714 0.285714 1 2 0
162.381 0.285714 0.285714 1 2 0
162.881 0.285714 0.285714 1 2 0
163.381 0.285714 0.285714 1 2 0
163.881 0.285714 0.285714 1 2 0
164.381 0.285714 0.285714 1 2 0
164.881 0.285714 0.285714 1 2 0
165.381 0.285714 0.285714 1 2 0
165.881 0.285714 0.285714 1 2 0
166.381 0.285714 0.285714 1 2 0
166.881 0.285714 0.285714 1 2 0
167.381 0.285714 0.285714 1 2 0
167.881 0.285714 0.285714 1 2 0
168.381 0.285714 0.285714 1 2 0
168.881 0.285714 0.285714 1 2 0
169.381 0.285714 0.285714 1 2 0
169.881 0.285714 0.285714 1 2 0
170.381 0.285714 0.285714 1 2 0
170.881 0.285714 0.285714 1 2 0
171.381 0.285714 0.285714 1 2 0
171.881 0.285714 0.285714 1 2 0
172.381 0.285714 0.285714 1 2 0
172.881 0.285714 0.285714 1 2 0
173.381 0.285714 0.285714 1 2 0
173.881 0.285714 0.285714 1 2 0
174.381 0.285714 0.285714 1 2 0
174.881 0.285714 0.285714 1 2 0
175.381 0.285714 0.285714 1 2 0
175.881 0.285714 0.285714 1 2 0
176.381 0.285714 0.285714 1 2 0
176.881 0.285714 0.285714 1 2 0
177.381 0.285714 0.285714 1 2 0
177.881 0.285714 0.285714 1 2 0
178.381 0.285714 0.285714 1 2 0
178.881 0.285714 0.285714 1 2 0
179.381 0.285714 0.285714 1 2 0
179.881 0.285714 0.285714 1 2 0
180.381 0.285714 0.285714 1 2 0
180.881 0.285714 0.285714 1 2 0
181.381 0.285714 0.285714 1 2 0
181.881 0.285714 0.285714 1 2 0
182.381 0.285714 0.285714 1 2 0
182.881 0.285714 0.285714 1 2 0
183.381 0.285714 0.285714 1 2 0
183.881 0.285714 0.285714 1 2 0
184.381 0.285714 0.285714 1 2 0
184.881 0.285714 0.285714 1 2 0
185.381 0.285714 0.285714 1 2 0
185.881 0.285714 0.285714 1 2 0
186.381 0.285714 0.285714 1 2 0
186.881 0.285714 0.285714 1 2 0
187.381 0.285714 0.285714 1 2 0
187.881 0.285714 0.285714 1 2 0
188.381 0.285714 0.285714 1 2 0
188.881 0.285714 0.285714 1 2 0
189.381 0.285714 0.285714 1 2 0
189.881 0.285714 0.285714 1 2 0
190.381 0.285714 0.285714 1 2 0
190.881 0.285714 0.285714 1 2 0
191.381 0.285714 0.285714 1 2 0
191.881 0.285714 0.285714 1 2 0
192.381 0.285714 0.285714 1 2 0
192.881 0.285714 0.285714 1 2 0
193.381 0.285714 0.285714 1 2 0
193.881 0.285714 0.285714 1 2 0
194.381 0.285714 0.285714 1 2 0
194.881 0.285714 0.285714 1 2 0
195.381 0.285714 0.285714 1 2 0
195.881 0.285714 0.285714 1 2 0
196.381 0.285714 0.285714 1 2 0
196.881 0.285714 0.285714 1 2 0
197.381 0.285714 0.285714 1 2 0
197.881 0.285714 0.285714 1 2 0
198.381 0.285714 0.285714 1 2 0
198.881 0.285714 0.285714 1 2 0
199.381 0.285714 0.285714 1 2 0
199.881 0.285714 0.285714 1 2 0
200.381 0.285714 0.285714 1 2 0
200.881 0.285714 0.285714 1 2 0
201.381 0.285714 0.285714 1 2 0
201.881 0.285714 0.285714 1 2 0
202.381 0.285714 0.285714 1 2 0
202.881 0.285714 0.285714 1 2 0
203.381 0.285714 0.285714 1 2 0
203.881 0.285714 0.285714 1 2 0
204.381 0.285714 0.285714 1 2 0
204.881 0.285714 0.285714 1 2 0
205.381 0.285714 0.285714 1 2 0
205.881 0.285714 0.285714 1 2 0
206.381 0.285714 0.285714 1 2 0
206.881 0.285714 0.285714 1 2 0
207.381 0.285714 0.285714 1 2 0
207.881 0.285714 0.285714 1 2 0
208.381 0.285714 0.285714 1 2 0
208.881 0.285714 0.285714 1 2 0
209.381 0.285714 0.285714 1 2 0
209.881 0.285714 0.285714 1 2 0
210.381 0.285714 0.285714 1 2 0
210.881 0.285714 0.285714 1 2 0
211.381 0.285714 0.285714 1 2 0
211.881 0.285714 0.285714 1 2 0
212.381 0.285714 0.285714 1 2 0
212.881 0.285714 0.285714 1 2 0
213.381 0.285714 0.285714 1 2 0
213.881 0.285714 0.285714 1 2 0
214.381 0.285714 0.285714 1 2 0
214.881 0.285714 0.285714 1 2 0
215.381 0.285714 0.285714 1 2 0
215.881 0.285714 0.285714 1 2 0
216.381 0.285714 0.285714 1 2 0
216.881 0.285714 0.285714 1 2 0
217.381 0.285714 0.285714 1 2 0
217.881 0.285714 0.285714 1 2 0
218.381 0.285714 0.285714 1 2 0
218.881 0.285714 0.285714 1 2 0
219.381 0.285714 0.285714 1 2 0
219.881 0.285714 0.285714 1 2 0
220.381 0.285714 0.285714 1 2 0
220.881 0.285714 0.285714 1 2 0
221.381 0.285714 0.285714 1 2 0
221.881 0.285714 0.285714 1 2 0
222.381 0.285714 0.285714 1 2 0
222.881 0.285714 0.285714 1 2 0
223.381 0.285714 0.285714 1 2 0
223.881 0.285714 0.285714 1 2 0
224.381 0.285714 0.285714 1 2 0
224.881 0.285714 0.285714 1 2 0
225.381 0.285714 0.285714 1 2 0
225.881 0.285714 0.285714 1 2 0
226.381 0.285714 0.285714 1 2 0
226.881 0.285714 0.285714 1 2 0
227.381 0.285714 0.285714 1 2 0
227.881 0.285714 0.285714 1 2 0
228.381 0.285714 0.285714 1 2 0
228.881 0.285714 0.285714 1 2 0
229.381 0.285714 0.285714 1 2 0
229.881 0.285714 0.285714 1 2 0
230.381 0.285714 0.285714 1 2 0
147.294 0.361704 0.361704 2 1 0
147.334 0.361899 0.361899 2 1 0
147.374 0.362095 0.362095 2 1 0
147.454 0.362486 0.362486 2 1 0
147.614 0.363269 0.363269 2 1 0
147.934 0.364837 0.364837 2 1 0
148.434 0.367294 0.367294 2 1 0
148.934 0.369757 0.369757 2 1 0
149.434 0.372227 0.372227 2 1 0
149.934 0.374704 0.374704 2 1 0
150.434 0.377188 0.377188 2 1 0
150.934 0.379678 0.379678 2 1 0
151.434 0.382174 0.382174 2 1 0
151.934 0.384677 0.384677 2 1 0
152.434 0.387185 0.387185 2 1 0
152.934 0.3897 0.3897 2 1 0
153.434 0.39222 0.39222 2 1 0
153.934 0.394746 0.394746 2 1 0
154.434 0.397278 0.397278 2 1 0
154.934 0.399815 0.399815 2 1 0
155.434 0.402357 0.402357 2 1 0
155.934 0.404904 0.404904 2 1 0
156.434 0.407456 0.407456 2 1 0
156.934 0.410013 0.410013 2 1 0
157.434 0.412575 0.412575 2 1 0
157.934 0.415141 0.415141 2 1 0
158.434 0.417711 0.417711 2 1 0
158.934 0.420286 0.420286 2 1 0
159.434 0.422865 0.422865 2 1 0
159.934 0.425448 0.425448 2 1 0
160.434 0.428034 0.428034 2 1 0
160.934 0.430624 0.430624 2 1 0
161.434 0.433218 0.433218 2 1 0
161.934 0.435815 0.435815 2 1 0
162.434 0.438415 0.438415 2 1 0
162.934 0.441019 0.441019 2 1 0
163.434 0.443625 0.443625 2 1 0
163.934 0.446234 0.446234 2 1 0
164.434 0.448845 0.448845 2 1 0
164.934 0.451459 0.451459 2 1 0
165.434 0.454075 0.454075 2 1 0
165.934 0.456694 0.456694 2 1 0
166.434 0.459314 0.459314 2 1 0
166.934 0.461936 0.461936 2 1 0
167.434 0.46456 0.46456 2 1 0
167.934 0.467185 0.467185 2 1 0
168.434 0.469812 0.469812 2 1 0
168.934 0.47244 0.47244 2 1 0
169.434 0.475069 0.475069 2 1 0
169.934 0.477699 0.477699 2 1 0
170.434 0.48033 0.48033 2 1 0
170.934 0.482961 0.482961 2 1 0
171.434 0.485593 0.485593 2 1 0
171.934 0.488225 0.488225 2 1 0
172.434 0.490857 0.490857 2 1 0
172.934 0.49349 0.49349 2 1 0
173.434 0.496122 0.496122 2 1 0
173.934 0.498754 0.498754 2 1 0
174.434 0.501385 0.501385 2 1 0
174.934 0.504016 0.504016 2 1 0
175.434 0.506646 0.506646 2 1 0
175.934 0.509275 0.509275 2 1 0
176.434 0.511903 0.511903 2 1 0
176.934 0.51453 0.51453 2 1 0
177.434 0.517156 0.517156 2 1 0
177.934 0.51978 0.51978 2 1 0
178.434 0.522403 0.522403 2 1 0
178.934 0.525023 0.525023 2 1 0
179.434 0.527642 0.527642 2 1 0
179.934 0.530259 0.530259 2 1 0
180.434 0.532873 0.532873 2 1 0
180.934 0.535485 0.535485 2 1 0
181.434 0.538095 0.538095 2 1 0
181.934 0.540702 0.540702 2 1 0
182.434 0.543306 0.543306 2 1 0
182.934 0.545907 0.545907 2 1 0
183.434 0.548506 0.548506 2 1 0
183.934 0.551101 0.551101 2 1 0
184.434 0.553692 0.553692 2 1 0
184.934 0.55628 0.55628 2 1 0
185.434 0.558865 0.558865 2 1 0
185.934 0.561446 0.561446 2 1 0
186.434 0.564023 0.564023 2 1 0
186.934 0.566595 0.566595 2 1 0
187.434 0.569164 0.569164 2 1 0
187.934 0.571729 0.571729 2 1 0
188.433 0.574289 0.574289 2 1 0
188.933 0.576844 0.576844 2 1 0
189.433 0.579395 0.579395 2 1 0
189.933 0.581941 0.581941 2 1 0
190.433 0.584482 0.584482 2 1 0
190.933 0.587018 0.587018 2 1 0
191.433 0.589549 0.589549 2 1 0
191.933 0.592074 0.592074 2 1 0
192.433 0.594594 0.594594 2 1 0
192.933 0.597109 0.597109 2 1 0
193.433 0.599618 0.599618 2 1 0
193.933 0.602121 0.602121 2 1 0
194.433 0.604618 0.604618 2 1 0
194.933 0.607109 0.607109 2 1 0
195.433 0.609595 0.609595 2 1 0
195.933 0.612073 0.612073 2 1 0
196.433 0.614546 0.614546 2 1 0
196.933 0.617012 0.617012 2 1 0
197.433 0.619472 0.619472 2 1 0
197.933 0.621924 0.621924 2 1 0
198.433 0.624371 0.624371 2 1 0
198.933 0.62681 0.62681 2 1 0
199.433 0.629242 0.629242 2 1 0
199.933 0.631667 0.631667 2 1 0
200.433 0.634085 0.634085 2 1 0
200.933 0.636496 0.636496 2 1 0
201.433 0.638899 0.638899 2 1 0
201.933 0.641295 0.641295 2 1 0
202.433 0.643683 0.643683 2 1 0
202.933 0.646064 0.646064 2 1 0
203.433 0.648437 0.648437 2 1 0
203.933 0.650802 0.650802 2 1 0
204.433 0.653159 0.653159 2 1 0
204.933 0.655509 0.655509 2 1 0
205.433 0.65785 0.65785 2 1 0
205.933 0.660183 0.660183 2 1 0
206.433 0.662507 0.662507 2 1 0
206.933 0.664824 0.664824 2 1 0
207.433 0.667132 0.667132 2 1 0
207.933 0.669431 0.669431 2 1 0
208.433 0.671722 0.671722 2 1 0
208.933 0.674004 0.674004 2 1 0
209.433 0.676278 0.676278 2 1 0
209.933 0.678542 0.678542 2 1 0
210.433 0.680798 0.680798 2 1 0
210.933 0.683045 0.683045 2 1 0
211.433 0.685283 0.685283 2 1 0
211.933 0.687512 0.687512 2 1 0
212.433 0.689732 0.689732 2 1 0
212.933 0.691943 0.691943 2 1 0
213.433 0.694145 0.694145 2 1 0
213.933 0.696337 0.696337 2 1 0
214.433 0.69852 0.69852 2 1 0
214.933 0.700693 0.700693 2 1 0
215.433 0.702857 0.702857 2 1 0
215.933 0.705012 0.705012 2 1 0
216.433 0.707157 0.707157 2 1 0
216.933 0.709292 0.709292 2 1 0
217.433 0.711418 0.711418 2 1 0
217.933 0.713534 0.713534 2 1 0
218.433 0.71564 0.71564 2 1 0
218.933 0.717737 0.717737 2 1 0
219.433 0.719823 0.719823 2 1 0
219.933 0.7219 0.7219 2 1 0
220.433 0.723967 0.723967 2 1 0
220.933 0.726024 0.726024 2 1 0
221.433 0.728071 0.728071 2 1 0
221.933 0.730108 0.730108 2 1 0
222.433 0.732135 0.732135 2 1 0
222.933 0.734152 0.734152 2 1 0
223.433 0.736159 0.736159 2 1 0
223.933 0.738155 0.738155 2 1 0
224.433 0.740142 0.740142 2 1 0
224.933 0.742118 0.742118 2 1 0
225.433 0.744084 0.744084 2 1 0
225.933 0.74604 0.74604 2 1 0
226.433 0.747986 0.747986 2 1 0
226.933 0.749921 0.749921 2 1 0
227.433 0.751846 0.751846 2 1 0
227.933 0.753761 0.753761 2 1 0
228.433 0.755665 0.755665 2 1 0
228.933 0.757559 0.757559 2 1 0
229.433 0.759443 0.759443 2 1 0
229.933 0.761317 0.761317 2 1 0
230.433 0.76318 0.76318 2 1 0
230.933 0.765032 0.765032 2 1 0
231.433 0.766874 0.766874 2 1 0
231.933 0.768706 0.768706 2 1 0
232.433 0.770528 0.770528 2 1 0
232.933 0.772339 0.772339 2 1 0
233.433 0.774139 0.774139 2 1 0
233.933 0.775929 0.775929 2 1 0
234.433 0.777709 0.777709 2 1 0
234.933 0.779478 0.779478 2 1 0
235.433 0.781237 0.781237 2 1 0
235.933 0.782986 0.782986 2 1 0
236.433 0.784724 0.784724 2 1 0
236.933 0.786451 0.786451 2 1 0
237.433 0.788168 0.788168 2 1 0
237.933 0.789875 0.789875 2 1 0
238.433 0.791572 0.791572 2 1 0
238.933 0.793258 0.793258 2 1 0
239.433 0.794933 0.794933 2 1 0
239.933 0.796598 0.796598 2 1 0
240.433 0.798253 0.798253 2 1 0
240.933 0.799898 0.799898 2 1 0
241.433 0.801532 0.801532 2 1 0
241.933 0.803156 0.803156 2 1 0
242.433 0.804769 0.804769 2 1 0
242.933 0.806373 0.806373 2 1 0
243.433 0.807966 0.807966 2 1 0
243.933 0.809548 0.809548 2 1 0
244.433 0.811121 0.811121 2 1 0
244.933 0.812683 0.812683 2 1 0
244.933 0.812683 0.812683 2 1 0
244.973 0.812807 0.812807 2 1 0
245.013 0.812932 0.812932 2 1 0
245.093 0.813181 0.813181 2 1 0
245.253 0.813677 0.813677 2 1 0
245.573 0.814668 0.814668 2 1 0
246.073 0.816207 0.816207 2 1 0
246.573 0.817736 0.817736 2 1 0
247.073 0.819254 0.819254 2 1 0
247.573 0.820763 0.820763 2 1 0
248.073 0.822261 0.822261 2 1 0
248.573 0.82375 0.82375 2 1 0
249.073 0.825228 0.825228 2 1 0
249.573 0.826697 0.826697 2 1 0
250.073 0.828155 0.828155 2 1 0
250.573 0.829604 0.829604 2 1 0
251.073 0.831042 0.831042 2 1 0
251.573 0.832471 0.832471 2 1 0
252.073 0.83389 0.83389 2 1 0
252.573 0.835299 0.835299 2 1 0
253.073 0.836698 0.836698 2 1 0
253.573 0.838087 0.838087 2 1 0
254.073 0.839467 0.839467 2 1 0
254.573 0.840837 0.840837 2 1 0
255.073 0.842197 0.842197 2 1 0
255.573 0.843547 0.843547 2 1 0
256.073 0.844888 0.844888 2 1 0
256.573 0.84622 0.84622 2 1 0
257.073 0.847541 0.847541 2 1 0
257.573 0.848854 0.848854 2 1 0
258.073 0.850157 0.850157 2 1 0
258.573 0.85145 0.85145 2 1 0
259.073 0.852734 0.852734 2 1 0
259.573 0.854009 0.854009 2 1 0
260.073 0.855274 0.855274 2 1 0
260.573 0.85653 0.85653 2 1 0
261.073 0.857777 0.857777 2 1 0
261.573 0.859014 0.859014 2 1 0
262.073 0.860243 0.860243 2 1 0
262.573 0.861462 0.861462 2 1 0
263.073 0.862672 0.862672 2 1 0
263.573 0.863873 0.863873 2 1 0
264.073 0.865065 0.865065 2 1 0
264.573 0.866248 0.866248 2 1 0
265.073 0.867423 0.867423 2 1 0
265.573 0.868588 0.868588 2 1 0
266.073 0.869744 0.869744 2 1 0
266.573 0.870892 0.870892 2 1 0
267.073 0.872031 0.872031 2 1 0
267.573 0.873161 0.873161 2 1 0
268.073 0.874283 0.874283 2 1 0
268.573 0.875395 0.875395 2 1 0
269.073 0.8765 0.8765 2 1 0
269.573 0.877595 0.877595 2 1 0
270.073 0.878683 0.878683 2 1 0
270.573 0.879762 0.879762 2 1 0
271.073 0.880832 0.880832 2 1 0
271.573 0.881894 0.881894 2 1 0
272.073 0.882948 0.882948 2 1 0
272.573 0.883993 0.883993 2 1 0
273.073 0.88503 0.88503 2 1 0
273.573 0.886059 0.886059 2 1 0
274.073 0.88708 0.88708 2 1 0
274.573 0.888093 0.888093 2 1 0
275.073 0.889097 0.889097 2 1 0
275.573 0.890094 0.890094 2 1 0
276.073 0.891083 0.891083 2 1 0
276.573 0.892063 0.892063 2 1 0
277.073 0.893036 0.893036 2 1 0
277.573 0.894001 0.894001 2 1 0
278.073 0.894959 0.894959 2 1 0
278.573 0.895908 0.895908 2 1 0
279.073 0.89685 0.89685 2 1 0
279.573 0.897784 0.897784 2 1 0
280.073 0.898711 0.898711 2 1 0
280.573 0.89963 0.89963 2 1 0
281.073 0.900541 0.900541 2 1 0
281.573 0.901445 0.901445 2 1 0
282.073 0.902342 0.902342 2 1 0
282.573 0.903231 0.903231 2 1 0
283.073 0.904113 0.904113 2 1 0
283.573 0.904988 0.904988 2 1 0
284.073 0.905855 0.905855 2 1 0
284.573 0.906716 0.906716 2 1 0
285.073 0.907569 0.907569 2 1 0
285.573 0.908415 0.908415 2 1 0
286.073 0.909254 0.909254 2 1 0
286.573 0.910086 0.910086 2 1 0
287.073 0.910911 0.910911 2 1 0
287.573 0.911729 0.911729 2 1 0
288.073 0.91254 0.91254 2 1 0
288.573 0.913345 0.913345 2 1 0
289.073 0.914142 0.914142 2 1 0
289.573 0.914933 0.914933 2 1 0
290.073 0.915718 0.915718 2 1 0
290.573 0.916495 0.916495 2 1 0
291.073 0.917266 0.917266 2 1 0
291.573 0.918031 0.918031 2 1 0
292.073 0.918789 0.918789 2 1 0
292.573 0.91954 0.91954 2 1 0
293.073 0.920285 0.920285 2 1 0
293.573 0.921024 0.921024 2 1 0
294.073 0.921756 0.921756 2 1 0
294.573 0.922482 0.922482 2 1 0
295.073 0.923202 0.923202 2 1 0
295.573 0.923916 0.923916 2 1 0
296.073 0.924623 0.924623 2 1 0
296.573 0.925325 0.925325 2 1 0
297.073 0.92602 0.92602 2 1 0
297.573 0.92671 0.92671 2 1 0
298.073 0.927393 0.927393 2 1 0
298.573 0.92807 0.92807 2 1 0
299.073 0.928742 0.928742 2 1 0
299.573 0.929408 0.929408 2 1 0
300.073 0.930068 0.930068 2 1 0
300.573 0.930722 0.930722 2 1 0
301.073 0.93137 0.93137 2 1 0
301.573 0.932013 0.932013 2 1 0
302.073 0.93265 0.93265 2 1 0
302.573 0.933282 0.933282 2 1 0
303.073 0.933908 0.933908 2 1 0
303.573 0.934528 0.934528 2 1 0
304.073 0.935143 0.935143 2 1 0
304.573 0.935753 0.935753 2 1 0
305.073 0.936357 0.936357 2 1 0
305.573 0.936956 0.936956 2 1 0
306.073 0.937549 0.937549 2 1 0
306.573 0.938138 0.938138 2 1 0
307.073 0.938721 0.938721 2 1 0
307.573 0.939299 0.939299 2 1 0
308.073 0.939871 0.939871 2 1 0
308.573 0.940439 0.940439 2 1 0
309.073 0.941002 0.941002 2 1 0
309.573 0.941559 0.941559 2 1 0
310.073 0.942112 0.942112 2 1 0
310.573 0.942659 0.942659 2 1 0
311.073 0.943202 0.943202 2 1 0
311.573 0.94374 0.94374 2 1 0
312.073 0.944273 0.944273 2 1 0
312.573 0.944801 0.944801 2 1 0
313.073 0.945325 0.945325 2 1 0
313.573 0.945844 0.945844 2 1 0
314.073 0.946358 0.946358 2 1 0
314.573 0.946867 0.946867 2 1 0
315.073 0.947372 0.947372 2 1 0
315.573 0.947872 0.947872 2 1 0
316.073 0.948368 0.948368 2 1 0
316.573 0.948859 0.948859 2 1 0
317.073 0.949346 0.949346 2 1 0
317.573 0.949829 0.949829 2 1 0
318.073 0.950307 0.950307 2 1 0
318.573 0.95078 0.95078 2 1 0
319.073 0.95125 0.95125 2 1 0
319.573 0.951715 0.951715 2 1 0
320.073 0.952176 0.952176 2 1 0
320.573 0.952632 0.952632 2 1 0
321.073 0.953085 0.953085 2 1 0
321.573 0.953533 0.953533 2 1 0
322.073 0.953978 0.953978 2 1 0
322.573 0.954418 0.954418 2 1 0
323.073 0.954854 0.954854 2 1 0
323.573 0.955286 0.955286 2 1 0
324.073 0.955714 0.955714 2 1 0
324.573 0.956138 0.956138 2 1 0
325.073 0.956559 0.956559 2 1 0
325.573 0.956975 0.956975 2 1 0
326.073 0.957388 0.957388 2 1 0
326.573 0.957797 0.957797 2 1 0
327.073 0.958202 0.958202 2 1 0
327.573 0.958603 0.958603 2 1 0
328.073 0.959001 0.959001 2 1 0
328.573 0.959395 0.959395 2 1 0
329.073 0.959785 0.959785 2 1 0
329.573 0.960172 0.960172 2 1 0
330.073 0.960555 0.960555 2 1 0
330.573 0.960934 0.960934 2 1 0
331.073 0.96131 0.96131 2 1 0
331.573 0.961683 0.961683 2 1 0
332.073 0.962052 0.962052 2 1 0
332.573 0.962417 0.962417 2 1 0
333.073 0.96278 0.96278 2 1 0
333.573 0.963138 0.963138 2 1 0
334.073 0.963494 0.963494 2 1 0
334.573 0.963846 0.963846 2 1 0
335.073 0.964195 0.964195 2 1 0
335.573 0.964541 0.964541 2 1 0
336.073 0.964883 0.964883 2 1 0
336.573 0.965222 0.965222 2 1 0
337.073 0.965558 0.965558 2 1 0
337.573 0.965891 0.965891 2 1 0
338.073 0.966221 0.966221 2 1 0
338.573 0.966547 0.966547 2 1 0
339.073 0.966871 0.966871 2 1 0
339.573 0.967192 0.967192 2 1 0
340.073 0.967509 0.967509 2 1 0
340.573 0.967824 0.967824 2 1 0
341.073 0.968135 0.968135 2 1 0
341.573 0.968444 0.968444 2 1 0
342.073 0.96875 0.96875 2 1 0
342.573 0.969053 0.969053 2 1 0
342.573 0.969053 0.969053 2 1 0
342.613 0.969077 0.969077 2 1 0
342.653 0.969101 0.969101 2 1 0
342.733 0.969149 0.969149 2 1 0
342.893 0.969245 0.969245 2 1 0
343.213 0.969436 0.969436 2 1 0
343.713 0.969733 0.969733 2 1 0
344.213 0.970026 0.970026 2 1 0
344.713 0.970317 0.970317 2 1 0
345.213 0.970605 0.970605 2 1 0
345.713 0.970891 0.970891 2 1 0
346.213 0.971173 0.971173 2 1 0
346.713 0.971453 0.971453 2 1 0
347.213 0.971731 0.971731 2 1 0
347.713 0.972005 0.972005 2 1 0
348.213 0.972277 0.972277 2 1 0
348.713 0.972547 0.972547 2 1 0
349.213 0.972814 0.972814 2 1 0
349.713 0.973078 0.973078 2 1 0
350.213 0.97334 0.97334 2 1 0
350.713 0.9736 0.9736 2 1 0
351.213 0.973857 0.973857 2 1 0
351.713 0.974111 0.974111 2 1 0
352.213 0.974363 0.974363 2 1 0
352.713 0.974613 0.974613 2 1 0
353.213 0.97486 0.97486 2 1 0
353.713 0.975105 0.975105 2 1 0
354.213 0.975348 0.975348 2 1 0
354.713 0.975588 0.975588 2 1 0
355.213 0.975826 0.975826 2 1 0
355.713 0.976062 0.976062 2 1 0
356.213 0.976296 0.976296 2 1 0
356.713 0.976527 0.976527 2 1 0
357.213 0.976756 0.976756 2 1 0
357.713 0.976983 0.976983 2 1 0
358.213 0.977207 0.977207 2 1 0
358.713 0.97743 0.97743 2 1 0
359.213 0.97765 0.97765 2 1 0
359.713 0.977869 0.977869 2 1 0
360.213 0.978085 0.978085 2 1 0
360.713 0.978299 0.978299 2 1 0
361.213 0.978511 0.978511 2 1 0
361.713 0.978721 0.978721 2 1 0
362.213 0.978929 0.978929 2 1 0
362.713 0.979135 0.979135 2 1 0
363.213 0.979339 0.979339 2 1 0
363.713 0.979542 0.979542 2 1 0
364.213 0.979742 0.979742 2 1 0
364.713 0.97994 0.97994 2 1 0
365.213 0.980136 0.980136 2 1 0
365.713 0.980331 0.980331 2 1 0
366.213 0.980523 0.980523 2 1 0
366.713 0.980714 0.980714 2 1 0
367.213 0.980903 0.980903 2 1 0
367.713 0.98109 0.98109 2 1 0
368.213 0.981275 0.981275 2 1 0
368.713 0.981459 0.981459 2 1 0
369.213 0.981641 0.981641 2 1 0
369.713 0.98182 0.98182 2 1 0
370.213 0.981999 0.981999 2 1 0
370.713 0.982175 0.982175 2 1 0
371.213 0.98235 0.98235 2 1 0
371.713 0.982523 0.982523 2 1 0
372.213 0.982695 0.982695 2 1 0
372.713 0.982864 0.982864 2 1 0
373.213 0.983032 0.983032 2 1 0
373.713 0.983199 0.983199 2 1 0
374.213 0.983364 0.983364 2 1 0
374.713 0.983527 0.983527 2 1 0
375.213 0.983689 0.983689 2 1 0
375.713 0.983849 0.983849 2 1 0
376.213 0.984008 0.984008 2 1 0
376.713 0.984165 0.984165 2 1 0
377.213 0.98432 0.98432 2 1 0
377.713 0.984474 0.984474 2 1 0
378.213 0.984627 0.984627 2 1 0
378.713 0.984778 0.984778 2 1 0
379.213 0.984928 0.984928 2 1 0
379.713 0.985076 0.985076 2 1 0
380.213 0.985222 0.985222 2 1 0
380.713 0.985368 0.985368 2 1 0
381.213 0.985512 0.985512 2 1 0
381.713 0.985654 0.985654 2 1 0
382.213 0.985795 0.985795 2 1 0
382.713 0.985935 0.985935 2 1 0
383.213 0.986073 0.986073 2 1 0
383.713 0.98621 0.98621 2 1 0
384.213 0.986346 0.986346 2 1 0
384.713 0.98648 0.98648 2 1 0
385.213 0.986613 0.986613 2 1 0
385.713 0.986745 0.986745 2 1 0
386.213 0.986876 0.986876 2 1 0
386.713 0.987005 0.987005 2 1 0
387.213 0.987133 0.987133 2 1 0
387.713 0.98726 0.98726 2 1 0
388.213 0.987385 0.987385 2 1 0
388.713 0.987509 0.987509 2 1 0
389.213 0.987632 0.987632 2 1 0
389.713 0.987754 0.987754 2 1 0
390.213 0.987875 0.987875 2 1 0
390.713 0.987994 0.987994 2 1 0
391.213 0.988113 0.988113 2 1 0
391.713 0.98823 0.98823 2 1 0
392.213 0.988346 0.988346 2 1 0
392.713 0.988461 0.988461 2 1 0
393.213 0.988574 0.988574 2 1 0
393.713 0.988687 0.988687 2 1 0
394.213 0.988799 0.988799 2 1 0
394.713 0.988909 0.988909 2 1 0
395.213 0.989019 0.989019 2 1 0
395.713 0.989127 0.989127 2 1 0
396.213 0.989234 0.989234 2 1 0
396.713 0.98934 0.98934 2 1 0
397.213 0.989445 0.989445 2 1 0
397.713 0.98955 0.98955 2 1 0
398.213 0.989653 0.989653 2 1 0
398.713 0.989755 0.989755 2 1 0
399.213 0.989856 0.989856 2 1 0
399.713 0.989956 0.989956 2 1 0
400.213 0.990055 0.990055 2 1 0
400.713 0.990153 0.990153 2 1 0
401.213 0.990251 0.990251 2 1 0
401.713 0.990347 0.990347 2 1 0
402.213 0.990442 0.990442 2 1 0
402.713 0.990537 0.990537 2 1 0
403.213 0.99063 0.99063 2 1 0
403.713 0.990723 0.990723 2 1 0
404.213 0.990814 0.990814 2 1 0
404.713 0.990905 0.990905 2 1 0
405.213 0.990995 0.990995 2 1 0
405.713 0.991084 0.991084 2 1 0
406.213 0.991172 0.991172 2 1 0
406.713 0.991259 0.991259 2 1 0
407.213 0.991345 0.991345 2 1 0
407.713 0.991431 0.991431 2 1 0
408.213 0.991516 0.991516 2 1 0
408.713 0.9916 0.9916 2 1 0
409.213 0.991683 0.991683 2 1 0
409.713 0.991765 0.991765 2 1 0
410.213 0.991846 0.991846 2 1 0
410.713 0.991927 0.991927 2 1 0
411.213 0.992007 0.992007 2 1 0
411.713 0.992086 0.992086 2 1 0
412.213 0.992164 0.992164 2 1 0
412.713 0.992241 0.992241 2 1 0
413.213 0.992318 0.992318 2 1 0
413.713 0.992394 0.992394 2 1 0
414.213 0.992469 0.992469 2 1 0
414.713 0.992544 0.992544 2 1 0
415.213 0.992618 0.992618 2 1 0
415.713 0.992691 0.992691 2 1 0
416.213 0.992763 0.992763 2 1 0
416.713 0.992835 0.992835 2 1 0
417.213 0.992905 0.992905 2 1 0
417.713 0.992976 0.992976 2 1 0
418.213 0.993045 0.993045 2 1 0
418.713 0.993114 0.993114 2 1 0
419.213 0.993182 0.993182 2 1 0
419.713 0.99325 0.99325 2 1 0
420.213 0.993316 0.993316 2 1 0
420.713 0.993383 0.993383 2 1 0
421.213 0.993448 0.993448 2 1 0
421.713 0.993513 0.993513 2 1 0
422.213 0.993577 0.993577 2 1 0
422.713 0.993641 0.993641 2 1 0
423.213 0.993704 0.993704 2 1 0
423.713 0.993766 0.993766 2 1 0
424.213 0.993828 0.993828 2 1 0
424.713 0.993889 0.993889 2 1 0
425.213 0.993949 0.993949 2 1 0
425.713 0.994009 0.994009 2 1 0
426.213 0.994069 0.994069 2 1 0
426.713 0.994127 0.994127 2 1 0
427.213 0.994186 0.994186 2 1 0
427.713 0.994243 0.994243 2 1 0
428.213 0.9943 0.9943 2 1 0
428.713 0.994357 0.994357 2 1 0
429.213 0.994413 0.994413 2 1 0
429.713 0.994468 0.994468 2 1 0
430.213 0.994523 0.994523 2 1 0
430.713 0.994577 0.994577 2 1 0
431.213 0.994631 0.994631 2 1 0
431.713 0.994684 0.994684 2 1 0
432.213 0.994737 0.994737 2 1 0
432.713 0.994789 0.994789 2 1 0
433.213 0.99484 0.99484 2 1 0
433.713 0.994892 0.994892 2 1 0
434.213 0.994942 0.994942 2 1 0
434.713 0.994992 0.994992 2 1 0
435.213 0.995042 0.995042 2 1 0
435.713 0.995091 0.995091 2 1 0
436.213 0.99514 0.99514 2 1 0
436.713 0.995188 0.995188 2 1 0
437.213 0.995236 0.995236 2 1 0
437.713 0.995283 0.995283 2 1 0
438.213 0.99533 0.99533 2 1 0
438.713 0.995376 0.995376 2 1 0
439.213 0.995422 0.995422 2 1 0
439.713 0.995467 0.995467 2 1 0
440.213 0.995512 0.995512 2 1 0
440.213 0.995512 0.995512 2 1 0
440.253 0.995516 0.995516 2 1 0
440.293 0.995519 0.995519 2 1 0
440.373 0.995526 0.995526 2 1 0
440.533 0.995541 0.995541 2 1 0
440.853 0.995569 0.995569 2 1 0
441.353 0.995613 0.995613 2 1 0
441.853 0.995656 0.995656 2 1 0
442.353 0.9957 0.9957 2 1 0
442.853 0.995742 0.995742 2 1 0
443.353 0.995784 0.995784 2 1 0
443.853 0.995826 0.995826 2 1 0
444.353 0.995868 0.995868 2 1 0
444.853 0.995909 0.995909 2 1 0
445.353 0.995949 0.995949 2 1 0
445.853 0.995989 0.995989 2 1 0
446.353 0.996029 0.996029 2 1 0
446.853 0.996069 0.996069 2 1 0
447.353 0.996108 0.996108 2 1 0
447.853 0.996146 0.996146 2 1 0
448.353 0.996184 0.996184 2 1 0
448.853 0.996222 0.996222 2 1 0
449.353 0.99626 0.99626 2 1 0
449.853 0.996297 0.996297 2 1 0
450.353 0.996334 0.996334 2 1 0
450.853 0.99637 0.99637 2 1 0
451.353 0.996406 0.996406 2 1 0
451.853 0.996442 0.996442 2 1 0
452.353 0.996477 0.996477 2 1 0
452.853 0.996512 0.996512 2 1 0
453.353 0.996547 0.996547 2 1 0
453.853 0.996581 0.996581 2 1 0
454.353 0.996615 0.996615 2 1 0
454.853 0.996648 0.996648 2 1 0
455.353 0.996682 0.996682 2 1 0
455.853 0.996715 0.996715 2 1 0
456.353 0.996747 0.996747 2 1 0
456.853 0.996779 0.996779 2 1 0
457.353 0.996811 0.996811 2 1 0
457.853 0.996843 0.996843 2 1 0
458.353 0.996874 0.996874 2 1 0
458.853 0.996905 0.996905 2 1 0
459.353 0.996936 0.996936 2 1 0
459.853 0.996967 0.996967 2 1 0
460.353 0.996997 0.996997 2 1 0
460.853 0.997027 0.997027 2 1 0
461.353 0.997056 0.997056 2 1 0
461.853 0.997085 0.997085 2 1 0
462.353 0.997114 0.997114 2 1 0
462.853 0.997143 0.997143 2 1 0
463.353 0.997171 0.997171 2 1 0
463.853 0.997199 0.997199 2 1 0
464.353 0.997227 0.997227 2 1 0
464.853 0.997255 0.997255 2 1 0
465.353 0.997282 0.997282 2 1 0
465.853 0.997309 0.997309 2 1 0
466.353 0.997336 0.997336 2 1 0
466.853 0.997362 0.997362 2 1 0
467.353 0.997388 0.997388 2 1 0
467.853 0.997414 0.997414 2 1 0
468.353 0.99744 0.99744 2 1 0
468.853 0.997465 0.997465 2 1 0
469.353 0.99749 0.99749 2 1 0
469.853 0.997515 0.997515 2 1 0
470.353 0.99754 0.99754 2 1 0
470.853 0.997565 0.997565 2 1 0
471.353 0.997589 0.997589 2 1 0
471.853 0.997613 0.997613 2 1 0
472.353 0.997636 0.997636 2 1 0
472.853 0.99766 0.99766 2 1 0
473.353 0.997683 0.997683 2 1 0
473.853 0.997706 0.997706 2 1 0
474.353 0.997729 0.997729 2 1 0
474.853 0.997751 0.997751 2 1 0
475.353 0.997774 0.997774 2 1 0
475.853 0.997796 0.997796 2 1 0
476.353 0.997818 0.997818 2 1 0
476.853 0.997839 0.997839 2 1 0
477.353 0.997861 0.997861 2 1 0
477.853 0.997882 0.997882 2 1 0
478.353 0.997903 0.997903 2 1 0
478.853 0.997924 0.997924 2 1 0
479.353 0.997945 0.997945 2 1 0
479.853 0.997965 0.997965 2 1 0
480.353 0.997985 0.997985 2 1 0
480.853 0.998005 0.998005 2 1 0
481.353 0.998025 0.998025 2 1 0
481.853 0.998045 0.998045 2 1 0
482.353 0.998064 0.998064 2 1 0
482.853 0.998083 0.998083 2 1 0
483.353 0.998102 0.998102 2 1 0
483.853 0.998121 0.998121 2 1 0
484.353 0.99814 0.99814 2 1 0
484.853 0.998158 0.998158 2 1 0
485.353 0.998177 0.998177 2 1 0
485.853 0.998195 0.998195 2 1 0
486.353 0.998213 0.998213 2 1 0
486.853 0.998231 0.998231 2 1 0
487.353 0.998248 0.998248 2 1 0
487.853 0.998266 0.998266 2 1 0
488.353 0.998283 0.998283 2 1 0
488.853 0.9983 0.9983 2 1 0
489.353 0.998317 0.998317 2 1 0
489.853 0.998334 0.998334 2 1 0
490.353 0.99835 0.99835 2 1 0
490.853 0.998366 0.998366 2 1 0
491.353 0.998383 0.998383 2 1 0
491.853 0.998399 0.998399 2 1 0
492.353 0.998415 0.998415 2 1 0
492.853 0.99843 0.99843 2 1 0
493.353 0.998446 0.998446 2 1 0
493.853 0.998461 0.998461 2 1 0
494.353 0.998477 0.998477 2 1 0
494.853 0.998492 0.998492 2 1 0
495.353 0.998507 0.998507 2 1 0
495.853 0.998522 0.998522 2 1 0
496.353 0.998536 0.998536 2 1 0
496.853 0.998551 0.998551 2 1 0
497.353 0.998565 0.998565 2 1 0
497.853 0.99858 0.99858 2 1 0
498.353 0.998594 0.998594 2 1 0
498.853 0.998608 0.998608 2 1 0
499.353 0.998622 0.998622 2 1 0
499.853 0.998635 0.998635 2 1 0
500.353 0.998649 0.998649 2 1 0
500.853 0.998662 0.998662 2 1 0
501.353 0.998676 0.998676 2 1 0
501.853 0.998689 0.998689 2 1 0
502.353 0.998702 0.998702 2 1 0
502.853 0.998715 0.998715 2 1 0
503.353 0.998727 0.998727 2 1 0
503.853 0.99874 0.99874 2 1 0
504.353 0.998753 0.998753 2 1 0
504.853 0.998765 0.998765 2 1 0
505.353 0.998777 0.998777 2 1 0
505.853 0.998789 0.998789 2 1 0
506.353 0.998802 0.998802 2 1 0
506.853 0.998813 0.998813 2 1 0
507.353 0.998825 0.998825 2 1 0
507.853 0.998837 0.998837 2 1 0
508.353 0.998848 0.998848 2 1 0
508.853 0.99886 0.99886 2 1 0
509.353 0.998871 0.998871 2 1 0
509.853 0.998882 0.998882 2 1 0
510.353 0.998894 0.998894 2 1 0
510.853 0.998905 0.998905 2 1 0
511.353 0.998915 0.998915 2 1 0
511.853 0.998926 0.998926 2 1 0
512.353 0.998937 0.998937 2 1 0
512.853 0.998948 0.998948 2 1 0
513.353 0.998958 0.998958 2 1 0
513.853 0.998968 0.998968 2 1 0
514.353 0.998979 0.998979 2 1 0
514.853 0.998989 0.998989 2 1 0
515.353 0.998999 0.998999 2 1 0
515.853 0.999009 0.999009 2 1 0
516.353 0.999019 0.999019 2 1 0
516.853 0.999028 0.999028 2 1 0
517.353 0.999038 0.999038 2 1 0
517.853 0.999048 0.999048 2 1 0
518.353 0.999057 0.999057 2 1 0
518.853 0.999066 0.999066 2 1 0
519.353 0.999076 0.999076 2 1 0
519.853 0.999085 0.999085 2 1 0
520.353 0.999094 0.999094 2 1 0
520.853 0.999103 0.999103 2 1 0
521.353 0.999112 0.999112 2 1 0
521.853 0.999121 0.999121 2 1 0
522.353 0.99913 0.99913 2 1 0
522.853 0.999138 0.999138 2 1 0
523.353 0.999147 0.999147 2 1 0
523.853 0.999155 0.999155 2 1 0
524.353 0.999164 0.999164 2 1 0
524.853 0.999172 0.999172 2 1 0
525.353 0.99918 0.99918 2 1 0
525.853 0.999188 0.999188 2 1 0
526.353 0.999196 0.999196 2 1 0
526.853 0.999204 0.999204 2 1 0
527.353 0.999212 0.999212 2 1 0
527.853 0.99922 0.99922 2 1 0
528.353 0.999228 0.999228 2 1 0
528.853 0.999236 0.999236 2 1 0
529.353 0.999243 0.999243 2 1 0
529.853 0.999251 0.999251 2 1 0
530.353 0.999258 0.999258 2 1 0
530.853 0.999266 0.999266 2 1 0
531.353 0.999273 0.999273 2 1 0
531.853 0.99928 0.99928 2 1 0
532.353 0.999287 0.999287 2 1 0
532.853 0.999294 0.999294 2 1 0
533.353 0.999301 0.999301 2 1 0
533.853 0.999308 0.999308 2 1 0
534.353 0.999315 0.999315 2 1 0
534.853 0.999322 0.999322 2 1 0
535.353 0.999329 0.999329 2 1 0
535.853 0.999335 0.999335 2 1 0
536.353 0.999342 0.999342 2 1 0
536.853 0.999349 0.999349 2 1 0
537.353 0.999355 0.999355 2 1 0
537.853 0.999361 0.999361 2 1 0
537.853 0.999361 0.999361 2 1 0
537.893 0.999362 0.999362 2 1 0
537.933 0.999362 0.999362 2 1 0
538.013 0.999363 0.999363 2 1 0
538.173 0.999366 0.999366 2 1 0
538.493 0.99937 0.99937 2 1 0
538.993 0.999376 0.999376 2 1 0
539.493 0.999382 0.999382 2 1 0
539.993 0.999388 0.999388 2 1 0
540.493 0.999394 0.999394 2 1 0
540.993 0.9994 0.9994 2 1 0
541.493 0.999406 0.999406 2 1 0
541.993 0.999412 0.999412 2 1 0
542.493 0.999418 0.999418 2 1 0
542.993 0.999424 0.999424 2 1 0
543.493 0.99943 0.99943 2 1 0
543.993 0.999435 0.999435 2 1 0
544.493 0.999441 0.999441 2 1 0
544.993 0.999446 0.999446 2 1 0
545.493 0.999452 0.999452 2 1 0
545.993 0.999457 0.999457 2 1 0
546.493 0.999463 0.999463 2 1 0
546.993 0.999468 0.999468 2 1 0
547.493 0.999473 0.999473 2 1 0
547.993 0.999479 0.999479 2 1 0
548.493 0.999484 0.999484 2 1 0
548.993 0.999489 0.999489 2 1 0
549.493 0.999494 0.999494 2 1 0
549.993 0.999499 0.999499 2 1 0
550.493 0.999504 0.999504 2 1 0
550.993 0.999509 0.999509 2 1 0
551.493 0.999514 0.999514 2 1 0
551.993 0.999519 0.999519 2 1 0
552.493 0.999523 0.999523 2 1 0
552.993 0.999528 0.999528 2 1 0
553.493 0.999533 0.999533 2 1 0
553.993 0.999538 0.999538 2 1 0
554.493 0.999542 0.999542 2 1 0
554.993 0.999547 0.999547 2 1 0
555.493 0.999551 0.999551 2 1 0
555.993 0.999556 0.999556 2 1 0
556.493 0.99956 0.99956 2 1 0
556.993 0.999564 0.999564 2 1 0
557.493 0.999569 0.999569 2 1 0
557.993 0.999573 0.999573 2 1 0
558.493 0.999577 0.999577 2 1 0
558.993 0.999582 0.999582 2 1 0
559.493 0.999586 0.999586 2 1 0
559.993 0.99959 0.99959 2 1 0
560.493 0.999594 0.999594 2 1 0
560.993 0.999598 0.999598 2 1 0
561.493 0.999602 0.999602 2 1 0
561.993 0.999606 0.999606 2 1 0
562.493 0.99961 0.99961 2 1 0
562.993 0.999614 0.999614 2 1 0
563.493 0.999618 0.999618 2 1 0
563.993 0.999621 0.999621 2 1 0
564.493 0.999625 0.999625 2 1 0
564.993 0.999629 0.999629 2 1 0
565.493 0.999633 0.999633 2 1 0
565.993 0.999636 0.999636 2 1 0
566.493 0.99964 0.99964 2 1 0
566.993 0.999643 0.999643 2 1 0
567.493 0.999647 0.999647 2 1 0
567.993 0.99965 0.99965 2 1 0
568.493 0.999654 0.999654 2 1 0
568.993 0.999657 0.999657 2 1 0
569.493 0.999661 0.999661 2 1 0
569.993 0.999664 0.999664 2 1 0
570.493 0.999668 0.999668 2 1 0
570.993 0.999671 0.999671 2 1 0
571.493 0.999674 0.999674 2 1 0
571.993 0.999677 0.999677 2 1 0
572.493 0.999681 0.999681 2 1 0
572.993 0.999684 0.999684 2 1 0
573.493 0.999687 0.999687 2 1 0
573.993 0.99969 0.99969 2 1 0
574.493 0.999693 0.999693 2 1 0
574.993 0.999696 0.999696 2 1 0
575.493 0.999699 0.999699 2 1 0
575.993 0.999702 0.999702 2 1 0
576.493 0.999705 0.999705 2 1 0
576.993 0.999708 0.999708 2 1 0
577.493 0.999711 0.999711 2 1 0
577.993 0.999714 0.999714 2 1 0
578.493 0.999717 0.999717 2 1 0
578.993 0.999719 0.999719 2 1 0
579.493 0.999722 0.999722 2 1 0
579.993 0.999725 0.999725 2 1 0
580.493 0.999728 0.999728 2 1 0
580.993 0.99973 0.99973 2 1 0
581.493 0.999733 0.999733 2 1 0
581.993 0.999736 0.999736 2 1 0
582.493 0.999738 0.999738 2 1 0
582.993 0.999741 0.999741 2 1 0
583.493 0.999744 0.999744 2 1 0
583.993 0.999746 0.999746 2 1 0
584.493 0.999749 0.999749 2 1 0
584.993 0.999751 0.999751 2 1 0
585.493 0.999754 0.999754 2 1 0
585.993 0.999756 0.999756 2 1 0
586.493 0.999759 0.999759 2 1 0
586.993 0.999761 0.999761 2 1 0
587.493 0.999763 0.999763 2 1 0
587.993 0.999766 0.999766 2 1 0
588.493 0.999768 0.999768 2 1 0
588.993 0.99977 0.99977 2 1 0
589.493 0.999773 0.999773 2 1 0
589.993 0.999775 0.999775 2 1 0
590.493 0.999777 0.999777 2 1 0
590.993 0.999779 0.999779 2 1 0
591.493 0.999782 0.999782 2 1 0
591.993 0.999784 0.999784 2 1 0
592.493 0.999786 0.999786 2 1 0
592.993 0.999788 0.999788 2 1 0
593.493 0.99979 0.99979 2 1 0
593.993 0.999792 0.999792 2 1 0
594.493 0.999794 0.999794 2 1 0
594.993 0.999796 0.999796 2 1 0
595.493 0.999798 0.999798 2 1 0
595.993 0.9998 0.9998 2 1 0
596.493 0.999802 0.999802 2 1 0
596.993 0.999804 0.999804 2 1 0
597.493 0.999806 0.999806 2 1 0
597.993 0.999808 0.999808 2 1 0
598.493 0.99981 0.99981 2 1 0
598.993 0.999812 0.999812 2 1 0
599.493 0.999814 0.999814 2 1 0
599.993 0.999816 0.999816 2 1 0
600.493 0.999818 0.999818 2 1 0
600.993 0.999819 0.999819 2 1 0
601.493 0.999821 0.999821 2 1 0
601.993 0.999823 0.999823 2 1 0
602.493 0.999825 0.999825 2 1 0
602.993 0.999826 0.999826 2 1 0
603.493 0.999828 0.999828 2 1 0
603.993 0.99983 0.99983 2 1 0
604.493 0.999832 0.999832 2 1 0
604.993 0.999833 0.999833 2 1 0
605.493 0.999835 0.999835 2 1 0
605.993 0.999837 0.999837 2 1 0
606.493 0.999838 0.999838 2 1 0
606.993 0.99984 0.99984 2 1 0
607.493 0.999841 0.999841 2 1 0
607.993 0.999843 0.999843 2 1 0
608.493 0.999844 0.999844 2 1 0
608.993 0.999846 0.999846 2 1 0
609.493 0.999848 0.999848 2 1 0
609.993 0.999849 0.999849 2 1 0
610.493 0.999851 0.999851 2 1 0
610.993 0.999852 0.999852 2 1 0
611.493 0.999854 0.999854 2 1 0
611.993 0.999855 0.999855 2 1 0
612.493 0.999856 0.999856 2 1 0
612.993 0.999858 0.999858 2 1 0
613.493 0.999859 0.999859 2 1 0
613.993 0.999861 0.999861 2 1 0
614.493 0.999862 0.999862 2 1 0
614.993 0.999863 0.999863 2 1 0
615.493 0.999865 0.999865 2 1 0
615.993 0.999866 0.999866 2 1 0
616.493 0.999867 0.999867 2 1 0
616.993 0.999869 0.999869 2 1 0
617.493 0.99987 0.99987 2 1 0
617.993 0.999871 0.999871 2 1 0
618.493 0.999873 0.999873 2 1 0
618.993 0.999874 0.999874 2 1 0
619.493 0.999875 0.999875 2 1 0
619.993 0.999876 0.999876 2 1 0
620.493 0.999878 0.999878 2 1 0
620.993 0.999879 0.999879 2 1 0
621.493 0.99988 0.99988 2 1 0
621.993 0.999881 0.999881 2 1 0
622.493 0.999882 0.999882 2 1 0
622.993 0.999884 0.999884 2 1 0
623.493 0.999885 0.999885 2 1 0
623.993 0.999886 0.999886 2 1 0
624.493 0.999887 0.999887 2 1 0
624.993 0.999888 0.999888 2 1 0
625.493 0.999889 0.999889 2 1 0
625.993 0.99989 0.99989 2 1 0
626.493 0.999891 0.999891 2 1 0
626.993 0.999893 0.999893 2 1 0
627.493 0.999894 0.999894 2 1 0
627.993 0.999895 0.999895 2 1 0
628.493 0.999896 0.999896 2 1 0
628.993 0.999897 0.999897 2 1 0
629.493 0.999898 0.999898 2 1 0
629.993 0.999899 0.999899 2 1 0
630.493 0.9999 0.9999 2 1 0
630.993 0.999901 0.999901 2 1 0
631.493 0.999902 0.999902 2 1 0
631.993 0.999903 0.999903 2 1 0
632.493 0.999904 0.999904 2 1 0
632.993 0.999905 0.999905 2 1 0
633.493 0.999906 0.999906 2 1 0
633.993 0.999907 0.999907 2 1 0
634.493 0.999908 0.999908 2 1 0
634.993 0.999908 0.999908 2 1 0
635.493 0.999909 0.999909 2 1 0
230.381 0.285714 0.285714 2 2 0
230.421 0.285714 0.285714 1 2 0
230.461 0.285714 0.285714 1 2 0
230.541 0.285714 0.285714 1 2 0
230.701 0.285714 0.285714 1 2 0
231.021 0.285714 0.285714 1 2 0
231.521 0.285714 0.285714 1 2 0
232.021 0.285714 0.285714 1 2 0
232.521 0.285714 0.285714 1 2 0
233.021 0.285714 0.285714 1 2 0
233.521 0.285714 0.285714 1 2 0
234.021 0.285714 0.285714 1 2 0
234.521 0.285714 0.285714 1 2 0
235.021 0.285714 0.285714 1 2 0
235.521 0.285714 0.285714 1 2 0
236.021 0.285714 0.285714 1 2 0
236.521 0.285714 0.285714 1 2 0
237.021 0.285714 0.285714 1 2 0
237.521 0.285714 0.285714 1 2 0
238.021 0.285714 0.285714 1 2 0
238.521 0.285714 0.285714 1 2 0
239.021 0.285714 0.285714 1 2 0
239.521 0.285714 0.285714 1 2 0
240.021 0.285714 0.285714 1 2 0
240.521 0.285714 0.285714 1 2 0
241.021 0.285714 0.285714 1 2 0
241.521 0.285714 0.285714 1 2 0
242.021 0.285714 0.285714 1 2 0
242.521 0.285714 0.285714 1 2 0
243.021 0.285714 0.285714 1 2 0
243.521 0.285714 0.285714 1 2 0
244.021 0.285714 0.285714 1 2 0
244.521 0.285714 0.285714 1 2 0
245.021 0.285714 0.285714 1 2 0
245.521 0.285714 0.285714 1 2 0
246.021 0.285714 0.285714 1 2 0
246.521 0.285714 0.285714 1 2 0
247.021 0.285714 0.285714 1 2 0
247.521 0.285714 0.285714 1 2 0
248.021 0.285714 0.285714 1 2 0
248.521 0.285714 0.285714 1 2 0
249.021 0.285714 0.285714 1 2 0
249.521 0.285714 0.285714 1 2 0
250.021 0.285714 0.285714 1 2 0
250.521 0.285714 0.285714 1 2 0
251.021 0.285714 0.285714 1 2 0
251.521 0.285714 0.285714 1 2 0
252.021 0.285714 0.285714 1 2 0
252.521 0.285714 0.285714 1 2 0
253.021 0.285714 0.285714 1 2 0
253.521 0.285714 0.285714 1 2 0
254.021 0.285714 0.285714 1 2 0
254.521 0.285714 0.285714 1 2 0
255.021 0.285714 0.285714 1 2 0
255.521 0.285714 0.285714 1 2 0
256.021 0.285714 0.285714 1 2 0
256.521 0.285714 0.285714 1 2 0
257.021 0.285714 0.285714 1 2 0
257.521 0.285714 0.285714 1 2 0
258.021 0.285714 0.285714 1 2 0
258.521 0.285714 0.285714 1 2 0
259.021 0.285714 0.285714 1 2 0
259.521 0.285714 0.285714 1 2 0
260.021 0.285714 0.285714 1 2 0
260.521 0.285714 0.285714 1 2 0
261.021 0.285714 0.285714 1 2 0
261.521 0.285714 0.285714 1 2 0
262.021 0.285714 0.285714 1 2 0
262.521 0.285714 0.285714 1 2 0
263.021 0.285714 0.285714 1 2 0
263.521 0.285714 0.285714 1 2 0
264.021 0.285714 0.285714 1 2 0
264.521 0.285714 0.285714 1 2 0
265.021 0.285714 0.285714 1 2 0
265.521 0.285714 0.285714 1 2 0
266.021 0.285714 0.285714 1 2 0
266.521 0.285714 0.285714 1 2 0
267.021 0.285714 0.285714 1 2 0
267.521 0.285714 0.285714 1 2 0
268.021 0.285714 0.285714 1 2 0
268.521 0.285714 0.285714 1 2 0
269.021 0.285714 0.285714 1 2 0
269.521 0.285714 0.285714 1 2 0
270.021 0.285714 0.285714 1 2 0
270.521 0.285714 0.285714 1 2 0
271.021 0.285714 0.285714 1 2 0
271.521 0.285714 0.285714 1 2 0
272.021 0.285714 0.285714 1 2 0
272.521 0.285714 0.285714 1 2 0
273.021 0.285714 0.285714 1 2 0
273.521 0.285714 0.285714 1 2 0
274.021 0.285714 0.285714 1 2 0
274.521 0.285714 0.285714 1 2 0
275.021 0.285714 0.285714 1 2 0
275.521 0.285714 0.285714 1 2 0
276.021 0.285714 0.285714 1 2 0
276.521 0.285714 0.285714 1 2 0
277.021 0.285714 0.285714 1 2 0
277.521 0.285714 0.285714 1 2 0
278.021 0.285714 0.285714 1 2 0
278.521 0.285714 0.285714 1 2 0
279.021 0.285714 0.285714 1 2 0
279.521 0.285714 0.285714 1 2 0
280.021 0.285714 0.285714 1 2 0
280.521 0.285714 0.285714 1 2 0
281.021 0.285714 0.285714 1 2 0
281.521 0.285714 0.285714 1 2 0
282.021 0.285714 0.285714 1 2 0
282.521 0.285714 0.285714 1 2 0
283.021 0.285714 0.285714 1 2 0
283.521 0.285714 0.285714 1 2 0
284.021 0.285714 0.285714 1 2 0
284.521 0.285714 0.285714 1 2 0
285.021 0.285714 0.285714 1 2 0
285.521 0.285714 0.285714 1 2 0
286.021 0.285714 0.285714 1 2 0
286.521 0.285714 0.285714 1 2 0
287.021 0.285714 0.285714 1 2 0
287.521 0.285714 0.285714 1 2 0
288.021 0.285714 0.285714 1 2 0
288.521 0.285714 0.285714 1 2 0
289.021 0.285714 0.285714 1 2 0
289.521 0.285714 0.285714 1 2 0
290.021 0.285714 0.285714 1 2 0
290.521 0.285714 0.285714 1 2 0
291.021 0.285714 0.285714 1 2 0
291.521 0.285714 0.285714 1 2 0
292.021 0.285714 0.285714 1 2 0
292.521 0.285714 0.285714 1 2 0
293.021 0.285714 0.285714 1 2 0
293.521 0.285714 0.285714 1 2 0
294.021 0.285714 0.285714 1 2 0
294.521 0.285714 0.285714 1 2 0
295.021 0.285714 0.285714 1 2 0
295.521 0.285714 0.285714 1 2 0
296.021 0.285714 0.285714 1 2 0
296.521 0.285714 0.285714 1 2 0
297.021 0.285714 0.285714 1 2 0
297.521 0.285714 0.285714 1 2 0
298.021 0.285714 0.285714 1 2 0
298.521 0.285714 0.285714 1 2 0
299.021 0.285714 0.285714 1 2 0
299.521 0.285714 0.285714 1 2 0
300.021 0.285714 0.285714 1 2 0
300.521 0.285714 0.285714 1 2 0
301.021 0.285714 0.285714 1 2 0
301.521 0.285714 0.285714 1 2 0
302.021 0.285714 0.285714 1 2 0
302.521 0.285714 0.285714 1 2 0
303.021 0.285714 0.285714 1 2 0
303.521 0.285714 0.285714 1 2 0
304.021 0.285714 0.285714 1 2 0
304.521 0.285714 0.285714 1 2 0
305.021 0.285714 0.285714 1 2 0
305.521 0.285714 0.285714 1 2 0
306.021 0.285714 0.285714 1 2 0
306.521 0.285714 0.285714 1 2 0
307.021 0.285714 0.285714 1 2 0
307.521 0.285714 0.285714 1 2 0
308.021 0.285714 0.285714 1 2 0
308.521 0.285714 0.285714 1 2 0
309.021 0.285714 0.285714 1 2 0
309.521 0.285714 0.285714 1 2 0
310.021 0.285714 0.285714 1 2 0
310.521 0.285714 0.285714 1 2 0
311.021 0.285714 0.285714 1 2 0
311.521 0.285714 0.285714 1 2 0
312.021 0.285714 0.285714 1 2 0
312.521 0.285714 0.285714 1 2 0
313.021 0.285714 0.285714 1 2 0
313.521 0.285714 0.285714 1 2 0
314.021 0.285714 0.285714 1 2 0
314.521 0.285714 0.285714 1 2 0
315.021 0.285714 0.285714 1 2 0
315.521 0.285714 0.285714 1 2 0
316.021 0.285714 0.285714 1 2 0
316.521 0.285714 0.285714 1 2 0
317.021 0.285714 0.285714 1 2 0
317.521 0.285714 0.285714 1 2 0
318.021 0.285714 0.285714 1 2 0
318.521 0.285714 0.285714 1 2 0
319.021 0.285714 0.285714 1 2 0
319.521 0.285714 0.285714 1 2 0
320.021 0.285714 0.285714 1 2 0
320.521 0.285714 0.285714 1 2 0
321.021 0.285714 0.285714 1 2 0
321.521 0.285714 0.285714 1 2 0
322.021 0.285714 0.285714 1 2 0
322.521 0.285714 0.285714 1 2 0
323.021 0.285714 0.285714 1 2 0
323.521 0.285714 0.285714 1 2 0
324.021 0.285714 0.285714 1 2 0
324.521 0.285714 0.285714 1 2 0
325.021 0.285714 0.285714 1 2 0
325.521 0.285714 0.285714 1 2 0
326.021 0.285714 0.285714 1 2 0
326.521 0.285714 0.285714 1 2 0
327.021 0.285714 0.285714 1 2 0
327.521 0.285714 0.285714 1 2 0
328.021 0.285714 0.285714 1 2 0
328.021 0.285714 0.285714 2 2 0
328.061 0.285714 0.285714 1 2 0
328.101 0.285714 0.285714 1 2 0
328.181 0.285714 0.285714 1 2 0
328.341 0.285714 0.285714 1 2 0
328.661 0.285714 0.285714 1 2 0
329.161 0.285714 0.285714 1 2 0
329.661 0.285714 0.285714 1 2 0
330.161 0.285714 0.285714 1 2 0
330.661 0.285714 0.285714 1 2 0
331.161 0.285714 0.285714 1 2 0
331.661 0.285714 0.285714 1 2 0
332.161 0.285714 0.285714 1 2 0
332.661 0.285714 0.285714 1 2 0
333.161 0.285714 0.285714 1 2 0
333.661 0.285714 0.285714 1 2 0
334.161 0.285714 0.285714 1 2 0
334.661 0.285714 0.285714 1 2 0
335.161 0.285714 0.285714 1 2 0
335.661 0.285714 0.285714 1 2 0
336.161 0.285714 0.285714 1 2 0
336.661 0.285714 0.285714 1 2 0
337.161 0.285714 0.285714 1 2 0
337.661 0.285714 0.285714 1 2 0
338.161 0.285714 0.285714 1 2 0
338.661 0.285714 0.285714 1 2 0
339.161 0.285714 0.285714 1 2 0
339.661 0.285714 0.285714 1 2 0
340.161 0.285714 0.285714 1 2 0
340.661 0.285714 0.285714 1 2 0
341.161 0.285714 0.285714 1 2 0
341.661 0.285714 0.285714 1 2 0
342.161 0.285714 0.285714 1 2 0
342.661 0.285714 0.285714 1 2 0
343.161 0.285714 0.285714 1 2 0
343.661 0.285714 0.285714 1 2 0
344.161 0.285714 0.285714 1 2 0
344.661 0.285714 0.285714 1 2 0
345.161 0.285714 0.285714 1 2 0
345.661 0.285714 0.285714 1 2 0
346.161 0.285714 0.285714 1 2 0
346.661 0.285714 0.285714 1 2 0
347.161 0.285714 0.285714 1 2 0
347.661 0.285714 0.285714 1 2 0
348.161 0.285714 0.285714 1 2 0
348.661 0.285714 0.285714 1 2 0
349.161 0.285714 0.285714 1 2 0
349.661 0.285714 0.285714 1 2 0
350.161 0.285714 0.285714 1 2 0
350.661 0.285714 0.285714 1 2 0
351.161 0.285714 0.285714 1 2 0
351.661 0.285714 0.285714 1 2 0
352.161 0.285714 0.285714 1 2 0
352.661 0.285714 0.285714 1 2 0
353.161 0.285714 0.285714 1 2 0
353.661 0.285714 0.285714 1 2 0
354.161 0.285714 0.285714 1 2 0
354.661 0.285714 0.285714 1 2 0
355.161 0.285714 0.285714 1 2 0
355.661 0.285714 0.285714 1 2 0
356.161 0.285714 0.285714 1 2 0
356.661 0.285714 0.285714 1 2 0
357.161 0.285714 0.285714 1 2 0
357.661 0.285714 0.285714 1 2 0
358.161 0.285714 0.285714 1 2 0
358.661 0.285714 0.285714 1 2 0
359.161 0.285714 0.285714 1 2 0
359.661 0.285714 0.285714 1 2 0
360.161 0.285714 0.285714 1 2 0
360.661 0.285714 0.285714 1 2 0
361.161 0.285714 0.285714 1 2 0
361.661 0.285714 0.285714 1 2 0
362.161 0.285714 0.285714 1 2 0
362.661 0.285714 0.285714 1 2 0
363.161 0.285714 0.285714 1 2 0
363.661 0.285714 0.285714 1 2 0
364.161 0.285714 0.285714 1 2 0
364.661 0.285714 0.285714 1 2 0
365.161 0.285714 0.285714 1 2 0
365.661 0.285714 0.285714 1 2 0
366.161 0.285714 0.285714 1 2 0
366.661 0.285714 0.285714 1 2 0
367.161 0.285714 0.285714 1 2 0
367.661 0.285714 0.285714 1 2 0
368.161 0.285714 0.285714 1 2 0
368.661 0.285714 0.285714 1 2 0
369.161 0.285714 0.285714 1 2 0
369.661 0.285714 0.285714 1 2 0
370.161 0.285714 0.285714 1 2 0
370.661 0.285714 0.285714 1 2 0
371.161 0.285714 0.285714 1 2 0
371.661 0.285714 0.285714 1 2 0
372.161 0.285714 0.285714 1 2 0
372.661 0.285714 0.285714 1 2 0
373.161 0.285714 0.285714 1 2 0
373.661 0.285714 0.285714 1 2 0
374.161 0.285714 0.285714 1 2 0
374.661 0.285714 0.285714 1 2 0
375.161 0.285714 0.285714 1 2 0
375.661 0.285714 0.285714 1 2 0
376.161 0.285714 0.285714 1 2 0
376.661 0.285714 0.285714 1 2 0
377.161 0.285714 0.285714 1 2 0
377.661 0.285714 0.285714 1 2 0
378.161 0.285714 0.285714 1 2 0
378.661 0.285714 0.285714 1 2 0
379.161 0.285714 0.285714 1 2 0
379.661 0.285714 0.285714 1 2 0
380.161 0.285714 0.285714 1 2 0
380.661 0.285714 0.285714 1 2 0
381.161 0.285714 0.285714 1 2 0
381.661 0.285714 0.285714 1 2 0
382.161 0.285714 0.285714 1 2 0
382.661 0.285714 0.285714 1 2 0
383.161 0.285714 0.285714 1 2 0
383.661 0.285714 0.285714 1 2 0
384.161 0.285714 0.285714 1 2 0
384.661 0.285714 0.285714 1 2 0
385.161 0.285714 0.285714 1 2 0
385.661 0.285714 0.285714 1 2 0
386.161 0.285714 0.285714 1 2 0
386.661 0.285714 0.285714 1 2 0
387.161 0.285714 0.285714 1 2 0
387.661 0.285714 0.285714 1 2 0
388.161 0.285714 0.285714 1 2 0
388.661 0.285714 0.285714 1 2 0
389.161 0.285714 0.285714 1 2 0
389.661 0.285714 0.285714 1 2 0
390.161 0.285714 0.285714 1 2 0
390.661 0.285714 0.285714 1 2 0
391.161 0.285714 0.285714 1 2 0
391.661 0.285714 0.285714 1 2 0
392.161 0.285714 0.285714 1 2 0
392.661 0.285714 0.285714 1 2 0
393.161 0.285714 0.285714 1 2 0
393.661 0.285714 0.285714 1 2 0
394.161 0.285714 0.285714 1 2 0
394.661 0.285714 0.285714 1 2 0
395.161 0.285714 0.285714 1 2 0
395.661 0.285714 0.285714 1 2 0
396.161 0.285714 0.285714 1 2 0
396.661 0.285714 0.285714 1 2 0
397.161 0.285714 0.285714 1 2 0
397.661 0.285714 0.285714 1 2 0
398.161 0.285714 0.285714 1 2 0
398.661 0.285714 0.285714 1 2 0
399.161 0.285714 0.285714 1 2 0
399.661 0.285714 0.285714 1 2 0
400.161 0.285714 0.285714 1 2 0
400.661 0.285714 0.285714 1 2 0
401.161 0.285714 0.285714 1 2 0
401.661 0.285714 0.285714 1 2 0
402.161 0.285714 0.285714 1 2 0
402.661 0.285714 0.285714 1 2 0
403.161 0.285714 0.285714 1 2 0
403.661 0.285714 0.285714 1 2 0
404.161 0.285714 0.285714 1 2 0
404.661 0.285714 0.285714 1 2 0
405.161 0.285714 0.285714 1 2 0
405.661 0.285714 0.285714 1 2 0
406.161 0.285714 0.285714 1 2 0
406.661 0.285714 0.285714 1 2 0
407.161 0.285714 0.285714 1 2 0
407.661 0.285714 0.285714 1 2 0
408.161 0.285714 0.285714 1 2 0
408.661 0.285714 0.285714 1 2 0
409.161 0.285714 0.285714 1 2 0
409.661 0.285714 0.285714 1 2 0
410.161 0.285714 0.285714 1 2 0
410.661 0.285714 0.285714 1 2 0
411.161 0.285714 0.285714 1 2 0
411.661 0.285714 0.285714 1 2 0
412.161 0.285714 0.285714 1 2 0
412.661 0.285714 0.285714 1 2 0
413.161 0.285714 0.285714 1 2 0
413.661 0.285714 0.285714 1 2 0
414.161 0.285714 0.285714 1 2 0
414.661 0.285714 0.285714 1 2 0
415.161 0.285714 0.285714 1 2 0
415.661 0.285714 0.285714 1 2 0
416.161 0.285714 0.285714 1 2 0
416.661 0.285714 0.285714 1 2 0
417.161 0.285714 0.285714 1 2 0
417.661 0.285714 0.285714 1 2 0
418.161 0.285714 0.285714 1 2 0
418.661 0.285714 0.285714 1 2 0
419.161 0.285714 0.285714 1 2 0
419.661 0.285714 0.285714 1 2 0
420.161 0.285714 0.285714 1 2 0
420.661 0.285714 0.285714 1 2 0
421.161 0.285714 0.285714 1 2 0
421.661 0.285714 0.285714 1 2 0
422.161 0.285714 0.285714 1 2 0
422.661 0.285714 0.285714 1 2 0
423.161 0.285714 0.285714 1 2 0
423.661 0.285714 0.285714 1 2 0
424.161 0.285714 0.285714 1 2 0
424.661 0.285714 0.285714 1 2 0
425.161 0.285714 0.285714 1 2 0
425.661 0.285714 0.285714 1 2 0
425.661 0.285714 0.285714 2 2 0
425.701 0.285714 0.285714 1 2 0
425.741 0.285714 0.285714 1 2 0
425.821 0.285714 0.285714 1 2 0
425.981 0.285714 0.285714 1 2 0
426.301 0.285714 0.285714 1 2 0
426.801 0.285714 0.285714 1 2 0
427.301 0.285714 0.285714 1 2 0
427.801 0.285714 0.285714 1 2 0
428.301 0.285714 0.285714 1 2 0
428.801 0.285714 0.285714 1 2 0
429.301 0.285714 0.285714 1 2 0
429.801 0.285714 0.285714 1 2 0
430.301 0.285714 0.285714 1 2 0
430.801 0.285714 0.285714 1 2 0
431.301 0.285714 0.285714 1 2 0
431.801 0.285714 0.285714 1 2 0
432.301 0.285714 0.285714 1 2 0
432.801 0.285714 0.285714 1 2 0
433.301 0.285714 0.285714 1 2 0
433.801 0.285714 0.285714 1 2 0
434.301 0.285714 0.285714 1 2 0
434.801 0.285714 0.285714 1 2 0
435.301 0.285714 0.285714 1 2 0
435.801 0.285714 0.285714 1 2 0
436.301 0.285714 0.285714 1 2 0
436.801 0.285714 0.285714 1 2 0
437.301 0.285714 0.285714 1 2 0
437.801 0.285714 0.285714 1 2 0
438.301 0.285714 0.285714 1 2 0
438.801 0.285714 0.285714 1 2 0
439.301 0.285714 0.285714 1 2 0
439.801 0.285714 0.285714 1 2 0
440.301 0.285714 0.285714 1 2 0
440.801 0.285714 0.285714 1 2 0
441.301 0.285714 0.285714 1 2 0
441.801 0.285714 0.285714 1 2 0
442.301 0.285714 0.285714 1 2 0
442.801 0.285714 0.285714 1 2 0
443.301 0.285714 0.285714 1 2 0
443.801 0.285714 0.285714 1 2 0
444.301 0.285714 0.285714 1 2 0
444.801 0.285714 0.285714 1 2 0
445.301 0.285714 0.285714 1 2 0
445.801 0.285714 0.285714 1 2 0
446.301 0.285714 0.285714 1 2 0
446.801 0.285714 0.285714 1 2 0
447.301 0.285714 0.285714 1 2 0
447.801 0.285714 0.285714 1 2 0
448.301 0.285714 0.285714 1 2 0
448.801 0.285714 0.285714 1 2 0
449.301 0.285714 0.285714 1 2 0
449.801 0.285714 0.285714 1 2 0
450.301 0.285714 0.285714 1 2 0
450.801 0.285714 0.285714 1 2 0
451.301 0.285714 0.285714 1 2 0
451.801 0.285714 0.285714 1 2 0
452.301 0.285714 0.285714 1 2 0
452.801 0.285714 0.285714 1 2 0
453.301 0.285714 0.285714 1 2 0
453.801 0.285714 0.285714 1 2 0
454.301 0.285714 0.285714 1 2 0
454.801 0.285714 0.285714 1 2 0
455.301 0.285714 0.285714 1 2 0
455.801 0.285714 0.285714 1 2 0
456.301 0.285714 0.285714 1 2 0
456.801 0.285714 0.285714 1 2 0
457.301 0.285714 0.285714 1 2 0
457.801 0.285714 0.285714 1 2 0
458.301 0.285714 0.285714 1 2 0
458.801 0.285714 0.285714 1 2 0
459.301 0.285714 0.285714 1 2 0
459.801 0.285714 0.285714 1 2 0
460.301 0.285714 0.285714 1 2 0
460.801 0.285714 0.285714 1 2 0
461.301 0.285714 0.285714 1 2 0
461.801 0.285714 0.285714 1 2 0
462.301 0.285714 0.285714 1 2 0
462.801 0.285714 0.285714 1 2 0
463.301 0.285714 0.285714 1 2 0
463.801 0.285714 0.285714 1 2 0
464.301 0.285714 0.285714 1 2 0
464.801 0.285714 0.285714 1 2 0
465.301 0.285714 0.285714 1 2 0
465.801 0.285714 0.285714 1 2 0
466.301 0.285714 0.285714 1 2 0
466.801 0.285714 0.285714 1 2 0
467.301 0.285714 0.285714 1 2 0
467.801 0.285714 0.285714 1 2 0
468.301 0.285714 0.285714 1 2 0
468.801 0.285714 0.285714 1 2 0
469.301 0.285714 0.285714 1 2 0
469.801 0.285714 0.285714 1 2 0
470.301 0.285714 0.285714 1 2 0
470.801 0.285714 0.285714 1 2 0
471.301 0.285714 0.285714 1 2 0
471.801 0.285714 0.285714 1 2 0
472.301 0.285714 0.285714 1 2 0
472.801 0.285714 0.285714 1 2 0
473.301 0.285714 0.285714 1 2 0
473.801 0.285714 0.285714 1 2 0
474.301 0.285714 0.285714 1 2 0
474.801 0.285714 0.285714 1 2 0
475.301 0.285714 0.285714 1 2 0
475.801 0.285714 0.285714 1 2 0
476.301 0.285714 0.285714 1 2 0
476.801 0.285714 0.285714 1 2 0
477.301 0.285714 0.285714 1 2 0
477.801 0.285714 0.285714 1 2 0
478.301 0.285714 0.285714 1 2 0
478.801 0.285714 0.285714 1 2 0
479.301 0.285714 0.285714 1 2 0
479.801 0.285714 0.285714 1 2 0
480.301 0.285714 0.285714 1 2 0
480.801 0.285714 0.285714 1 2 0
481.301 0.285714 0.285714 1 2 0
481.801 0.285714 0.285714 1 2 0
482.301 0.285714 0.285714 1 2 0
482.801 0.285714 0.285714 1 2 0
483.301 0.285714 0.285714 1 2 0
483.801 0.285714 0.285714 1 2 0
484.301 0.285714 0.285714 1 2 0
484.801 0.285714 0.285714 1 2 0
485.301 0.285714 0.285714 1 2 0
485.801 0.285714 0.285714 1 2 0
486.301 0.285714 0.285714 1 2 0
486.801 0.285714 0.285714 1 2 0
487.301 0.285714 0.285714 1 2 0
487.801 0.285714 0.285714 1 2 0
488.301 0.285714 0.285714 1 2 0
488.801 0.285714 0.285714 1 2 0
489.301 0.285714 0.285714 1 2 0
489.801 0.285714 0.285714 1 2 0
490.301 0.285714 0.285714 1 2 0
490.801 0.285714 0.285714 1 2 0
491.301 0.285714 0.285714 1 2 0
491.801 0.285714 0.285714 1 2 0
492.301 0.285714 0.285714 1 2 0
492.801 0.285714 0.285714 1 2 0
493.301 0.285714 0.285714 1 2 0
493.801 0.285714 0.285714 1 2 0
494.301 0.285714 0.285714 1 2 0
494.801 0.285714 0.285714 1 2 0
495.301 0.285714 0.285714 1 2 0
495.801 0.285714 0.285714 1 2 0
496.301 0.285714 0.285714 1 2 0
496.801 0.285714 0.285714 1 2 0
497.301 0.285714 0.285714 1 2 0
497.801 0.285714 0.285714 1 2 0
498.301 0.285714 0.285714 1 2 0
498.801 0.285714 0.285714 1 2 0
499.301 0.285714 0.285714 1 2 0
499.801 0.285714 0.285714 1 2 0
500.301 0.285714 0.285714 1 2 0
500.801 0.285714 0.285714 1 2 0
501.301 0.285714 0.285714 1 2 0
501.801 0.285714 0.285714 1 2 0
502.301 0.285714 0.285714 1 2 0
502.801 0.285714 0.285714 1 2 0
503.301 0.285714 0.285714 1 2 0
503.801 0.285714 0.285714 1 2 0
504.301 0.285714 0.285714 1 2 0
504.801 0.285714 0.285714 1 2 0
505.301 0.285714 0.285714 1 2 0
505.801 0.285714 0.285714 1 2 0
506.301 0.285714 0.285714 1 2 0
506.801 0.285714 0.285714 1 2 0
507.301 0.285714 0.285714 1 2 0
507.801 0.285714 0.285714 1 2 0
508.301 0.285714 0.285714 1 2 0
508.801 0.285714 0.285714 1 2 0
509.301 0.285714 0.285714 1 2 0
509.801 0.285714 0.285714 1 2 0
510.301 0.285714 0.285714 1 2 0
510.801 0.285714 0.285714 1 2 0
511.301 0.285714 0.285714 1 2 0
511.801 0.285714 0.285714 1 2 0
512.301 0.285714 0.285714 1 2 0
512.801 0.285714 0.285714 1 2 0
513.301 0.285714 0.285714 1 2 0
513.801 0.285714 0.285714 1 2 0
514.301 0.285714 0.285714 1 2 0
514.801 0.285714 0.285714 1 2 0
515.301 0.285714 0.285714 1 2 0
515.801 0.285714 0.285714 1 2 0
516.301 0.285714 0.285714 1 2 0
516.801 0.285714 0.285714 1 2 0
517.301 0.285714 0.285714 1 2 0
517.801 0.285714 0.285714 1 2 0
518.301 0.285714 0.285714 1 2 0
518.801 0.285714 0.285714 1 2 0
519.301 0.285714 0.285714 1 2 0
519.801 0.285714 0.285714 1 2 0
520.301 0.285714 0.285714 1 2 0
520.801 0.285714 0.285714 1 2 0
521.301 0.285714 0.285714 1 2 0
521.801 0.285714 0.285714 1 2 0
522.301 0.285714 0.285714 1 2 0
522.801 0.285714 0.285714 1 2 0
523.301 0.285714 0.285714 1 2 0
523.301 0.285714 0.285714 2 2 0
523.341 0.285714 0.285714 1 2 0
523.381 0.285714 0.285714 1 2 0
523.461 0.285714 0.285714 1 2 0
523.621 0.285714 0.285714 1 2 0
523.941 0.285714 0.285714 1 2 0
524.441 0.285714 0.285714 1 2 0
524.941 0.285714 0.285714 1 2 0
525.441 0.285714 0.285714 1 2 0
525.941 0.285714 0.285714 1 2 0
526.441 0.285714 0.285714 1 2 0
526.941 0.285714 0.285714 1 2 0
527.441 0.285714 0.285714 1 2 0
527.941 0.285714 0.285714 1 2 0
528.441 0.285714 0.285714 1 2 0
528.941 0.285714 0.285714 1 2 0
529.441 0.285714 0.285714 1 2 0
529.941 0.285714 0.285714 1 2 0
530.441 0.285714 0.285714 1 2 0
530.941 0.285714 0.285714 1 2 0
531.441 0.285714 0.285714 1 2 0
531.941 0.285714 0.285714 1 2 0
532.441 0.285714 0.285714 1 2 0
532.941 0.285714 0.285714 1 2 0
533.441 0.285714 0.285714 1 2 0
533.941 0.285714 0.285714 1 2 0
534.441 0.285714 0.285714 1 2 0
534.941 0.285714 0.285714 1 2 0
535.441 0.285714 0.285714 1 2 0
535.941 0.285714 0.285714 1 2 0
536.441 0.285714 0.285714 1 2 0
536.941 0.285714 0.285714 1 2 0
537.441 0.285714 0.285714 1 2 0
537.941 0.285714 0.285714 1 2 0
538.441 0.285714 0.285714 1 2 0
538.941 0.285714 0.285714 1 2 0
539.441 0.285714 0.285714 1 2 0
539.941 0.285714 0.285714 1 2 0
540.441 0.285714 0.285714 1 2 0
540.941 0.285714 0.285714 1 2 0
541.441 0.285714 0.285714 1 2 0
541.941 0.285714 0.285714 1 2 0
542.441 0.285714 0.285714 1 2 0
542.941 0.285714 0.285714 1 2 0
543.441 0.285714 0.285714 1 2 0
543.941 0.285714 0.285714 1 2 0
544.441 0.285714 0.285714 1 2 0
544.941 0.285714 0.285714 1 2 0
545.441 0.285714 0.285714 1 2 0
545.941 0.285714 0.285714 1 2 0
546.441 0.285714 0.285714 1 2 0
546.941 0.285714 0.285714 1 2 0
547.441 0.285714 0.285714 1 2 0
547.941 0.285714 0.285714 1 2 0
548.441 0.285714 0.285714 1 2 0
548.941 0.285714 0.285714 1 2 0
549.441 0.285714 0.285714 1 2 0
549.941 0.285714 0.285714 1 2 0
550.441 0.285714 0.285714 1 2 0
550.941 0.285714 0.285714 1 2 0
551.441 0.285714 0.285714 1 2 0
551.941 0.285714 0.285714 1 2 0
552.441 0.285714 0.285714 1 2 0
552.941 0.285714 0.285714 1 2 0
553.441 0.285714 0.285714 1 2 0
553.941 0.285714 0.285714 1 2 0
554.441 0.285714 0.285714 1 2 0
554.941 0.285714 0.285714 1 2 0
555.441 0.285714 0.285714 1 2 0
555.941 0.285714 0.285714 1 2 0
556.441 0.285714 0.285714 1 2 0
556.941 0.285714 0.285714 1 2 0
557.441 0.285714 0.285714 1 2 0
557.941 0.285714 0.285714 1 2 0
558.441 0.285714 0.285714 1 2 0
558.941 0.285714 0.285714 1 2 0
559.441 0.285714 0.285714 1 2 0
559.941 0.285714 0.285714 1 2 0
560.441 0.285714 0.285714 1 2 0
560.941 0.285714 0.285714 1 2 0
561.441 0.285714 0.285714 1 2 0
561.941 0.285714 0.285714 1 2 0
562.441 0.285714 0.285714 1 2 0
562.941 0.285714 0.285714 1 2 0
563.441 0.285714 0.285714 1 2 0
563.941 0.285714 0.285714 1 2 0
564.441 0.285714 0.285714 1 2 0
564.941 0.285714 0.285714 1 2 0
565.441 0.285714 0.285714 1 2 0
565.941 0.285714 0.285714 1 2 0
566.441 0.285714 0.285714 1 2 0
566.941 0.285714 0.285714 1 2 0
567.441 0.285714 0.285714 1 2 0
567.941 0.285714 0.285714 1 2 0
568.441 0.285714 0.285714 1 2 0
568.941 0.285714 0.285714 1 2 0
569.441 0.285714 0.285714 1 2 0
569.941 0.285714 0.285714 1 2 0
570.441 0.285714 0.285714 1 2 0
570.941 0.285714 0.285714 1 2 0
571.441 0.285714 0.285714 1 2 0
571.941 0.285714 0.285714 1 2 0
572.441 0.285714 0.285714 1 2 0
572.941 0.285714 0.285714 1 2 0
573.441 0.285714 0.285714 1 2 0
573.941 0.285714 0.285714 1 2 0
574.441 0.285714 0.285714 1 2 0
574.941 0.285714 0.285714 1 2 0
575.441 0.285714 0.285714 1 2 0
575.941 0.285714 0.285714 1 2 0
576.441 0.285714 0.285714 1 2 0
576.941 0.285714 0.285714 1 2 0
577.441 0.285714 0.285714 1 2 0
577.941 0.285714 0.285714 1 2 0
578.441 0.285714 0.285714 1 2 0
578.941 0.285714 0.285714 1 2 0
579.441 0.285714 0.285714 1 2 0
579.941 0.285714 0.285714 1 2 0
580.441 0.285714 0.285714 1 2 0
580.941 0.285714 0.285714 1 2 0
581.441 0.285714 0.285714 1 2 0
581.941 0.285714 0.285714 1 2 0
582.441 0.285714 0.285714 1 2 0
582.941 0.285714 0.285714 1 2 0
583.441 0.285714 0.285714 1 2 0
583.941 0.285714 0.285714 1 2 0
584.441 0.285714 0.285714 1 2 0
584.941 0.285714 0.285714 1 2 0
585.441 0.285714 0.285714 1 2 0
585.941 0.285714 0.285714 1 2 0
586.441 0.285714 0.285714 1 2 0
586.941 0.285714 0.285714 1 2 0
587.441 0.285714 0.285714 1 2 0
587.941 0.285714 0.285714 1 2 0
588.441 0.285714 0.285714 1 2 0
588.941 0.285714 0.285714 1 2 0
589.441 0.285714 0.285714 1 2 0
589.941 0.285714 0.285714 1 2 0
590.441 0.285714 0.285714 1 2 0
590.941 0.285714 0.285714 1 2 0
591.441 0.285714 0.285714 1 2 0
591.941 0.285714 0.285714 1 2 0
592.441 0.285714 0.285714 1 2 0
592.941 0.285714 0.285714 1 2 0
593.441 0.285714 0.285714 1 2 0
593.941 0.285714 0.285714 1 2 0
594.441 0.285714 0.285714 1 2 0
594.941 0.285714 0.285714 1 2 0
595.441 0.285714 0.285714 1 2 0
595.941 0.285714 0.285714 1 2 0
596.441 0.285714 0.285714 1 2 0
596.941 0.285714 0.285714 1 2 0
597.441 0.285714 0.285714 1 2 0
597.941 0.285714 0.285714 1 2 0
598.441 0.285714 0.285714 1 2 0
598.941 0.285714 0.285714 1 2 0
599.441 0.285714 0.285714 1 2 0
599.941 0.285714 0.285714 1 2 0
600.441 0.285714 0.285714 1 2 0
600.941 0.285714 0.285714 1 2 0
601.441 0.285714 0.285714 1 2 0
601.941 0.285714 0.285714 1 2 0
602.441 0.285714 0.285714 1 2 0
602.941 0.285714 0.285714 1 2 0
603.441 0.285714 0.285714 1 2 0
603.941 0.285714 0.285714 1 2 0
604.441 0.285714 0.285714 1 2 0
604.941 0.285714 0.285714 1 2 0
605.441 0.285714 0.285714 1 2 0
605.941 0.285714 0.285714 1 2 0
606.441 0.285714 0.285714 1 2 0
606.941 0.285714 0.285714 1 2 0
607.441 0.285714 0.285714 1 2 0
607.941 0.285714 0.285714 1 2 0
608.441 0.285714 0.285714 1 2 0
608.941 0.285714 0.285714 1 2 0
609.441 0.285714 0.285714 1 2 0
609.941 0.285714 0.285714 1 2 0
610.441 0.285714 0.285714 1 2 0
610.941 0.285714 0.285714 1 2 0
611.441 0.285714 0.285714 1 2 0
611.941 0.285714 0.285714 1 2 0
612.441 0.285714 0.285714 1 2 0
612.941 0.285714 0.285714 1 2 0
613.441 0.285714 0.285714 1 2 0
613.941 0.285714 0.285714 1 2 0
614.441 0.285714 0.285714 1 2 0
614.941 0.285714 0.285714 1 2 0
615.441 0.285714 0.285714 1 2 0
615.941 0.285714 0.285714 1 2 0
616.441 0.285714 0.285714 1 2 0
616.941 0.285714 0.285714 1 2 0
617.441 0.285714 0.285714 1 2 0
617.941 0.285714 0.285714 1 2 0
618.441 0.285714 0.285714 1 2 0
618.941 0.285714 0.285714 1 2 0
619.441 0.285714 0.285714 1 2 0
619.941 0.285714 0.285714 1 2 0
620.441 0.285714 0.285714 1 2 0
620.941 0.285714 0.285714 1 2 0
620.941 0.285714 0.285714 2 2 0
620.981 0.285714 0.285714 1 2 0
621.021 0.285714 0.285714 1 2 0
621.101 0.285714 0.285714 1 2 0
621.261 0.285714 0.285714 1 2 0
621.581 0.285714 0.285714 1 2 0
622.081 0.285714 0.285714 1 2 0
622.581 0.285714 0.285714 1 2 0
623.081 0.285714 0.285714 1 2 0
623.581 0.285714 0.285714 1 2 0
624.081 0.285714 0.285714 1 2 0
624.581 0.285714 0.285714 1 2 0
625.081 0.285714 0.285714 1 2 0
625.581 0.285714 0.285714 1 2 0
626.081 0.285714 0.285714 1 2 0
626.581 0.285714 0.285714 1 2 0
627.081 0.285714 0.285714 1 2 0
627.581 0.285714 0.285714 1 2 0
628.081 0.285714 0.285714 1 2 0
628.581 0.285714 0.285714 1 2 0
629.081 0.285714 0.285714 1 2 0
629.581 0.285714 0.285714 1 2 0
630.081 0.285714 0.285714 1 2 0
630.581 0.285714 0.285714 1 2 0
631.081 0.285714 0.285714 1 2 0
631.581 0.285714 0.285714 1 2 0
632.081 0.285714 0.285714 1 2 0
632.581 0.285714 0.285714 1 2 0
633.081 0.285714 0.285714 1 2 0
633.581 0.285714 0.285714 1 2 0
634.081 0.285714 0.285714 1 2 0
634.581 0.285714 0.285714 1 2 0
635.081 0.285714 0.285714 1 2 0
635.581 0.285714 0.285714 1 2 0
636.081 0.285714 0.285714 1 2 0
636.581 0.285714 0.285714 1 2 0
637.081 0.285714 0.285714 1 2 0
637.581 0.285714 0.285714 1 2 0
638.081 0.285714 0.285714 1 2 0
638.581 0.285714 0.285714 1 2 0
639.081 0.285714 0.285714 1 2 0
639.581 0.285714 0.285714 1 2 0
640.081 0.285714 0.285714 1 2 0
640.581 0.285714 0.285714 1 2 0
641.081 0.285714 0.285714 1 2 0
641.581 0.285714 0.285714 1 2 0
642.081 0.285714 0.285714 1 2 0
642.581 0.285714 0.285714 1 2 0
643.081 0.285714 0.285714 1 2 0
643.581 0.285714 0.285714 1 2 0
644.081 0.285714 0.285714 1 2 0
644.581 0.285714 0.285714 1 2 0
645.081 0.285714 0.285714 1 2 0
645.581 0.285714 0.285714 1 2 0
646.081 0.285714 0.285714 1 2 0
646.581 0.285714 0.285714 1 2 0
647.075 0.285714 0.285714 1 2 0
647.575 0.285714 0.285714 2 2 0
648.075 0.285714 0.285714 2 2 0
648.575 0.285714 0.285714 2 2 0
649.075 0.285714 0.285714 2 2 0
649.575 0.285714 0.285714 2 2 0
650.075 0.285714 0.285714 2 2 0
650.575 0.285714 0.285714 2 2 0
651.075 0.285714 0.285714 2 2 0
651.575 0.285714 0.285714 2 2 0
652.075 0.285714 0.285714 2 2 0
652.575 0.285714 0.285714 2 2 0
653.075 0.285714 0.285714 2 2 0
653.575 0.285714 0.285714 2 2 0
654.075 0.285714 0.285714 2 2 0
654.575 0.285714 0.285714 2 2 0
655.075 0.285714 0.285714 2 2 0
655.575 0.285714 0.285714 2 2 0
656.075 0.285714 0.285714 2 2 0
656.575 0.285714 0.285714 2 2 0
657.075 0.285714 0.285714 2 2 0
657.575 0.285714 0.285714 2 2 0
658.075 0.285714 0.285714 2 2 0
658.575 0.285714 0.285714 2 2 0
659.075 0.285714 0.285714 2 2 0
659.575 0.285714 0.285714 2 2 0
660.075 0.285714 0.285714 2 2 0
660.575 0.285714 0.285714 2 2 0
661.075 0.285714 0.285714 2 2 0
661.575 0.285714 0.285714 2 2 0
662.075 0.285714 0.285714 2 2 0
662.575 0.285714 0.285714 2 2 0
663.075 0.285714 0.285714 2 2 0
663.575 0.285714 0.285714 2 2 0
664.075 0.285714 0.285714 2 2 0
664.575 0.285714 0.285714 2 2 0
665.075 0.285714 0.285714 2 2 0
665.575 0.285714 0.285714 2 2 0
666.075 0.285714 0.285714 2 2 0
666.575 0.285714 0.285714 2 2 0
667.075 0.285714 0.285714 2 2 0
667.575 0.285714 0.285714 2 2 0
668.075 0.285714 0.285714 2 2 0
668.575 0.285714 0.285714 2 2 0
669.075 0.285714 0.285714 2 2 0
669.575 0.285714 0.285714 2 2 0
670.075 0.285714 0.285714 2 2 0
670.575 0.285714 0.285714 2 2 0
671.075 0.285714 0.285714 2 2 0
671.575 0.285714 0.285714 2 2 0
672.075 0.285714 0.285714 2 2 0
672.575 0.285714 0.285714 2 2 0
673.075 0.285714 0.285714 2 2 0
673.575 0.285714 0.285714 2 2 0
674.075 0.285714 0.285714 2 2 0
674.575 0.285714 0.285714 2 2 0
675.075 0.285714 0.285714 2 2 0
675.575 0.285714 0.285714 2 2 0
676.075 0.285714 0.285714 2 2 0
676.575 0.285714 0.285714 2 2 0
677.075 0.285714 0.285714 2 2 0
677.575 0.285714 0.285714 2 2 0
678.075 0.285714 0.285714 2 2 0
678.575 0.285714 0.285714 2 2 0
679.075 0.285714 0.285714 2 2 0
679.575 0.285714 0.285714 2 2 0
680.075 0.285714 0.285714 2 2 0
680.575 0.285714 0.285714 2 2 0
681.075 0.285714 0.285714 2 2 0
681.575 0.285714 0.285714 2 2 0
682.075 0.285714 0.285714 2 2 0
682.575 0.285714 0.285714 2 2 0
683.075 0.285714 0.285714 2 2 0
683.575 0.285714 0.285714 2 2 0
684.075 0.285714 0.285714 2 2 0
684.575 0.285714 0.285714 2 2 0
685.075 0.285714 0.285714 2 2 0
685.575 0.285714 0.285714 2 2 0
686.075 0.285714 0.285714 2 2 0
686.575 0.285714 0.285714 2 2 0
687.075 0.285714 0.285714 2 2 0
687.575 0.285714 0.285714 2 2 0
688.075 0.285714 0.285714 2 2 0
688.575 0.285714 0.285714 2 2 0
689.075 0.285714 0.285714 2 2 0
689.575 0.285714 0.285714 2 2 0
690.075 0.285714 0.285714 2 2 0
690.575 0.285714 0.285714 2 2 0
691.075 0.285714 0.285714 2 2 0
691.575 0.285714 0.285714 2 2 0
692.075 0.285714 0.285714 2 2 0
692.575 0.285714 0.285714 2 2 0
693.075 0.285714 0.285714 2 2 0
693.575 0.285714 0.285714 2 2 0
694.075 0.285714 0.285714 2 2 0
694.575 0.285714 0.285714 2 2 0
695.075 0.285714 0.285714 2 2 0
695.575 0.285714 0.285714 2 2 0
696.075 0.285714 0.285714 2 2 0
696.575 0.285714 0.285714 2 2 0
697.075 0.285714 0.285714 2 2 0
697.575 0.285714 0.285714 2 2 0
698.075 0.285714 0.285714 2 2 0
698.575 0.285714 0.285714 2 2 0
699.075 0.285714 0.285714 2 2 0
699.575 0.285714 0.285714 2 2 0
700.075 0.285714 0.285714 2 2 0
700.575 0.285714 0.285714 2 2 0
701.075 0.285714 0.285714 2 2 0
701.575 0.285714 0.285714 2 2 0
702.075 0.285714 0.285714 2 2 0
702.575 0.285714 0.285714 2 2 0
703.075 0.285714 0.285714 2 2 0
703.575 0.285714 0.285714 2 2 0
704.075 0.285714 0.285714 2 2 0
704.575 0.285714 0.285714 2 2 0
705.075 0.285714 0.285714 2 2 0
705.575 0.285714 0.285714 2 2 0
706.075 0.285714 0.285714 2 2 0
706.575 0.285714 0.285714 2 2 0
707.075 0.285714 0.285714 2 2 0
707.575 0.285714 0.285714 2 2 0
708.075 0.285714 0.285714 2 2 0
708.575 0.285714 0.285714 2 2 0
709.075 0.285714 0.285714 2 2 0
709.575 0.285714 0.285714 2 2 0
710.075 0.285714 0.285714 2 2 0
710.575 0.285714 0.285714 2 2 0
711.075 0.285714 0.285714 2 2 0
711.575 0.285714 0.285714 2 2 0
712.075 0.285714 0.285714 2 2 0
712.575 0.285714 0.285714 2 2 0
713.075 0.285714 0.285714 2 2 0
713.575 0.285714 0.285714 2 2 0
714.075 0.285714 0.285714 2 2 0
714.575 0.285714 0.285714 2 2 0
715.075 0.285714 0.285714 2 2 0
715.575 0.285714 0.285714 2 2 0
716.075 0.285714 0.285714 2 2 0
716.575 0.285714 0.285714 2 2 0
717.075 0.285714 0.285714 2 2 0
717.575 0.285714 0.285714 2 2 0
718.075 0.285714 0.285714 2 2 0
718.575 0.285714 0.285714 2 2 0
