1.633930000000000007e+02 9.415759999999999685e-01
1.634019999999999868e+02 9.414780000000000371e-01
1.634110000000000014e+02 9.413789999999999658e-01
1.634170000000000016e+02 9.413230000000000208e-01
1.634209999999999923e+02 9.412770000000000303e-01
1.634230000000000018e+02 9.412509999999999488e-01
1.634259999999999877e+02 9.412249999999999783e-01
1.634290000000000020e+02 9.411939999999999751e-01
1.634310000000000116e+02 9.411730000000000373e-01
1.634329999999999927e+02 9.411500000000000421e-01
1.634439999999999884e+02 9.410269999999999468e-01
1.634689999999999941e+02 9.407609999999999584e-01
1.634950000000000045e+02 9.404749999999999499e-01
1.635449999999999875e+02 9.399389999999999690e-01
1.636450000000000102e+02 9.388579999999999703e-01
1.637460000000000093e+02 9.377739999999999965e-01
1.638460000000000036e+02 9.366900000000000226e-01
1.639379999999999882e+02 9.357029999999999514e-01
1.640209999999999866e+02 9.348060000000000258e-01
1.641719999999999970e+02 9.331739999999999480e-01
1.644470000000000027e+02 9.302049999999999486e-01
1.646970000000000027e+02 9.275029999999999664e-01
1.651970000000000027e+02 9.220970000000000555e-01
1.656970000000000027e+02 9.166879999999999473e-01
1.661970000000000027e+02 9.112780000000000324e-01
1.666970000000000027e+02 9.058690000000000353e-01
1.671970000000000027e+02 9.004609999999999559e-01
1.676970000000000027e+02 8.950580000000000203e-01
1.681959999999999980e+02 8.896610000000000351e-01
1.686959999999999980e+02 8.842710000000000292e-01
1.691959999999999980e+02 8.788899999999999491e-01
1.696959999999999980e+02 8.735190000000000454e-01
1.701959999999999980e+02 8.681590000000000140e-01
1.706959999999999980e+02 8.628120000000000234e-01
1.711959999999999980e+02 8.574789999999999912e-01
1.716959999999999980e+02 8.521609999999999463e-01
1.721959999999999980e+02 8.468590000000000284e-01
1.726959999999999980e+02 8.415740000000000443e-01
1.731959999999999980e+02 8.363080000000000513e-01
1.736959999999999980e+02 8.310610000000000497e-01
1.741959999999999980e+02 8.258339999999999570e-01
1.746959999999999980e+02 8.206280000000000241e-01
1.751959999999999980e+02 8.154439999999999467e-01
1.756959999999999980e+02 8.102829999999999755e-01
1.761959999999999980e+02 8.051449999999999996e-01
1.766959999999999980e+02 8.000310000000000477e-01
1.771959999999999980e+02 7.949420000000000375e-01
1.776959999999999980e+02 7.898779999999999690e-01
1.781959999999999980e+02 7.848410000000000108e-01
1.786959999999999980e+02 7.798300000000000232e-01
1.791959999999999980e+02 7.748460000000000347e-01
1.796949999999999932e+02 7.698899999999999633e-01
1.801949999999999932e+02 7.649629999999999486e-01
1.806949999999999932e+02 7.600639999999999619e-01
1.811949999999999932e+02 7.551940000000000319e-01
1.816949999999999932e+02 7.503539999999999655e-01
1.821949999999999932e+02 7.455439999999999845e-01
1.826949999999999932e+02 7.407639999999999780e-01
1.831949999999999932e+02 7.360149999999999748e-01
1.836949999999999932e+02 7.312969999999999748e-01
1.841949999999999932e+02 7.266099999999999781e-01
1.846949999999999932e+02 7.219539999999999846e-01
1.851949999999999932e+02 7.173310000000000519e-01
1.856949999999999932e+02 7.127400000000000402e-01
1.861949999999999932e+02 7.081809999999999494e-01
1.866949999999999932e+02 7.036540000000000017e-01
1.871949999999999932e+02 6.991600000000000037e-01
1.876949999999999932e+02 6.946999999999999842e-01
1.881949999999999932e+02 6.902719999999999967e-01
1.886949999999999932e+02 6.858769999999999589e-01
1.891949999999999932e+02 6.815160000000000107e-01
1.896949999999999932e+02 6.771880000000000122e-01
1.901949999999999932e+02 6.728929999999999634e-01
1.906949999999999932e+02 6.686330000000000329e-01
1.911949999999999932e+02 6.644060000000000521e-01
1.916949999999999932e+02 6.602120000000000211e-01
1.921949999999999932e+02 6.560519999999999685e-01
1.926949999999999932e+02 6.519270000000000342e-01
1.931949999999999932e+02 6.478350000000000497e-01
1.936949999999999932e+02 6.437760000000000149e-01
1.941949999999999932e+02 6.397519999999999873e-01
1.946949999999999932e+02 6.357610000000000205e-01
1.951949999999999932e+02 6.318049999999999500e-01
1.956949999999999932e+02 6.278820000000000512e-01
1.961949999999999932e+02 6.239919999999999911e-01
1.966949999999999932e+02 6.201370000000000493e-01
1.971949999999999932e+02 6.163149999999999462e-01
1.976949999999999932e+02 6.125260000000000149e-01
1.981949999999999932e+02 6.087719999999999798e-01
1.986949999999999932e+02 6.050499999999999767e-01
1.991949999999999932e+02 6.013619999999999521e-01
1.996949999999999932e+02 5.977069999999999883e-01
2.001939999999999884e+02 5.940849999999999742e-01
2.006939999999999884e+02 5.904960000000000209e-01
2.011939999999999884e+02 5.869400000000000173e-01
2.016939999999999884e+02 5.834169999999999634e-01
2.021939999999999884e+02 5.799269999999999703e-01
2.026939999999999884e+02 5.764690000000000092e-01
2.031939999999999884e+02 5.730429999999999691e-01
2.036939999999999884e+02 5.696489999999999609e-01
2.041939999999999884e+02 5.662880000000000136e-01
2.046939999999999884e+02 5.629589999999999872e-01
2.051939999999999884e+02 5.596609999999999641e-01
2.056939999999999884e+02 5.563949999999999729e-01
2.061939999999999884e+02 5.531610000000000138e-01
2.066939999999999884e+02 5.499570000000000292e-01
2.071939999999999884e+02 5.467849999999999655e-01
2.076939999999999884e+02 5.436440000000000161e-01
2.081939999999999884e+02 5.405330000000000412e-01
2.086939999999999884e+02 5.374529999999999585e-01
2.091939999999999884e+02 5.344039999999999901e-01
2.096939999999999884e+02 5.313839999999999675e-01
2.101939999999999884e+02 5.283949999999999481e-01
2.106939999999999884e+02 5.254349999999999854e-01
2.111939999999999884e+02 5.225049999999999972e-01
2.116939999999999884e+02 5.196049999999999836e-01
2.121939999999999884e+02 5.167340000000000266e-01
2.126939999999999884e+02 5.138909999999999867e-01
2.131939999999999884e+02 5.110780000000000323e-01
2.136939999999999884e+02 5.082929999999999948e-01
2.141939999999999884e+02 5.055359999999999854e-01
2.146740000000000066e+02 5.029160000000000297e-01
2.149139999999999873e+02 5.016159999999999508e-01
2.150740000000000123e+02 5.007530000000000037e-01
2.151539999999999964e+02 5.003220000000000445e-01
2.151939999999999884e+02 5.001069999999999682e-01
2.152139999999999986e+02 5.000000000000000000e-01
2.152139999999999986e+02 5.000000000000000000e-01
2.152340000000000089e+02 4.998929999999999763e-01
2.152740000000000009e+02 4.996780000000000110e-01
2.153540000000000134e+02 4.992489999999999983e-01
2.155140000000000100e+02 4.983940000000000037e-01
2.157539999999999907e+02 4.971160000000000023e-01
2.162340000000000089e+02 4.945789999999999909e-01
2.167340000000000089e+02 4.919640000000000124e-01
2.172340000000000089e+02 4.893750000000000044e-01
2.177340000000000089e+02 4.868140000000000245e-01
2.182340000000000089e+02 4.842790000000000150e-01
2.187340000000000089e+02 4.817699999999999760e-01
2.192340000000000089e+02 4.792879999999999918e-01
2.197340000000000089e+02 4.768319999999999781e-01
2.202340000000000089e+02 4.744010000000000171e-01
2.207340000000000089e+02 4.719960000000000266e-01
2.212340000000000089e+02 4.696170000000000067e-01
2.217340000000000089e+02 4.672620000000000107e-01
2.222340000000000089e+02 4.649329999999999852e-01
2.227340000000000089e+02 4.626279999999999837e-01
2.232340000000000089e+02 4.603479999999999794e-01
2.237340000000000089e+02 4.580919999999999992e-01
2.242340000000000089e+02 4.558599999999999874e-01
2.247340000000000089e+02 4.536519999999999997e-01
2.252340000000000089e+02 4.514670000000000072e-01
2.257340000000000089e+02 4.493059999999999832e-01
2.262340000000000089e+02 4.471680000000000099e-01
2.267340000000000089e+02 4.450529999999999764e-01
2.272340000000000089e+02 4.429609999999999936e-01
2.277340000000000089e+02 4.408909999999999774e-01
2.282340000000000089e+02 4.388429999999999831e-01
2.287340000000000089e+02 4.368179999999999841e-01
2.292340000000000089e+02 4.348150000000000071e-01
2.297340000000000089e+02 4.328330000000000233e-01
2.302340000000000089e+02 4.308730000000000060e-01
2.307340000000000089e+02 4.289330000000000087e-01
2.312340000000000089e+02 4.270149999999999779e-01
2.317340000000000089e+02 4.251179999999999959e-01
2.322340000000000089e+02 4.232420000000000071e-01
2.327340000000000089e+02 4.213850000000000096e-01
2.332340000000000089e+02 4.195499999999999785e-01
2.337340000000000089e+02 4.177339999999999942e-01
2.342340000000000089e+02 4.159370000000000012e-01
2.347340000000000089e+02 4.141610000000000014e-01
2.352340000000000089e+02 4.124039999999999928e-01
2.357340000000000089e+02 4.106659999999999755e-01
2.362340000000000089e+02 4.089470000000000049e-01
2.367340000000000089e+02 4.072470000000000256e-01
2.372340000000000089e+02 4.055659999999999821e-01
2.377340000000000089e+02 4.039030000000000120e-01
2.382340000000000089e+02 4.022580000000000044e-01
2.387340000000000089e+02 4.006310000000000149e-01
2.392340000000000089e+02 3.990219999999999878e-01
2.397340000000000089e+02 3.974309999999999787e-01
2.402340000000000089e+02 3.958570000000000144e-01
2.407340000000000089e+02 3.943010000000000126e-01
2.412340000000000089e+02 3.927620000000000000e-01
2.417340000000000089e+02 3.912390000000000034e-01
2.422340000000000089e+02 3.897329999999999961e-01
2.427340000000000089e+02 3.882439999999999780e-01
2.432340000000000089e+02 3.867720000000000047e-01
2.437340000000000089e+02 3.853150000000000186e-01
2.442340000000000089e+02 3.838750000000000218e-01
2.447340000000000089e+02 3.824500000000000122e-01
2.452340000000000089e+02 3.810410000000000186e-01
2.457340000000000089e+02 3.796479999999999855e-01
2.462340000000000089e+02 3.782690000000000219e-01
2.467340000000000089e+02 3.769060000000000188e-01
2.472340000000000089e+02 3.755580000000000029e-01
2.477340000000000089e+02 3.742249999999999743e-01
2.482340000000000089e+02 3.729060000000000152e-01
2.487340000000000089e+02 3.716019999999999879e-01
2.492340000000000089e+02 3.703130000000000033e-01
2.497340000000000089e+02 3.690370000000000039e-01
2.502340000000000089e+02 3.677759999999999918e-01
2.507340000000000089e+02 3.665280000000000205e-01
2.512340000000000089e+02 3.652940000000000076e-01
2.517340000000000089e+02 3.640740000000000087e-01
2.522340000000000089e+02 3.628669999999999951e-01
2.527340000000000089e+02 3.616730000000000222e-01
2.532340000000000089e+02 3.604930000000000079e-01
2.537340000000000089e+02 3.593250000000000055e-01
2.542340000000000089e+02 3.581699999999999884e-01
2.547340000000000089e+02 3.570280000000000120e-01
2.552340000000000089e+02 3.558979999999999921e-01
2.557340000000000089e+02 3.547810000000000130e-01
2.562339999999999804e+02 3.536759999999999904e-01
2.567339999999999804e+02 3.525829999999999798e-01
2.572339999999999804e+02 3.515019999999999811e-01
2.577339999999999804e+02 3.504329999999999945e-01
2.582339999999999804e+02 3.493749999999999911e-01
2.587339999999999804e+02 3.483289999999999997e-01
2.592339999999999804e+02 3.472950000000000204e-01
2.597339999999999804e+02 3.462709999999999955e-01
2.602339999999999804e+02 3.452589999999999826e-01
2.607339999999999804e+02 3.442580000000000084e-01
2.612339999999999804e+02 3.432680000000000176e-01
2.617339999999999804e+02 3.422890000000000099e-01
2.622339999999999804e+02 3.413200000000000123e-01
2.627339999999999804e+02 3.403619999999999979e-01
2.632339999999999804e+02 3.394139999999999935e-01
2.637339999999999804e+02 3.384769999999999723e-01
2.642339999999999804e+02 3.375489999999999879e-01
2.647339999999999804e+02 3.366319999999999868e-01
2.652339999999999804e+02 3.357249999999999956e-01
2.657339999999999804e+02 3.348269999999999857e-01
2.662339999999999804e+02 3.339389999999999858e-01
2.667339999999999804e+02 3.330609999999999959e-01
2.672339999999999804e+02 3.321919999999999873e-01
2.677339999999999804e+02 3.313329999999999886e-01
2.682339999999999804e+02 3.304830000000000267e-01
2.687339999999999804e+02 3.296419999999999906e-01
2.692339999999999804e+02 3.288099999999999912e-01
2.697339999999999804e+02 3.279869999999999730e-01
2.702339999999999804e+02 3.271729999999999916e-01
2.707339999999999804e+02 3.263670000000000182e-01
2.712339999999999804e+02 3.255709999999999993e-01
2.717339999999999804e+02 3.247829999999999884e-01
2.722339999999999804e+02 3.240029999999999855e-01
2.727339999999999804e+02 3.232309999999999905e-01
2.732339999999999804e+02 3.224679999999999769e-01
2.737339999999999804e+02 3.217130000000000267e-01
2.742339999999999804e+02 3.209659999999999735e-01
2.747339999999999804e+02 3.202269999999999839e-01
2.752339999999999804e+02 3.194960000000000022e-01
2.757339999999999804e+02 3.187719999999999998e-01
2.762339999999999804e+02 3.180580000000000074e-01
2.767339999999999804e+02 3.173500000000000210e-01
2.772339999999999804e+02 3.166490000000000138e-01
2.777339999999999804e+02 3.159569999999999879e-01
2.782339999999999804e+02 3.152710000000000234e-01
2.787339999999999804e+02 3.145919999999999828e-01
2.792339999999999804e+02 3.139210000000000056e-01
2.797339999999999804e+02 3.132559999999999789e-01
2.802339999999999804e+02 3.125990000000000157e-01
2.807339999999999804e+02 3.119489999999999763e-01
2.812339999999999804e+02 3.113049999999999984e-01
2.817339999999999804e+02 3.106679999999999997e-01
2.822339999999999804e+02 3.100370000000000070e-01
2.827339999999999804e+02 3.094129999999999936e-01
2.832339999999999804e+02 3.087960000000000149e-01
2.837339999999999804e+02 3.081869999999999887e-01
2.842339999999999804e+02 3.075820000000000221e-01
2.847339999999999804e+02 3.069839999999999791e-01
2.852339999999999804e+02 3.063919999999999977e-01
2.857339999999999804e+02 3.058060000000000223e-01
2.862339999999999804e+02 3.052259999999999973e-01
2.867339999999999804e+02 3.046519999999999784e-01
2.872339999999999804e+02 3.040840000000000209e-01
2.877339999999999804e+02 3.035209999999999853e-01
2.882339999999999804e+02 3.029660000000000131e-01
2.887339999999999804e+02 3.024149999999999894e-01
2.892339999999999804e+02 3.018700000000000272e-01
2.897339999999999804e+02 3.013290000000000135e-01
2.902339999999999804e+02 3.007949999999999791e-01
2.907339999999999804e+02 3.002670000000000061e-01
2.912339999999999804e+02 2.997409999999999797e-01
2.917339999999999804e+02 2.992230000000000167e-01
2.922339999999999804e+02 2.987110000000000043e-01
2.927339999999999804e+02 2.982009999999999939e-01
2.932339999999999804e+02 2.976989999999999914e-01
2.937339999999999804e+02 2.972020000000000217e-01
2.942339999999999804e+02 2.967099999999999738e-01
2.947339999999999804e+02 2.962230000000000141e-01
2.952339999999999804e+02 2.957409999999999761e-01
2.957339999999999804e+02 2.952640000000000264e-01
2.962339999999999804e+02 2.947910000000000252e-01
2.967339999999999804e+02 2.943230000000000013e-01
2.972339999999999804e+02 2.938609999999999833e-01
2.977339999999999804e+02 2.934019999999999961e-01
2.982339999999999804e+02 2.929479999999999862e-01
2.987339999999999804e+02 2.924999999999999822e-01
2.992339999999999804e+02 2.920550000000000090e-01
2.997339999999999804e+02 2.916150000000000131e-01
3.002339999999999804e+02 2.911779999999999924e-01
3.007339999999999804e+02 2.907460000000000044e-01
3.012339999999999804e+02 2.903189999999999937e-01
3.017339999999999804e+02 2.898959999999999870e-01
3.022339999999999804e+02 2.894769999999999843e-01
3.027339999999999804e+02 2.890619999999999856e-01
3.032339999999999804e+02 2.886509999999999909e-01
3.037339999999999804e+02 2.882440000000000002e-01
3.042339999999999804e+02 2.878419999999999868e-01
3.047339999999999804e+02 2.874419999999999753e-01
3.052339999999999804e+02 2.870469999999999966e-01
3.057339999999999804e+02 2.866560000000000219e-01
3.062339999999999804e+02 2.862700000000000244e-01
3.067339999999999804e+02 2.858859999999999735e-01
3.072339999999999804e+02 2.855070000000000108e-01
3.077339999999999804e+02 2.851339999999999986e-01
3.082339999999999804e+02 2.847620000000000151e-01
3.087339999999999804e+02 2.843930000000000069e-01
3.092339999999999804e+02 2.840239999999999987e-01
3.097339999999999804e+02 2.836620000000000252e-01
3.102339999999999804e+02 2.833040000000000003e-01
3.107339999999999804e+02 2.829470000000000041e-01
3.112339999999999804e+02 2.825960000000000139e-01
3.117339999999999804e+02 2.822479999999999989e-01
3.122339999999999804e+02 2.819030000000000147e-01
3.127339999999999804e+02 2.815619999999999790e-01
3.127339999999999804e+02 2.815619999999999790e-01
3.127540000000000191e+02 2.815480000000000205e-01
3.127839999999999918e+02 2.815280000000000005e-01
3.128290000000000077e+02 2.814960000000000240e-01
3.128960000000000150e+02 2.814499999999999780e-01
3.129970000000000141e+02 2.813820000000000210e-01
3.131490000000000009e+02 2.812799999999999745e-01
3.133770000000000095e+02 2.811259999999999870e-01
3.137189999999999941e+02 2.808979999999999810e-01
3.142189999999999941e+02 2.805659999999999821e-01
3.147189999999999941e+02 2.802370000000000139e-01
3.152189999999999941e+02 2.799119999999999941e-01
3.157189999999999941e+02 2.795889999999999764e-01
3.162189999999999941e+02 2.792689999999999895e-01
3.167189999999999941e+02 2.789530000000000065e-01
3.172189999999999941e+02 2.786390000000000255e-01
3.177189999999999941e+02 2.783289999999999931e-01
3.182189999999999941e+02 2.780210000000000181e-01
3.187189999999999941e+02 2.777149999999999896e-01
3.192189999999999941e+02 2.774130000000000207e-01
3.197189999999999941e+02 2.771140000000000270e-01
3.202189999999999941e+02 2.768180000000000085e-01
3.207189999999999941e+02 2.765239999999999920e-01
3.212189999999999941e+02 2.762330000000000063e-01
3.217189999999999941e+02 2.759449999999999958e-01
3.222189999999999941e+02 2.756589999999999874e-01
3.227189999999999941e+02 2.753760000000000097e-01
3.232189999999999941e+02 2.750960000000000072e-01
3.237189999999999941e+02 2.748180000000000067e-01
3.242189999999999941e+02 2.745429999999999815e-01
3.247189999999999941e+02 2.742700000000000138e-01
3.252189999999999941e+02 2.740000000000000213e-01
3.257189999999999941e+02 2.737319999999999753e-01
3.262189999999999941e+02 2.734670000000000156e-01
3.267189999999999941e+02 2.732040000000000024e-01
3.272189999999999941e+02 2.729440000000000199e-01
3.277189999999999941e+02 2.726859999999999840e-01
3.282189999999999941e+02 2.724309999999999787e-01
3.287189999999999941e+02 2.721770000000000023e-01
3.292189999999999941e+02 2.719239999999999990e-01
3.297189999999999941e+02 2.716749999999999998e-01
3.302189999999999941e+02 2.714289999999999758e-01
3.307189999999999941e+02 2.711850000000000094e-01
3.312189999999999941e+02 2.709420000000000162e-01
3.317189999999999941e+02 2.707019999999999982e-01
3.322189999999999941e+02 2.704630000000000090e-01
3.327189999999999941e+02 2.702269999999999950e-01
3.332189999999999941e+02 2.699929999999999830e-01
3.337189999999999941e+02 2.697609999999999730e-01
3.342189999999999941e+02 2.695319999999999938e-01
3.347189999999999941e+02 2.693039999999999878e-01
3.352189999999999941e+02 2.690739999999999799e-01
3.357189999999999941e+02 2.688499999999999779e-01
3.362189999999999941e+02 2.686279999999999779e-01
3.367189999999999941e+02 2.684110000000000107e-01
3.372189999999999941e+02 2.681930000000000147e-01
3.377189999999999941e+02 2.679779999999999940e-01
3.382189999999999941e+02 2.677640000000000020e-01
3.387189999999999941e+02 2.675520000000000120e-01
3.392189999999999941e+02 2.673409999999999953e-01
3.397189999999999941e+02 2.671310000000000073e-01
3.402189999999999941e+02 2.669239999999999946e-01
3.407189999999999941e+02 2.667189999999999839e-01
3.412189999999999941e+02 2.665170000000000039e-01
3.417189999999999941e+02 2.663150000000000239e-01
3.422189999999999941e+02 2.661160000000000192e-01
3.427189999999999941e+02 2.659159999999999857e-01
3.432189999999999941e+02 2.657200000000000117e-01
3.437189999999999941e+02 2.655250000000000110e-01
3.442189999999999941e+02 2.653329999999999855e-01
3.447189999999999941e+02 2.651419999999999888e-01
3.452189999999999941e+02 2.649520000000000208e-01
3.457189999999999941e+02 2.647630000000000261e-01
3.462189999999999941e+02 2.645759999999999779e-01
3.467189999999999941e+02 2.643909999999999871e-01
3.472189999999999941e+02 2.642109999999999737e-01
3.477189999999999941e+02 2.640290000000000137e-01
3.482189999999999941e+02 2.638490000000000002e-01
3.487189999999999941e+02 2.636680000000000135e-01
3.492189999999999941e+02 2.634909999999999752e-01
3.497189999999999941e+02 2.633159999999999945e-01
3.502189999999999941e+02 2.631399999999999850e-01
3.507189999999999941e+02 2.629679999999999795e-01
3.512189999999999941e+02 2.627959999999999741e-01
3.517189999999999941e+02 2.626269999999999993e-01
3.522189999999999941e+02 2.624589999999999979e-01
3.527189999999999941e+02 2.622920000000000251e-01
3.532189999999999941e+02 2.621260000000000256e-01
3.537189999999999941e+02 2.619619999999999727e-01
3.542189999999999941e+02 2.617990000000000039e-01
3.547189999999999941e+02 2.616350000000000064e-01
3.552189999999999941e+02 2.614750000000000130e-01
3.557189999999999941e+02 2.613159999999999927e-01
3.562189999999999941e+02 2.611589999999999745e-01
3.567189999999999941e+02 2.610029999999999850e-01
3.572189999999999941e+02 2.608480000000000243e-01
3.577189999999999941e+02 2.607010000000000161e-01
3.582189999999999941e+02 2.605480000000000018e-01
3.587189999999999941e+02 2.603969999999999896e-01
3.592189999999999941e+02 2.602410000000000001e-01
3.597189999999999941e+02 2.600930000000000186e-01
3.602189999999999941e+02 2.599449999999999816e-01
3.607189999999999941e+02 2.598019999999999774e-01
3.612189999999999941e+02 2.596570000000000267e-01
3.617189999999999941e+02 2.595120000000000204e-01
3.622189999999999941e+02 2.593699999999999894e-01
3.627189999999999941e+02 2.592280000000000140e-01
3.632189999999999941e+02 2.590879999999999850e-01
3.637189999999999941e+02 2.589489999999999847e-01
3.642189999999999941e+02 2.588110000000000133e-01
3.647189999999999941e+02 2.586729999999999863e-01
3.652189999999999941e+02 2.585350000000000148e-01
3.657189999999999941e+02 2.584000000000000186e-01
3.662189999999999941e+02 2.582659999999999956e-01
3.667189999999999941e+02 2.581309999999999993e-01
3.672189999999999941e+02 2.579989999999999783e-01
3.677189999999999941e+02 2.578679999999999861e-01
3.682189999999999941e+02 2.577369999999999939e-01
3.687189999999999941e+02 2.576080000000000036e-01
3.692189999999999941e+02 2.574810000000000154e-01
3.697189999999999941e+02 2.573540000000000272e-01
3.702189999999999941e+02 2.572289999999999854e-01
3.707189999999999941e+02 2.571039999999999992e-01
3.712189999999999941e+02 2.569810000000000150e-01
3.717189999999999941e+02 2.568579999999999752e-01
3.722189999999999941e+02 2.567360000000000197e-01
3.727189999999999941e+02 2.566140000000000088e-01
3.732189999999999941e+02 2.564939999999999998e-01
3.737189999999999941e+02 2.563750000000000195e-01
3.742189999999999941e+02 2.562559999999999838e-01
3.747189999999999941e+02 2.561390000000000056e-01
3.752189999999999941e+02 2.560230000000000006e-01
3.757189999999999941e+02 2.559080000000000243e-01
3.762189999999999941e+02 2.557929999999999926e-01
3.767189999999999941e+02 2.556800000000000184e-01
3.772189999999999941e+02 2.555660000000000154e-01
3.777189999999999941e+02 2.554540000000000144e-01
3.782189999999999941e+02 2.553429999999999866e-01
3.787189999999999941e+02 2.552329999999999877e-01
3.792189999999999941e+02 2.551229999999999887e-01
3.797189999999999941e+02 2.550149999999999917e-01
3.802189999999999941e+02 2.549080000000000235e-01
3.807189999999999941e+02 2.548019999999999730e-01
3.812189999999999941e+02 2.546959999999999780e-01
3.817189999999999941e+02 2.545939999999999870e-01
3.822189999999999941e+02 2.544899999999999940e-01
3.827189999999999941e+02 2.543860000000000010e-01
3.832189999999999941e+02 2.542820000000000080e-01
3.837189999999999941e+02 2.541800000000000170e-01
3.842189999999999941e+02 2.540780000000000260e-01
3.847189999999999941e+02 2.539750000000000063e-01
3.852189999999999941e+02 2.538750000000000173e-01
3.857189999999999941e+02 2.537760000000000016e-01
3.862189999999999941e+02 2.536809999999999898e-01
3.867189999999999941e+02 2.535839999999999761e-01
3.872189999999999941e+02 2.534870000000000179e-01
3.877189999999999941e+02 2.533940000000000081e-01
3.882189999999999941e+02 2.532980000000000231e-01
3.887189999999999941e+02 2.532039999999999846e-01
3.892189999999999941e+02 2.531079999999999997e-01
3.897189999999999941e+02 2.530149999999999899e-01
3.902189999999999941e+02 2.529219999999999802e-01
3.907189999999999941e+02 2.528329999999999744e-01
3.912189999999999941e+02 2.527409999999999934e-01
3.917189999999999941e+02 2.526510000000000145e-01
3.922189999999999941e+02 2.525640000000000107e-01
3.927189999999999941e+02 2.524750000000000050e-01
3.932189999999999941e+02 2.523859999999999992e-01
3.937189999999999941e+02 2.522980000000000222e-01
3.942189999999999941e+02 2.522110000000000185e-01
3.947189999999999941e+02 2.521249999999999880e-01
3.952189999999999941e+02 2.520379999999999843e-01
3.957189999999999941e+02 2.519520000000000093e-01
3.962189999999999941e+02 2.518679999999999808e-01
3.967189999999999941e+02 2.517829999999999790e-01
3.972189999999999941e+02 2.516990000000000061e-01
3.977189999999999941e+02 2.516160000000000063e-01
3.982189999999999941e+02 2.515359999999999818e-01
3.987189999999999941e+02 2.514549999999999841e-01
3.992189999999999941e+02 2.513739999999999863e-01
3.997189999999999941e+02 2.512949999999999906e-01
4.002189999999999941e+02 2.512150000000000216e-01
4.007189999999999941e+02 2.511360000000000259e-01
4.012189999999999941e+02 2.510589999999999766e-01
4.017189999999999941e+02 2.509810000000000096e-01
4.022189999999999941e+02 2.509040000000000159e-01
4.027189999999999941e+02 2.508290000000000242e-01
4.032189999999999941e+02 2.507530000000000037e-01
4.037189999999999941e+02 2.506769999999999832e-01
4.042189999999999941e+02 2.506030000000000202e-01
4.047189999999999941e+02 2.505279999999999729e-01
4.052189999999999941e+02 2.504540000000000100e-01
4.057189999999999941e+02 2.503830000000000222e-01
4.062189999999999941e+02 2.503099999999999770e-01
4.067189999999999941e+02 2.502380000000000160e-01
4.072189999999999941e+02 2.501700000000000035e-01
4.077189999999999941e+02 2.500979999999999870e-01
4.082189999999999941e+02 2.500269999999999992e-01
4.087189999999999941e+02 2.499540000000000095e-01
4.092189999999999941e+02 2.498839999999999950e-01
4.092189999999999941e+02 2.498839999999999950e-01
4.092389999999999759e+02 2.498809999999999920e-01
4.092690000000000055e+02 2.498769999999999880e-01
4.093140000000000214e+02 2.498740000000000128e-01
4.093639999999999759e+02 2.498670000000000058e-01
4.094189999999999827e+02 2.498589999999999978e-01
4.095000000000000000e+02 2.498420000000000085e-01
4.095899999999999750e+02 2.498289999999999955e-01
4.097250000000000227e+02 2.498110000000000053e-01
4.099270000000000209e+02 2.497979999999999923e-01
4.101510000000000105e+02 2.497669999999999890e-01
4.103949999999999818e+02 2.497330000000000105e-01
4.107620000000000005e+02 2.496680000000000010e-01
4.111659999999999968e+02 2.496130000000000015e-01
4.116100000000000136e+02 2.495529999999999970e-01
4.121080000000000041e+02 2.494929999999999926e-01
4.126100000000000136e+02 2.494260000000000088e-01
4.131089999999999804e+02 2.493599999999999983e-01
4.136080000000000041e+02 2.492850000000000066e-01
4.141080000000000041e+02 2.492189999999999961e-01
4.146070000000000277e+02 2.491549999999999876e-01
4.151059999999999945e+02 2.491029999999999911e-01
4.156070000000000277e+02 2.490390000000000104e-01
4.161070000000000277e+02 2.489750000000000019e-01
4.166080000000000041e+02 2.488940000000000041e-01
4.171139999999999759e+02 2.488309999999999966e-01
4.176139999999999759e+02 2.487689999999999901e-01
4.181129999999999995e+02 2.487209999999999976e-01
4.186139999999999759e+02 2.486599999999999921e-01
4.191139999999999759e+02 2.485989999999999867e-01
4.196139999999999759e+02 2.485279999999999989e-01
4.201139999999999759e+02 2.484689999999999954e-01
4.206139999999999759e+02 2.484089999999999909e-01
4.211139999999999759e+02 2.483619999999999994e-01
4.216139999999999759e+02 2.483029999999999959e-01
4.221139999999999759e+02 2.482449999999999934e-01
4.226139999999999759e+02 2.481800000000000117e-01
4.231139999999999759e+02 2.481230000000000102e-01
4.236139999999999759e+02 2.480660000000000087e-01
4.241139999999999759e+02 2.480030000000000012e-01
4.246139999999999759e+02 2.479470000000000007e-01
4.251139999999999759e+02 2.478910000000000002e-01
4.256139999999999759e+02 2.478410000000000057e-01
4.261139999999999759e+02 2.477860000000000062e-01
4.266139999999999759e+02 2.477320000000000078e-01
4.271139999999999759e+02 2.476710000000000023e-01
4.276139999999999759e+02 2.476180000000000048e-01
4.281139999999999759e+02 2.475640000000000063e-01
4.286139999999999759e+02 2.475209999999999910e-01
4.291139999999999759e+02 2.474679999999999935e-01
4.296139999999999759e+02 2.474159999999999970e-01
4.301139999999999759e+02 2.473640000000000005e-01
4.306139999999999759e+02 2.473120000000000041e-01
4.311139999999999759e+02 2.472610000000000086e-01
4.316139999999999759e+02 2.472020000000000051e-01
4.321139999999999759e+02 2.471520000000000106e-01
4.326139999999999759e+02 2.471009999999999873e-01
4.331139999999999759e+02 2.470479999999999898e-01
4.336139999999999759e+02 2.469989999999999963e-01
4.341139999999999759e+02 2.469500000000000028e-01
4.346139999999999759e+02 2.469010000000000093e-01
4.351139999999999759e+02 2.468529999999999891e-01
4.356139999999999759e+02 2.468049999999999966e-01
4.361139999999999759e+02 2.467560000000000031e-01
4.366139999999999759e+02 2.467080000000000106e-01
4.371139999999999759e+02 2.466609999999999914e-01
4.376139999999999759e+02 2.466129999999999989e-01
4.381139999999999759e+02 2.465660000000000074e-01
4.386139999999999759e+02 2.465199999999999891e-01
4.391139999999999759e+02 2.464719999999999966e-01
4.396139999999999759e+02 2.464260000000000062e-01
4.401139999999999759e+02 2.463809999999999889e-01
4.406139999999999759e+02 2.463349999999999984e-01
4.411139999999999759e+02 2.462900000000000089e-01
4.416139999999999759e+02 2.462459999999999927e-01
4.421139999999999759e+02 2.462010000000000032e-01
4.426139999999999759e+02 2.461569999999999869e-01
4.431139999999999759e+02 2.461139999999999994e-01
4.436139999999999759e+02 2.460700000000000109e-01
4.441139999999999759e+02 2.460269999999999957e-01
4.446139999999999759e+02 2.459840000000000082e-01
4.451139999999999759e+02 2.459409999999999930e-01
4.456139999999999759e+02 2.458990000000000065e-01
4.461139999999999759e+02 2.458579999999999932e-01
4.466139999999999759e+02 2.458160000000000067e-01
4.471139999999999759e+02 2.457739999999999925e-01
4.476139999999999759e+02 2.457330000000000070e-01
4.481139999999999759e+02 2.456919999999999937e-01
4.486139999999999759e+02 2.456520000000000092e-01
4.491139999999999759e+02 2.456119999999999970e-01
4.496139999999999759e+02 2.455710000000000115e-01
4.501139999999999759e+02 2.455320000000000003e-01
4.506139999999999759e+02 2.454929999999999890e-01
4.511139999999999759e+02 2.454530000000000045e-01
4.516139999999999759e+02 2.454139999999999933e-01
4.521139999999999759e+02 2.453760000000000108e-01
4.526139999999999759e+02 2.453369999999999995e-01
4.531139999999999759e+02 2.452989999999999893e-01
4.536139999999999759e+02 2.452610000000000068e-01
4.541139999999999759e+02 2.452239999999999975e-01
4.546139999999999759e+02 2.451859999999999873e-01
4.551139999999999759e+02 2.451490000000000058e-01
4.556139999999999759e+02 2.451119999999999965e-01
4.561139999999999759e+02 2.450759999999999883e-01
4.566139999999999759e+02 2.450400000000000078e-01
4.571139999999999759e+02 2.450029999999999986e-01
4.576139999999999759e+02 2.449669999999999903e-01
4.581139999999999759e+02 2.449320000000000108e-01
4.586139999999999759e+02 2.448960000000000026e-01
4.591139999999999759e+02 2.448609999999999953e-01
4.596139999999999759e+02 2.448259999999999881e-01
4.601139999999999759e+02 2.447920000000000096e-01
4.606139999999999759e+02 2.447570000000000023e-01
4.611139999999999759e+02 2.447229999999999961e-01
4.616139999999999759e+02 2.446889999999999898e-01
4.621139999999999759e+02 2.446550000000000114e-01
4.626139999999999759e+02 2.446220000000000061e-01
4.631139999999999759e+02 2.445879999999999999e-01
4.636139999999999759e+02 2.445549999999999946e-01
4.641139999999999759e+02 2.445229999999999904e-01
4.646139999999999759e+02 2.444900000000000129e-01
4.651139999999999759e+02 2.444580000000000086e-01
4.656139999999999759e+02 2.444250000000000034e-01
4.661139999999999759e+02 2.443929999999999991e-01
4.666139999999999759e+02 2.443619999999999959e-01
4.671139999999999759e+02 2.443299999999999916e-01
4.676139999999999759e+02 2.442989999999999884e-01
4.681139999999999759e+02 2.442680000000000129e-01
4.686139999999999759e+02 2.442370000000000096e-01
4.691139999999999759e+02 2.442060000000000064e-01
4.696139999999999759e+02 2.441760000000000042e-01
4.701139999999999759e+02 2.441460000000000019e-01
4.706139999999999759e+02 2.441159999999999997e-01
4.711139999999999759e+02 2.440869999999999984e-01
4.716139999999999759e+02 2.440569999999999962e-01
4.721139999999999759e+02 2.440279999999999949e-01
4.726139999999999759e+02 2.439989999999999937e-01
4.731139999999999759e+02 2.439699999999999924e-01
4.736139999999999759e+02 2.439429999999999932e-01
4.741139999999999759e+02 2.439149999999999929e-01
4.746139999999999759e+02 2.438859999999999917e-01
4.751139999999999759e+02 2.438670000000000004e-01
4.756139999999999759e+02 2.438390000000000002e-01
4.761139999999999759e+02 2.438109999999999999e-01
4.766139999999999759e+02 2.438009999999999899e-01
4.771139999999999759e+02 2.437709999999999877e-01
4.776139999999999759e+02 2.437410000000000132e-01
4.781139999999999759e+02 2.436879999999999880e-01
4.786139999999999759e+02 2.436609999999999887e-01
4.791139999999999759e+02 2.436349999999999905e-01
4.796139999999999759e+02 2.436369999999999925e-01
4.801139999999999759e+02 2.436099999999999932e-01
4.806139999999999759e+02 2.435839999999999950e-01
4.811139999999999759e+02 2.435450000000000115e-01
4.816139999999999759e+02 2.435190000000000132e-01
4.821139999999999759e+02 2.434929999999999872e-01
4.826139999999999759e+02 2.434649999999999870e-01
4.831139999999999759e+02 2.434389999999999887e-01
4.836139999999999759e+02 2.434139999999999915e-01
4.841139999999999759e+02 2.433909999999999962e-01
4.846139999999999759e+02 2.433659999999999990e-01
4.851139999999999759e+02 2.433410000000000017e-01
4.856139999999999759e+02 2.433250000000000135e-01
4.861139999999999759e+02 2.432999999999999885e-01
4.866139999999999759e+02 2.432759999999999923e-01
4.871139999999999759e+02 2.432239999999999958e-01
4.876139999999999759e+02 2.432010000000000005e-01
4.881139999999999759e+02 2.431780000000000053e-01
4.886139999999999759e+02 2.431860000000000133e-01
4.891139999999999759e+02 2.431619999999999893e-01
4.896139999999999759e+02 2.431369999999999920e-01
4.901139999999999759e+02 2.431079999999999908e-01
4.906139999999999759e+02 2.430849999999999955e-01
4.911139999999999759e+02 2.430609999999999993e-01
4.916139999999999759e+02 2.430329999999999990e-01
4.921139999999999759e+02 2.430100000000000038e-01
4.926139999999999759e+02 2.429870000000000085e-01
4.931139999999999759e+02 2.429649999999999865e-01
4.936139999999999759e+02 2.429429999999999923e-01
4.941139999999999759e+02 2.429209999999999980e-01
4.946139999999999759e+02 2.428980000000000028e-01
4.951139999999999759e+02 2.428760000000000085e-01
4.956139999999999759e+02 2.428549999999999875e-01
4.961139999999999759e+02 2.428170000000000051e-01
4.966139999999999759e+02 2.427920000000000078e-01
4.971139999999999759e+02 2.427709999999999868e-01
4.976139999999999759e+02 2.427660000000000096e-01
4.981139999999999759e+02 2.427449999999999886e-01
4.986139999999999759e+02 2.427249999999999963e-01
4.991139999999999759e+02 2.426969999999999961e-01
4.996139999999999759e+02 2.426780000000000048e-01
5.001139999999999759e+02 2.426590000000000136e-01
5.006139999999999759e+02 2.426389999999999936e-01
5.011139999999999759e+02 2.426190000000000013e-01
5.016139999999999759e+02 2.425990000000000091e-01
5.021139999999999759e+02 2.425980000000000081e-01
5.026139999999999759e+02 2.425760000000000138e-01
5.031139999999999759e+02 2.425539999999999918e-01
5.036139999999999759e+02 2.425430000000000086e-01
5.041139999999999759e+02 2.425229999999999886e-01
5.041139999999999759e+02 2.425229999999999886e-01
5.041340000000000146e+02 2.425219999999999876e-01
5.041639999999999873e+02 2.425209999999999866e-01
5.042090000000000032e+02 2.425140000000000073e-01
5.042590000000000146e+02 2.425120000000000053e-01
5.043330000000000268e+02 2.425090000000000023e-01
5.044820000000000277e+02 2.424920000000000131e-01
5.046449999999999818e+02 2.424830000000000041e-01
5.048249999999999886e+02 2.424729999999999941e-01
5.050939999999999941e+02 2.424479999999999968e-01
5.054979999999999905e+02 2.424350000000000116e-01
5.059429999999999836e+02 2.424209999999999976e-01
5.064429999999999836e+02 2.424330000000000096e-01
5.069429999999999836e+02 2.424109999999999876e-01
5.074429999999999836e+02 2.423889999999999934e-01
5.079429999999999836e+02 2.423760000000000081e-01
5.084429999999999836e+02 2.423569999999999891e-01
5.089429999999999836e+02 2.423379999999999979e-01
5.094429999999999836e+02 2.423069999999999946e-01
5.099429999999999836e+02 2.422880000000000034e-01
5.104429999999999836e+02 2.422690000000000121e-01
5.109429999999999836e+02 2.422620000000000051e-01
5.114429999999999836e+02 2.422449999999999881e-01
5.119429999999999836e+02 2.422279999999999989e-01
5.124429999999999836e+02 2.421999999999999986e-01
5.129429999999999836e+02 2.421830000000000094e-01
5.134429999999999836e+02 2.421649999999999914e-01
5.139429999999999836e+02 2.421520000000000061e-01
5.144429999999999836e+02 2.421359999999999901e-01
5.149429999999999836e+02 2.421190000000000009e-01
5.154429999999999836e+02 2.421319999999999861e-01
5.159429999999999836e+02 2.421079999999999899e-01
5.164429999999999836e+02 2.420829999999999926e-01
5.169429999999999836e+02 2.420579999999999954e-01
5.174429999999999836e+02 2.420410000000000061e-01
5.179429999999999836e+02 2.420249999999999901e-01
5.184429999999999836e+02 2.419959999999999889e-01
5.189429999999999836e+02 2.419840000000000046e-01
5.194429999999999836e+02 2.419709999999999916e-01
5.199429999999999836e+02 2.419570000000000054e-01
5.204429999999999836e+02 2.419409999999999894e-01
5.209429999999999836e+02 2.419260000000000022e-01
5.214429999999999836e+02 2.419010000000000049e-01
5.219429999999999836e+02 2.418859999999999899e-01
5.224429999999999836e+02 2.418720000000000037e-01
5.229429999999999836e+02 2.418839999999999879e-01
5.234429999999999836e+02 2.418659999999999977e-01
5.239429999999999836e+02 2.418480000000000074e-01
5.244429999999999836e+02 2.418399999999999994e-01
5.249429999999999836e+02 2.418250000000000122e-01
5.254429999999999836e+02 2.418099999999999972e-01
5.259429999999999836e+02 2.417839999999999989e-01
5.264429999999999836e+02 2.417690000000000117e-01
5.269429999999999836e+02 2.417539999999999967e-01
5.274429999999999836e+02 2.417370000000000074e-01
5.279429999999999836e+02 2.417229999999999934e-01
5.284429999999999836e+02 2.417090000000000072e-01
5.289429999999999836e+02 2.416879999999999862e-01
5.294429999999999836e+02 2.416739999999999999e-01
5.299429999999999836e+02 2.416600000000000137e-01
5.304429999999999836e+02 2.416389999999999927e-01
5.309429999999999836e+02 2.416250000000000064e-01
5.314429999999999836e+02 2.416119999999999934e-01
5.319429999999999836e+02 2.416179999999999994e-01
5.324429999999999836e+02 2.416049999999999864e-01
5.329429999999999836e+02 2.415920000000000012e-01
5.334429999999999836e+02 2.415440000000000087e-01
5.339429999999999836e+02 2.415440000000000087e-01
5.344429999999999836e+02 2.415420000000000067e-01
5.349429999999999836e+02 2.415259999999999907e-01
5.354429999999999836e+02 2.415180000000000105e-01
5.359429999999999836e+02 2.415090000000000015e-01
5.364429999999999836e+02 2.414930000000000132e-01
5.369429999999999836e+02 2.414820000000000022e-01
5.374429999999999836e+02 2.414709999999999912e-01
5.379429999999999836e+02 2.414560000000000040e-01
5.384429999999999836e+02 2.414409999999999890e-01
5.389429999999999836e+02 2.414280000000000037e-01
5.394429999999999836e+02 2.414550000000000030e-01
5.399429999999999836e+02 2.414419999999999900e-01
5.404429999999999836e+02 2.414300000000000057e-01
5.409429999999999836e+02 2.414040000000000075e-01
5.414429999999999836e+02 2.413929999999999965e-01
5.419429999999999836e+02 2.413810000000000122e-01
5.424429999999999836e+02 2.413589999999999902e-01
5.429429999999999836e+02 2.413460000000000050e-01
5.434429999999999836e+02 2.413339999999999930e-01
5.439429999999999836e+02 2.413260000000000127e-01
5.444429999999999836e+02 2.413140000000000007e-01
5.449429999999999836e+02 2.413029999999999897e-01
5.454429999999999836e+02 2.412340000000000040e-01
5.459429999999999836e+02 2.412289999999999990e-01
5.464429999999999836e+02 2.412449999999999872e-01
5.469429999999999836e+02 2.412620000000000042e-01
5.474429999999999836e+02 2.412509999999999932e-01
5.479429999999999836e+02 2.412400000000000100e-01
5.484429999999999836e+02 2.412269999999999970e-01
5.489429999999999836e+02 2.412160000000000137e-01
5.494429999999999836e+02 2.412050000000000027e-01
5.499429999999999836e+02 2.411810000000000065e-01
5.504429999999999836e+02 2.411750000000000005e-01
5.509429999999999836e+02 2.411679999999999935e-01
5.514429999999999836e+02 2.411490000000000022e-01
5.519429999999999836e+02 2.411429999999999962e-01
5.524429999999999836e+02 2.411359999999999892e-01
5.529429999999999836e+02 2.411190000000000000e-01
5.534429999999999836e+02 2.411089999999999900e-01
5.539429999999999836e+02 2.411010000000000097e-01
5.544429999999999836e+02 2.411369999999999902e-01
5.549429999999999836e+02 2.411270000000000080e-01
5.554429999999999836e+02 2.411169999999999980e-01
5.559429999999999836e+02 2.410879999999999967e-01
5.564429999999999836e+02 2.410779999999999867e-01
5.569429999999999836e+02 2.410690000000000055e-01
5.574429999999999836e+02 2.410430000000000073e-01
5.579429999999999836e+02 2.410319999999999963e-01
5.584429999999999836e+02 2.410219999999999863e-01
5.589429999999999836e+02 2.410059999999999980e-01
5.594429999999999836e+02 2.409959999999999880e-01
5.599429999999999836e+02 2.409870000000000068e-01
5.604429999999999836e+02 2.409949999999999870e-01
5.609429999999999836e+02 2.409860000000000058e-01
5.614429999999999836e+02 2.409769999999999968e-01
5.619429999999999836e+02 2.409679999999999878e-01
5.624429999999999836e+02 2.409530000000000005e-01
5.629429999999999836e+02 2.409360000000000113e-01
5.634429999999999836e+02 2.409530000000000005e-01
5.639429999999999836e+02 2.409429999999999905e-01
5.644429999999999836e+02 2.409320000000000073e-01
5.649429999999999836e+02 2.409109999999999863e-01
5.654429999999999836e+02 2.409010000000000040e-01
5.659429999999999836e+02 2.408899999999999930e-01
5.664429999999999836e+02 2.408929999999999960e-01
5.669429999999999836e+02 2.408849999999999880e-01
5.674429999999999836e+02 2.408770000000000078e-01
5.679429999999999836e+02 2.408450000000000035e-01
5.684429999999999836e+02 2.408369999999999955e-01
5.689429999999999836e+02 2.408279999999999865e-01
5.694429999999999836e+02 2.408210000000000073e-01
5.699429999999999836e+02 2.408129999999999993e-01
5.704429999999999836e+02 2.408049999999999913e-01
5.709429999999999836e+02 2.408019999999999883e-01
5.714429999999999836e+02 2.407940000000000080e-01
5.719429999999999836e+02 2.407860000000000000e-01
5.724429999999999836e+02 2.407739999999999880e-01
5.729429999999999836e+02 2.407660000000000078e-01
5.734429999999999836e+02 2.407579999999999998e-01
5.739429999999999836e+02 2.407479999999999898e-01
5.744429999999999836e+02 2.407400000000000095e-01
5.749429999999999836e+02 2.407330000000000025e-01
5.754429999999999836e+02 2.407219999999999915e-01
5.759429999999999836e+02 2.407150000000000123e-01
5.764429999999999836e+02 2.407080000000000053e-01
5.769429999999999836e+02 2.406969999999999943e-01
5.774429999999999836e+02 2.406899999999999873e-01
5.779429999999999836e+02 2.406840000000000090e-01
5.784429999999999836e+02 2.406739999999999990e-01
5.789429999999999836e+02 2.406669999999999920e-01
5.794429999999999836e+02 2.406610000000000138e-01
5.799429999999999836e+02 2.406510000000000038e-01
5.804429999999999836e+02 2.406449999999999978e-01
5.809429999999999836e+02 2.406389999999999918e-01
5.814429999999999836e+02 2.406300000000000106e-01
5.819429999999999836e+02 2.406240000000000046e-01
5.824429999999999836e+02 2.406179999999999986e-01
5.829429999999999836e+02 2.406610000000000138e-01
5.834429999999999836e+02 2.406550000000000078e-01
5.839429999999999836e+02 2.406490000000000018e-01
5.844429999999999836e+02 2.405950000000000033e-01
5.849429999999999836e+02 2.405829999999999913e-01
5.854429999999999836e+02 2.405819999999999903e-01
5.859429999999999836e+02 2.406619999999999870e-01
5.864429999999999836e+02 2.406469999999999998e-01
5.869429999999999836e+02 2.406320000000000126e-01
5.874429999999999836e+02 2.405899999999999983e-01
5.879429999999999836e+02 2.405809999999999893e-01
5.884429999999999836e+02 2.405730000000000091e-01
5.889429999999999836e+02 2.405559999999999921e-01
5.894429999999999836e+02 2.405500000000000138e-01
5.899429999999999836e+02 2.405440000000000078e-01
5.904429999999999836e+02 2.405370000000000008e-01
5.909429999999999836e+02 2.405309999999999948e-01
5.914429999999999836e+02 2.405259999999999898e-01
5.919429999999999836e+02 2.405110000000000026e-01
5.924429999999999836e+02 2.405049999999999966e-01
5.929429999999999836e+02 2.404999999999999916e-01
5.934429999999999836e+02 2.405249999999999888e-01
5.939429999999999836e+02 2.405200000000000116e-01
5.944429999999999836e+02 2.405150000000000066e-01
5.949429999999999836e+02 2.405839999999999923e-01
5.954429999999999836e+02 2.405640000000000001e-01
5.959429999999999836e+02 2.405400000000000038e-01
5.964429999999999836e+02 2.404709999999999903e-01
5.969429999999999836e+02 2.404640000000000111e-01
5.974429999999999836e+02 2.404560000000000031e-01
5.979429999999999836e+02 2.404560000000000031e-01
5.984429999999999836e+02 2.404499999999999971e-01
5.989429999999999836e+02 2.404449999999999921e-01
5.994429999999999836e+02 2.404270000000000018e-01
5.999429999999999836e+02 2.404219999999999968e-01
