93.9755 0.01 0.01 2 3 5
94.0155 0.00999301 0.00999301 2 3 5
94.0555 0.00998598 0.00998598 2 3 5
94.1355 0.00997195 0.00997195 2 3 5
94.2955 0.00994395 0.00994395 2 3 5
94.6155 0.00988812 0.00988812 2 3 5
95.1155 0.00980151 0.00980151 2 3 5
95.6155 0.00971611 0.00971611 2 3 5
96.1155 0.00963176 0.00963176 2 3 5
96.6155 0.00954828 0.00954828 2 3 5
97.1155 0.00946567 0.00946567 2 3 5
97.6155 0.0093839 0.0093839 2 3 5
98.1155 0.00930296 0.00930296 2 3 5
98.6155 0.00922285 0.00922285 2 3 5
99.1155 0.00914354 0.00914354 2 3 5
99.6155 0.00906503 0.00906503 2 3 5
100.116 0.0089873 0.0089873 2 3 5
100.615 0.00891035 0.00891035 2 3 5
101.115 0.00883415 0.00883415 2 3 5
101.615 0.00875871 0.00875871 2 3 5
102.115 0.008684 0.008684 2 3 5
102.615 0.00861002 0.00861002 2 3 5
103.115 0.00853676 0.00853676 2 3 5
103.615 0.00846421 0.00846421 2 3 5
104.115 0.00839235 0.00839235 2 3 5
104.615 0.00832118 0.00832118 2 3 5
105.115 0.00825069 0.00825069 2 3 5
105.615 0.00818087 0.00818087 2 3 5
106.115 0.0081117 0.0081117 2 3 5
106.615 0.00804318 0.00804318 2 3 5
107.115 0.0079753 0.0079753 2 3 5
107.615 0.00790805 0.00790805 2 3 5
108.115 0.00784142 0.00784142 2 3 5
108.615 0.00777541 0.00777541 2 3 5
109.115 0.00771 0.00771 2 3 5
109.615 0.00764519 0.00764519 2 3 5
110.115 0.00758097 0.00758097 2 3 5
110.615 0.00751732 0.00751732 2 3 5
111.115 0.00745425 0.00745425 2 3 5
111.615 0.00739175 0.00739175 2 3 5
112.115 0.0073298 0.0073298 2 3 5
112.615 0.0072684 0.0072684 2 3 5
113.115 0.00720755 0.00720755 2 3 5
113.615 0.00714723 0.00714723 2 3 5
114.115 0.00708744 0.00708744 2 3 5
114.615 0.00702817 0.00702817 2 3 5
115.115 0.00696941 0.00696941 2 3 5
115.615 0.00691117 0.00691117 2 3 5
116.115 0.00685342 0.00685342 2 3 5
116.615 0.00679617 0.00679617 2 3 5
117.115 0.00673941 0.00673941 2 3 5
117.615 0.00668313 0.00668313 2 3 5
118.115 0.00662733 0.00662733 2 3 5
118.615 0.006572 0.006572 2 3 5
119.115 0.00651713 0.00651713 2 3 5
119.615 0.00646272 0.00646272 2 3 5
120.115 0.00640877 0.00640877 2 3 5
120.615 0.00635526 0.00635526 2 3 5
121.115 0.00630219 0.00630219 2 3 5
121.615 0.00624956 0.00624956 2 3 5
122.115 0.00619737 0.00619737 2 3 5
122.615 0.00614559 0.00614559 2 3 5
123.115 0.00609424 0.00609424 2 3 5
123.615 0.0060433 0.0060433 2 3 5
124.115 0.00599277 0.00599277 2 3 5
124.615 0.00594265 0.00594265 2 3 5
125.115 0.00589293 0.00589293 2 3 5
125.615 0.0058436 0.0058436 2 3 5
126.115 0.00579467 0.00579467 2 3 5
126.615 0.00574612 0.00574612 2 3 5
127.115 0.00569796 0.00569796 2 3 5
127.615 0.00565017 0.00565017 2 3 5
128.115 0.00560275 0.00560275 2 3 5
128.615 0.0055557 0.0055557 2 3 5
129.115 0.00550902 0.00550902 2 3 5
129.615 0.0054627 0.0054627 2 3 5
130.115 0.00541673 0.00541673 2 3 5
130.615 0.00537112 0.00537112 2 3 5
131.115 0.00532585 0.00532585 2 3 5
131.615 0.00528093 0.00528093 2 3 5
132.115 0.00523634 0.00523634 2 3 5
132.615 0.0051921 0.0051921 2 3 5
133.115 0.00514818 0.00514818 2 3 5
133.615 0.0051046 0.0051046 2 3 5
134.115 0.00506133 0.00506133 2 3 5
134.615 0.0050184 0.0050184 2 3 5
135.115 0.00497577 0.00497577 2 3 5
135.615 0.00493347 0.00493347 2 3 5
136.115 0.00489147 0.00489147 2 3 5
136.615 0.00484978 0.00484978 2 3 5
137.115 0.00480839 0.00480839 2 3 5
137.615 0.00476731 0.00476731 2 3 5
138.115 0.00472652 0.00472652 2 3 5
138.615 0.00468603 0.00468603 2 3 5
139.115 0.00464583 0.00464583 2 3 5
139.615 0.00460591 0.00460591 2 3 5
140.115 0.00456628 0.00456628 2 3 5
140.615 0.00452694 0.00452694 2 3 5
141.115 0.00448787 0.00448787 2 3 5
141.615 0.00444908 0.00444908 2 3 5
142.115 0.00441056 0.00441056 2 3 5
142.615 0.00437231 0.00437231 2 3 5
143.115 0.00433432 0.00433432 2 3 5
143.615 0.00429661 0.00429661 2 3 5
144.115 0.00425915 0.00425915 2 3 5
144.615 0.00422195 0.00422195 2 3 5
145.115 0.00418501 0.00418501 2 3 5
145.615 0.00414832 0.00414832 2 3 5
146.115 0.00411189 0.00411189 2 3 5
146.615 0.0040757 0.0040757 2 3 5
147.115 0.00403976 0.00403976 2 3 5
147.615 0.00400406 0.00400406 2 3 5
148.115 0.0039686 0.0039686 2 3 5
148.615 0.00393338 0.00393338 2 3 5
149.115 0.0038984 0.0038984 2 3 5
149.615 0.00386365 0.00386365 2 3 5
150.115 0.00382913 0.00382913 2 3 5
150.615 0.00379485 0.00379485 2 3 5
151.115 0.00376078 0.00376078 2 3 5
151.615 0.00372695 0.00372695 2 3 5
152.115 0.00369333 0.00369333 2 3 5
152.615 0.00365994 0.00365994 2 3 5
153.115 0.00362676 0.00362676 2 3 5
153.615 0.0035938 0.0035938 2 3 5
154.115 0.00356106 0.00356106 2 3 5
154.615 0.00352852 0.00352852 2 3 5
155.115 0.0034962 0.0034962 2 3 5
155.615 0.00346408 0.00346408 2 3 5
156.115 0.00343217 0.00343217 2 3 5
156.615 0.00340046 0.00340046 2 3 5
157.115 0.00336896 0.00336896 2 3 5
157.615 0.00333765 0.00333765 2 3 5
158.115 0.00330654 0.00330654 2 3 5
158.615 0.00327563 0.00327563 2 3 5
159.115 0.00324491 0.00324491 2 3 5
159.615 0.00321439 0.00321439 2 3 5
160.115 0.00318405 0.00318405 2 3 5
160.615 0.00315391 0.00315391 2 3 5
161.115 0.00312395 0.00312395 2 3 5
161.615 0.00309418 0.00309418 2 3 5
162.115 0.00306459 0.00306459 2 3 5
162.615 0.00303518 0.00303518 2 3 5
163.115 0.00300595 0.00300595 2 3 5
163.615 0.00297691 0.00297691 2 3 5
164.115 0.00294803 0.00294803 2 3 5
164.615 0.00291934 0.00291934 2 3 5
165.115 0.00289082 0.00289082 2 3 5
165.615 0.00286246 0.00286246 2 3 5
166.115 0.00283429 0.00283429 2 3 5
166.615 0.00280627 0.00280627 2 3 5
167.115 0.00277843 0.00277843 2 3 5
167.615 0.00275076 0.00275076 2 3 5
168.115 0.00272324 0.00272324 2 3 5
168.615 0.00269589 0.00269589 2 3 5
169.115 0.00266871 0.00266871 2 3 5
169.615 0.00264168 0.00264168 2 3 5
170.115 0.00261481 0.00261481 2 3 5
170.615 0.0025881 0.0025881 2 3 5
171.115 0.00256155 0.00256155 2 3 5
171.615 0.00253515 0.00253515 2 3 5
172.115 0.0025089 0.0025089 2 3 5
172.615 0.00248281 0.00248281 2 3 5
173.115 0.00245686 0.00245686 2 3 5
173.615 0.00243107 0.00243107 2 3 5
174.115 0.00240542 0.00240542 2 3 5
174.615 0.00237992 0.00237992 2 3 5
175.115 0.00235457 0.00235457 2 3 5
175.615 0.00232936 0.00232936 2 3 5
176.115 0.00230429 0.00230429 2 3 5
176.615 0.00227937 0.00227937 2 3 5
177.115 0.00225459 0.00225459 2 3 5
177.615 0.00222994 0.00222994 2 3 5
178.115 0.00220544 0.00220544 2 3 5
178.615 0.00218107 0.00218107 2 3 5
179.115 0.00215684 0.00215684 2 3 5
179.615 0.00213274 0.00213274 2 3 5
180.115 0.00210877 0.00210877 2 3 5
180.615 0.00208494 0.00208494 2 3 5
181.115 0.00206124 0.00206124 2 3 5
181.615 0.00203768 0.00203768 2 3 5
182.115 0.00201424 0.00201424 2 3 5
182.615 0.00199092 0.00199092 2 3 5
183.115 0.00196774 0.00196774 2 3 5
183.615 0.00194468 0.00194468 2 3 5
184.115 0.00192175 0.00192175 2 3 5
184.615 0.00189894 0.00189894 2 3 5
185.115 0.00187626 0.00187626 2 3 5
185.615 0.00185369 0.00185369 2 3 5
186.115 0.00183125 0.00183125 2 3 5
186.615 0.00180893 0.00180893 2 3 5
187.115 0.00178673 0.00178673 2 3 5
187.615 0.00176465 0.00176465 2 3 5
188.115 0.00174268 0.00174268 2 3 5
188.615 0.00172083 0.00172083 2 3 5
189.115 0.0016991 0.0016991 2 3 5
189.615 0.00167748 0.00167748 2 3 5
190.115 0.00165597 0.00165597 2 3 5
190.615 0.00163458 0.00163458 2 3 5
191.115 0.00161329 0.00161329 2 3 5
191.615 0.00159212 0.00159212 2 3 5
191.615 0.00159212 0.00159212 2 3 5
191.655 0.00159055 0.00159055 2 3 5
191.695 0.00158886 0.00158886 2 3 5
191.775 0.00158548 0.00158548 2 3 5
191.935 0.00157874 0.00157874 2 3 5
192.255 0.00156526 0.00156526 2 3 5
192.755 0.00154429 0.00154429 2 3 5
193.255 0.00152346 0.00152346 2 3 5
193.755 0.00150275 0.00150275 2 3 5
194.255 0.00148215 0.00148215 2 3 5
194.755 0.00146166 0.00146166 2 3 5
195.255 0.00144127 0.00144127 2 3 5
195.755 0.00142099 0.00142099 2 3 5
196.255 0.00140081 0.00140081 2 3 5
196.755 0.00138073 0.00138073 2 3 5
197.255 0.00136076 0.00136076 2 3 5
197.755 0.00134088 0.00134088 2 3 5
198.255 0.00132111 0.00132111 2 3 5
198.755 0.00130143 0.00130143 2 3 5
199.255 0.00128186 0.00128186 2 3 5
199.755 0.00126238 0.00126238 2 3 5
200.255 0.001243 0.001243 2 3 5
200.755 0.00122372 0.00122372 2 3 5
201.255 0.00120453 0.00120453 2 3 5
201.755 0.00118543 0.00118543 2 3 5
202.255 0.00116644 0.00116644 2 3 5
202.755 0.00114753 0.00114753 2 3 5
203.255 0.00112872 0.00112872 2 3 5
203.755 0.00111 0.00111 2 3 5
204.255 0.00109137 0.00109137 2 3 5
204.755 0.00107283 0.00107283 2 3 5
205.255 0.00105439 0.00105439 2 3 5
205.755 0.00103603 0.00103603 2 3 5
206.255 0.00101776 0.00101776 2 3 5
206.755 0.000999581 0.000999581 2 3 5
207.255 0.000981488 0.000981488 2 3 5
207.755 0.000963483 0.000963483 2 3 5
208.255 0.000945565 0.000945565 2 3 5
208.755 0.000927732 0.000927732 2 3 5
209.255 0.000909984 0.000909984 2 3 5
209.755 0.000892321 0.000892321 2 3 5
210.255 0.000874742 0.000874742 2 3 5
210.755 0.000857247 0.000857247 2 3 5
211.255 0.000839834 0.000839834 2 3 5
211.755 0.000822503 0.000822503 2 3 5
212.255 0.000805255 0.000805255 2 3 5
212.755 0.000788087 0.000788087 2 3 5
213.255 0.000770999 0.000770999 2 3 5
213.755 0.000753992 0.000753992 2 3 5
214.255 0.000737064 0.000737064 2 3 5
214.755 0.000720215 0.000720215 2 3 5
215.255 0.000703444 0.000703444 2 3 5
215.755 0.000686751 0.000686751 2 3 5
216.255 0.000670135 0.000670135 2 3 5
216.755 0.000653595 0.000653595 2 3 5
217.255 0.000637132 0.000637132 2 3 5
217.755 0.000620745 0.000620745 2 3 5
218.255 0.000604432 0.000604432 2 3 5
218.755 0.000588194 0.000588194 2 3 5
219.255 0.00057203 0.00057203 2 3 5
219.755 0.00055594 0.00055594 2 3 5
220.255 0.000539923 0.000539923 2 3 5
220.755 0.000523978 0.000523978 2 3 5
221.255 0.000508105 0.000508105 2 3 5
221.755 0.000492304 0.000492304 2 3 5
222.255 0.000476574 0.000476574 2 3 5
222.755 0.000460915 0.000460915 2 3 5
223.255 0.000445325 0.000445325 2 3 5
223.755 0.000429806 0.000429806 2 3 5
224.255 0.000414355 0.000414355 2 3 5
224.755 0.000398974 0.000398974 2 3 5
225.255 0.00038366 0.00038366 2 3 5
225.755 0.000368415 0.000368415 2 3 5
226.255 0.000353237 0.000353237 2 3 5
226.755 0.000338126 0.000338126 2 3 5
227.255 0.000323081 0.000323081 2 3 5
227.755 0.000308102 0.000308102 2 3 5
228.255 0.000293189 0.000293189 2 3 5
228.755 0.000278341 0.000278341 2 3 5
229.255 0.000263558 0.000263558 2 3 5
229.755 0.000248839 0.000248839 2 3 5
230.255 0.000234185 0.000234185 2 3 5
230.755 0.000219593 0.000219593 2 3 5
231.255 0.000205065 0.000205065 2 3 5
231.755 0.000190599 0.000190599 2 3 5
232.255 0.000176196 0.000176196 2 3 5
232.755 0.000161855 0.000161855 2 3 5
233.255 0.000147575 0.000147575 2 3 5
233.755 0.000133356 0.000133356 2 3 5
234.255 0.000119198 0.000119198 2 3 5
234.755 0.0001051 0.0001051 2 3 5
235.255 9.10623e-05 9.10623e-05 2 3 5
235.755 7.70839e-05 7.70839e-05 2 3 5
236.255 6.31648e-05 6.31648e-05 2 3 5
236.755 4.93044e-05 4.93044e-05 2 3 5
237.255 3.55024e-05 3.55024e-05 2 3 5
237.755 2.17585e-05 2.17585e-05 2 3 5
238.255 8.07222e-06 8.07222e-06 2 3 5
238.755 -5.5567e-06 -5.5567e-06 2 3 5
239.255 -1.91287e-05 -1.91287e-05 2 3 5
239.755 -3.2644e-05 -3.2644e-05 2 3 5
240.255 -4.61031e-05 -4.61031e-05 2 3 5
240.755 -5.95063e-05 -5.95063e-05 2 3 5
241.255 -7.28539e-05 -7.28539e-05 2 3 5
241.755 -8.61464e-05 -8.61464e-05 2 3 5
242.255 -9.93839e-05 -9.93839e-05 2 3 5
242.755 -0.000112567 -0.000112567 2 3 5
243.255 -0.000125696 -0.000125696 2 3 5
243.755 -0.000138771 -0.000138771 2 3 5
244.255 -0.000151792 -0.000151792 2 3 5
244.755 -0.00016476 -0.00016476 2 3 5
245.255 -0.000177676 -0.000177676 2 3 5
245.755 -0.000190539 -0.000190539 2 3 5
246.255 -0.000203349 -0.000203349 2 3 5
246.755 -0.000216108 -0.000216108 2 3 5
247.255 -0.000228815 -0.000228815 2 3 5
247.755 -0.000241471 -0.000241471 2 3 5
248.255 -0.000254076 -0.000254076 2 3 5
248.755 -0.00026663 -0.00026663 2 3 5
249.255 -0.000279134 -0.000279134 2 3 5
249.755 -0.000291587 -0.000291587 2 3 5
250.255 -0.000303991 -0.000303991 2 3 5
250.755 -0.000316346 -0.000316346 2 3 5
251.255 -0.000328651 -0.000328651 2 3 5
251.755 -0.000340907 -0.000340907 2 3 5
252.255 -0.000353115 -0.000353115 2 3 5
252.755 -0.000365275 -0.000365275 2 3 5
253.255 -0.000377386 -0.000377386 2 3 5
253.755 -0.00038945 -0.00038945 2 3 5
254.255 -0.000401467 -0.000401467 2 3 5
254.755 -0.000413436 -0.000413436 2 3 5
255.255 -0.000425358 -0.000425358 2 3 5
255.755 -0.000437234 -0.000437234 2 3 5
256.255 -0.000449063 -0.000449063 2 3 5
256.755 -0.000460846 -0.000460846 2 3 5
257.255 -0.000472584 -0.000472584 2 3 5
257.755 -0.000484276 -0.000484276 2 3 5
258.255 -0.000495923 -0.000495923 2 3 5
258.755 -0.000507524 -0.000507524 2 3 5
259.255 -0.000519081 -0.000519081 2 3 5
259.755 -0.000530594 -0.000530594 2 3 5
260.255 -0.000542062 -0.000542062 2 3 5
260.755 -0.000553486 -0.000553486 2 3 5
261.255 -0.000564866 -0.000564866 2 3 5
261.755 -0.000576203 -0.000576203 2 3 5
262.255 -0.000587497 -0.000587497 2 3 5
262.755 -0.000598748 -0.000598748 2 3 5
263.255 -0.000609956 -0.000609956 2 3 5
263.755 -0.000621122 -0.000621122 2 3 5
264.255 -0.000632245 -0.000632245 2 3 5
264.755 -0.000643326 -0.000643326 2 3 5
265.255 -0.000654366 -0.000654366 2 3 5
265.755 -0.000665364 -0.000665364 2 3 5
266.255 -0.00067632 -0.00067632 2 3 5
266.755 -0.000687236 -0.000687236 2 3 5
267.255 -0.000698111 -0.000698111 2 3 5
267.755 -0.000708945 -0.000708945 2 3 5
268.255 -0.000719739 -0.000719739 2 3 5
268.755 -0.000730492 -0.000730492 2 3 5
269.255 -0.000741206 -0.000741206 2 3 5
269.755 -0.00075188 -0.00075188 2 3 5
270.255 -0.000762514 -0.000762514 2 3 5
270.755 -0.00077311 -0.00077311 2 3 5
271.255 -0.000783666 -0.000783666 2 3 5
271.755 -0.000794183 -0.000794183 2 3 5
272.255 -0.000804662 -0.000804662 2 3 5
272.755 -0.000815102 -0.000815102 2 3 5
273.255 -0.000825504 -0.000825504 2 3 5
273.755 -0.000835868 -0.000835868 2 3 5
274.255 -0.000846194 -0.000846194 2 3 5
274.755 -0.000856483 -0.000856483 2 3 5
275.255 -0.000866734 -0.000866734 2 3 5
275.755 -0.000876948 -0.000876948 2 3 5
276.255 -0.000887125 -0.000887125 2 3 5
276.755 -0.000897266 -0.000897266 2 3 5
277.255 -0.00090737 -0.00090737 2 3 5
277.755 -0.000917437 -0.000917437 2 3 5
278.255 -0.000927468 -0.000927468 2 3 5
278.755 -0.000937463 -0.000937463 2 3 5
279.255 -0.000947423 -0.000947423 2 3 5
279.755 -0.000957347 -0.000957347 2 3 5
280.255 -0.000967235 -0.000967235 2 3 5
280.755 -0.000977088 -0.000977088 2 3 5
281.255 -0.000986907 -0.000986907 2 3 5
281.755 -0.00099669 -0.00099669 2 3 5
282.255 -0.00100644 -0.00100644 2 3 5
282.755 -0.00101615 -0.00101615 2 3 5
283.255 -0.00102583 -0.00102583 2 3 5
283.755 -0.00103548 -0.00103548 2 3 5
284.255 -0.00104509 -0.00104509 2 3 5
284.755 -0.00105467 -0.00105467 2 3 5
285.255 -0.00106421 -0.00106421 2 3 5
285.755 -0.00107372 -0.00107372 2 3 5
286.255 -0.0010832 -0.0010832 2 3 5
286.755 -0.00109265 -0.00109265 2 3 5
287.255 -0.00110206 -0.00110206 2 3 5
287.755 -0.00111144 -0.00111144 2 3 5
288.255 -0.00112079 -0.00112079 2 3 5
288.755 -0.0011301 -0.0011301 2 3 5
289.255 -0.00113938 -0.00113938 2 3 5
289.255 -0.00113938 -0.00113938 2 3 5
289.295 -0.00114009 -0.00114009 2 3 5
289.335 -0.00114083 -0.00114083 2 3 5
289.415 -0.00114231 -0.00114231 2 3 5
289.575 -0.00114528 -0.00114528 2 3 5
289.895 -0.00115119 -0.00115119 2 3 5
290.395 -0.00116042 -0.00116042 2 3 5
290.895 -0.0011696 -0.0011696 2 3 5
291.395 -0.00117875 -0.00117875 2 3 5
291.895 -0.00118786 -0.00118786 2 3 5
292.395 -0.00119695 -0.00119695 2 3 5
292.895 -0.001206 -0.001206 2 3 5
293.395 -0.00121502 -0.00121502 2 3 5
293.895 -0.00122401 -0.00122401 2 3 5
294.395 -0.00123297 -0.00123297 2 3 5
294.895 -0.0012419 -0.0012419 2 3 5
295.395 -0.0012508 -0.0012508 2 3 5
295.895 -0.00125967 -0.00125967 2 3 5
296.395 -0.00126851 -0.00126851 2 3 5
296.895 -0.00127732 -0.00127732 2 3 5
297.395 -0.00128611 -0.00128611 2 3 5
297.895 -0.00129486 -0.00129486 2 3 5
298.395 -0.00130358 -0.00130358 2 3 5
298.895 -0.00131227 -0.00131227 2 3 5
299.395 -0.00132093 -0.00132093 2 3 5
299.895 -0.00132957 -0.00132957 2 3 5
300.395 -0.00133817 -0.00133817 2 3 5
300.895 -0.00134675 -0.00134675 2 3 5
301.395 -0.0013553 -0.0013553 2 3 5
301.895 -0.00136382 -0.00136382 2 3 5
302.395 -0.00137231 -0.00137231 2 3 5
302.895 -0.00138078 -0.00138078 2 3 5
303.395 -0.00138921 -0.00138921 2 3 5
303.895 -0.00139762 -0.00139762 2 3 5
304.395 -0.001406 -0.001406 2 3 5
304.895 -0.00141436 -0.00141436 2 3 5
305.395 -0.00142268 -0.00142268 2 3 5
305.895 -0.00143098 -0.00143098 2 3 5
306.395 -0.00143926 -0.00143926 2 3 5
306.895 -0.0014475 -0.0014475 2 3 5
307.395 -0.00145572 -0.00145572 2 3 5
307.895 -0.00146391 -0.00146391 2 3 5
308.395 -0.00147207 -0.00147207 2 3 5
308.895 -0.00148021 -0.00148021 2 3 5
309.395 -0.00148833 -0.00148833 2 3 5
309.895 -0.00149641 -0.00149641 2 3 5
310.395 -0.00150447 -0.00150447 2 3 5
310.895 -0.00151251 -0.00151251 2 3 5
311.395 -0.00152051 -0.00152051 2 3 5
311.895 -0.0015285 -0.0015285 2 3 5
312.395 -0.00153645 -0.00153645 2 3 5
312.895 -0.00154438 -0.00154438 2 3 5
313.395 -0.00155229 -0.00155229 2 3 5
313.895 -0.00156017 -0.00156017 2 3 5
314.395 -0.00156803 -0.00156803 2 3 5
314.895 -0.00157586 -0.00157586 2 3 5
315.395 -0.00158367 -0.00158367 2 3 5
315.895 -0.00159145 -0.00159145 2 3 5
316.395 -0.0015992 -0.0015992 2 3 5
316.895 -0.00160694 -0.00160694 2 3 5
317.395 -0.00161464 -0.00161464 2 3 5
317.895 -0.00162233 -0.00162233 2 3 5
318.395 -0.00162999 -0.00162999 2 3 5
318.895 -0.00163762 -0.00163762 2 3 5
319.395 -0.00164524 -0.00164524 2 3 5
319.895 -0.00165282 -0.00165282 2 3 5
320.395 -0.00166039 -0.00166039 2 3 5
320.895 -0.00166793 -0.00166793 2 3 5
321.395 -0.00167545 -0.00167545 2 3 5
321.895 -0.00168294 -0.00168294 2 3 5
322.395 -0.00169041 -0.00169041 2 3 5
322.895 -0.00169786 -0.00169786 2 3 5
323.395 -0.00170528 -0.00170528 2 3 5
323.895 -0.00171268 -0.00171268 2 3 5
324.395 -0.00172006 -0.00172006 2 3 5
324.895 -0.00172742 -0.00172742 2 3 5
325.395 -0.00173475 -0.00173475 2 3 5
325.895 -0.00174206 -0.00174206 2 3 5
326.395 -0.00174935 -0.00174935 2 3 5
326.895 -0.00175662 -0.00175662 2 3 5
327.395 -0.00176386 -0.00176386 2 3 5
327.895 -0.00177108 -0.00177108 2 3 5
328.395 -0.00177828 -0.00177828 2 3 5
328.895 -0.00178546 -0.00178546 2 3 5
329.395 -0.00179262 -0.00179262 2 3 5
329.895 -0.00179975 -0.00179975 2 3 5
330.395 -0.00180687 -0.00180687 2 3 5
330.895 -0.00181396 -0.00181396 2 3 5
331.395 -0.00182103 -0.00182103 2 3 5
331.895 -0.00182808 -0.00182808 2 3 5
332.395 -0.0018351 -0.0018351 2 3 5
332.895 -0.00184211 -0.00184211 2 3 5
333.395 -0.0018491 -0.0018491 2 3 5
333.895 -0.00185606 -0.00185606 2 3 5
334.395 -0.001863 -0.001863 2 3 5
334.895 -0.00186993 -0.00186993 2 3 5
335.395 -0.00187683 -0.00187683 2 3 5
335.895 -0.00188371 -0.00188371 2 3 5
336.395 -0.00189057 -0.00189057 2 3 5
336.895 -0.00189741 -0.00189741 2 3 5
337.395 -0.00190423 -0.00190423 2 3 5
337.895 -0.00191103 -0.00191103 2 3 5
338.395 -0.00191781 -0.00191781 2 3 5
338.895 -0.00192458 -0.00192458 2 3 5
339.395 -0.00193132 -0.00193132 2 3 5
339.895 -0.00193804 -0.00193804 2 3 5
340.395 -0.00194474 -0.00194474 2 3 5
340.895 -0.00195142 -0.00195142 2 3 5
341.395 -0.00195808 -0.00195808 2 3 5
341.895 -0.00196472 -0.00196472 2 3 5
342.395 -0.00197135 -0.00197135 2 3 5
342.895 -0.00197795 -0.00197795 2 3 5
343.395 -0.00198453 -0.00198453 2 3 5
343.895 -0.0019911 -0.0019911 2 3 5
344.395 -0.00199764 -0.00199764 2 3 5
344.895 -0.00200417 -0.00200417 2 3 5
345.395 -0.00201068 -0.00201068 2 3 5
345.895 -0.00201717 -0.00201717 2 3 5
346.395 -0.00202364 -0.00202364 2 3 5
346.895 -0.00203009 -0.00203009 2 3 5
347.395 -0.00203652 -0.00203652 2 3 5
347.895 -0.00204294 -0.00204294 2 3 5
348.395 -0.00204934 -0.00204934 2 3 5
348.895 -0.00205571 -0.00205571 2 3 5
349.395 -0.00206207 -0.00206207 2 3 5
349.895 -0.00206842 -0.00206842 2 3 5
350.395 -0.00207474 -0.00207474 2 3 5
350.895 -0.00208105 -0.00208105 2 3 5
351.395 -0.00208733 -0.00208733 2 3 5
351.895 -0.0020936 -0.0020936 2 3 5
352.395 -0.00209985 -0.00209985 2 3 5
352.895 -0.00210609 -0.00210609 2 3 5
353.395 -0.00211231 -0.00211231 2 3 5
353.895 -0.0021185 -0.0021185 2 3 5
354.395 -0.00212469 -0.00212469 2 3 5
354.895 -0.00213085 -0.00213085 2 3 5
355.395 -0.002137 -0.002137 2 3 5
355.895 -0.00214313 -0.00214313 2 3 5
356.395 -0.00214924 -0.00214924 2 3 5
356.895 -0.00215533 -0.00215533 2 3 5
357.395 -0.00216141 -0.00216141 2 3 5
357.895 -0.00216747 -0.00216747 2 3 5
358.395 -0.00217352 -0.00217352 2 3 5
358.895 -0.00217955 -0.00217955 2 3 5
359.395 -0.00218556 -0.00218556 2 3 5
359.895 -0.00219155 -0.00219155 2 3 5
360.395 -0.00219753 -0.00219753 2 3 5
360.895 -0.00220349 -0.00220349 2 3 5
361.395 -0.00220943 -0.00220943 2 3 5
361.895 -0.00221536 -0.00221536 2 3 5
362.395 -0.00222127 -0.00222127 2 3 5
362.895 -0.00222717 -0.00222717 2 3 5
363.395 -0.00223305 -0.00223305 2 3 5
363.895 -0.00223891 -0.00223891 2 3 5
364.395 -0.00224476 -0.00224476 2 3 5
364.895 -0.00225059 -0.00225059 2 3 5
365.395 -0.0022564 -0.0022564 2 3 5
365.895 -0.0022622 -0.0022622 2 3 5
366.395 -0.00226798 -0.00226798 2 3 5
366.895 -0.00227375 -0.00227375 2 3 5
367.395 -0.0022795 -0.0022795 2 3 5
367.895 -0.00228524 -0.00228524 2 3 5
368.395 -0.00229096 -0.00229096 2 3 5
368.895 -0.00229666 -0.00229666 2 3 5
369.395 -0.00230235 -0.00230235 2 3 5
369.895 -0.00230803 -0.00230803 2 3 5
370.395 -0.00231369 -0.00231369 2 3 5
370.895 -0.00231933 -0.00231933 2 3 5
371.395 -0.00232496 -0.00232496 2 3 5
371.895 -0.00233057 -0.00233057 2 3 5
372.395 -0.00233617 -0.00233617 2 3 5
372.895 -0.00234175 -0.00234175 2 3 5
373.395 -0.00234732 -0.00234732 2 3 5
373.895 -0.00235287 -0.00235287 2 3 5
374.395 -0.00235841 -0.00235841 2 3 5
374.895 -0.00236394 -0.00236394 2 3 5
375.395 -0.00236944 -0.00236944 2 3 5
375.895 -0.00237494 -0.00237494 2 3 5
376.395 -0.00238042 -0.00238042 2 3 5
376.895 -0.00238588 -0.00238588 2 3 5
377.395 -0.00239133 -0.00239133 2 3 5
377.895 -0.00239677 -0.00239677 2 3 5
378.395 -0.00240219 -0.00240219 2 3 5
378.895 -0.0024076 -0.0024076 2 3 5
379.395 -0.00241299 -0.00241299 2 3 5
379.895 -0.00241837 -0.00241837 2 3 5
380.395 -0.00242374 -0.00242374 2 3 5
380.895 -0.00242909 -0.00242909 2 3 5
381.395 -0.00243442 -0.00243442 2 3 5
381.895 -0.00243975 -0.00243975 2 3 5
382.395 -0.00244506 -0.00244506 2 3 5
382.895 -0.00245035 -0.00245035 2 3 5
383.395 -0.00245563 -0.00245563 2 3 5
383.895 -0.0024609 -0.0024609 2 3 5
384.395 -0.00246615 -0.00246615 2 3 5
384.895 -0.00247139 -0.00247139 2 3 5
385.395 -0.00247662 -0.00247662 2 3 5
385.895 -0.00248183 -0.00248183 2 3 5
386.395 -0.00248703 -0.00248703 2 3 5
386.895 -0.00249222 -0.00249222 2 3 5
386.895 -0.00249222 -0.00249222 2 3 5
386.935 -0.00249262 -0.00249262 2 3 5
386.975 -0.00249303 -0.00249303 2 3 5
387.055 -0.00249386 -0.00249386 2 3 5
387.215 -0.00249552 -0.00249552 2 3 5
387.535 -0.00249883 -0.00249883 2 3 5
388.035 -0.00250399 -0.00250399 2 3 5
388.535 -0.00250914 -0.00250914 2 3 5
389.035 -0.00251426 -0.00251426 2 3 5
389.535 -0.00251938 -0.00251938 2 3 5
390.035 -0.00252448 -0.00252448 2 3 5
390.535 -0.00252957 -0.00252957 2 3 5
391.035 -0.00253465 -0.00253465 2 3 5
391.535 -0.00253971 -0.00253971 2 3 5
392.035 -0.00254477 -0.00254477 2 3 5
392.535 -0.0025498 -0.0025498 2 3 5
393.035 -0.00255483 -0.00255483 2 3 5
393.535 -0.00255984 -0.00255984 2 3 5
394.035 -0.00256484 -0.00256484 2 3 5
394.535 -0.00256983 -0.00256983 2 3 5
395.035 -0.0025748 -0.0025748 2 3 5
395.535 -0.00257976 -0.00257976 2 3 5
396.035 -0.00258471 -0.00258471 2 3 5
396.535 -0.00258965 -0.00258965 2 3 5
397.035 -0.00259457 -0.00259457 2 3 5
397.535 -0.00259949 -0.00259949 2 3 5
398.035 -0.00260439 -0.00260439 2 3 5
398.535 -0.00260927 -0.00260927 2 3 5
399.035 -0.00261415 -0.00261415 2 3 5
399.535 -0.00261901 -0.00261901 2 3 5
400.035 -0.00262386 -0.00262386 2 3 5
400.535 -0.0026287 -0.0026287 2 3 5
401.035 -0.00263353 -0.00263353 2 3 5
401.535 -0.00263834 -0.00263834 2 3 5
402.035 -0.00264314 -0.00264314 2 3 5
402.535 -0.00264794 -0.00264794 2 3 5
403.035 -0.00265271 -0.00265271 2 3 5
403.535 -0.00265748 -0.00265748 2 3 5
404.035 -0.00266224 -0.00266224 2 3 5
404.535 -0.00266698 -0.00266698 2 3 5
405.035 -0.00267171 -0.00267171 2 3 5
405.535 -0.00267643 -0.00267643 2 3 5
406.035 -0.00268114 -0.00268114 2 3 5
406.535 -0.00268584 -0.00268584 2 3 5
407.035 -0.00269052 -0.00269052 2 3 5
407.535 -0.0026952 -0.0026952 2 3 5
408.035 -0.00269986 -0.00269986 2 3 5
408.535 -0.00270451 -0.00270451 2 3 5
409.035 -0.00270915 -0.00270915 2 3 5
409.535 -0.00271378 -0.00271378 2 3 5
410.035 -0.00271839 -0.00271839 2 3 5
410.535 -0.002723 -0.002723 2 3 5
411.035 -0.00272759 -0.00272759 2 3 5
411.535 -0.00273218 -0.00273218 2 3 5
412.035 -0.00273675 -0.00273675 2 3 5
412.535 -0.00274131 -0.00274131 2 3 5
413.035 -0.00274586 -0.00274586 2 3 5
413.535 -0.0027504 -0.0027504 2 3 5
414.035 -0.00275493 -0.00275493 2 3 5
414.535 -0.00275944 -0.00275944 2 3 5
415.035 -0.00276395 -0.00276395 2 3 5
415.535 -0.00276845 -0.00276845 2 3 5
416.035 -0.00277293 -0.00277293 2 3 5
416.535 -0.0027774 -0.0027774 2 3 5
417.035 -0.00278187 -0.00278187 2 3 5
417.535 -0.00278632 -0.00278632 2 3 5
418.035 -0.00279076 -0.00279076 2 3 5
418.535 -0.00279519 -0.00279519 2 3 5
419.035 -0.00279961 -0.00279961 2 3 5
419.535 -0.00280402 -0.00280402 2 3 5
420.035 -0.00280842 -0.00280842 2 3 5
420.535 -0.00281281 -0.00281281 2 3 5
421.035 -0.00281719 -0.00281719 2 3 5
421.535 -0.00282156 -0.00282156 2 3 5
422.035 -0.00282592 -0.00282592 2 3 5
422.535 -0.00283027 -0.00283027 2 3 5
423.035 -0.0028346 -0.0028346 2 3 5
423.535 -0.00283893 -0.00283893 2 3 5
424.035 -0.00284325 -0.00284325 2 3 5
424.535 -0.00284755 -0.00284755 2 3 5
425.035 -0.00285185 -0.00285185 2 3 5
425.535 -0.00285614 -0.00285614 2 3 5
426.035 -0.00286041 -0.00286041 2 3 5
426.535 -0.00286468 -0.00286468 2 3 5
427.035 -0.00286894 -0.00286894 2 3 5
427.535 -0.00287318 -0.00287318 2 3 5
428.035 -0.00287742 -0.00287742 2 3 5
428.535 -0.00288165 -0.00288165 2 3 5
429.035 -0.00288586 -0.00288586 2 3 5
429.535 -0.00289007 -0.00289007 2 3 5
430.035 -0.00289427 -0.00289427 2 3 5
430.535 -0.00289845 -0.00289845 2 3 5
431.035 -0.00290263 -0.00290263 2 3 5
431.535 -0.0029068 -0.0029068 2 3 5
432.035 -0.00291096 -0.00291096 2 3 5
432.535 -0.00291511 -0.00291511 2 3 5
433.035 -0.00291925 -0.00291925 2 3 5
433.535 -0.00292338 -0.00292338 2 3 5
434.035 -0.0029275 -0.0029275 2 3 5
434.535 -0.00293161 -0.00293161 2 3 5
435.035 -0.00293571 -0.00293571 2 3 5
435.535 -0.0029398 -0.0029398 2 3 5
436.035 -0.00294388 -0.00294388 2 3 5
436.535 -0.00294796 -0.00294796 2 3 5
437.035 -0.00295202 -0.00295202 2 3 5
437.535 -0.00295607 -0.00295607 2 3 5
438.035 -0.00296012 -0.00296012 2 3 5
438.535 -0.00296416 -0.00296416 2 3 5
439.035 -0.00296818 -0.00296818 2 3 5
439.535 -0.0029722 -0.0029722 2 3 5
440.035 -0.00297621 -0.00297621 2 3 5
440.535 -0.00298021 -0.00298021 2 3 5
441.035 -0.0029842 -0.0029842 2 3 5
441.535 -0.00298818 -0.00298818 2 3 5
442.035 -0.00299215 -0.00299215 2 3 5
442.535 -0.00299611 -0.00299611 2 3 5
443.035 -0.00300007 -0.00300007 2 3 5
443.535 -0.00300401 -0.00300401 2 3 5
444.035 -0.00300795 -0.00300795 2 3 5
444.535 -0.00301188 -0.00301188 2 3 5
445.035 -0.0030158 -0.0030158 2 3 5
445.535 -0.00301971 -0.00301971 2 3 5
446.035 -0.00302361 -0.00302361 2 3 5
446.535 -0.0030275 -0.0030275 2 3 5
447.035 -0.00303139 -0.00303139 2 3 5
447.535 -0.00303526 -0.00303526 2 3 5
448.035 -0.00303913 -0.00303913 2 3 5
448.535 -0.00304299 -0.00304299 2 3 5
449.035 -0.00304683 -0.00304683 2 3 5
449.535 -0.00305068 -0.00305068 2 3 5
450.035 -0.00305451 -0.00305451 2 3 5
450.535 -0.00305833 -0.00305833 2 3 5
451.035 -0.00306215 -0.00306215 2 3 5
451.535 -0.00306595 -0.00306595 2 3 5
452.035 -0.00306975 -0.00306975 2 3 5
452.535 -0.00307354 -0.00307354 2 3 5
453.035 -0.00307732 -0.00307732 2 3 5
453.535 -0.0030811 -0.0030811 2 3 5
454.035 -0.00308486 -0.00308486 2 3 5
454.535 -0.00308862 -0.00308862 2 3 5
455.035 -0.00309237 -0.00309237 2 3 5
455.535 -0.00309611 -0.00309611 2 3 5
456.035 -0.00309984 -0.00309984 2 3 5
456.535 -0.00310356 -0.00310356 2 3 5
457.035 -0.00310728 -0.00310728 2 3 5
457.535 -0.00311099 -0.00311099 2 3 5
458.035 -0.00311469 -0.00311469 2 3 5
458.535 -0.00311838 -0.00311838 2 3 5
459.035 -0.00312206 -0.00312206 2 3 5
459.535 -0.00312574 -0.00312574 2 3 5
460.035 -0.0031294 -0.0031294 2 3 5
460.535 -0.00313306 -0.00313306 2 3 5
461.035 -0.00313671 -0.00313671 2 3 5
461.535 -0.00314036 -0.00314036 2 3 5
462.035 -0.00314399 -0.00314399 2 3 5
462.535 -0.00314762 -0.00314762 2 3 5
463.035 -0.00315124 -0.00315124 2 3 5
463.535 -0.00315485 -0.00315485 2 3 5
464.035 -0.00315846 -0.00315846 2 3 5
464.535 -0.00316206 -0.00316206 2 3 5
465.035 -0.00316564 -0.00316564 2 3 5
465.535 -0.00316923 -0.00316923 2 3 5
466.035 -0.0031728 -0.0031728 2 3 5
466.535 -0.00317636 -0.00317636 2 3 5
467.035 -0.00317992 -0.00317992 2 3 5
467.535 -0.00318347 -0.00318347 2 3 5
468.035 -0.00318702 -0.00318702 2 3 5
468.535 -0.00319055 -0.00319055 2 3 5
469.035 -0.00319408 -0.00319408 2 3 5
469.535 -0.0031976 -0.0031976 2 3 5
470.035 -0.00320111 -0.00320111 2 3 5
470.535 -0.00320462 -0.00320462 2 3 5
471.035 -0.00320812 -0.00320812 2 3 5
471.535 -0.00321161 -0.00321161 2 3 5
472.035 -0.00321509 -0.00321509 2 3 5
472.535 -0.00321857 -0.00321857 2 3 5
473.035 -0.00322203 -0.00322203 2 3 5
473.535 -0.0032255 -0.0032255 2 3 5
474.035 -0.00322895 -0.00322895 2 3 5
474.535 -0.0032324 -0.0032324 2 3 5
475.035 -0.00323584 -0.00323584 2 3 5
475.535 -0.00323927 -0.00323927 2 3 5
476.035 -0.00324269 -0.00324269 2 3 5
476.535 -0.00324611 -0.00324611 2 3 5
477.035 -0.00324952 -0.00324952 2 3 5
477.535 -0.00325292 -0.00325292 2 3 5
478.035 -0.00325632 -0.00325632 2 3 5
478.535 -0.00325971 -0.00325971 2 3 5
479.035 -0.00326309 -0.00326309 2 3 5
479.535 -0.00326647 -0.00326647 2 3 5
480.035 -0.00326983 -0.00326983 2 3 5
480.535 -0.0032732 -0.0032732 2 3 5
481.035 -0.00327655 -0.00327655 2 3 5
481.535 -0.0032799 -0.0032799 2 3 5
482.035 -0.00328324 -0.00328324 2 3 5
482.535 -0.00328657 -0.00328657 2 3 5
483.035 -0.0032899 -0.0032899 2 3 5
483.535 -0.00329322 -0.00329322 2 3 5
484.035 -0.00329653 -0.00329653 2 3 5
484.535 -0.00329983 -0.00329983 2 3 5
484.535 -0.00329983 -0.00329983 2 3 5
484.575 -0.00330009 -0.00330009 2 3 5
484.615 -0.00330036 -0.00330036 2 3 5
484.695 -0.00330088 -0.00330088 2 3 5
484.855 -0.00330194 -0.00330194 2 3 5
485.175 -0.00330405 -0.00330405 2 3 5
485.675 -0.00330734 -0.00330734 2 3 5
486.175 -0.00331063 -0.00331063 2 3 5
486.675 -0.00331391 -0.00331391 2 3 5
487.175 -0.00331718 -0.00331718 2 3 5
487.675 -0.00332044 -0.00332044 2 3 5
488.175 -0.0033237 -0.0033237 2 3 5
488.675 -0.00332694 -0.00332694 2 3 5
489.175 -0.00333019 -0.00333019 2 3 5
489.675 -0.00333342 -0.00333342 2 3 5
490.175 -0.00333665 -0.00333665 2 3 5
490.675 -0.00333988 -0.00333988 2 3 5
491.175 -0.0033431 -0.0033431 2 3 5
491.675 -0.00334631 -0.00334631 2 3 5
492.175 -0.00334951 -0.00334951 2 3 5
492.675 -0.00335271 -0.00335271 2 3 5
493.175 -0.0033559 -0.0033559 2 3 5
493.675 -0.00335908 -0.00335908 2 3 5
494.175 -0.00336226 -0.00336226 2 3 5
494.675 -0.00336543 -0.00336543 2 3 5
495.175 -0.0033686 -0.0033686 2 3 5
495.675 -0.00337176 -0.00337176 2 3 5
496.175 -0.00337491 -0.00337491 2 3 5
496.675 -0.00337805 -0.00337805 2 3 5
497.175 -0.00338119 -0.00338119 2 3 5
497.675 -0.00338433 -0.00338433 2 3 5
498.175 -0.00338745 -0.00338745 2 3 5
498.675 -0.00339057 -0.00339057 2 3 5
499.175 -0.00339369 -0.00339369 2 3 5
499.675 -0.0033968 -0.0033968 2 3 5
500.175 -0.0033999 -0.0033999 2 3 5
500.675 -0.003403 -0.003403 2 3 5
501.175 -0.00340608 -0.00340608 2 3 5
501.675 -0.00340917 -0.00340917 2 3 5
502.175 -0.00341225 -0.00341225 2 3 5
502.675 -0.00341532 -0.00341532 2 3 5
503.175 -0.00341838 -0.00341838 2 3 5
503.675 -0.00342144 -0.00342144 2 3 5
504.175 -0.00342449 -0.00342449 2 3 5
504.675 -0.00342754 -0.00342754 2 3 5
505.175 -0.00343058 -0.00343058 2 3 5
505.675 -0.00343362 -0.00343362 2 3 5
506.175 -0.00343665 -0.00343665 2 3 5
506.675 -0.00343967 -0.00343967 2 3 5
507.175 -0.00344269 -0.00344269 2 3 5
507.675 -0.0034457 -0.0034457 2 3 5
508.175 -0.0034487 -0.0034487 2 3 5
508.675 -0.0034517 -0.0034517 2 3 5
509.175 -0.0034547 -0.0034547 2 3 5
509.675 -0.00345768 -0.00345768 2 3 5
510.175 -0.00346066 -0.00346066 2 3 5
510.675 -0.00346364 -0.00346364 2 3 5
511.175 -0.00346661 -0.00346661 2 3 5
511.675 -0.00346957 -0.00346957 2 3 5
512.175 -0.00347253 -0.00347253 2 3 5
512.675 -0.00347549 -0.00347549 2 3 5
513.175 -0.00347843 -0.00347843 2 3 5
513.675 -0.00348137 -0.00348137 2 3 5
514.175 -0.00348431 -0.00348431 2 3 5
514.675 -0.00348724 -0.00348724 2 3 5
515.175 -0.00349016 -0.00349016 2 3 5
515.675 -0.00349308 -0.00349308 2 3 5
516.175 -0.00349599 -0.00349599 2 3 5
516.675 -0.0034989 -0.0034989 2 3 5
517.175 -0.0035018 -0.0035018 2 3 5
517.675 -0.0035047 -0.0035047 2 3 5
518.175 -0.00350759 -0.00350759 2 3 5
518.675 -0.00351047 -0.00351047 2 3 5
519.175 -0.00351335 -0.00351335 2 3 5
519.675 -0.00351623 -0.00351623 2 3 5
520.175 -0.00351909 -0.00351909 2 3 5
520.675 -0.00352196 -0.00352196 2 3 5
521.175 -0.00352481 -0.00352481 2 3 5
521.675 -0.00352766 -0.00352766 2 3 5
522.175 -0.00353051 -0.00353051 2 3 5
522.675 -0.00353335 -0.00353335 2 3 5
523.175 -0.00353619 -0.00353619 2 3 5
523.675 -0.00353902 -0.00353902 2 3 5
524.175 -0.00354184 -0.00354184 2 3 5
524.675 -0.00354466 -0.00354466 2 3 5
525.175 -0.00354747 -0.00354747 2 3 5
525.675 -0.00355028 -0.00355028 2 3 5
526.175 -0.00355308 -0.00355308 2 3 5
526.675 -0.00355588 -0.00355588 2 3 5
527.175 -0.00355867 -0.00355867 2 3 5
527.675 -0.00356146 -0.00356146 2 3 5
528.175 -0.00356424 -0.00356424 2 3 5
528.675 -0.00356702 -0.00356702 2 3 5
529.175 -0.00356979 -0.00356979 2 3 5
529.675 -0.00357256 -0.00357256 2 3 5
530.175 -0.00357532 -0.00357532 2 3 5
530.675 -0.00357807 -0.00357807 2 3 5
531.175 -0.00358082 -0.00358082 2 3 5
531.675 -0.00358357 -0.00358357 2 3 5
532.175 -0.00358631 -0.00358631 2 3 5
532.675 -0.00358904 -0.00358904 2 3 5
533.175 -0.00359177 -0.00359177 2 3 5
533.675 -0.0035945 -0.0035945 2 3 5
534.175 -0.00359722 -0.00359722 2 3 5
534.675 -0.00359993 -0.00359993 2 3 5
535.175 -0.00360264 -0.00360264 2 3 5
535.675 -0.00360535 -0.00360535 2 3 5
536.175 -0.00360805 -0.00360805 2 3 5
536.675 -0.00361074 -0.00361074 2 3 5
537.175 -0.00361343 -0.00361343 2 3 5
537.675 -0.00361611 -0.00361611 2 3 5
538.175 -0.00361879 -0.00361879 2 3 5
538.675 -0.00362147 -0.00362147 2 3 5
539.175 -0.00362414 -0.00362414 2 3 5
539.675 -0.0036268 -0.0036268 2 3 5
540.175 -0.00362946 -0.00362946 2 3 5
540.675 -0.00363212 -0.00363212 2 3 5
541.175 -0.00363477 -0.00363477 2 3 5
541.675 -0.00363741 -0.00363741 2 3 5
542.175 -0.00364005 -0.00364005 2 3 5
542.675 -0.00364268 -0.00364268 2 3 5
543.175 -0.00364532 -0.00364532 2 3 5
543.675 -0.00364794 -0.00364794 2 3 5
544.175 -0.00365056 -0.00365056 2 3 5
544.675 -0.00365318 -0.00365318 2 3 5
545.175 -0.00365579 -0.00365579 2 3 5
545.675 -0.00365839 -0.00365839 2 3 5
546.175 -0.003661 -0.003661 2 3 5
546.675 -0.00366359 -0.00366359 2 3 5
547.175 -0.00366618 -0.00366618 2 3 5
547.675 -0.00366877 -0.00366877 2 3 5
548.175 -0.00367135 -0.00367135 2 3 5
548.675 -0.00367393 -0.00367393 2 3 5
549.175 -0.0036765 -0.0036765 2 3 5
549.675 -0.00367907 -0.00367907 2 3 5
550.175 -0.00368164 -0.00368164 2 3 5
550.675 -0.00368419 -0.00368419 2 3 5
551.175 -0.00368675 -0.00368675 2 3 5
551.675 -0.0036893 -0.0036893 2 3 5
552.175 -0.00369184 -0.00369184 2 3 5
552.675 -0.00369438 -0.00369438 2 3 5
553.175 -0.00369692 -0.00369692 2 3 5
553.675 -0.00369945 -0.00369945 2 3 5
554.175 -0.00370198 -0.00370198 2 3 5
554.675 -0.0037045 -0.0037045 2 3 5
555.175 -0.00370702 -0.00370702 2 3 5
555.675 -0.00370953 -0.00370953 2 3 5
556.175 -0.00371204 -0.00371204 2 3 5
556.675 -0.00371454 -0.00371454 2 3 5
557.175 -0.00371704 -0.00371704 2 3 5
557.675 -0.00371954 -0.00371954 2 3 5
558.175 -0.00372203 -0.00372203 2 3 5
558.675 -0.00372452 -0.00372452 2 3 5
559.175 -0.003727 -0.003727 2 3 5
559.675 -0.00372947 -0.00372947 2 3 5
560.175 -0.00373195 -0.00373195 2 3 5
560.675 -0.00373442 -0.00373442 2 3 5
561.175 -0.00373688 -0.00373688 2 3 5
561.675 -0.00373934 -0.00373934 2 3 5
562.175 -0.0037418 -0.0037418 2 3 5
562.675 -0.00374425 -0.00374425 2 3 5
563.175 -0.00374669 -0.00374669 2 3 5
563.675 -0.00374914 -0.00374914 2 3 5
564.175 -0.00375157 -0.00375157 2 3 5
564.675 -0.00375401 -0.00375401 2 3 5
565.175 -0.00375644 -0.00375644 2 3 5
565.675 -0.00375886 -0.00375886 2 3 5
566.175 -0.00376128 -0.00376128 2 3 5
566.675 -0.0037637 -0.0037637 2 3 5
567.175 -0.00376611 -0.00376611 2 3 5
567.675 -0.00376852 -0.00376852 2 3 5
568.175 -0.00377092 -0.00377092 2 3 5
568.675 -0.00377332 -0.00377332 2 3 5
569.175 -0.00377572 -0.00377572 2 3 5
569.675 -0.00377811 -0.00377811 2 3 5
570.175 -0.0037805 -0.0037805 2 3 5
570.675 -0.00378288 -0.00378288 2 3 5
571.175 -0.00378526 -0.00378526 2 3 5
571.675 -0.00378763 -0.00378763 2 3 5
572.175 -0.00379 -0.00379 2 3 5
572.675 -0.00379237 -0.00379237 2 3 5
573.175 -0.00379473 -0.00379473 2 3 5
573.675 -0.00379709 -0.00379709 2 3 5
574.175 -0.00379944 -0.00379944 2 3 5
574.675 -0.00380179 -0.00380179 2 3 5
575.175 -0.00380414 -0.00380414 2 3 5
575.675 -0.00380648 -0.00380648 2 3 5
576.175 -0.00380881 -0.00380881 2 3 5
576.675 -0.00381115 -0.00381115 2 3 5
577.175 -0.00381348 -0.00381348 2 3 5
577.675 -0.0038158 -0.0038158 2 3 5
578.175 -0.00381812 -0.00381812 2 3 5
578.675 -0.00382044 -0.00382044 2 3 5
579.175 -0.00382275 -0.00382275 2 3 5
579.675 -0.00382506 -0.00382506 2 3 5
580.175 -0.00382737 -0.00382737 2 3 5
580.675 -0.00382967 -0.00382967 2 3 5
581.175 -0.00383197 -0.00383197 2 3 5
581.675 -0.00383426 -0.00383426 2 3 5
582.175 -0.00383655 -0.00383655 2 3 5
582.175 -0.00383655 -0.00383655 2 3 5
582.215 -0.00383673 -0.00383673 2 3 5
582.255 -0.00383691 -0.00383691 2 3 5
582.335 -0.00383728 -0.00383728 2 3 5
582.495 -0.00383801 -0.00383801 2 3 5
582.815 -0.00383947 -0.00383947 2 3 5
583.315 -0.00384175 -0.00384175 2 3 5
583.815 -0.00384403 -0.00384403 2 3 5
584.315 -0.0038463 -0.0038463 2 3 5
584.815 -0.00384857 -0.00384857 2 3 5
585.315 -0.00385084 -0.00385084 2 3 5
585.815 -0.0038531 -0.0038531 2 3 5
586.315 -0.00385536 -0.00385536 2 3 5
586.815 -0.00385761 -0.00385761 2 3 5
587.315 -0.00385986 -0.00385986 2 3 5
587.815 -0.00386211 -0.00386211 2 3 5
588.315 -0.00386435 -0.00386435 2 3 5
588.815 -0.00386659 -0.00386659 2 3 5
589.315 -0.00386882 -0.00386882 2 3 5
589.815 -0.00387105 -0.00387105 2 3 5
590.315 -0.00387328 -0.00387328 2 3 5
590.815 -0.0038755 -0.0038755 2 3 5
591.315 -0.00387772 -0.00387772 2 3 5
591.815 -0.00387993 -0.00387993 2 3 5
592.315 -0.00388215 -0.00388215 2 3 5
592.815 -0.00388435 -0.00388435 2 3 5
593.315 -0.00388656 -0.00388656 2 3 5
593.815 -0.00388876 -0.00388876 2 3 5
594.315 -0.00389096 -0.00389096 2 3 5
594.815 -0.00389315 -0.00389315 2 3 5
595.315 -0.00389534 -0.00389534 2 3 5
595.815 -0.00389752 -0.00389752 2 3 5
596.315 -0.00389971 -0.00389971 2 3 5
596.815 -0.00390189 -0.00390189 2 3 5
597.315 -0.00390406 -0.00390406 2 3 5
597.815 -0.00390623 -0.00390623 2 3 5
598.315 -0.0039084 -0.0039084 2 3 5
598.815 -0.00391056 -0.00391056 2 3 5
599.315 -0.00391272 -0.00391272 2 3 5
599.815 -0.00391488 -0.00391488 2 3 5
600.315 -0.00391703 -0.00391703 2 3 5
600.815 -0.00391918 -0.00391918 2 3 5
601.315 -0.00392133 -0.00392133 2 3 5
601.815 -0.00392347 -0.00392347 2 3 5
602.315 -0.00392561 -0.00392561 2 3 5
602.815 -0.00392774 -0.00392774 2 3 5
603.315 -0.00392988 -0.00392988 2 3 5
603.815 -0.003932 -0.003932 2 3 5
604.315 -0.00393413 -0.00393413 2 3 5
604.815 -0.00393625 -0.00393625 2 3 5
605.315 -0.00393837 -0.00393837 2 3 5
605.815 -0.00394048 -0.00394048 2 3 5
606.315 -0.00394259 -0.00394259 2 3 5
606.815 -0.0039447 -0.0039447 2 3 5
607.315 -0.0039468 -0.0039468 2 3 5
607.815 -0.0039489 -0.0039489 2 3 5
608.315 -0.003951 -0.003951 2 3 5
608.815 -0.00395309 -0.00395309 2 3 5
609.315 -0.00395518 -0.00395518 2 3 5
609.815 -0.00395727 -0.00395727 2 3 5
610.315 -0.00395935 -0.00395935 2 3 5
610.815 -0.00396143 -0.00396143 2 3 5
611.315 -0.00396351 -0.00396351 2 3 5
611.815 -0.00396558 -0.00396558 2 3 5
612.315 -0.00396765 -0.00396765 2 3 5
612.815 -0.00396972 -0.00396972 2 3 5
613.315 -0.00397178 -0.00397178 2 3 5
613.815 -0.00397384 -0.00397384 2 3 5
614.315 -0.0039759 -0.0039759 2 3 5
614.815 -0.00397795 -0.00397795 2 3 5
615.315 -0.00398 -0.00398 2 3 5
615.815 -0.00398205 -0.00398205 2 3 5
616.315 -0.00398409 -0.00398409 2 3 5
616.815 -0.00398613 -0.00398613 2 3 5
617.315 -0.00398816 -0.00398816 2 3 5
617.815 -0.0039902 -0.0039902 2 3 5
618.315 -0.00399223 -0.00399223 2 3 5
618.815 -0.00399425 -0.00399425 2 3 5
619.315 -0.00399628 -0.00399628 2 3 5
619.815 -0.0039983 -0.0039983 2 3 5
620.315 -0.00400031 -0.00400031 2 3 5
620.815 -0.00400232 -0.00400232 2 3 5
621.315 -0.00400433 -0.00400433 2 3 5
621.815 -0.00400634 -0.00400634 2 3 5
622.315 -0.00400835 -0.00400835 2 3 5
622.815 -0.00401035 -0.00401035 2 3 5
623.315 -0.00401234 -0.00401234 2 3 5
623.815 -0.00401434 -0.00401434 2 3 5
624.315 -0.00401633 -0.00401633 2 3 5
624.815 -0.00401831 -0.00401831 2 3 5
625.315 -0.0040203 -0.0040203 2 3 5
625.815 -0.00402228 -0.00402228 2 3 5
626.315 -0.00402426 -0.00402426 2 3 5
626.815 -0.00402623 -0.00402623 2 3 5
627.315 -0.0040282 -0.0040282 2 3 5
627.815 -0.00403017 -0.00403017 2 3 5
628.315 -0.00403214 -0.00403214 2 3 5
628.815 -0.0040341 -0.0040341 2 3 5
629.315 -0.00403606 -0.00403606 2 3 5
629.815 -0.00403802 -0.00403802 2 3 5
630.315 -0.00403997 -0.00403997 2 3 5
630.815 -0.00404192 -0.00404192 2 3 5
631.315 -0.00404387 -0.00404387 2 3 5
631.815 -0.00404581 -0.00404581 2 3 5
632.315 -0.00404775 -0.00404775 2 3 5
632.815 -0.00404969 -0.00404969 2 3 5
633.315 -0.00405162 -0.00405162 2 3 5
633.815 -0.00405355 -0.00405355 2 3 5
634.315 -0.00405548 -0.00405548 2 3 5
634.815 -0.00405741 -0.00405741 2 3 5
635.315 -0.00405933 -0.00405933 2 3 5
635.815 -0.00406125 -0.00406125 2 3 5
636.315 -0.00406317 -0.00406317 2 3 5
636.815 -0.00406508 -0.00406508 2 3 5
637.315 -0.00406699 -0.00406699 2 3 5
637.815 -0.0040689 -0.0040689 2 3 5
638.315 -0.0040708 -0.0040708 2 3 5
638.815 -0.0040727 -0.0040727 2 3 5
639.315 -0.0040746 -0.0040746 2 3 5
639.815 -0.0040765 -0.0040765 2 3 5
640.315 -0.00407839 -0.00407839 2 3 5
640.815 -0.00408028 -0.00408028 2 3 5
641.315 -0.00408216 -0.00408216 2 3 5
641.815 -0.00408405 -0.00408405 2 3 5
642.315 -0.00408593 -0.00408593 2 3 5
642.815 -0.00408781 -0.00408781 2 3 5
643.315 -0.00408968 -0.00408968 2 3 5
643.815 -0.00409155 -0.00409155 2 3 5
644.315 -0.00409342 -0.00409342 2 3 5
644.815 -0.00409529 -0.00409529 2 3 5
645.315 -0.00409715 -0.00409715 2 3 5
645.815 -0.00409901 -0.00409901 2 3 5
646.315 -0.00410087 -0.00410087 2 3 5
646.815 -0.00410272 -0.00410272 2 3 5
647.315 -0.00410458 -0.00410458 2 3 5
647.815 -0.00410642 -0.00410642 2 3 5
648.315 -0.00410827 -0.00410827 2 3 5
648.815 -0.00411011 -0.00411011 2 3 5
649.315 -0.00411195 -0.00411195 2 3 5
649.815 -0.00411379 -0.00411379 2 3 5
650.315 -0.00411563 -0.00411563 2 3 5
650.815 -0.00411746 -0.00411746 2 3 5
651.315 -0.00411929 -0.00411929 2 3 5
651.815 -0.00412111 -0.00412111 2 3 5
652.315 -0.00412294 -0.00412294 2 3 5
652.815 -0.00412476 -0.00412476 2 3 5
653.315 -0.00412657 -0.00412657 2 3 5
653.815 -0.00412839 -0.00412839 2 3 5
654.315 -0.0041302 -0.0041302 2 3 5
654.815 -0.00413201 -0.00413201 2 3 5
655.315 -0.00413382 -0.00413382 2 3 5
655.815 -0.00413562 -0.00413562 2 3 5
656.315 -0.00413742 -0.00413742 2 3 5
656.815 -0.00413922 -0.00413922 2 3 5
657.315 -0.00414102 -0.00414102 2 3 5
657.815 -0.00414281 -0.00414281 2 3 5
658.315 -0.0041446 -0.0041446 2 3 5
658.815 -0.00414639 -0.00414639 2 3 5
659.315 -0.00414817 -0.00414817 2 3 5
659.815 -0.00414996 -0.00414996 2 3 5
660.315 -0.00415174 -0.00415174 2 3 5
660.815 -0.00415351 -0.00415351 2 3 5
661.315 -0.00415529 -0.00415529 2 3 5
661.815 -0.00415706 -0.00415706 2 3 5
662.315 -0.00415883 -0.00415883 2 3 5
662.815 -0.00416059 -0.00416059 2 3 5
663.315 -0.00416236 -0.00416236 2 3 5
663.815 -0.00416412 -0.00416412 2 3 5
664.315 -0.00416587 -0.00416587 2 3 5
664.815 -0.00416763 -0.00416763 2 3 5
665.315 -0.00416938 -0.00416938 2 3 5
665.815 -0.00417113 -0.00417113 2 3 5
666.315 -0.00417288 -0.00417288 2 3 5
666.815 -0.00417463 -0.00417463 2 3 5
667.315 -0.00417637 -0.00417637 2 3 5
667.815 -0.00417811 -0.00417811 2 3 5
668.315 -0.00417984 -0.00417984 2 3 5
668.815 -0.00418158 -0.00418158 2 3 5
669.315 -0.00418331 -0.00418331 2 3 5
669.815 -0.00418504 -0.00418504 2 3 5
670.315 -0.00418677 -0.00418677 2 3 5
670.815 -0.00418849 -0.00418849 2 3 5
671.315 -0.00419021 -0.00419021 2 3 5
671.815 -0.00419193 -0.00419193 2 3 5
672.315 -0.00419365 -0.00419365 2 3 5
672.815 -0.00419536 -0.00419536 2 3 5
673.315 -0.00419707 -0.00419707 2 3 5
673.815 -0.00419878 -0.00419878 2 3 5
674.315 -0.00420049 -0.00420049 2 3 5
674.815 -0.00420219 -0.00420219 2 3 5
675.315 -0.00420389 -0.00420389 2 3 5
675.815 -0.00420559 -0.00420559 2 3 5
676.315 -0.00420729 -0.00420729 2 3 5
676.815 -0.00420898 -0.00420898 2 3 5
677.315 -0.00421067 -0.00421067 2 3 5
677.815 -0.00421236 -0.00421236 2 3 5
678.315 -0.00421405 -0.00421405 2 3 5
678.815 -0.00421573 -0.00421573 2 3 5
679.315 -0.00421741 -0.00421741 2 3 5
679.815 -0.00421909 -0.00421909 2 3 5
93.9755 0.01 0.01 2 3 5
93.9355 0.0100071 0.0100071 2 3 5
93.8955 0.0100141 0.0100141 2 3 5
93.8155 0.0100281 0.0100281 2 3 5
93.6555 0.0100563 0.0100563 2 3 5
93.3355 0.0101129 0.0101129 2 3 5
92.8355 0.0102018 0.0102018 2 3 5
92.3355 0.0102921 0.0102921 2 3 5
91.8355 0.0103835 0.0103835 2 3 5
91.3355 0.0104759 0.0104759 2 3 5
90.8355 0.0105694 0.0105694 2 3 5
90.3355 0.0106638 0.0106638 2 3 5
89.8355 0.0107594 0.0107594 2 3 5
89.3355 0.0108559 0.0108559 2 3 5
88.8355 0.0109536 0.0109536 2 3 5
88.3355 0.0110524 0.0110524 2 3 5
87.8355 0.0111523 0.0111523 2 3 5
87.3355 0.0112533 0.0112533 2 3 5
86.8355 0.0113556 0.0113556 2 3 5
86.3355 0.0114589 0.0114589 2 3 5
85.8355 0.0115635 0.0115635 2 3 5
85.3355 0.0116694 0.0116694 2 3 5
84.8355 0.0117764 0.0117764 2 3 5
84.3355 0.0118848 0.0118848 2 3 5
83.8355 0.0119944 0.0119944 2 3 5
83.3355 0.0121054 0.0121054 2 3 5
82.8355 0.0122176 0.0122176 2 3 5
82.3355 0.0123313 0.0123313 2 3 5
81.8355 0.0124463 0.0124463 2 3 5
81.3355 0.0125628 0.0125628 2 3 5
80.8355 0.0126807 0.0126807 2 3 5
80.3355 0.0128 0.0128 2 3 5
79.8355 0.0129209 0.0129209 2 3 5
79.3355 0.0130433 0.0130433 2 3 5
78.8355 0.0131672 0.0131672 2 3 5
78.3355 0.0132927 0.0132927 2 3 5
77.8355 0.0134198 0.0134198 2 3 5
77.3356 0.0135486 0.0135486 2 3 5
76.8356 0.0136791 0.0136791 2 3 5
76.3356 0.0138112 0.0138112 2 3 5
75.8356 0.0139451 0.0139451 2 3 5
75.3356 0.0140808 0.0140808 2 3 5
74.8356 0.0142182 0.0142182 2 3 5
74.3356 0.0143576 0.0143576 2 3 5
73.8356 0.0144988 0.0144988 2 3 5
73.3356 0.0146419 0.0146419 2 3 5
72.8356 0.014787 0.014787 2 3 5
72.3356 0.0149342 0.0149342 2 3 5
71.8356 0.0150833 0.0150833 2 3 5
71.3356 0.0152346 0.0152346 2 3 5
70.8356 0.015388 0.015388 2 3 5
70.3356 0.0155435 0.0155435 2 3 5
69.8356 0.0157013 0.0157013 2 3 5
69.3356 0.0158614 0.0158614 2 3 5
68.8356 0.0160238 0.0160238 2 3 5
68.3356 0.0161885 0.0161885 2 3 5
67.8356 0.0163557 0.0163557 2 3 5
67.3356 0.0165254 0.0165254 2 3 5
66.8356 0.0166976 0.0166976 2 3 5
66.3356 0.0168724 0.0168724 2 3 5
65.8356 0.0170499 0.0170499 2 3 5
65.3356 0.0172301 0.0172301 2 3 5
64.8356 0.0174131 0.0174131 2 3 5
64.3356 0.0175989 0.0175989 2 3 5
63.8356 0.0177876 0.0177876 2 3 5
63.3356 0.0179793 0.0179793 2 3 5
62.8356 0.018174 0.018174 2 3 5
62.3356 0.0183719 0.0183719 2 3 5
61.8356 0.0185729 0.0185729 2 3 5
61.3356 0.0187773 0.0187773 2 3 5
60.8356 0.018985 0.018985 2 3 5
60.3356 0.0191961 0.0191961 2 3 5
59.8356 0.0194108 0.0194108 2 3 5
59.3356 0.019629 0.019629 2 3 5
58.8356 0.019851 0.019851 2 3 5
58.3356 0.0200768 0.0200768 2 3 5
57.8356 0.0203065 0.0203065 2 3 5
57.3356 0.0205402 0.0205402 2 3 5
56.8357 0.020778 0.020778 2 3 5
56.3357 0.02102 0.02102 2 3 5
55.8357 0.0212664 0.0212664 2 3 5
55.3357 0.0215172 0.0215172 2 3 5
54.8357 0.0217726 0.0217726 2 3 5
54.3357 0.0220327 0.0220327 2 3 5
53.8357 0.0222976 0.0222976 2 3 5
53.3357 0.0225675 0.0225675 2 3 5
52.8357 0.0228424 0.0228424 2 3 5
52.3357 0.0231227 0.0231227 2 3 5
51.8357 0.0234083 0.0234083 2 3 5
51.3357 0.0236995 0.0236995 2 3 5
50.8357 0.0239964 0.0239964 2 3 5
50.3357 0.0242992 0.0242992 2 3 5
49.8357 0.0246081 0.0246081 2 3 5
49.3357 0.0249232 0.0249232 2 3 5
48.8357 0.0252448 0.0252448 2 3 5
48.3357 0.0255731 0.0255731 2 3 5
47.8357 0.0259082 0.0259082 2 3 5
47.3357 0.0262504 0.0262504 2 3 5
46.8357 0.0265998 0.0265998 2 3 5
46.3357 0.0269568 0.0269568 2 3 5
45.8358 0.0273216 0.0273216 2 3 5
45.3358 0.0276945 0.0276945 2 3 5
44.8358 0.0280756 0.0280756 2 3 5
44.3358 0.0284654 0.0284654 2 3 5
43.8358 0.028864 0.028864 2 3 5
43.3358 0.0292718 0.0292718 2 3 5
42.8358 0.0296891 0.0296891 2 3 5
42.3358 0.0301163 0.0301163 2 3 5
41.8358 0.0305537 0.0305537 2 3 5
41.3358 0.0310016 0.0310016 2 3 5
40.8358 0.0314605 0.0314605 2 3 5
40.3358 0.0319308 0.0319308 2 3 5
39.8358 0.0324129 0.0324129 2 3 5
39.3358 0.0329072 0.0329072 2 3 5
38.8358 0.0334142 0.0334142 2 3 5
38.3359 0.0339345 0.0339345 2 3 5
37.8359 0.0344684 0.0344684 2 3 5
37.3359 0.0350167 0.0350167 2 3 5
36.8359 0.0355799 0.0355799 2 3 5
36.3359 0.0361585 0.0361585 2 3 5
35.8359 0.0367532 0.0367532 2 3 5
35.3359 0.0373648 0.0373648 2 3 5
34.8359 0.0379939 0.0379939 2 3 5
34.3359 0.0386413 0.0386413 2 3 5
33.8359 0.0393078 0.0393078 2 3 5
33.3359 0.0399943 0.0399943 2 3 5
32.836 0.0407016 0.0407016 2 3 5
32.336 0.0414308 0.0414308 2 3 5
31.836 0.0421829 0.0421829 2 3 5
31.336 0.0429589 0.0429589 2 3 5
30.836 0.0437601 0.0437601 2 3 5
30.336 0.0445876 0.0445876 2 3 5
29.836 0.0454428 0.0454428 2 3 5
29.336 0.0463272 0.0463272 2 3 5
28.8361 0.0472421 0.0472421 2 3 5
28.3361 0.0481893 0.0481893 2 3 5
27.8361 0.0491705 0.0491705 2 3 5
27.3361 0.0501875 0.0501875 2 3 5
26.8361 0.0512423 0.0512423 2 3 5
26.3361 0.052337 0.052337 2 3 5
25.8361 0.0534741 0.0534741 2 3 5
25.3362 0.054656 0.054656 2 3 5
24.8362 0.0558853 0.0558853 2 3 5
24.3362 0.057165 0.057165 2 3 5
23.8362 0.0584983 0.0584983 2 3 5
23.3362 0.0598886 0.0598886 2 3 5
22.8363 0.0613396 0.0613396 2 3 5
22.3363 0.0628554 0.0628554 2 3 5
21.8363 0.0644405 0.0644405 2 3 5
21.3363 0.0660995 0.0660995 2 3 5
20.8363 0.067838 0.067838 2 3 5
20.3364 0.0696617 0.0696617 2 3 5
19.8364 0.0715771 0.0715771 2 3 5
19.3364 0.0735911 0.0735911 2 3 5
18.8364 0.0757117 0.0757117 2 3 5
18.3365 0.0779474 0.0779474 2 3 5
17.8365 0.080308 0.080308 2 3 5
17.3365 0.0828042 0.0828042 2 3 5
16.8366 0.085448 0.085448 2 3 5
16.3366 0.0882529 0.0882529 2 3 5
15.8366 0.091234 0.091234 2 3 5
15.3367 0.0944084 0.0944084 2 3 5
14.8367 0.0980107 0.0980107 2 3 5
14.3367 0.101655 0.101655 2 3 5
13.8368 0.105563 0.105563 2 3 5
13.3368 0.109764 0.109764 2 3 5
12.8369 0.114292 0.114292 2 3 5
12.3369 0.119187 0.119187 2 3 5
11.837 0.124495 0.124495 2 3 5
11.3371 0.130271 0.130271 2 3 5
10.8371 0.136581 0.136581 2 3 5
10.3372 0.1435 0.1435 2 3 5
9.83733 0.151122 0.151122 2 3 5
9.33744 0.15956 0.15956 2 3 5
8.83757 0.168953 0.168953 2 3 5
8.33772 0.17947 0.17947 2 3 5
7.8379 0.191329 0.191329 2 3 5
7.33812 0.204801 0.204801 2 3 5
6.8384 0.22024 0.22024 2 3 5
6.33877 0.238109 0.238109 2 3 5
5.83925 0.25903 0.25903 2 3 5
5.33991 0.283853 0.283853 2 3 5
4.84084 0.313775 0.313775 2 3 5
4.34223 0.350532 0.350532 2 3 5
3.84438 0.396732 0.396732 2 3 5
3.34792 0.456457 0.456457 2 3 5
2.85463 0.536687 0.536687 2 3 5
2.36734 0.648494 0.648494 2 3 5
1.89482 0.811832 0.811832 2 3 5
1.45874 1.05645 1.05645 2 3 5
1.09936 1.40395 1.40395 2 3 5
0.842883 1.83314 1.83314 2 3 5
0.671399 2.30289 2.30289 2 3 5
0.554668 2.789 2.789 2 3 5
0.471516 3.28203 3.28203 2 3 5
0.409703 3.77819 3.77819 2 3 5
0.362085 4.27591 4.27591 2 3 5
0.324326 4.77449 4.77449 2 3 5
0.293584 5.27359 5.27359 2 3 5
0.268245 5.77292 5.77292 2 3 5
