93.9755 0.5 0.5 2 3 5
94.0155 0.499734 0.499734 2 3 5
94.0555 0.499467 0.499467 2 3 5
94.1355 0.498934 0.498934 2 3 5
94.2955 0.497868 0.497868 2 3 5
94.6154 0.495741 0.495741 2 3 5
95.1154 0.492432 0.492432 2 3 5
95.6153 0.48915 0.48915 2 3 5
96.1153 0.485892 0.485892 2 3 5
96.6152 0.482656 0.482656 2 3 5
97.1152 0.479441 0.479441 2 3 5
97.6151 0.476248 0.476248 2 3 5
98.1151 0.473076 0.473076 2 3 5
98.615 0.469925 0.469925 2 3 5
99.115 0.466796 0.466796 2 3 5
99.6149 0.463689 0.463689 2 3 5
100.115 0.460604 0.460604 2 3 5
100.615 0.457541 0.457541 2 3 5
101.115 0.4545 0.4545 2 3 5
101.615 0.451481 0.451481 2 3 5
102.115 0.448484 0.448484 2 3 5
102.615 0.445509 0.445509 2 3 5
103.115 0.442556 0.442556 2 3 5
103.615 0.439626 0.439626 2 3 5
104.114 0.436718 0.436718 2 3 5
104.614 0.433833 0.433833 2 3 5
105.114 0.43097 0.43097 2 3 5
105.614 0.428129 0.428129 2 3 5
106.114 0.42531 0.42531 2 3 5
106.614 0.422514 0.422514 2 3 5
107.114 0.419741 0.419741 2 3 5
107.614 0.416989 0.416989 2 3 5
108.114 0.414261 0.414261 2 3 5
108.614 0.411554 0.411554 2 3 5
109.114 0.40887 0.40887 2 3 5
109.614 0.406208 0.406208 2 3 5
110.114 0.403568 0.403568 2 3 5
110.614 0.400951 0.400951 2 3 5
111.114 0.398355 0.398355 2 3 5
111.614 0.395782 0.395782 2 3 5
112.114 0.393231 0.393231 2 3 5
112.614 0.390702 0.390702 2 3 5
113.114 0.388195 0.388195 2 3 5
113.614 0.385709 0.385709 2 3 5
114.114 0.383246 0.383246 2 3 5
114.614 0.380804 0.380804 2 3 5
115.114 0.378384 0.378384 2 3 5
115.614 0.375986 0.375986 2 3 5
116.114 0.373609 0.373609 2 3 5
116.614 0.371253 0.371253 2 3 5
117.113 0.368919 0.368919 2 3 5
117.613 0.366606 0.366606 2 3 5
118.113 0.364314 0.364314 2 3 5
118.613 0.362043 0.362043 2 3 5
119.113 0.359793 0.359793 2 3 5
119.613 0.357564 0.357564 2 3 5
120.113 0.355356 0.355356 2 3 5
120.613 0.353168 0.353168 2 3 5
121.113 0.351001 0.351001 2 3 5
121.613 0.348854 0.348854 2 3 5
122.113 0.346727 0.346727 2 3 5
122.613 0.344621 0.344621 2 3 5
123.113 0.342534 0.342534 2 3 5
123.613 0.340468 0.340468 2 3 5
124.113 0.338421 0.338421 2 3 5
124.613 0.336394 0.336394 2 3 5
125.113 0.334386 0.334386 2 3 5
125.613 0.332398 0.332398 2 3 5
126.113 0.33043 0.33043 2 3 5
126.613 0.32848 0.32848 2 3 5
127.113 0.326549 0.326549 2 3 5
127.613 0.324638 0.324638 2 3 5
128.113 0.322745 0.322745 2 3 5
128.613 0.32087 0.32087 2 3 5
129.113 0.319014 0.319014 2 3 5
129.613 0.317177 0.317177 2 3 5
130.113 0.315358 0.315358 2 3 5
130.613 0.313556 0.313556 2 3 5
131.113 0.311773 0.311773 2 3 5
131.613 0.310008 0.310008 2 3 5
132.113 0.30826 0.30826 2 3 5
132.613 0.30653 0.30653 2 3 5
133.113 0.304817 0.304817 2 3 5
133.613 0.303121 0.303121 2 3 5
134.113 0.301443 0.301443 2 3 5
134.613 0.299781 0.299781 2 3 5
135.113 0.298136 0.298136 2 3 5
135.613 0.296508 0.296508 2 3 5
136.113 0.294897 0.294897 2 3 5
136.613 0.293302 0.293302 2 3 5
137.113 0.291723 0.291723 2 3 5
137.613 0.290161 0.290161 2 3 5
138.113 0.288614 0.288614 2 3 5
138.613 0.287083 0.287083 2 3 5
139.113 0.285568 0.285568 2 3 5
139.613 0.284069 0.284069 2 3 5
140.113 0.282585 0.282585 2 3 5
140.613 0.281116 0.281116 2 3 5
141.113 0.279662 0.279662 2 3 5
141.612 0.278224 0.278224 2 3 5
142.112 0.2768 0.2768 2 3 5
142.612 0.275391 0.275391 2 3 5
143.112 0.273997 0.273997 2 3 5
143.612 0.272617 0.272617 2 3 5
144.112 0.271252 0.271252 2 3 5
144.612 0.269901 0.269901 2 3 5
145.112 0.268564 0.268564 2 3 5
145.612 0.267241 0.267241 2 3 5
146.112 0.265931 0.265931 2 3 5
146.612 0.264636 0.264636 2 3 5
147.112 0.263354 0.263354 2 3 5
147.612 0.262085 0.262085 2 3 5
148.112 0.26083 0.26083 2 3 5
148.612 0.259587 0.259587 2 3 5
149.112 0.258358 0.258358 2 3 5
149.612 0.257142 0.257142 2 3 5
150.112 0.255939 0.255939 2 3 5
150.612 0.254748 0.254748 2 3 5
151.112 0.25357 0.25357 2 3 5
151.612 0.252404 0.252404 2 3 5
152.112 0.25125 0.25125 2 3 5
152.612 0.250109 0.250109 2 3 5
153.112 0.24898 0.24898 2 3 5
153.612 0.247862 0.247862 2 3 5
154.112 0.246757 0.246757 2 3 5
154.612 0.245663 0.245663 2 3 5
155.112 0.244581 0.244581 2 3 5
155.612 0.24351 0.24351 2 3 5
156.112 0.242451 0.242451 2 3 5
156.612 0.241402 0.241402 2 3 5
157.112 0.240365 0.240365 2 3 5
157.612 0.239339 0.239339 2 3 5
158.112 0.238324 0.238324 2 3 5
158.612 0.237319 0.237319 2 3 5
159.112 0.236326 0.236326 2 3 5
159.612 0.235342 0.235342 2 3 5
160.112 0.23437 0.23437 2 3 5
160.612 0.233407 0.233407 2 3 5
161.112 0.232455 0.232455 2 3 5
161.612 0.231513 0.231513 2 3 5
162.112 0.230581 0.230581 2 3 5
162.612 0.229659 0.229659 2 3 5
163.112 0.228746 0.228746 2 3 5
163.612 0.227844 0.227844 2 3 5
164.112 0.226951 0.226951 2 3 5
164.612 0.226067 0.226067 2 3 5
165.112 0.225193 0.225193 2 3 5
165.612 0.224328 0.224328 2 3 5
166.112 0.223473 0.223473 2 3 5
166.612 0.222626 0.222626 2 3 5
167.112 0.221789 0.221789 2 3 5
167.612 0.22096 0.22096 2 3 5
168.112 0.220141 0.220141 2 3 5
168.612 0.21933 0.21933 2 3 5
169.112 0.218528 0.218528 2 3 5
169.612 0.217734 0.217734 2 3 5
170.112 0.216949 0.216949 2 3 5
170.612 0.216172 0.216172 2 3 5
171.112 0.215403 0.215403 2 3 5
171.612 0.214643 0.214643 2 3 5
172.112 0.21389 0.21389 2 3 5
172.612 0.213146 0.213146 2 3 5
173.112 0.21241 0.21241 2 3 5
173.612 0.211681 0.211681 2 3 5
174.112 0.210961 0.210961 2 3 5
174.612 0.210248 0.210248 2 3 5
175.112 0.209542 0.209542 2 3 5
175.612 0.208844 0.208844 2 3 5
176.112 0.208154 0.208154 2 3 5
176.612 0.207471 0.207471 2 3 5
177.112 0.206795 0.206795 2 3 5
177.612 0.206126 0.206126 2 3 5
178.112 0.205465 0.205465 2 3 5
178.612 0.20481 0.20481 2 3 5
179.112 0.204163 0.204163 2 3 5
179.612 0.203522 0.203522 2 3 5
180.112 0.202889 0.202889 2 3 5
180.612 0.202262 0.202262 2 3 5
181.112 0.201641 0.201641 2 3 5
181.612 0.201028 0.201028 2 3 5
182.112 0.20042 0.20042 2 3 5
182.612 0.19982 0.19982 2 3 5
183.112 0.199226 0.199226 2 3 5
183.612 0.198638 0.198638 2 3 5
184.112 0.198056 0.198056 2 3 5
184.612 0.19748 0.19748 2 3 5
185.112 0.196911 0.196911 2 3 5
185.612 0.196348 0.196348 2 3 5
186.112 0.19579 0.19579 2 3 5
186.612 0.195239 0.195239 2 3 5
187.112 0.194693 0.194693 2 3 5
187.612 0.194154 0.194154 2 3 5
188.112 0.19362 0.19362 2 3 5
188.612 0.193091 0.193091 2 3 5
189.112 0.192569 0.192569 2 3 5
189.612 0.192051 0.192051 2 3 5
190.112 0.19154 0.19154 2 3 5
190.612 0.191034 0.191034 2 3 5
191.112 0.190533 0.190533 2 3 5
191.612 0.190037 0.190037 2 3 5
191.612 0.190037 0.190037 2 3 5
191.652 0.190003 0.190003 2 3 5
191.692 0.189964 0.189964 2 3 5
191.772 0.189885 0.189885 2 3 5
191.932 0.189728 0.189728 2 3 5
192.252 0.189414 0.189414 2 3 5
192.752 0.188928 0.188928 2 3 5
193.252 0.188448 0.188448 2 3 5
193.752 0.187975 0.187975 2 3 5
194.252 0.187507 0.187507 2 3 5
194.752 0.187043 0.187043 2 3 5
195.252 0.186585 0.186585 2 3 5
195.752 0.186131 0.186131 2 3 5
196.252 0.185682 0.185682 2 3 5
196.752 0.185238 0.185238 2 3 5
197.252 0.184799 0.184799 2 3 5
197.752 0.184364 0.184364 2 3 5
198.252 0.183934 0.183934 2 3 5
198.752 0.183508 0.183508 2 3 5
199.252 0.183087 0.183087 2 3 5
199.752 0.182671 0.182671 2 3 5
200.252 0.182258 0.182258 2 3 5
200.752 0.18185 0.18185 2 3 5
201.252 0.181447 0.181447 2 3 5
201.752 0.181048 0.181048 2 3 5
202.252 0.180653 0.180653 2 3 5
202.752 0.180262 0.180262 2 3 5
203.252 0.179875 0.179875 2 3 5
203.752 0.179492 0.179492 2 3 5
204.252 0.179114 0.179114 2 3 5
204.752 0.178739 0.178739 2 3 5
205.252 0.178368 0.178368 2 3 5
205.752 0.178001 0.178001 2 3 5
206.252 0.177638 0.177638 2 3 5
206.752 0.177279 0.177279 2 3 5
207.252 0.176924 0.176924 2 3 5
207.752 0.176572 0.176572 2 3 5
208.252 0.176225 0.176225 2 3 5
208.752 0.17588 0.17588 2 3 5
209.252 0.17554 0.17554 2 3 5
209.752 0.175203 0.175203 2 3 5
210.252 0.174869 0.174869 2 3 5
210.752 0.174539 0.174539 2 3 5
211.252 0.174213 0.174213 2 3 5
211.752 0.17389 0.17389 2 3 5
212.252 0.17357 0.17357 2 3 5
212.752 0.173254 0.173254 2 3 5
213.252 0.172941 0.172941 2 3 5
213.752 0.172631 0.172631 2 3 5
214.252 0.172325 0.172325 2 3 5
214.752 0.172022 0.172022 2 3 5
215.252 0.171722 0.171722 2 3 5
215.752 0.171425 0.171425 2 3 5
216.252 0.171131 0.171131 2 3 5
216.752 0.17084 0.17084 2 3 5
217.252 0.170553 0.170553 2 3 5
217.752 0.170268 0.170268 2 3 5
218.252 0.169986 0.169986 2 3 5
218.752 0.169708 0.169708 2 3 5
219.252 0.169432 0.169432 2 3 5
219.752 0.169159 0.169159 2 3 5
220.252 0.168889 0.168889 2 3 5
220.752 0.168622 0.168622 2 3 5
221.252 0.168357 0.168357 2 3 5
221.752 0.168096 0.168096 2 3 5
222.252 0.167837 0.167837 2 3 5
222.752 0.167581 0.167581 2 3 5
223.252 0.167327 0.167327 2 3 5
223.752 0.167076 0.167076 2 3 5
224.252 0.166828 0.166828 2 3 5
224.752 0.166582 0.166582 2 3 5
225.252 0.166339 0.166339 2 3 5
225.751 0.166099 0.166099 2 3 5
226.251 0.16586 0.16586 2 3 5
226.751 0.165625 0.165625 2 3 5
227.251 0.165392 0.165392 2 3 5
227.751 0.165161 0.165161 2 3 5
228.251 0.164933 0.164933 2 3 5
228.751 0.164707 0.164707 2 3 5
229.251 0.164483 0.164483 2 3 5
229.751 0.164262 0.164262 2 3 5
230.251 0.164043 0.164043 2 3 5
230.751 0.163826 0.163826 2 3 5
231.251 0.163612 0.163612 2 3 5
231.751 0.1634 0.1634 2 3 5
232.251 0.16319 0.16319 2 3 5
232.751 0.162982 0.162982 2 3 5
233.251 0.162777 0.162777 2 3 5
233.751 0.162573 0.162573 2 3 5
234.251 0.162372 0.162372 2 3 5
234.751 0.162172 0.162172 2 3 5
235.251 0.161975 0.161975 2 3 5
235.751 0.16178 0.16178 2 3 5
236.251 0.161587 0.161587 2 3 5
236.751 0.161396 0.161396 2 3 5
237.251 0.161207 0.161207 2 3 5
237.751 0.161019 0.161019 2 3 5
238.251 0.160834 0.160834 2 3 5
238.751 0.160651 0.160651 2 3 5
239.251 0.160469 0.160469 2 3 5
239.751 0.16029 0.16029 2 3 5
240.251 0.160112 0.160112 2 3 5
240.751 0.159936 0.159936 2 3 5
241.251 0.159762 0.159762 2 3 5
241.751 0.15959 0.15959 2 3 5
242.251 0.15942 0.15942 2 3 5
242.751 0.159251 0.159251 2 3 5
243.251 0.159084 0.159084 2 3 5
243.751 0.158919 0.158919 2 3 5
244.251 0.158755 0.158755 2 3 5
244.751 0.158594 0.158594 2 3 5
245.251 0.158433 0.158433 2 3 5
245.751 0.158275 0.158275 2 3 5
246.251 0.158118 0.158118 2 3 5
246.751 0.157963 0.157963 2 3 5
247.251 0.157809 0.157809 2 3 5
247.751 0.157657 0.157657 2 3 5
248.251 0.157507 0.157507 2 3 5
248.751 0.157358 0.157358 2 3 5
249.251 0.15721 0.15721 2 3 5
249.751 0.157064 0.157064 2 3 5
250.251 0.15692 0.15692 2 3 5
250.751 0.156777 0.156777 2 3 5
251.251 0.156636 0.156636 2 3 5
251.751 0.156496 0.156496 2 3 5
252.251 0.156357 0.156357 2 3 5
252.751 0.15622 0.15622 2 3 5
253.251 0.156085 0.156085 2 3 5
253.751 0.15595 0.15595 2 3 5
254.251 0.155817 0.155817 2 3 5
254.751 0.155686 0.155686 2 3 5
255.251 0.155556 0.155556 2 3 5
255.751 0.155427 0.155427 2 3 5
256.251 0.155299 0.155299 2 3 5
256.751 0.155173 0.155173 2 3 5
257.251 0.155048 0.155048 2 3 5
257.751 0.154925 0.154925 2 3 5
258.251 0.154802 0.154802 2 3 5
258.751 0.154681 0.154681 2 3 5
259.251 0.154561 0.154561 2 3 5
259.751 0.154443 0.154443 2 3 5
260.251 0.154325 0.154325 2 3 5
260.751 0.154209 0.154209 2 3 5
261.251 0.154094 0.154094 2 3 5
261.751 0.15398 0.15398 2 3 5
262.251 0.153868 0.153868 2 3 5
262.751 0.153756 0.153756 2 3 5
263.251 0.153646 0.153646 2 3 5
263.751 0.153537 0.153537 2 3 5
264.251 0.153429 0.153429 2 3 5
264.751 0.153322 0.153322 2 3 5
265.251 0.153216 0.153216 2 3 5
265.751 0.153111 0.153111 2 3 5
266.251 0.153007 0.153007 2 3 5
266.751 0.152904 0.152904 2 3 5
267.251 0.152803 0.152803 2 3 5
267.751 0.152702 0.152702 2 3 5
268.251 0.152603 0.152603 2 3 5
268.751 0.152504 0.152504 2 3 5
269.251 0.152407 0.152407 2 3 5
269.751 0.15231 0.15231 2 3 5
270.251 0.152214 0.152214 2 3 5
270.751 0.15212 0.15212 2 3 5
271.251 0.152026 0.152026 2 3 5
271.751 0.151934 0.151934 2 3 5
272.251 0.151842 0.151842 2 3 5
272.751 0.151751 0.151751 2 3 5
273.251 0.151661 0.151661 2 3 5
273.751 0.151572 0.151572 2 3 5
274.251 0.151484 0.151484 2 3 5
274.751 0.151397 0.151397 2 3 5
275.251 0.151311 0.151311 2 3 5
275.751 0.151226 0.151226 2 3 5
276.251 0.151141 0.151141 2 3 5
276.751 0.151058 0.151058 2 3 5
277.251 0.150975 0.150975 2 3 5
277.751 0.150893 0.150893 2 3 5
278.251 0.150812 0.150812 2 3 5
278.751 0.150732 0.150732 2 3 5
279.251 0.150652 0.150652 2 3 5
279.751 0.150573 0.150573 2 3 5
280.251 0.150496 0.150496 2 3 5
280.751 0.150419 0.150419 2 3 5
281.251 0.150342 0.150342 2 3 5
281.751 0.150267 0.150267 2 3 5
282.251 0.150192 0.150192 2 3 5
282.751 0.150118 0.150118 2 3 5
283.251 0.150045 0.150045 2 3 5
283.751 0.149973 0.149973 2 3 5
284.251 0.149901 0.149901 2 3 5
284.751 0.14983 0.14983 2 3 5
285.251 0.14976 0.14976 2 3 5
285.751 0.14969 0.14969 2 3 5
286.251 0.149621 0.149621 2 3 5
286.751 0.149553 0.149553 2 3 5
287.251 0.149486 0.149486 2 3 5
287.751 0.149419 0.149419 2 3 5
288.251 0.149353 0.149353 2 3 5
288.751 0.149287 0.149287 2 3 5
289.251 0.149223 0.149223 2 3 5
289.251 0.149223 0.149223 2 3 5
289.291 0.149218 0.149218 2 3 5
289.331 0.149213 0.149213 2 3 5
289.411 0.149203 0.149203 2 3 5
289.571 0.149182 0.149182 2 3 5
289.891 0.149141 0.149141 2 3 5
290.391 0.149078 0.149078 2 3 5
290.891 0.149015 0.149015 2 3 5
291.391 0.148953 0.148953 2 3 5
291.891 0.148892 0.148892 2 3 5
292.391 0.148831 0.148831 2 3 5
292.891 0.148771 0.148771 2 3 5
293.391 0.148711 0.148711 2 3 5
293.891 0.148652 0.148652 2 3 5
294.391 0.148594 0.148594 2 3 5
294.891 0.148536 0.148536 2 3 5
295.391 0.148479 0.148479 2 3 5
295.891 0.148423 0.148423 2 3 5
296.391 0.148367 0.148367 2 3 5
296.891 0.148311 0.148311 2 3 5
297.391 0.148256 0.148256 2 3 5
297.891 0.148202 0.148202 2 3 5
298.391 0.148148 0.148148 2 3 5
298.891 0.148095 0.148095 2 3 5
299.391 0.148043 0.148043 2 3 5
299.891 0.14799 0.14799 2 3 5
300.391 0.147939 0.147939 2 3 5
300.891 0.147888 0.147888 2 3 5
301.391 0.147837 0.147837 2 3 5
301.891 0.147787 0.147787 2 3 5
302.391 0.147738 0.147738 2 3 5
302.891 0.147689 0.147689 2 3 5
303.391 0.14764 0.14764 2 3 5
303.891 0.147592 0.147592 2 3 5
304.391 0.147544 0.147544 2 3 5
304.891 0.147497 0.147497 2 3 5
305.391 0.147451 0.147451 2 3 5
305.891 0.147405 0.147405 2 3 5
306.391 0.147359 0.147359 2 3 5
306.891 0.147314 0.147314 2 3 5
307.391 0.147269 0.147269 2 3 5
307.891 0.147225 0.147225 2 3 5
308.391 0.147181 0.147181 2 3 5
308.891 0.147137 0.147137 2 3 5
309.391 0.147095 0.147095 2 3 5
309.891 0.147052 0.147052 2 3 5
310.391 0.14701 0.14701 2 3 5
310.891 0.146968 0.146968 2 3 5
311.391 0.146927 0.146927 2 3 5
311.891 0.146886 0.146886 2 3 5
312.391 0.146846 0.146846 2 3 5
312.891 0.146806 0.146806 2 3 5
313.391 0.146766 0.146766 2 3 5
313.891 0.146727 0.146727 2 3 5
314.391 0.146688 0.146688 2 3 5
314.891 0.14665 0.14665 2 3 5
315.391 0.146612 0.146612 2 3 5
315.891 0.146574 0.146574 2 3 5
316.391 0.146537 0.146537 2 3 5
316.891 0.1465 0.1465 2 3 5
317.391 0.146463 0.146463 2 3 5
317.891 0.146427 0.146427 2 3 5
318.391 0.146391 0.146391 2 3 5
318.891 0.146356 0.146356 2 3 5
319.391 0.146321 0.146321 2 3 5
319.891 0.146286 0.146286 2 3 5
320.391 0.146252 0.146252 2 3 5
320.891 0.146218 0.146218 2 3 5
321.391 0.146184 0.146184 2 3 5
321.891 0.146151 0.146151 2 3 5
322.391 0.146118 0.146118 2 3 5
322.891 0.146085 0.146085 2 3 5
323.391 0.146053 0.146053 2 3 5
323.891 0.146021 0.146021 2 3 5
324.391 0.145989 0.145989 2 3 5
324.891 0.145958 0.145958 2 3 5
325.391 0.145926 0.145926 2 3 5
325.891 0.145896 0.145896 2 3 5
326.391 0.145865 0.145865 2 3 5
326.891 0.145835 0.145835 2 3 5
327.391 0.145805 0.145805 2 3 5
327.891 0.145776 0.145776 2 3 5
328.391 0.145747 0.145747 2 3 5
328.891 0.145718 0.145718 2 3 5
329.391 0.145689 0.145689 2 3 5
329.891 0.145661 0.145661 2 3 5
330.391 0.145633 0.145633 2 3 5
330.891 0.145605 0.145605 2 3 5
331.391 0.145577 0.145577 2 3 5
331.891 0.14555 0.14555 2 3 5
332.391 0.145523 0.145523 2 3 5
332.891 0.145496 0.145496 2 3 5
333.391 0.14547 0.14547 2 3 5
333.891 0.145444 0.145444 2 3 5
334.391 0.145418 0.145418 2 3 5
334.891 0.145392 0.145392 2 3 5
335.391 0.145367 0.145367 2 3 5
335.891 0.145342 0.145342 2 3 5
336.391 0.145317 0.145317 2 3 5
336.891 0.145292 0.145292 2 3 5
337.391 0.145268 0.145268 2 3 5
337.891 0.145244 0.145244 2 3 5
338.391 0.14522 0.14522 2 3 5
338.891 0.145196 0.145196 2 3 5
339.391 0.145173 0.145173 2 3 5
339.891 0.14515 0.14515 2 3 5
340.391 0.145127 0.145127 2 3 5
340.891 0.145104 0.145104 2 3 5
341.391 0.145082 0.145082 2 3 5
341.891 0.145059 0.145059 2 3 5
342.391 0.145037 0.145037 2 3 5
342.891 0.145016 0.145016 2 3 5
343.391 0.144994 0.144994 2 3 5
343.891 0.144973 0.144973 2 3 5
344.391 0.144951 0.144951 2 3 5
344.891 0.14493 0.14493 2 3 5
345.391 0.14491 0.14491 2 3 5
345.891 0.144889 0.144889 2 3 5
346.391 0.144869 0.144869 2 3 5
346.891 0.144849 0.144849 2 3 5
347.391 0.144829 0.144829 2 3 5
347.891 0.144809 0.144809 2 3 5
348.391 0.14479 0.14479 2 3 5
348.891 0.14477 0.14477 2 3 5
349.391 0.144751 0.144751 2 3 5
349.891 0.144732 0.144732 2 3 5
350.391 0.144714 0.144714 2 3 5
350.891 0.144695 0.144695 2 3 5
351.391 0.144677 0.144677 2 3 5
351.891 0.144658 0.144658 2 3 5
352.391 0.14464 0.14464 2 3 5
352.891 0.144623 0.144623 2 3 5
353.391 0.144605 0.144605 2 3 5
353.891 0.144588 0.144588 2 3 5
354.391 0.14457 0.14457 2 3 5
354.891 0.144553 0.144553 2 3 5
355.391 0.144536 0.144536 2 3 5
355.891 0.144519 0.144519 2 3 5
356.391 0.144503 0.144503 2 3 5
356.891 0.144486 0.144486 2 3 5
357.391 0.14447 0.14447 2 3 5
357.891 0.144454 0.144454 2 3 5
358.391 0.144438 0.144438 2 3 5
358.891 0.144422 0.144422 2 3 5
359.391 0.144407 0.144407 2 3 5
359.891 0.144391 0.144391 2 3 5
360.391 0.144376 0.144376 2 3 5
360.891 0.144361 0.144361 2 3 5
361.391 0.144346 0.144346 2 3 5
361.891 0.144331 0.144331 2 3 5
362.391 0.144316 0.144316 2 3 5
362.891 0.144301 0.144301 2 3 5
363.391 0.144287 0.144287 2 3 5
363.891 0.144273 0.144273 2 3 5
364.391 0.144259 0.144259 2 3 5
364.891 0.144245 0.144245 2 3 5
365.391 0.144231 0.144231 2 3 5
365.891 0.144217 0.144217 2 3 5
366.391 0.144203 0.144203 2 3 5
366.891 0.14419 0.14419 2 3 5
367.391 0.144177 0.144177 2 3 5
367.891 0.144164 0.144164 2 3 5
368.391 0.14415 0.14415 2 3 5
368.891 0.144138 0.144138 2 3 5
369.391 0.144125 0.144125 2 3 5
369.891 0.144112 0.144112 2 3 5
370.391 0.1441 0.1441 2 3 5
370.891 0.144087 0.144087 2 3 5
371.391 0.144075 0.144075 2 3 5
371.891 0.144063 0.144063 2 3 5
372.391 0.144051 0.144051 2 3 5
372.891 0.144039 0.144039 2 3 5
373.391 0.144027 0.144027 2 3 5
373.891 0.144015 0.144015 2 3 5
374.391 0.144004 0.144004 2 3 5
374.891 0.143992 0.143992 2 3 5
375.391 0.143981 0.143981 2 3 5
375.891 0.14397 0.14397 2 3 5
376.391 0.143959 0.143959 2 3 5
376.891 0.143948 0.143948 2 3 5
377.391 0.143937 0.143937 2 3 5
377.891 0.143926 0.143926 2 3 5
378.391 0.143915 0.143915 2 3 5
378.891 0.143905 0.143905 2 3 5
379.391 0.143894 0.143894 2 3 5
379.891 0.143884 0.143884 2 3 5
380.391 0.143874 0.143874 2 3 5
380.891 0.143864 0.143864 2 3 5
381.391 0.143854 0.143854 2 3 5
381.891 0.143844 0.143844 2 3 5
382.391 0.143834 0.143834 2 3 5
382.891 0.143824 0.143824 2 3 5
383.391 0.143814 0.143814 2 3 5
383.891 0.143805 0.143805 2 3 5
384.391 0.143795 0.143795 2 3 5
384.891 0.143786 0.143786 2 3 5
385.391 0.143777 0.143777 2 3 5
385.891 0.143768 0.143768 2 3 5
386.391 0.143759 0.143759 2 3 5
386.891 0.14375 0.14375 2 3 5
386.891 0.14375 0.14375 2 3 5
386.931 0.143749 0.143749 2 3 5
386.971 0.143748 0.143748 2 3 5
387.051 0.143747 0.143747 2 3 5
387.211 0.143744 0.143744 2 3 5
387.531 0.143738 0.143738 2 3 5
388.031 0.143729 0.143729 2 3 5
388.531 0.143721 0.143721 2 3 5
389.031 0.143712 0.143712 2 3 5
389.531 0.143704 0.143704 2 3 5
390.031 0.143695 0.143695 2 3 5
390.531 0.143687 0.143687 2 3 5
391.031 0.143678 0.143678 2 3 5
391.531 0.14367 0.14367 2 3 5
392.031 0.143662 0.143662 2 3 5
392.531 0.143654 0.143654 2 3 5
393.031 0.143646 0.143646 2 3 5
393.531 0.143638 0.143638 2 3 5
394.031 0.14363 0.14363 2 3 5
394.531 0.143623 0.143623 2 3 5
395.031 0.143615 0.143615 2 3 5
395.531 0.143608 0.143608 2 3 5
396.031 0.1436 0.1436 2 3 5
396.531 0.143593 0.143593 2 3 5
397.031 0.143585 0.143585 2 3 5
397.531 0.143578 0.143578 2 3 5
398.031 0.143571 0.143571 2 3 5
398.531 0.143564 0.143564 2 3 5
399.031 0.143557 0.143557 2 3 5
399.531 0.14355 0.14355 2 3 5
400.031 0.143543 0.143543 2 3 5
400.531 0.143536 0.143536 2 3 5
401.031 0.143529 0.143529 2 3 5
401.531 0.143523 0.143523 2 3 5
402.031 0.143516 0.143516 2 3 5
402.531 0.143509 0.143509 2 3 5
403.031 0.143503 0.143503 2 3 5
403.531 0.143496 0.143496 2 3 5
404.031 0.14349 0.14349 2 3 5
404.531 0.143484 0.143484 2 3 5
405.031 0.143477 0.143477 2 3 5
405.531 0.143471 0.143471 2 3 5
406.031 0.143465 0.143465 2 3 5
406.531 0.143459 0.143459 2 3 5
407.031 0.143453 0.143453 2 3 5
407.531 0.143447 0.143447 2 3 5
408.031 0.143441 0.143441 2 3 5
408.531 0.143435 0.143435 2 3 5
409.031 0.14343 0.14343 2 3 5
409.531 0.143424 0.143424 2 3 5
410.031 0.143418 0.143418 2 3 5
410.531 0.143413 0.143413 2 3 5
411.031 0.143407 0.143407 2 3 5
411.531 0.143402 0.143402 2 3 5
412.031 0.143396 0.143396 2 3 5
412.531 0.143391 0.143391 2 3 5
413.031 0.143386 0.143386 2 3 5
413.531 0.14338 0.14338 2 3 5
414.031 0.143375 0.143375 2 3 5
414.531 0.14337 0.14337 2 3 5
415.031 0.143365 0.143365 2 3 5
415.531 0.14336 0.14336 2 3 5
416.031 0.143355 0.143355 2 3 5
416.531 0.14335 0.14335 2 3 5
417.031 0.143345 0.143345 2 3 5
417.531 0.14334 0.14334 2 3 5
418.031 0.143335 0.143335 2 3 5
418.531 0.14333 0.14333 2 3 5
419.031 0.143326 0.143326 2 3 5
419.531 0.143321 0.143321 2 3 5
420.031 0.143316 0.143316 2 3 5
420.531 0.143312 0.143312 2 3 5
421.031 0.143307 0.143307 2 3 5
421.531 0.143303 0.143303 2 3 5
422.031 0.143298 0.143298 2 3 5
422.531 0.143294 0.143294 2 3 5
423.031 0.14329 0.14329 2 3 5
423.531 0.143285 0.143285 2 3 5
424.031 0.143281 0.143281 2 3 5
424.531 0.143277 0.143277 2 3 5
425.031 0.143273 0.143273 2 3 5
425.531 0.143269 0.143269 2 3 5
426.031 0.143264 0.143264 2 3 5
426.531 0.14326 0.14326 2 3 5
427.031 0.143256 0.143256 2 3 5
427.531 0.143252 0.143252 2 3 5
428.031 0.143248 0.143248 2 3 5
428.531 0.143245 0.143245 2 3 5
429.031 0.143241 0.143241 2 3 5
429.531 0.143237 0.143237 2 3 5
430.031 0.143233 0.143233 2 3 5
430.531 0.143229 0.143229 2 3 5
431.031 0.143226 0.143226 2 3 5
431.531 0.143222 0.143222 2 3 5
432.031 0.143218 0.143218 2 3 5
432.531 0.143215 0.143215 2 3 5
433.031 0.143211 0.143211 2 3 5
433.531 0.143208 0.143208 2 3 5
434.031 0.143204 0.143204 2 3 5
434.531 0.143201 0.143201 2 3 5
435.031 0.143197 0.143197 2 3 5
435.531 0.143194 0.143194 2 3 5
436.031 0.143191 0.143191 2 3 5
436.531 0.143187 0.143187 2 3 5
437.031 0.143184 0.143184 2 3 5
437.531 0.143181 0.143181 2 3 5
438.031 0.143177 0.143177 2 3 5
438.531 0.143174 0.143174 2 3 5
439.031 0.143171 0.143171 2 3 5
439.531 0.143168 0.143168 2 3 5
440.031 0.143165 0.143165 2 3 5
440.531 0.143162 0.143162 2 3 5
441.031 0.143159 0.143159 2 3 5
441.531 0.143156 0.143156 2 3 5
442.031 0.143153 0.143153 2 3 5
442.531 0.14315 0.14315 2 3 5
443.031 0.143147 0.143147 2 3 5
443.531 0.143144 0.143144 2 3 5
444.031 0.143141 0.143141 2 3 5
444.531 0.143138 0.143138 2 3 5
445.031 0.143136 0.143136 2 3 5
445.531 0.143133 0.143133 2 3 5
446.031 0.14313 0.14313 2 3 5
446.531 0.143127 0.143127 2 3 5
447.031 0.143125 0.143125 2 3 5
447.531 0.143122 0.143122 2 3 5
448.031 0.143119 0.143119 2 3 5
448.531 0.143117 0.143117 2 3 5
449.031 0.143114 0.143114 2 3 5
449.531 0.143112 0.143112 2 3 5
450.031 0.143109 0.143109 2 3 5
450.531 0.143107 0.143107 2 3 5
451.031 0.143104 0.143104 2 3 5
451.531 0.143102 0.143102 2 3 5
452.031 0.143099 0.143099 2 3 5
452.531 0.143097 0.143097 2 3 5
453.031 0.143094 0.143094 2 3 5
453.531 0.143092 0.143092 2 3 5
454.031 0.14309 0.14309 2 3 5
454.531 0.143087 0.143087 2 3 5
455.031 0.143085 0.143085 2 3 5
455.531 0.143083 0.143083 2 3 5
456.031 0.143081 0.143081 2 3 5
456.531 0.143078 0.143078 2 3 5
457.031 0.143076 0.143076 2 3 5
457.531 0.143074 0.143074 2 3 5
458.031 0.143072 0.143072 2 3 5
458.531 0.14307 0.14307 2 3 5
459.031 0.143068 0.143068 2 3 5
459.531 0.143065 0.143065 2 3 5
460.031 0.143063 0.143063 2 3 5
460.531 0.143061 0.143061 2 3 5
461.031 0.143059 0.143059 2 3 5
461.531 0.143057 0.143057 2 3 5
462.031 0.143055 0.143055 2 3 5
462.531 0.143053 0.143053 2 3 5
463.031 0.143051 0.143051 2 3 5
463.531 0.143049 0.143049 2 3 5
464.031 0.143048 0.143048 2 3 5
464.531 0.143046 0.143046 2 3 5
465.031 0.143044 0.143044 2 3 5
465.531 0.143042 0.143042 2 3 5
466.031 0.14304 0.14304 2 3 5
466.531 0.143038 0.143038 2 3 5
467.031 0.143036 0.143036 2 3 5
467.531 0.143035 0.143035 2 3 5
468.031 0.143033 0.143033 2 3 5
468.531 0.143031 0.143031 2 3 5
469.031 0.143029 0.143029 2 3 5
469.531 0.143028 0.143028 2 3 5
470.031 0.143026 0.143026 2 3 5
470.531 0.143024 0.143024 2 3 5
471.031 0.143023 0.143023 2 3 5
471.531 0.143021 0.143021 2 3 5
472.031 0.143019 0.143019 2 3 5
472.531 0.143018 0.143018 2 3 5
473.031 0.143016 0.143016 2 3 5
473.531 0.143015 0.143015 2 3 5
474.031 0.143013 0.143013 2 3 5
474.531 0.143011 0.143011 2 3 5
475.031 0.14301 0.14301 2 3 5
475.531 0.143008 0.143008 2 3 5
476.031 0.143007 0.143007 2 3 5
476.531 0.143005 0.143005 2 3 5
477.031 0.143004 0.143004 2 3 5
477.531 0.143002 0.143002 2 3 5
478.031 0.143001 0.143001 2 3 5
478.531 0.143 0.143 2 3 5
479.031 0.142998 0.142998 2 3 5
479.531 0.142997 0.142997 2 3 5
480.031 0.142995 0.142995 2 3 5
480.531 0.142994 0.142994 2 3 5
481.031 0.142993 0.142993 2 3 5
481.531 0.142991 0.142991 2 3 5
482.031 0.14299 0.14299 2 3 5
482.531 0.142989 0.142989 2 3 5
483.031 0.142987 0.142987 2 3 5
483.531 0.142986 0.142986 2 3 5
484.031 0.142985 0.142985 2 3 5
484.531 0.142983 0.142983 2 3 5
484.531 0.142983 0.142983 2 3 5
484.571 0.142983 0.142983 2 3 5
484.611 0.142983 0.142983 2 3 5
484.691 0.142983 0.142983 2 3 5
484.851 0.142983 0.142983 2 3 5
485.171 0.142982 0.142982 2 3 5
485.671 0.142981 0.142981 2 3 5
486.171 0.142979 0.142979 2 3 5
486.671 0.142978 0.142978 2 3 5
487.171 0.142977 0.142977 2 3 5
487.671 0.142976 0.142976 2 3 5
488.171 0.142975 0.142975 2 3 5
488.671 0.142973 0.142973 2 3 5
489.171 0.142972 0.142972 2 3 5
489.671 0.142971 0.142971 2 3 5
490.171 0.14297 0.14297 2 3 5
490.671 0.142969 0.142969 2 3 5
491.171 0.142968 0.142968 2 3 5
491.671 0.142967 0.142967 2 3 5
492.171 0.142966 0.142966 2 3 5
492.671 0.142964 0.142964 2 3 5
493.171 0.142963 0.142963 2 3 5
493.671 0.142962 0.142962 2 3 5
494.171 0.142961 0.142961 2 3 5
494.671 0.14296 0.14296 2 3 5
495.171 0.142959 0.142959 2 3 5
495.671 0.142958 0.142958 2 3 5
496.171 0.142957 0.142957 2 3 5
496.671 0.142956 0.142956 2 3 5
497.171 0.142955 0.142955 2 3 5
497.671 0.142954 0.142954 2 3 5
498.171 0.142953 0.142953 2 3 5
498.671 0.142952 0.142952 2 3 5
499.171 0.142951 0.142951 2 3 5
499.671 0.14295 0.14295 2 3 5
500.171 0.14295 0.14295 2 3 5
500.671 0.142949 0.142949 2 3 5
501.171 0.142948 0.142948 2 3 5
501.671 0.142947 0.142947 2 3 5
502.171 0.142946 0.142946 2 3 5
502.671 0.142945 0.142945 2 3 5
503.171 0.142944 0.142944 2 3 5
503.671 0.142943 0.142943 2 3 5
504.171 0.142942 0.142942 2 3 5
504.671 0.142942 0.142942 2 3 5
505.171 0.142941 0.142941 2 3 5
505.671 0.14294 0.14294 2 3 5
506.171 0.142939 0.142939 2 3 5
506.671 0.142938 0.142938 2 3 5
507.171 0.142937 0.142937 2 3 5
507.671 0.142937 0.142937 2 3 5
508.171 0.142936 0.142936 2 3 5
508.671 0.142935 0.142935 2 3 5
509.171 0.142934 0.142934 2 3 5
509.671 0.142934 0.142934 2 3 5
510.171 0.142933 0.142933 2 3 5
510.671 0.142932 0.142932 2 3 5
511.171 0.142931 0.142931 2 3 5
511.671 0.142931 0.142931 2 3 5
512.171 0.14293 0.14293 2 3 5
512.671 0.142929 0.142929 2 3 5
513.171 0.142928 0.142928 2 3 5
513.671 0.142928 0.142928 2 3 5
514.171 0.142927 0.142927 2 3 5
514.671 0.142926 0.142926 2 3 5
515.171 0.142926 0.142926 2 3 5
515.671 0.142925 0.142925 2 3 5
516.171 0.142924 0.142924 2 3 5
516.671 0.142924 0.142924 2 3 5
517.171 0.142923 0.142923 2 3 5
517.671 0.142922 0.142922 2 3 5
518.171 0.142922 0.142922 2 3 5
518.671 0.142921 0.142921 2 3 5
519.171 0.14292 0.14292 2 3 5
519.671 0.14292 0.14292 2 3 5
520.171 0.142919 0.142919 2 3 5
520.671 0.142918 0.142918 2 3 5
521.171 0.142918 0.142918 2 3 5
521.671 0.142917 0.142917 2 3 5
522.171 0.142917 0.142917 2 3 5
522.671 0.142916 0.142916 2 3 5
523.171 0.142915 0.142915 2 3 5
523.671 0.142915 0.142915 2 3 5
524.171 0.142914 0.142914 2 3 5
524.671 0.142914 0.142914 2 3 5
525.171 0.142913 0.142913 2 3 5
525.671 0.142913 0.142913 2 3 5
526.171 0.142912 0.142912 2 3 5
526.671 0.142912 0.142912 2 3 5
527.171 0.142911 0.142911 2 3 5
527.671 0.14291 0.14291 2 3 5
528.171 0.14291 0.14291 2 3 5
528.671 0.142909 0.142909 2 3 5
529.171 0.142909 0.142909 2 3 5
529.671 0.142908 0.142908 2 3 5
530.171 0.142908 0.142908 2 3 5
530.671 0.142907 0.142907 2 3 5
531.171 0.142907 0.142907 2 3 5
531.671 0.142906 0.142906 2 3 5
532.171 0.142906 0.142906 2 3 5
532.671 0.142905 0.142905 2 3 5
533.171 0.142905 0.142905 2 3 5
533.671 0.142904 0.142904 2 3 5
534.171 0.142904 0.142904 2 3 5
534.671 0.142903 0.142903 2 3 5
535.171 0.142903 0.142903 2 3 5
535.671 0.142903 0.142903 2 3 5
536.171 0.142902 0.142902 2 3 5
536.671 0.142902 0.142902 2 3 5
537.171 0.142901 0.142901 2 3 5
537.671 0.142901 0.142901 2 3 5
538.171 0.1429 0.1429 2 3 5
538.671 0.1429 0.1429 2 3 5
539.171 0.142899 0.142899 2 3 5
539.671 0.142899 0.142899 2 3 5
540.171 0.142899 0.142899 2 3 5
540.671 0.142898 0.142898 2 3 5
541.171 0.142898 0.142898 2 3 5
541.671 0.142897 0.142897 2 3 5
542.171 0.142897 0.142897 2 3 5
542.671 0.142897 0.142897 2 3 5
543.171 0.142896 0.142896 2 3 5
543.671 0.142896 0.142896 2 3 5
544.171 0.142895 0.142895 2 3 5
544.671 0.142895 0.142895 2 3 5
545.171 0.142895 0.142895 2 3 5
545.671 0.142894 0.142894 2 3 5
546.171 0.142894 0.142894 2 3 5
546.671 0.142894 0.142894 2 3 5
547.171 0.142893 0.142893 2 3 5
547.671 0.142893 0.142893 2 3 5
548.171 0.142893 0.142893 2 3 5
548.671 0.142892 0.142892 2 3 5
549.171 0.142892 0.142892 2 3 5
549.671 0.142891 0.142891 2 3 5
550.171 0.142891 0.142891 2 3 5
550.671 0.142891 0.142891 2 3 5
551.171 0.14289 0.14289 2 3 5
551.671 0.14289 0.14289 2 3 5
552.171 0.14289 0.14289 2 3 5
552.671 0.142889 0.142889 2 3 5
553.171 0.142889 0.142889 2 3 5
553.671 0.142889 0.142889 2 3 5
554.171 0.142889 0.142889 2 3 5
554.671 0.142888 0.142888 2 3 5
555.171 0.142888 0.142888 2 3 5
555.671 0.142888 0.142888 2 3 5
556.171 0.142887 0.142887 2 3 5
556.671 0.142887 0.142887 2 3 5
557.171 0.142887 0.142887 2 3 5
557.671 0.142886 0.142886 2 3 5
558.171 0.142886 0.142886 2 3 5
558.671 0.142886 0.142886 2 3 5
559.171 0.142886 0.142886 2 3 5
559.671 0.142885 0.142885 2 3 5
560.171 0.142885 0.142885 2 3 5
560.671 0.142885 0.142885 2 3 5
561.171 0.142884 0.142884 2 3 5
561.671 0.142884 0.142884 2 3 5
562.171 0.142884 0.142884 2 3 5
562.671 0.142884 0.142884 2 3 5
563.171 0.142883 0.142883 2 3 5
563.671 0.142883 0.142883 2 3 5
564.171 0.142883 0.142883 2 3 5
564.671 0.142883 0.142883 2 3 5
565.171 0.142882 0.142882 2 3 5
565.671 0.142882 0.142882 2 3 5
566.171 0.142882 0.142882 2 3 5
566.671 0.142882 0.142882 2 3 5
567.171 0.142881 0.142881 2 3 5
567.671 0.142881 0.142881 2 3 5
568.171 0.142881 0.142881 2 3 5
568.671 0.142881 0.142881 2 3 5
569.171 0.14288 0.14288 2 3 5
569.671 0.14288 0.14288 2 3 5
570.171 0.14288 0.14288 2 3 5
570.671 0.14288 0.14288 2 3 5
571.171 0.142879 0.142879 2 3 5
571.671 0.142879 0.142879 2 3 5
572.171 0.142879 0.142879 2 3 5
572.671 0.142879 0.142879 2 3 5
573.171 0.142879 0.142879 2 3 5
573.671 0.142878 0.142878 2 3 5
574.171 0.142878 0.142878 2 3 5
574.671 0.142878 0.142878 2 3 5
575.171 0.142878 0.142878 2 3 5
575.671 0.142878 0.142878 2 3 5
576.171 0.142877 0.142877 2 3 5
576.671 0.142877 0.142877 2 3 5
577.171 0.142877 0.142877 2 3 5
577.671 0.142877 0.142877 2 3 5
578.171 0.142877 0.142877 2 3 5
578.671 0.142876 0.142876 2 3 5
579.171 0.142876 0.142876 2 3 5
579.671 0.142876 0.142876 2 3 5
580.171 0.142876 0.142876 2 3 5
580.671 0.142876 0.142876 2 3 5
581.171 0.142875 0.142875 2 3 5
581.671 0.142875 0.142875 2 3 5
582.171 0.142875 0.142875 2 3 5
582.171 0.142875 0.142875 2 3 5
582.211 0.142875 0.142875 2 3 5
582.251 0.142875 0.142875 2 3 5
582.331 0.142875 0.142875 2 3 5
582.491 0.142875 0.142875 2 3 5
582.811 0.142875 0.142875 2 3 5
583.311 0.142875 0.142875 2 3 5
583.811 0.142874 0.142874 2 3 5
584.311 0.142874 0.142874 2 3 5
584.811 0.142874 0.142874 2 3 5
585.311 0.142874 0.142874 2 3 5
585.811 0.142874 0.142874 2 3 5
586.311 0.142874 0.142874 2 3 5
586.811 0.142873 0.142873 2 3 5
587.311 0.142873 0.142873 2 3 5
587.811 0.142873 0.142873 2 3 5
588.311 0.142873 0.142873 2 3 5
588.811 0.142873 0.142873 2 3 5
589.311 0.142873 0.142873 2 3 5
589.811 0.142873 0.142873 2 3 5
590.311 0.142872 0.142872 2 3 5
590.811 0.142872 0.142872 2 3 5
591.311 0.142872 0.142872 2 3 5
591.811 0.142872 0.142872 2 3 5
592.311 0.142872 0.142872 2 3 5
592.811 0.142872 0.142872 2 3 5
593.311 0.142871 0.142871 2 3 5
593.811 0.142871 0.142871 2 3 5
594.311 0.142871 0.142871 2 3 5
594.811 0.142871 0.142871 2 3 5
595.311 0.142871 0.142871 2 3 5
595.811 0.142871 0.142871 2 3 5
596.311 0.142871 0.142871 2 3 5
596.811 0.142871 0.142871 2 3 5
597.311 0.14287 0.14287 2 3 5
597.811 0.14287 0.14287 2 3 5
598.311 0.14287 0.14287 2 3 5
598.811 0.14287 0.14287 2 3 5
599.311 0.14287 0.14287 2 3 5
599.811 0.14287 0.14287 2 3 5
600.311 0.14287 0.14287 2 3 5
600.811 0.142869 0.142869 2 3 5
601.311 0.142869 0.142869 2 3 5
601.811 0.142869 0.142869 2 3 5
602.311 0.142869 0.142869 2 3 5
602.811 0.142869 0.142869 2 3 5
603.311 0.142869 0.142869 2 3 5
603.811 0.142869 0.142869 2 3 5
604.311 0.142869 0.142869 2 3 5
604.811 0.142869 0.142869 2 3 5
605.311 0.142868 0.142868 2 3 5
605.811 0.142868 0.142868 2 3 5
606.311 0.142868 0.142868 2 3 5
606.811 0.142868 0.142868 2 3 5
607.311 0.142868 0.142868 2 3 5
607.811 0.142868 0.142868 2 3 5
608.311 0.142868 0.142868 2 3 5
608.811 0.142868 0.142868 2 3 5
609.311 0.142868 0.142868 2 3 5
609.811 0.142867 0.142867 2 3 5
610.311 0.142867 0.142867 2 3 5
610.811 0.142867 0.142867 2 3 5
611.311 0.142867 0.142867 2 3 5
611.811 0.142867 0.142867 2 3 5
612.311 0.142867 0.142867 2 3 5
612.811 0.142867 0.142867 2 3 5
613.311 0.142867 0.142867 2 3 5
613.811 0.142867 0.142867 2 3 5
614.311 0.142867 0.142867 2 3 5
614.811 0.142866 0.142866 2 3 5
615.311 0.142866 0.142866 2 3 5
615.811 0.142866 0.142866 2 3 5
616.311 0.142866 0.142866 2 3 5
616.811 0.142866 0.142866 2 3 5
617.311 0.142866 0.142866 2 3 5
617.811 0.142866 0.142866 2 3 5
618.311 0.142866 0.142866 2 3 5
618.811 0.142866 0.142866 2 3 5
619.311 0.142866 0.142866 2 3 5
619.811 0.142866 0.142866 2 3 5
620.311 0.142865 0.142865 2 3 5
620.811 0.142865 0.142865 2 3 5
621.311 0.142865 0.142865 2 3 5
621.811 0.142865 0.142865 2 3 5
622.311 0.142865 0.142865 2 3 5
622.811 0.142865 0.142865 2 3 5
623.311 0.142865 0.142865 2 3 5
623.811 0.142865 0.142865 2 3 5
624.311 0.142865 0.142865 2 3 5
624.811 0.142865 0.142865 2 3 5
625.311 0.142865 0.142865 2 3 5
625.811 0.142865 0.142865 2 3 5
626.311 0.142865 0.142865 2 3 5
626.811 0.142864 0.142864 2 3 5
627.311 0.142864 0.142864 2 3 5
627.811 0.142864 0.142864 2 3 5
628.311 0.142864 0.142864 2 3 5
628.811 0.142864 0.142864 2 3 5
629.311 0.142864 0.142864 2 3 5
629.811 0.142864 0.142864 2 3 5
630.311 0.142864 0.142864 2 3 5
630.811 0.142864 0.142864 2 3 5
631.311 0.142864 0.142864 2 3 5
631.811 0.142864 0.142864 2 3 5
632.311 0.142864 0.142864 2 3 5
632.811 0.142864 0.142864 2 3 5
633.311 0.142864 0.142864 2 3 5
633.811 0.142864 0.142864 2 3 5
634.311 0.142863 0.142863 2 3 5
634.811 0.142863 0.142863 2 3 5
635.311 0.142863 0.142863 2 3 5
635.811 0.142863 0.142863 2 3 5
636.311 0.142863 0.142863 2 3 5
636.811 0.142863 0.142863 2 3 5
637.311 0.142863 0.142863 2 3 5
637.811 0.142863 0.142863 2 3 5
638.311 0.142863 0.142863 2 3 5
638.811 0.142863 0.142863 2 3 5
639.311 0.142863 0.142863 2 3 5
639.811 0.142863 0.142863 2 3 5
640.311 0.142863 0.142863 2 3 5
640.811 0.142863 0.142863 2 3 5
641.311 0.142863 0.142863 2 3 5
641.811 0.142863 0.142863 2 3 5
642.311 0.142863 0.142863 2 3 5
642.811 0.142862 0.142862 2 3 5
643.311 0.142862 0.142862 2 3 5
643.811 0.142862 0.142862 2 3 5
644.311 0.142862 0.142862 2 3 5
644.811 0.142862 0.142862 2 3 5
645.311 0.142862 0.142862 2 3 5
645.811 0.142862 0.142862 2 3 5
646.311 0.142862 0.142862 2 3 5
646.811 0.142862 0.142862 2 3 5
647.311 0.142862 0.142862 2 3 5
647.811 0.142862 0.142862 2 3 5
648.311 0.142862 0.142862 2 3 5
648.811 0.142862 0.142862 2 3 5
649.311 0.142862 0.142862 2 3 5
649.811 0.142862 0.142862 2 3 5
650.311 0.142862 0.142862 2 3 5
650.811 0.142862 0.142862 2 3 5
651.311 0.142862 0.142862 2 3 5
651.811 0.142862 0.142862 2 3 5
652.311 0.142862 0.142862 2 3 5
652.811 0.142862 0.142862 2 3 5
653.311 0.142861 0.142861 2 3 5
653.811 0.142861 0.142861 2 3 5
654.311 0.142861 0.142861 2 3 5
654.811 0.142861 0.142861 2 3 5
655.311 0.142861 0.142861 2 3 5
655.811 0.142861 0.142861 2 3 5
656.311 0.142861 0.142861 2 3 5
656.811 0.142861 0.142861 2 3 5
657.311 0.142861 0.142861 2 3 5
657.811 0.142861 0.142861 2 3 5
658.311 0.142861 0.142861 2 3 5
658.811 0.142861 0.142861 2 3 5
659.311 0.142861 0.142861 2 3 5
659.811 0.142861 0.142861 2 3 5
660.311 0.142861 0.142861 2 3 5
660.811 0.142861 0.142861 2 3 5
661.311 0.142861 0.142861 2 3 5
661.811 0.142861 0.142861 2 3 5
662.311 0.142861 0.142861 2 3 5
662.811 0.142861 0.142861 2 3 5
663.311 0.142861 0.142861 2 3 5
663.811 0.142861 0.142861 2 3 5
664.311 0.142861 0.142861 2 3 5
664.811 0.142861 0.142861 2 3 5
665.311 0.142861 0.142861 2 3 5
665.811 0.142861 0.142861 2 3 5
666.311 0.14286 0.14286 2 3 5
666.811 0.14286 0.14286 2 3 5
667.311 0.14286 0.14286 2 3 5
667.811 0.14286 0.14286 2 3 5
668.311 0.14286 0.14286 2 3 5
668.811 0.14286 0.14286 2 3 5
669.311 0.14286 0.14286 2 3 5
669.811 0.14286 0.14286 2 3 5
670.311 0.14286 0.14286 2 3 5
670.811 0.14286 0.14286 2 3 5
671.311 0.14286 0.14286 2 3 5
671.811 0.14286 0.14286 2 3 5
672.311 0.14286 0.14286 2 3 5
672.811 0.14286 0.14286 2 3 5
673.311 0.14286 0.14286 2 3 5
673.811 0.14286 0.14286 2 3 5
674.311 0.14286 0.14286 2 3 5
674.811 0.14286 0.14286 2 3 5
675.311 0.14286 0.14286 2 3 5
675.811 0.14286 0.14286 2 3 5
676.311 0.14286 0.14286 2 3 5
676.811 0.14286 0.14286 2 3 5
677.311 0.14286 0.14286 2 3 5
677.811 0.14286 0.14286 2 3 5
678.311 0.14286 0.14286 2 3 5
678.811 0.14286 0.14286 2 3 5
679.311 0.14286 0.14286 2 3 5
679.811 0.14286 0.14286 2 3 5
93.9755 0.5 0.5 2 3 5
93.9355 0.500268 0.500268 2 3 5
93.8955 0.500534 0.500534 2 3 5
93.8155 0.501069 0.501069 2 3 5
93.6555 0.502138 0.502138 2 3 5
93.3356 0.504281 0.504281 2 3 5
92.8356 0.507642 0.507642 2 3 5
92.3357 0.511031 0.511031 2 3 5
91.8358 0.514443 0.514443 2 3 5
91.3358 0.517874 0.517874 2 3 5
90.8359 0.521325 0.521325 2 3 5
90.3359 0.524796 0.524796 2 3 5
89.836 0.528285 0.528285 2 3 5
89.3361 0.531794 0.531794 2 3 5
88.8361 0.535321 0.535321 2 3 5
88.3362 0.538866 0.538866 2 3 5
87.8362 0.542429 0.542429 2 3 5
87.3363 0.54601 0.54601 2 3 5
86.8364 0.549609 0.549609 2 3 5
86.3364 0.553225 0.553225 2 3 5
85.8365 0.556859 0.556859 2 3 5
85.3365 0.560509 0.560509 2 3 5
84.8366 0.564175 0.564175 2 3 5
84.3367 0.567857 0.567857 2 3 5
83.8367 0.571556 0.571556 2 3 5
83.3368 0.57527 0.57527 2 3 5
82.8368 0.578999 0.578999 2 3 5
82.3369 0.582743 0.582743 2 3 5
81.837 0.586502 0.586502 2 3 5
81.337 0.590275 0.590275 2 3 5
80.8371 0.594062 0.594062 2 3 5
80.3371 0.597862 0.597862 2 3 5
79.8372 0.601676 0.601676 2 3 5
79.3373 0.605502 0.605502 2 3 5
78.8373 0.609341 0.609341 2 3 5
78.3374 0.613192 0.613192 2 3 5
77.8374 0.617055 0.617055 2 3 5
77.3375 0.620929 0.620929 2 3 5
76.8375 0.624814 0.624814 2 3 5
76.3376 0.62871 0.62871 2 3 5
75.8377 0.632616 0.632616 2 3 5
75.3377 0.636531 0.636531 2 3 5
74.8378 0.640457 0.640457 2 3 5
74.3378 0.644391 0.644391 2 3 5
73.8379 0.648334 0.648334 2 3 5
73.3379 0.652285 0.652285 2 3 5
72.838 0.656244 0.656244 2 3 5
72.338 0.66021 0.66021 2 3 5
71.8381 0.664183 0.664183 2 3 5
71.3381 0.668163 0.668163 2 3 5
70.8382 0.672149 0.672149 2 3 5
70.3383 0.676141 0.676141 2 3 5
69.8383 0.680139 0.680139 2 3 5
69.3384 0.684141 0.684141 2 3 5
68.8384 0.688148 0.688148 2 3 5
68.3384 0.692159 0.692159 2 3 5
67.8385 0.696173 0.696173 2 3 5
67.3385 0.700191 0.700191 2 3 5
66.8386 0.704212 0.704212 2 3 5
66.3386 0.708236 0.708236 2 3 5
65.8387 0.712262 0.712262 2 3 5
65.3387 0.716289 0.716289 2 3 5
64.8388 0.720317 0.720317 2 3 5
64.3388 0.724347 0.724347 2 3 5
63.8389 0.728377 0.728377 2 3 5
63.3389 0.732407 0.732407 2 3 5
62.8389 0.736437 0.736437 2 3 5
62.339 0.740466 0.740466 2 3 5
61.839 0.744495 0.744495 2 3 5
61.3391 0.748521 0.748521 2 3 5
60.8391 0.752546 0.752546 2 3 5
60.3391 0.756569 0.756569 2 3 5
59.8392 0.76059 0.76059 2 3 5
59.3392 0.764607 0.764607 2 3 5
58.8393 0.768621 0.768621 2 3 5
58.3393 0.772632 0.772632 2 3 5
57.8393 0.776638 0.776638 2 3 5
57.3394 0.78064 0.78064 2 3 5
56.8394 0.784638 0.784638 2 3 5
56.3394 0.788631 0.788631 2 3 5
55.8395 0.792618 0.792618 2 3 5
55.3395 0.7966 0.7966 2 3 5
54.8395 0.800575 0.800575 2 3 5
54.3396 0.804545 0.804545 2 3 5
53.8396 0.808508 0.808508 2 3 5
53.3396 0.812464 0.812464 2 3 5
52.8397 0.816412 0.816412 2 3 5
52.3397 0.820354 0.820354 2 3 5
51.8397 0.824287 0.824287 2 3 5
51.3397 0.828213 0.828213 2 3 5
50.8398 0.83213 0.83213 2 3 5
50.3398 0.836039 0.836039 2 3 5
49.8398 0.839939 0.839939 2 3 5
49.3399 0.843829 0.843829 2 3 5
48.8399 0.847711 0.847711 2 3 5
48.3399 0.851583 0.851583 2 3 5
47.8399 0.855445 0.855445 2 3 5
47.34 0.859297 0.859297 2 3 5
46.84 0.863139 0.863139 2 3 5
46.34 0.86697 0.86697 2 3 5
45.84 0.87079 0.87079 2 3 5
45.34 0.8746 0.8746 2 3 5
44.8401 0.878399 0.878399 2 3 5
44.3401 0.882186 0.882186 2 3 5
43.8401 0.885962 0.885962 2 3 5
43.3401 0.889726 0.889726 2 3 5
42.8402 0.893479 0.893479 2 3 5
42.3402 0.897219 0.897219 2 3 5
41.8402 0.900947 0.900947 2 3 5
41.3402 0.904663 0.904663 2 3 5
40.8402 0.908367 0.908367 2 3 5
40.3403 0.912057 0.912057 2 3 5
39.8403 0.915736 0.915736 2 3 5
39.3403 0.919401 0.919401 2 3 5
38.8403 0.923053 0.923053 2 3 5
38.3403 0.926692 0.926692 2 3 5
37.8404 0.930318 0.930318 2 3 5
37.3404 0.93393 0.93393 2 3 5
36.8404 0.937529 0.937529 2 3 5
36.3404 0.941115 0.941115 2 3 5
35.8404 0.944686 0.944686 2 3 5
35.3404 0.948244 0.948244 2 3 5
34.8405 0.951788 0.951788 2 3 5
34.3405 0.955319 0.955319 2 3 5
33.8405 0.958835 0.958835 2 3 5
33.3405 0.962337 0.962337 2 3 5
32.8405 0.965825 0.965825 2 3 5
32.3405 0.969298 0.969298 2 3 5
31.8406 0.972758 0.972758 2 3 5
31.3406 0.976203 0.976203 2 3 5
30.8406 0.979633 0.979633 2 3 5
30.3406 0.983049 0.983049 2 3 5
29.8406 0.986451 0.986451 2 3 5
29.3406 0.989838 0.989838 2 3 5
28.8407 0.993211 0.993211 2 3 5
28.3407 0.996569 0.996569 2 3 5
27.8407 0.999912 0.999912 2 3 5
27.3407 1.00324 1.00324 2 3 5
26.8407 1.00655 1.00655 2 3 5
26.3408 1.00985 1.00985 2 3 5
25.8408 1.01314 1.01314 2 3 5
25.3408 1.01641 1.01641 2 3 5
24.8408 1.01966 1.01966 2 3 5
24.3408 1.0229 1.0229 2 3 5
23.8409 1.02613 1.02613 2 3 5
23.3409 1.02934 1.02934 2 3 5
22.8409 1.03254 1.03254 2 3 5
22.3409 1.03572 1.03572 2 3 5
21.841 1.03888 1.03888 2 3 5
21.341 1.04204 1.04204 2 3 5
20.841 1.04517 1.04517 2 3 5
20.3411 1.04829 1.04829 2 3 5
19.8411 1.05139 1.05139 2 3 5
19.3412 1.05448 1.05448 2 3 5
18.8412 1.05756 1.05756 2 3 5
18.3413 1.06062 1.06062 2 3 5
17.8413 1.06367 1.06367 2 3 5
17.3414 1.06671 1.06671 2 3 5
16.8414 1.06973 1.06973 2 3 5
16.3415 1.07273 1.07273 2 3 5
15.8416 1.07572 1.07572 2 3 5
15.3417 1.0787 1.0787 2 3 5
14.8418 1.08166 1.08166 2 3 5
14.3419 1.08461 1.08461 2 3 5
13.842 1.08754 1.08754 2 3 5
13.3422 1.09046 1.09046 2 3 5
12.8423 1.09336 1.09336 2 3 5
12.3425 1.09625 1.09625 2 3 5
11.8427 1.09913 1.09913 2 3 5
11.3429 1.10199 1.10199 2 3 5
10.8432 1.10484 1.10484 2 3 5
10.3435 1.10767 1.10767 2 3 5
9.84379 1.11049 1.11049 2 3 5
9.34417 1.1133 1.1133 2 3 5
8.84461 1.11609 1.11609 2 3 5
8.34511 1.11886 1.11886 2 3 5
7.84569 1.12163 1.12163 2 3 5
7.34636 1.12437 1.12437 2 3 5
6.84713 1.12711 1.12711 2 3 5
6.34803 1.12983 1.12983 2 3 5
5.84907 1.13253 1.13253 2 3 5
5.35027 1.13522 1.13522 2 3 5
4.85167 1.1379 1.1379 2 3 5
4.35329 1.14056 1.14056 2 3 5
3.85516 1.14321 1.14321 2 3 5
3.35732 1.14585 1.14585 2 3 5
2.85979 1.14846 1.14846 2 3 5
2.36261 1.15107 1.15107 2 3 5
1.8658 1.15366 1.15366 2 3 5
1.36936 1.15623 1.15623 2 3 5
0.873302 1.15879 1.15879 2 3 5
0.377594 1.16134 1.16134 2 3 5
-0.117806 1.16387 1.16387 2 3 5
