93.9755 0.142857 0.142857 2 3 5
94.0155 0.142933 0.142933 2 3 5
94.0555 0.14301 0.14301 2 3 5
94.1355 0.143162 0.143162 2 3 5
94.2955 0.143468 0.143468 2 3 5
94.6155 0.14408 0.14408 2 3 5
95.1154 0.145042 0.145042 2 3 5
95.6154 0.146013 0.146013 2 3 5
96.1153 0.146992 0.146992 2 3 5
96.6153 0.147977 0.147977 2 3 5
97.1152 0.14897 0.14897 2 3 5
97.6152 0.149969 0.149969 2 3 5
98.1151 0.150974 0.150974 2 3 5
98.6151 0.151987 0.151987 2 3 5
99.1151 0.153005 0.153005 2 3 5
99.615 0.154031 0.154031 2 3 5
100.115 0.155062 0.155062 2 3 5
100.615 0.1561 0.1561 2 3 5
101.115 0.157145 0.157145 2 3 5
101.615 0.158196 0.158196 2 3 5
102.115 0.159253 0.159253 2 3 5
102.615 0.160316 0.160316 2 3 5
103.115 0.161386 0.161386 2 3 5
103.615 0.162462 0.162462 2 3 5
104.115 0.163544 0.163544 2 3 5
104.615 0.164631 0.164631 2 3 5
105.115 0.165725 0.165725 2 3 5
105.615 0.166825 0.166825 2 3 5
106.114 0.16793 0.16793 2 3 5
106.614 0.169042 0.169042 2 3 5
107.114 0.170159 0.170159 2 3 5
107.614 0.171282 0.171282 2 3 5
108.114 0.17241 0.17241 2 3 5
108.614 0.173544 0.173544 2 3 5
109.114 0.174683 0.174683 2 3 5
109.614 0.175828 0.175828 2 3 5
110.114 0.176978 0.176978 2 3 5
110.614 0.178134 0.178134 2 3 5
111.114 0.179294 0.179294 2 3 5
111.614 0.18046 0.18046 2 3 5
112.114 0.181631 0.181631 2 3 5
112.614 0.182807 0.182807 2 3 5
113.114 0.183987 0.183987 2 3 5
113.614 0.185173 0.185173 2 3 5
114.114 0.186363 0.186363 2 3 5
114.614 0.187558 0.187558 2 3 5
115.114 0.188758 0.188758 2 3 5
115.614 0.189962 0.189962 2 3 5
116.114 0.191171 0.191171 2 3 5
116.614 0.192384 0.192384 2 3 5
117.114 0.193601 0.193601 2 3 5
117.614 0.194823 0.194823 2 3 5
118.114 0.196049 0.196049 2 3 5
118.614 0.197278 0.197278 2 3 5
119.114 0.198512 0.198512 2 3 5
119.614 0.19975 0.19975 2 3 5
120.114 0.200991 0.200991 2 3 5
120.614 0.202236 0.202236 2 3 5
121.114 0.203485 0.203485 2 3 5
121.614 0.204738 0.204738 2 3 5
122.114 0.205993 0.205993 2 3 5
122.614 0.207253 0.207253 2 3 5
123.114 0.208515 0.208515 2 3 5
123.614 0.209781 0.209781 2 3 5
124.113 0.21105 0.21105 2 3 5
124.613 0.212322 0.212322 2 3 5
125.113 0.213596 0.213596 2 3 5
125.613 0.214874 0.214874 2 3 5
126.113 0.216154 0.216154 2 3 5
126.613 0.217438 0.217438 2 3 5
127.113 0.218723 0.218723 2 3 5
127.613 0.220011 0.220011 2 3 5
128.113 0.221302 0.221302 2 3 5
128.613 0.222595 0.222595 2 3 5
129.113 0.22389 0.22389 2 3 5
129.613 0.225187 0.225187 2 3 5
130.113 0.226486 0.226486 2 3 5
130.613 0.227787 0.227787 2 3 5
131.113 0.22909 0.22909 2 3 5
131.613 0.230395 0.230395 2 3 5
132.113 0.231702 0.231702 2 3 5
132.613 0.23301 0.23301 2 3 5
133.113 0.234319 0.234319 2 3 5
133.613 0.23563 0.23563 2 3 5
134.113 0.236942 0.236942 2 3 5
134.613 0.238255 0.238255 2 3 5
135.113 0.23957 0.23957 2 3 5
135.613 0.240885 0.240885 2 3 5
136.113 0.242202 0.242202 2 3 5
136.613 0.243519 0.243519 2 3 5
137.113 0.244837 0.244837 2 3 5
137.613 0.246156 0.246156 2 3 5
138.113 0.247475 0.247475 2 3 5
138.613 0.248795 0.248795 2 3 5
139.113 0.250115 0.250115 2 3 5
139.613 0.251435 0.251435 2 3 5
140.113 0.252756 0.252756 2 3 5
140.613 0.254077 0.254077 2 3 5
141.113 0.255397 0.255397 2 3 5
141.613 0.256718 0.256718 2 3 5
142.113 0.258038 0.258038 2 3 5
142.613 0.259359 0.259359 2 3 5
143.113 0.260678 0.260678 2 3 5
143.613 0.261998 0.261998 2 3 5
144.113 0.263317 0.263317 2 3 5
144.613 0.264635 0.264635 2 3 5
145.113 0.265953 0.265953 2 3 5
145.613 0.26727 0.26727 2 3 5
146.113 0.268586 0.268586 2 3 5
146.613 0.269901 0.269901 2 3 5
147.113 0.271215 0.271215 2 3 5
147.613 0.272528 0.272528 2 3 5
148.113 0.27384 0.27384 2 3 5
148.613 0.27515 0.27515 2 3 5
149.113 0.27646 0.27646 2 3 5
149.613 0.277767 0.277767 2 3 5
150.113 0.279073 0.279073 2 3 5
150.613 0.280378 0.280378 2 3 5
151.113 0.281681 0.281681 2 3 5
151.613 0.282982 0.282982 2 3 5
152.113 0.284281 0.284281 2 3 5
152.613 0.285579 0.285579 2 3 5
153.113 0.286874 0.286874 2 3 5
153.613 0.288168 0.288168 2 3 5
154.113 0.289459 0.289459 2 3 5
154.613 0.290748 0.290748 2 3 5
155.113 0.292034 0.292034 2 3 5
155.613 0.293319 0.293319 2 3 5
156.113 0.294601 0.294601 2 3 5
156.613 0.29588 0.29588 2 3 5
157.113 0.297157 0.297157 2 3 5
157.613 0.298431 0.298431 2 3 5
158.113 0.299702 0.299702 2 3 5
158.613 0.300971 0.300971 2 3 5
159.113 0.302237 0.302237 2 3 5
159.613 0.3035 0.3035 2 3 5
160.112 0.304759 0.304759 2 3 5
160.612 0.306016 0.306016 2 3 5
161.112 0.30727 0.30727 2 3 5
161.612 0.30852 0.30852 2 3 5
162.112 0.309768 0.309768 2 3 5
162.612 0.311012 0.311012 2 3 5
163.112 0.312252 0.312252 2 3 5
163.612 0.313489 0.313489 2 3 5
164.112 0.314723 0.314723 2 3 5
164.612 0.315953 0.315953 2 3 5
165.112 0.317179 0.317179 2 3 5
165.612 0.318402 0.318402 2 3 5
166.112 0.319621 0.319621 2 3 5
166.612 0.320837 0.320837 2 3 5
167.112 0.322048 0.322048 2 3 5
167.612 0.323256 0.323256 2 3 5
168.112 0.32446 0.32446 2 3 5
168.612 0.325659 0.325659 2 3 5
169.112 0.326855 0.326855 2 3 5
169.612 0.328047 0.328047 2 3 5
170.112 0.329234 0.329234 2 3 5
170.612 0.330418 0.330418 2 3 5
171.112 0.331597 0.331597 2 3 5
171.612 0.332771 0.332771 2 3 5
172.112 0.333942 0.333942 2 3 5
172.612 0.335108 0.335108 2 3 5
173.112 0.33627 0.33627 2 3 5
173.612 0.337427 0.337427 2 3 5
174.112 0.33858 0.33858 2 3 5
174.612 0.339729 0.339729 2 3 5
175.112 0.340872 0.340872 2 3 5
175.612 0.342012 0.342012 2 3 5
176.112 0.343146 0.343146 2 3 5
176.612 0.344276 0.344276 2 3 5
177.112 0.345401 0.345401 2 3 5
177.612 0.346522 0.346522 2 3 5
178.112 0.347637 0.347637 2 3 5
178.612 0.348748 0.348748 2 3 5
179.112 0.349854 0.349854 2 3 5
179.612 0.350956 0.350956 2 3 5
180.112 0.352052 0.352052 2 3 5
180.612 0.353143 0.353143 2 3 5
181.112 0.35423 0.35423 2 3 5
181.612 0.355311 0.355311 2 3 5
182.112 0.356388 0.356388 2 3 5
182.612 0.357459 0.357459 2 3 5
183.112 0.358526 0.358526 2 3 5
183.612 0.359587 0.359587 2 3 5
184.112 0.360643 0.360643 2 3 5
184.612 0.361694 0.361694 2 3 5
185.112 0.36274 0.36274 2 3 5
185.612 0.363781 0.363781 2 3 5
186.112 0.364817 0.364817 2 3 5
186.612 0.365847 0.365847 2 3 5
187.112 0.366872 0.366872 2 3 5
187.612 0.367892 0.367892 2 3 5
188.112 0.368907 0.368907 2 3 5
188.612 0.369916 0.369916 2 3 5
189.112 0.370921 0.370921 2 3 5
189.612 0.371919 0.371919 2 3 5
190.112 0.372913 0.372913 2 3 5
190.612 0.373901 0.373901 2 3 5
191.112 0.374884 0.374884 2 3 5
191.612 0.375862 0.375862 2 3 5
191.612 0.375862 0.375862 2 3 5
191.652 0.375934 0.375934 2 3 5
191.692 0.376012 0.376012 2 3 5
191.772 0.376168 0.376168 2 3 5
191.932 0.37648 0.37648 2 3 5
192.252 0.377102 0.377102 2 3 5
192.752 0.37807 0.37807 2 3 5
193.252 0.379031 0.379031 2 3 5
193.752 0.379985 0.379985 2 3 5
194.252 0.380935 0.380935 2 3 5
194.752 0.381879 0.381879 2 3 5
195.252 0.382817 0.382817 2 3 5
195.752 0.38375 0.38375 2 3 5
196.252 0.384678 0.384678 2 3 5
196.752 0.3856 0.3856 2 3 5
197.252 0.386517 0.386517 2 3 5
197.752 0.387429 0.387429 2 3 5
198.252 0.388335 0.388335 2 3 5
198.752 0.389235 0.389235 2 3 5
199.252 0.390131 0.390131 2 3 5
199.752 0.391021 0.391021 2 3 5
200.252 0.391905 0.391905 2 3 5
200.752 0.392784 0.392784 2 3 5
201.252 0.393658 0.393658 2 3 5
201.752 0.394526 0.394526 2 3 5
202.252 0.395389 0.395389 2 3 5
202.752 0.396246 0.396246 2 3 5
203.252 0.397098 0.397098 2 3 5
203.752 0.397945 0.397945 2 3 5
204.252 0.398786 0.398786 2 3 5
204.752 0.399622 0.399622 2 3 5
205.252 0.400453 0.400453 2 3 5
205.752 0.401278 0.401278 2 3 5
206.252 0.402098 0.402098 2 3 5
206.752 0.402912 0.402912 2 3 5
207.252 0.403722 0.403722 2 3 5
207.752 0.404526 0.404526 2 3 5
208.252 0.405324 0.405324 2 3 5
208.752 0.406117 0.406117 2 3 5
209.252 0.406905 0.406905 2 3 5
209.752 0.407688 0.407688 2 3 5
210.252 0.408466 0.408466 2 3 5
210.752 0.409238 0.409238 2 3 5
211.252 0.410005 0.410005 2 3 5
211.752 0.410767 0.410767 2 3 5
212.252 0.411523 0.411523 2 3 5
212.752 0.412274 0.412274 2 3 5
213.252 0.41302 0.41302 2 3 5
213.752 0.413761 0.413761 2 3 5
214.252 0.414497 0.414497 2 3 5
214.752 0.415228 0.415228 2 3 5
215.252 0.415953 0.415953 2 3 5
215.752 0.416674 0.416674 2 3 5
216.252 0.417389 0.417389 2 3 5
216.752 0.418099 0.418099 2 3 5
217.252 0.418805 0.418805 2 3 5
217.752 0.419505 0.419505 2 3 5
218.252 0.4202 0.4202 2 3 5
218.752 0.42089 0.42089 2 3 5
219.252 0.421575 0.421575 2 3 5
219.752 0.422255 0.422255 2 3 5
220.252 0.42293 0.42293 2 3 5
220.752 0.423601 0.423601 2 3 5
221.252 0.424266 0.424266 2 3 5
221.752 0.424926 0.424926 2 3 5
222.252 0.425582 0.425582 2 3 5
222.752 0.426233 0.426233 2 3 5
223.252 0.426878 0.426878 2 3 5
223.752 0.427519 0.427519 2 3 5
224.252 0.428156 0.428156 2 3 5
224.752 0.428787 0.428787 2 3 5
225.252 0.429414 0.429414 2 3 5
225.752 0.430036 0.430036 2 3 5
226.252 0.430653 0.430653 2 3 5
226.752 0.431266 0.431266 2 3 5
227.252 0.431874 0.431874 2 3 5
227.752 0.432477 0.432477 2 3 5
228.252 0.433076 0.433076 2 3 5
228.752 0.43367 0.43367 2 3 5
229.252 0.434259 0.434259 2 3 5
229.752 0.434844 0.434844 2 3 5
230.252 0.435424 0.435424 2 3 5
230.752 0.436 0.436 2 3 5
231.252 0.436572 0.436572 2 3 5
231.752 0.437138 0.437138 2 3 5
232.252 0.437701 0.437701 2 3 5
232.752 0.438259 0.438259 2 3 5
233.252 0.438813 0.438813 2 3 5
233.752 0.439362 0.439362 2 3 5
234.252 0.439907 0.439907 2 3 5
234.752 0.440447 0.440447 2 3 5
235.252 0.440984 0.440984 2 3 5
235.752 0.441516 0.441516 2 3 5
236.252 0.442043 0.442043 2 3 5
236.752 0.442567 0.442567 2 3 5
237.252 0.443086 0.443086 2 3 5
237.752 0.443601 0.443601 2 3 5
238.252 0.444112 0.444112 2 3 5
238.752 0.444619 0.444619 2 3 5
239.252 0.445122 0.445122 2 3 5
239.752 0.44562 0.44562 2 3 5
240.252 0.446115 0.446115 2 3 5
240.752 0.446605 0.446605 2 3 5
241.252 0.447092 0.447092 2 3 5
241.752 0.447574 0.447574 2 3 5
242.252 0.448053 0.448053 2 3 5
242.752 0.448528 0.448528 2 3 5
243.252 0.448998 0.448998 2 3 5
243.752 0.449465 0.449465 2 3 5
244.252 0.449928 0.449928 2 3 5
244.752 0.450387 0.450387 2 3 5
245.252 0.450842 0.450842 2 3 5
245.752 0.451294 0.451294 2 3 5
246.252 0.451741 0.451741 2 3 5
246.752 0.452185 0.452185 2 3 5
247.252 0.452626 0.452626 2 3 5
247.752 0.453062 0.453062 2 3 5
248.252 0.453495 0.453495 2 3 5
248.752 0.453924 0.453924 2 3 5
249.252 0.45435 0.45435 2 3 5
249.752 0.454772 0.454772 2 3 5
250.252 0.45519 0.45519 2 3 5
250.752 0.455605 0.455605 2 3 5
251.252 0.456016 0.456016 2 3 5
251.752 0.456424 0.456424 2 3 5
252.252 0.456828 0.456828 2 3 5
252.752 0.457229 0.457229 2 3 5
253.252 0.457627 0.457627 2 3 5
253.752 0.458021 0.458021 2 3 5
254.252 0.458411 0.458411 2 3 5
254.752 0.458799 0.458799 2 3 5
255.252 0.459183 0.459183 2 3 5
255.752 0.459563 0.459563 2 3 5
256.252 0.45994 0.45994 2 3 5
256.752 0.460315 0.460315 2 3 5
257.252 0.460685 0.460685 2 3 5
257.752 0.461053 0.461053 2 3 5
258.252 0.461417 0.461417 2 3 5
258.752 0.461779 0.461779 2 3 5
259.252 0.462137 0.462137 2 3 5
259.752 0.462492 0.462492 2 3 5
260.252 0.462843 0.462843 2 3 5
260.752 0.463192 0.463192 2 3 5
261.252 0.463538 0.463538 2 3 5
261.752 0.463881 0.463881 2 3 5
262.252 0.46422 0.46422 2 3 5
262.752 0.464557 0.464557 2 3 5
263.252 0.464891 0.464891 2 3 5
263.752 0.465221 0.465221 2 3 5
264.252 0.465549 0.465549 2 3 5
264.752 0.465874 0.465874 2 3 5
265.252 0.466196 0.466196 2 3 5
265.752 0.466515 0.466515 2 3 5
266.252 0.466831 0.466831 2 3 5
266.752 0.467145 0.467145 2 3 5
267.252 0.467456 0.467456 2 3 5
267.752 0.467764 0.467764 2 3 5
268.252 0.468069 0.468069 2 3 5
268.752 0.468371 0.468371 2 3 5
269.252 0.468671 0.468671 2 3 5
269.752 0.468968 0.468968 2 3 5
270.252 0.469262 0.469262 2 3 5
270.752 0.469554 0.469554 2 3 5
271.252 0.469843 0.469843 2 3 5
271.752 0.47013 0.47013 2 3 5
272.252 0.470414 0.470414 2 3 5
272.752 0.470695 0.470695 2 3 5
273.252 0.470974 0.470974 2 3 5
273.752 0.47125 0.47125 2 3 5
274.252 0.471524 0.471524 2 3 5
274.752 0.471796 0.471796 2 3 5
275.252 0.472064 0.472064 2 3 5
275.752 0.472331 0.472331 2 3 5
276.252 0.472595 0.472595 2 3 5
276.752 0.472856 0.472856 2 3 5
277.252 0.473116 0.473116 2 3 5
277.752 0.473373 0.473373 2 3 5
278.252 0.473627 0.473627 2 3 5
278.752 0.473879 0.473879 2 3 5
279.252 0.474129 0.474129 2 3 5
279.752 0.474377 0.474377 2 3 5
280.252 0.474622 0.474622 2 3 5
280.752 0.474865 0.474865 2 3 5
281.252 0.475106 0.475106 2 3 5
281.752 0.475345 0.475345 2 3 5
282.252 0.475581 0.475581 2 3 5
282.752 0.475815 0.475815 2 3 5
283.252 0.476047 0.476047 2 3 5
283.752 0.476277 0.476277 2 3 5
284.252 0.476505 0.476505 2 3 5
284.752 0.476731 0.476731 2 3 5
285.252 0.476955 0.476955 2 3 5
285.752 0.477176 0.477176 2 3 5
286.252 0.477396 0.477396 2 3 5
286.752 0.477613 0.477613 2 3 5
287.252 0.477829 0.477829 2 3 5
287.752 0.478042 0.478042 2 3 5
288.252 0.478254 0.478254 2 3 5
288.752 0.478463 0.478463 2 3 5
289.252 0.478671 0.478671 2 3 5
289.252 0.478671 0.478671 2 3 5
289.292 0.478686 0.478686 2 3 5
289.332 0.478702 0.478702 2 3 5
289.412 0.478735 0.478735 2 3 5
289.572 0.478801 0.478801 2 3 5
289.892 0.478933 0.478933 2 3 5
290.392 0.479137 0.479137 2 3 5
290.892 0.479339 0.479339 2 3 5
291.392 0.479538 0.479538 2 3 5
291.892 0.479736 0.479736 2 3 5
292.392 0.479931 0.479931 2 3 5
292.892 0.480125 0.480125 2 3 5
293.392 0.480317 0.480317 2 3 5
293.892 0.480508 0.480508 2 3 5
294.392 0.480696 0.480696 2 3 5
294.892 0.480883 0.480883 2 3 5
295.392 0.481068 0.481068 2 3 5
295.892 0.481251 0.481251 2 3 5
296.392 0.481433 0.481433 2 3 5
296.892 0.481613 0.481613 2 3 5
297.392 0.481791 0.481791 2 3 5
297.892 0.481967 0.481967 2 3 5
298.392 0.482142 0.482142 2 3 5
298.892 0.482315 0.482315 2 3 5
299.392 0.482487 0.482487 2 3 5
299.892 0.482657 0.482657 2 3 5
300.392 0.482825 0.482825 2 3 5
300.892 0.482992 0.482992 2 3 5
301.392 0.483157 0.483157 2 3 5
301.892 0.483321 0.483321 2 3 5
302.392 0.483483 0.483483 2 3 5
302.892 0.483643 0.483643 2 3 5
303.392 0.483802 0.483802 2 3 5
303.892 0.48396 0.48396 2 3 5
304.392 0.484116 0.484116 2 3 5
304.892 0.48427 0.48427 2 3 5
305.392 0.484423 0.484423 2 3 5
305.892 0.484575 0.484575 2 3 5
306.392 0.484725 0.484725 2 3 5
306.892 0.484874 0.484874 2 3 5
307.392 0.485021 0.485021 2 3 5
307.892 0.485167 0.485167 2 3 5
308.392 0.485311 0.485311 2 3 5
308.892 0.485455 0.485455 2 3 5
309.392 0.485596 0.485596 2 3 5
309.892 0.485737 0.485737 2 3 5
310.392 0.485876 0.485876 2 3 5
310.892 0.486014 0.486014 2 3 5
311.392 0.48615 0.48615 2 3 5
311.892 0.486285 0.486285 2 3 5
312.392 0.486419 0.486419 2 3 5
312.892 0.486552 0.486552 2 3 5
313.392 0.486683 0.486683 2 3 5
313.892 0.486813 0.486813 2 3 5
314.392 0.486942 0.486942 2 3 5
314.892 0.48707 0.48707 2 3 5
315.392 0.487196 0.487196 2 3 5
315.892 0.487321 0.487321 2 3 5
316.392 0.487445 0.487445 2 3 5
316.892 0.487568 0.487568 2 3 5
317.392 0.487689 0.487689 2 3 5
317.892 0.48781 0.48781 2 3 5
318.392 0.487929 0.487929 2 3 5
318.892 0.488047 0.488047 2 3 5
319.392 0.488164 0.488164 2 3 5
319.892 0.48828 0.48828 2 3 5
320.392 0.488395 0.488395 2 3 5
320.892 0.488509 0.488509 2 3 5
321.392 0.488621 0.488621 2 3 5
321.892 0.488733 0.488733 2 3 5
322.392 0.488843 0.488843 2 3 5
322.892 0.488952 0.488952 2 3 5
323.392 0.489061 0.489061 2 3 5
323.892 0.489168 0.489168 2 3 5
324.392 0.489274 0.489274 2 3 5
324.892 0.489379 0.489379 2 3 5
325.392 0.489483 0.489483 2 3 5
325.892 0.489586 0.489586 2 3 5
326.392 0.489689 0.489689 2 3 5
326.892 0.48979 0.48979 2 3 5
327.392 0.48989 0.48989 2 3 5
327.892 0.489989 0.489989 2 3 5
328.392 0.490088 0.490088 2 3 5
328.892 0.490185 0.490185 2 3 5
329.392 0.490281 0.490281 2 3 5
329.892 0.490377 0.490377 2 3 5
330.392 0.490471 0.490471 2 3 5
330.892 0.490565 0.490565 2 3 5
331.392 0.490657 0.490657 2 3 5
331.892 0.490749 0.490749 2 3 5
332.392 0.49084 0.49084 2 3 5
332.892 0.49093 0.49093 2 3 5
333.392 0.491019 0.491019 2 3 5
333.892 0.491108 0.491108 2 3 5
334.392 0.491195 0.491195 2 3 5
334.892 0.491282 0.491282 2 3 5
335.392 0.491367 0.491367 2 3 5
335.892 0.491452 0.491452 2 3 5
336.392 0.491536 0.491536 2 3 5
336.892 0.49162 0.49162 2 3 5
337.392 0.491702 0.491702 2 3 5
337.892 0.491784 0.491784 2 3 5
338.392 0.491865 0.491865 2 3 5
338.892 0.491945 0.491945 2 3 5
339.392 0.492024 0.492024 2 3 5
339.892 0.492103 0.492103 2 3 5
340.392 0.49218 0.49218 2 3 5
340.892 0.492257 0.492257 2 3 5
341.392 0.492334 0.492334 2 3 5
341.892 0.492409 0.492409 2 3 5
342.392 0.492484 0.492484 2 3 5
342.892 0.492558 0.492558 2 3 5
343.392 0.492631 0.492631 2 3 5
343.892 0.492704 0.492704 2 3 5
344.392 0.492776 0.492776 2 3 5
344.892 0.492847 0.492847 2 3 5
345.392 0.492918 0.492918 2 3 5
345.892 0.492987 0.492987 2 3 5
346.392 0.493057 0.493057 2 3 5
346.892 0.493125 0.493125 2 3 5
347.392 0.493193 0.493193 2 3 5
347.892 0.49326 0.49326 2 3 5
348.392 0.493326 0.493326 2 3 5
348.892 0.493392 0.493392 2 3 5
349.392 0.493457 0.493457 2 3 5
349.892 0.493522 0.493522 2 3 5
350.392 0.493586 0.493586 2 3 5
350.892 0.493649 0.493649 2 3 5
351.392 0.493712 0.493712 2 3 5
351.892 0.493774 0.493774 2 3 5
352.392 0.493835 0.493835 2 3 5
352.892 0.493896 0.493896 2 3 5
353.392 0.493957 0.493957 2 3 5
353.892 0.494016 0.494016 2 3 5
354.392 0.494075 0.494075 2 3 5
354.892 0.494134 0.494134 2 3 5
355.392 0.494192 0.494192 2 3 5
355.892 0.494249 0.494249 2 3 5
356.392 0.494306 0.494306 2 3 5
356.892 0.494362 0.494362 2 3 5
357.392 0.494418 0.494418 2 3 5
357.892 0.494473 0.494473 2 3 5
358.392 0.494528 0.494528 2 3 5
358.892 0.494582 0.494582 2 3 5
359.392 0.494635 0.494635 2 3 5
359.892 0.494688 0.494688 2 3 5
360.392 0.494741 0.494741 2 3 5
360.892 0.494793 0.494793 2 3 5
361.392 0.494844 0.494844 2 3 5
361.892 0.494895 0.494895 2 3 5
362.392 0.494946 0.494946 2 3 5
362.892 0.494996 0.494996 2 3 5
363.392 0.495045 0.495045 2 3 5
363.892 0.495094 0.495094 2 3 5
364.392 0.495143 0.495143 2 3 5
364.892 0.495191 0.495191 2 3 5
365.392 0.495238 0.495238 2 3 5
365.892 0.495285 0.495285 2 3 5
366.392 0.495332 0.495332 2 3 5
366.892 0.495378 0.495378 2 3 5
367.392 0.495424 0.495424 2 3 5
367.892 0.495469 0.495469 2 3 5
368.392 0.495514 0.495514 2 3 5
368.892 0.495558 0.495558 2 3 5
369.392 0.495602 0.495602 2 3 5
369.892 0.495646 0.495646 2 3 5
370.392 0.495689 0.495689 2 3 5
370.892 0.495732 0.495732 2 3 5
371.392 0.495774 0.495774 2 3 5
371.892 0.495816 0.495816 2 3 5
372.392 0.495857 0.495857 2 3 5
372.892 0.495898 0.495898 2 3 5
373.392 0.495939 0.495939 2 3 5
373.892 0.495979 0.495979 2 3 5
374.392 0.496019 0.496019 2 3 5
374.892 0.496058 0.496058 2 3 5
375.392 0.496097 0.496097 2 3 5
375.892 0.496136 0.496136 2 3 5
376.392 0.496174 0.496174 2 3 5
376.892 0.496212 0.496212 2 3 5
377.392 0.49625 0.49625 2 3 5
377.892 0.496287 0.496287 2 3 5
378.392 0.496324 0.496324 2 3 5
378.892 0.49636 0.49636 2 3 5
379.392 0.496396 0.496396 2 3 5
379.892 0.496432 0.496432 2 3 5
380.392 0.496467 0.496467 2 3 5
380.892 0.496502 0.496502 2 3 5
381.392 0.496537 0.496537 2 3 5
381.892 0.496571 0.496571 2 3 5
382.392 0.496605 0.496605 2 3 5
382.892 0.496639 0.496639 2 3 5
383.392 0.496672 0.496672 2 3 5
383.892 0.496705 0.496705 2 3 5
384.392 0.496738 0.496738 2 3 5
384.892 0.49677 0.49677 2 3 5
385.392 0.496802 0.496802 2 3 5
385.892 0.496834 0.496834 2 3 5
386.392 0.496865 0.496865 2 3 5
386.892 0.496896 0.496896 2 3 5
386.892 0.496896 0.496896 2 3 5
386.932 0.496898 0.496898 2 3 5
386.972 0.496901 0.496901 2 3 5
387.052 0.496906 0.496906 2 3 5
387.212 0.496916 0.496916 2 3 5
387.532 0.496935 0.496935 2 3 5
388.032 0.496966 0.496966 2 3 5
388.532 0.496996 0.496996 2 3 5
389.032 0.497026 0.497026 2 3 5
389.532 0.497055 0.497055 2 3 5
390.032 0.497084 0.497084 2 3 5
390.532 0.497113 0.497113 2 3 5
391.032 0.497142 0.497142 2 3 5
391.532 0.49717 0.49717 2 3 5
392.032 0.497198 0.497198 2 3 5
392.532 0.497226 0.497226 2 3 5
393.032 0.497254 0.497254 2 3 5
393.532 0.497281 0.497281 2 3 5
394.032 0.497308 0.497308 2 3 5
394.532 0.497335 0.497335 2 3 5
395.032 0.497361 0.497361 2 3 5
395.532 0.497387 0.497387 2 3 5
396.032 0.497413 0.497413 2 3 5
396.532 0.497439 0.497439 2 3 5
397.032 0.497464 0.497464 2 3 5
397.532 0.497489 0.497489 2 3 5
398.032 0.497514 0.497514 2 3 5
398.532 0.497539 0.497539 2 3 5
399.032 0.497563 0.497563 2 3 5
399.532 0.497587 0.497587 2 3 5
400.032 0.497611 0.497611 2 3 5
400.532 0.497635 0.497635 2 3 5
401.032 0.497659 0.497659 2 3 5
401.532 0.497682 0.497682 2 3 5
402.032 0.497705 0.497705 2 3 5
402.532 0.497728 0.497728 2 3 5
403.032 0.49775 0.49775 2 3 5
403.532 0.497772 0.497772 2 3 5
404.032 0.497795 0.497795 2 3 5
404.532 0.497816 0.497816 2 3 5
405.032 0.497838 0.497838 2 3 5
405.532 0.49786 0.49786 2 3 5
406.032 0.497881 0.497881 2 3 5
406.532 0.497902 0.497902 2 3 5
407.032 0.497923 0.497923 2 3 5
407.532 0.497943 0.497943 2 3 5
408.032 0.497964 0.497964 2 3 5
408.532 0.497984 0.497984 2 3 5
409.032 0.498004 0.498004 2 3 5
409.532 0.498024 0.498024 2 3 5
410.032 0.498043 0.498043 2 3 5
410.532 0.498063 0.498063 2 3 5
411.032 0.498082 0.498082 2 3 5
411.532 0.498101 0.498101 2 3 5
412.032 0.49812 0.49812 2 3 5
412.532 0.498139 0.498139 2 3 5
413.032 0.498157 0.498157 2 3 5
413.532 0.498175 0.498175 2 3 5
414.032 0.498194 0.498194 2 3 5
414.532 0.498211 0.498211 2 3 5
415.032 0.498229 0.498229 2 3 5
415.532 0.498247 0.498247 2 3 5
416.032 0.498264 0.498264 2 3 5
416.532 0.498281 0.498281 2 3 5
417.032 0.498299 0.498299 2 3 5
417.532 0.498315 0.498315 2 3 5
418.032 0.498332 0.498332 2 3 5
418.532 0.498349 0.498349 2 3 5
419.032 0.498365 0.498365 2 3 5
419.532 0.498381 0.498381 2 3 5
420.032 0.498397 0.498397 2 3 5
420.532 0.498413 0.498413 2 3 5
421.032 0.498429 0.498429 2 3 5
421.532 0.498445 0.498445 2 3 5
422.032 0.49846 0.49846 2 3 5
422.532 0.498475 0.498475 2 3 5
423.032 0.498491 0.498491 2 3 5
423.532 0.498506 0.498506 2 3 5
424.032 0.49852 0.49852 2 3 5
424.532 0.498535 0.498535 2 3 5
425.032 0.49855 0.49855 2 3 5
425.532 0.498564 0.498564 2 3 5
426.032 0.498578 0.498578 2 3 5
426.532 0.498593 0.498593 2 3 5
427.032 0.498607 0.498607 2 3 5
427.532 0.49862 0.49862 2 3 5
428.032 0.498634 0.498634 2 3 5
428.532 0.498648 0.498648 2 3 5
429.032 0.498661 0.498661 2 3 5
429.532 0.498674 0.498674 2 3 5
430.032 0.498688 0.498688 2 3 5
430.532 0.498701 0.498701 2 3 5
431.032 0.498713 0.498713 2 3 5
431.532 0.498726 0.498726 2 3 5
432.032 0.498739 0.498739 2 3 5
432.532 0.498751 0.498751 2 3 5
433.032 0.498764 0.498764 2 3 5
433.532 0.498776 0.498776 2 3 5
434.032 0.498788 0.498788 2 3 5
434.532 0.4988 0.4988 2 3 5
435.032 0.498812 0.498812 2 3 5
435.532 0.498824 0.498824 2 3 5
436.032 0.498836 0.498836 2 3 5
436.532 0.498847 0.498847 2 3 5
437.032 0.498859 0.498859 2 3 5
437.532 0.49887 0.49887 2 3 5
438.032 0.498881 0.498881 2 3 5
438.532 0.498892 0.498892 2 3 5
439.032 0.498903 0.498903 2 3 5
439.532 0.498914 0.498914 2 3 5
440.032 0.498925 0.498925 2 3 5
440.532 0.498936 0.498936 2 3 5
441.032 0.498946 0.498946 2 3 5
441.532 0.498957 0.498957 2 3 5
442.032 0.498967 0.498967 2 3 5
442.532 0.498978 0.498978 2 3 5
443.032 0.498988 0.498988 2 3 5
443.532 0.498998 0.498998 2 3 5
444.032 0.499008 0.499008 2 3 5
444.532 0.499018 0.499018 2 3 5
445.032 0.499027 0.499027 2 3 5
445.532 0.499037 0.499037 2 3 5
446.032 0.499047 0.499047 2 3 5
446.532 0.499056 0.499056 2 3 5
447.032 0.499065 0.499065 2 3 5
447.532 0.499075 0.499075 2 3 5
448.032 0.499084 0.499084 2 3 5
448.532 0.499093 0.499093 2 3 5
449.032 0.499102 0.499102 2 3 5
449.532 0.499111 0.499111 2 3 5
450.032 0.49912 0.49912 2 3 5
450.532 0.499129 0.499129 2 3 5
451.032 0.499137 0.499137 2 3 5
451.532 0.499146 0.499146 2 3 5
452.032 0.499154 0.499154 2 3 5
452.532 0.499163 0.499163 2 3 5
453.032 0.499171 0.499171 2 3 5
453.532 0.499179 0.499179 2 3 5
454.032 0.499187 0.499187 2 3 5
454.532 0.499196 0.499196 2 3 5
455.032 0.499204 0.499204 2 3 5
455.532 0.499211 0.499211 2 3 5
456.032 0.499219 0.499219 2 3 5
456.532 0.499227 0.499227 2 3 5
457.032 0.499235 0.499235 2 3 5
457.532 0.499242 0.499242 2 3 5
458.032 0.49925 0.49925 2 3 5
458.532 0.499257 0.499257 2 3 5
459.032 0.499265 0.499265 2 3 5
459.532 0.499272 0.499272 2 3 5
460.032 0.499279 0.499279 2 3 5
460.532 0.499286 0.499286 2 3 5
461.032 0.499294 0.499294 2 3 5
461.532 0.499301 0.499301 2 3 5
462.032 0.499308 0.499308 2 3 5
462.532 0.499314 0.499314 2 3 5
463.032 0.499321 0.499321 2 3 5
463.532 0.499328 0.499328 2 3 5
464.032 0.499335 0.499335 2 3 5
464.532 0.499341 0.499341 2 3 5
465.032 0.499348 0.499348 2 3 5
465.532 0.499354 0.499354 2 3 5
466.032 0.499361 0.499361 2 3 5
466.532 0.499367 0.499367 2 3 5
467.032 0.499373 0.499373 2 3 5
467.532 0.49938 0.49938 2 3 5
468.032 0.499386 0.499386 2 3 5
468.532 0.499392 0.499392 2 3 5
469.032 0.499398 0.499398 2 3 5
469.532 0.499404 0.499404 2 3 5
470.032 0.49941 0.49941 2 3 5
470.532 0.499416 0.499416 2 3 5
471.032 0.499422 0.499422 2 3 5
471.532 0.499427 0.499427 2 3 5
472.032 0.499433 0.499433 2 3 5
472.532 0.499439 0.499439 2 3 5
473.032 0.499444 0.499444 2 3 5
473.532 0.49945 0.49945 2 3 5
474.032 0.499455 0.499455 2 3 5
474.532 0.499461 0.499461 2 3 5
475.032 0.499466 0.499466 2 3 5
475.532 0.499471 0.499471 2 3 5
476.032 0.499477 0.499477 2 3 5
476.532 0.499482 0.499482 2 3 5
477.032 0.499487 0.499487 2 3 5
477.532 0.499492 0.499492 2 3 5
478.032 0.499497 0.499497 2 3 5
478.532 0.499502 0.499502 2 3 5
479.032 0.499507 0.499507 2 3 5
479.532 0.499512 0.499512 2 3 5
480.032 0.499517 0.499517 2 3 5
480.532 0.499522 0.499522 2 3 5
481.032 0.499526 0.499526 2 3 5
481.532 0.499531 0.499531 2 3 5
482.032 0.499536 0.499536 2 3 5
482.532 0.49954 0.49954 2 3 5
483.032 0.499545 0.499545 2 3 5
483.532 0.499549 0.499549 2 3 5
484.032 0.499554 0.499554 2 3 5
484.532 0.499558 0.499558 2 3 5
484.532 0.499558 0.499558 2 3 5
484.572 0.499559 0.499559 2 3 5
484.612 0.499559 0.499559 2 3 5
484.692 0.49956 0.49956 2 3 5
484.852 0.499561 0.499561 2 3 5
485.172 0.499564 0.499564 2 3 5
485.672 0.499568 0.499568 2 3 5
486.172 0.499573 0.499573 2 3 5
486.672 0.499577 0.499577 2 3 5
487.172 0.499581 0.499581 2 3 5
487.672 0.499585 0.499585 2 3 5
488.172 0.499589 0.499589 2 3 5
488.672 0.499593 0.499593 2 3 5
489.172 0.499597 0.499597 2 3 5
489.672 0.499601 0.499601 2 3 5
490.172 0.499605 0.499605 2 3 5
490.672 0.499609 0.499609 2 3 5
491.172 0.499613 0.499613 2 3 5
491.672 0.499617 0.499617 2 3 5
492.172 0.499621 0.499621 2 3 5
492.672 0.499625 0.499625 2 3 5
493.172 0.499628 0.499628 2 3 5
493.672 0.499632 0.499632 2 3 5
494.172 0.499636 0.499636 2 3 5
494.672 0.499639 0.499639 2 3 5
495.172 0.499643 0.499643 2 3 5
495.672 0.499647 0.499647 2 3 5
496.172 0.49965 0.49965 2 3 5
496.672 0.499654 0.499654 2 3 5
497.172 0.499657 0.499657 2 3 5
497.672 0.49966 0.49966 2 3 5
498.172 0.499664 0.499664 2 3 5
498.672 0.499667 0.499667 2 3 5
499.172 0.49967 0.49967 2 3 5
499.672 0.499674 0.499674 2 3 5
500.172 0.499677 0.499677 2 3 5
500.672 0.49968 0.49968 2 3 5
501.172 0.499683 0.499683 2 3 5
501.672 0.499686 0.499686 2 3 5
502.172 0.49969 0.49969 2 3 5
502.672 0.499693 0.499693 2 3 5
503.172 0.499696 0.499696 2 3 5
503.672 0.499699 0.499699 2 3 5
504.172 0.499702 0.499702 2 3 5
504.672 0.499705 0.499705 2 3 5
505.172 0.499708 0.499708 2 3 5
505.672 0.499711 0.499711 2 3 5
506.172 0.499713 0.499713 2 3 5
506.672 0.499716 0.499716 2 3 5
507.172 0.499719 0.499719 2 3 5
507.672 0.499722 0.499722 2 3 5
508.172 0.499725 0.499725 2 3 5
508.672 0.499727 0.499727 2 3 5
509.172 0.49973 0.49973 2 3 5
509.672 0.499733 0.499733 2 3 5
510.172 0.499735 0.499735 2 3 5
510.672 0.499738 0.499738 2 3 5
511.172 0.499741 0.499741 2 3 5
511.672 0.499743 0.499743 2 3 5
512.172 0.499746 0.499746 2 3 5
512.672 0.499748 0.499748 2 3 5
513.172 0.499751 0.499751 2 3 5
513.672 0.499753 0.499753 2 3 5
514.172 0.499756 0.499756 2 3 5
514.672 0.499758 0.499758 2 3 5
515.172 0.499761 0.499761 2 3 5
515.672 0.499763 0.499763 2 3 5
516.172 0.499765 0.499765 2 3 5
516.672 0.499768 0.499768 2 3 5
517.172 0.49977 0.49977 2 3 5
517.672 0.499772 0.499772 2 3 5
518.172 0.499775 0.499775 2 3 5
518.672 0.499777 0.499777 2 3 5
519.172 0.499779 0.499779 2 3 5
519.672 0.499781 0.499781 2 3 5
520.172 0.499783 0.499783 2 3 5
520.672 0.499786 0.499786 2 3 5
521.172 0.499788 0.499788 2 3 5
521.672 0.49979 0.49979 2 3 5
522.172 0.499792 0.499792 2 3 5
522.672 0.499794 0.499794 2 3 5
523.172 0.499796 0.499796 2 3 5
523.672 0.499798 0.499798 2 3 5
524.172 0.4998 0.4998 2 3 5
524.672 0.499802 0.499802 2 3 5
525.172 0.499804 0.499804 2 3 5
525.672 0.499806 0.499806 2 3 5
526.172 0.499808 0.499808 2 3 5
526.672 0.49981 0.49981 2 3 5
527.172 0.499812 0.499812 2 3 5
527.672 0.499814 0.499814 2 3 5
528.172 0.499815 0.499815 2 3 5
528.672 0.499817 0.499817 2 3 5
529.172 0.499819 0.499819 2 3 5
529.672 0.499821 0.499821 2 3 5
530.172 0.499823 0.499823 2 3 5
530.672 0.499824 0.499824 2 3 5
531.172 0.499826 0.499826 2 3 5
531.672 0.499828 0.499828 2 3 5
532.172 0.49983 0.49983 2 3 5
532.672 0.499831 0.499831 2 3 5
533.172 0.499833 0.499833 2 3 5
533.672 0.499835 0.499835 2 3 5
534.172 0.499836 0.499836 2 3 5
534.672 0.499838 0.499838 2 3 5
535.172 0.49984 0.49984 2 3 5
535.672 0.499841 0.499841 2 3 5
536.172 0.499843 0.499843 2 3 5
536.672 0.499844 0.499844 2 3 5
537.172 0.499846 0.499846 2 3 5
537.672 0.499847 0.499847 2 3 5
538.172 0.499849 0.499849 2 3 5
538.672 0.49985 0.49985 2 3 5
539.172 0.499852 0.499852 2 3 5
539.672 0.499853 0.499853 2 3 5
540.172 0.499855 0.499855 2 3 5
540.672 0.499856 0.499856 2 3 5
541.172 0.499858 0.499858 2 3 5
541.672 0.499859 0.499859 2 3 5
542.172 0.499861 0.499861 2 3 5
542.672 0.499862 0.499862 2 3 5
543.172 0.499863 0.499863 2 3 5
543.672 0.499865 0.499865 2 3 5
544.172 0.499866 0.499866 2 3 5
544.672 0.499867 0.499867 2 3 5
545.172 0.499869 0.499869 2 3 5
545.672 0.49987 0.49987 2 3 5
546.172 0.499871 0.499871 2 3 5
546.672 0.499873 0.499873 2 3 5
547.172 0.499874 0.499874 2 3 5
547.672 0.499875 0.499875 2 3 5
548.172 0.499876 0.499876 2 3 5
548.672 0.499878 0.499878 2 3 5
549.172 0.499879 0.499879 2 3 5
549.672 0.49988 0.49988 2 3 5
550.172 0.499881 0.499881 2 3 5
550.672 0.499882 0.499882 2 3 5
551.172 0.499883 0.499883 2 3 5
551.672 0.499885 0.499885 2 3 5
552.172 0.499886 0.499886 2 3 5
552.672 0.499887 0.499887 2 3 5
553.172 0.499888 0.499888 2 3 5
553.672 0.499889 0.499889 2 3 5
554.172 0.49989 0.49989 2 3 5
554.672 0.499891 0.499891 2 3 5
555.172 0.499892 0.499892 2 3 5
555.672 0.499894 0.499894 2 3 5
556.172 0.499895 0.499895 2 3 5
556.672 0.499896 0.499896 2 3 5
557.172 0.499897 0.499897 2 3 5
557.672 0.499898 0.499898 2 3 5
558.172 0.499899 0.499899 2 3 5
558.672 0.4999 0.4999 2 3 5
559.172 0.499901 0.499901 2 3 5
559.672 0.499902 0.499902 2 3 5
560.172 0.499903 0.499903 2 3 5
560.672 0.499904 0.499904 2 3 5
561.172 0.499905 0.499905 2 3 5
561.672 0.499906 0.499906 2 3 5
562.172 0.499906 0.499906 2 3 5
562.672 0.499907 0.499907 2 3 5
563.172 0.499908 0.499908 2 3 5
563.672 0.499909 0.499909 2 3 5
564.172 0.49991 0.49991 2 3 5
564.672 0.499911 0.499911 2 3 5
565.172 0.499912 0.499912 2 3 5
565.672 0.499913 0.499913 2 3 5
566.172 0.499914 0.499914 2 3 5
566.672 0.499915 0.499915 2 3 5
567.172 0.499915 0.499915 2 3 5
567.672 0.499916 0.499916 2 3 5
568.172 0.499917 0.499917 2 3 5
568.672 0.499918 0.499918 2 3 5
569.172 0.499919 0.499919 2 3 5
569.672 0.49992 0.49992 2 3 5
570.172 0.49992 0.49992 2 3 5
570.672 0.499921 0.499921 2 3 5
571.172 0.499922 0.499922 2 3 5
571.672 0.499923 0.499923 2 3 5
572.172 0.499923 0.499923 2 3 5
572.672 0.499924 0.499924 2 3 5
573.172 0.499925 0.499925 2 3 5
573.672 0.499926 0.499926 2 3 5
574.172 0.499926 0.499926 2 3 5
574.672 0.499927 0.499927 2 3 5
575.172 0.499928 0.499928 2 3 5
575.672 0.499929 0.499929 2 3 5
576.172 0.499929 0.499929 2 3 5
576.672 0.49993 0.49993 2 3 5
577.172 0.499931 0.499931 2 3 5
577.672 0.499931 0.499931 2 3 5
578.172 0.499932 0.499932 2 3 5
578.672 0.499933 0.499933 2 3 5
579.172 0.499933 0.499933 2 3 5
579.672 0.499934 0.499934 2 3 5
580.172 0.499935 0.499935 2 3 5
580.672 0.499935 0.499935 2 3 5
581.172 0.499936 0.499936 2 3 5
581.672 0.499937 0.499937 2 3 5
582.172 0.499937 0.499937 2 3 5
582.172 0.499937 0.499937 2 3 5
582.212 0.499937 0.499937 2 3 5
582.252 0.499937 0.499937 2 3 5
582.332 0.499938 0.499938 2 3 5
582.492 0.499938 0.499938 2 3 5
582.812 0.499938 0.499938 2 3 5
583.312 0.499939 0.499939 2 3 5
583.812 0.499939 0.499939 2 3 5
584.312 0.49994 0.49994 2 3 5
584.812 0.499941 0.499941 2 3 5
585.312 0.499941 0.499941 2 3 5
585.812 0.499942 0.499942 2 3 5
586.312 0.499942 0.499942 2 3 5
586.812 0.499943 0.499943 2 3 5
587.312 0.499943 0.499943 2 3 5
587.812 0.499944 0.499944 2 3 5
588.312 0.499945 0.499945 2 3 5
588.812 0.499945 0.499945 2 3 5
589.312 0.499946 0.499946 2 3 5
589.812 0.499946 0.499946 2 3 5
590.312 0.499947 0.499947 2 3 5
590.812 0.499947 0.499947 2 3 5
591.312 0.499948 0.499948 2 3 5
591.812 0.499948 0.499948 2 3 5
592.312 0.499949 0.499949 2 3 5
592.812 0.499949 0.499949 2 3 5
593.312 0.49995 0.49995 2 3 5
593.812 0.49995 0.49995 2 3 5
594.312 0.499951 0.499951 2 3 5
594.812 0.499951 0.499951 2 3 5
595.312 0.499952 0.499952 2 3 5
595.812 0.499952 0.499952 2 3 5
596.312 0.499953 0.499953 2 3 5
596.812 0.499953 0.499953 2 3 5
597.312 0.499954 0.499954 2 3 5
597.812 0.499954 0.499954 2 3 5
598.312 0.499955 0.499955 2 3 5
598.812 0.499955 0.499955 2 3 5
599.312 0.499956 0.499956 2 3 5
599.812 0.499956 0.499956 2 3 5
600.312 0.499956 0.499956 2 3 5
600.812 0.499957 0.499957 2 3 5
601.312 0.499957 0.499957 2 3 5
601.812 0.499958 0.499958 2 3 5
602.312 0.499958 0.499958 2 3 5
602.812 0.499959 0.499959 2 3 5
603.312 0.499959 0.499959 2 3 5
603.812 0.499959 0.499959 2 3 5
604.312 0.49996 0.49996 2 3 5
604.812 0.49996 0.49996 2 3 5
605.312 0.499961 0.499961 2 3 5
605.812 0.499961 0.499961 2 3 5
606.312 0.499961 0.499961 2 3 5
606.812 0.499962 0.499962 2 3 5
607.312 0.499962 0.499962 2 3 5
607.812 0.499962 0.499962 2 3 5
608.312 0.499963 0.499963 2 3 5
608.812 0.499963 0.499963 2 3 5
609.312 0.499964 0.499964 2 3 5
609.812 0.499964 0.499964 2 3 5
610.312 0.499964 0.499964 2 3 5
610.812 0.499965 0.499965 2 3 5
611.312 0.499965 0.499965 2 3 5
611.812 0.499965 0.499965 2 3 5
612.312 0.499966 0.499966 2 3 5
612.812 0.499966 0.499966 2 3 5
613.312 0.499966 0.499966 2 3 5
613.812 0.499967 0.499967 2 3 5
614.312 0.499967 0.499967 2 3 5
614.812 0.499967 0.499967 2 3 5
615.312 0.499968 0.499968 2 3 5
615.812 0.499968 0.499968 2 3 5
616.312 0.499968 0.499968 2 3 5
616.812 0.499969 0.499969 2 3 5
617.312 0.499969 0.499969 2 3 5
617.812 0.499969 0.499969 2 3 5
618.312 0.49997 0.49997 2 3 5
618.812 0.49997 0.49997 2 3 5
619.312 0.49997 0.49997 2 3 5
619.812 0.49997 0.49997 2 3 5
620.312 0.499971 0.499971 2 3 5
620.812 0.499971 0.499971 2 3 5
621.312 0.499971 0.499971 2 3 5
621.812 0.499972 0.499972 2 3 5
622.312 0.499972 0.499972 2 3 5
622.812 0.499972 0.499972 2 3 5
623.312 0.499972 0.499972 2 3 5
623.812 0.499973 0.499973 2 3 5
624.312 0.499973 0.499973 2 3 5
624.812 0.499973 0.499973 2 3 5
625.312 0.499974 0.499974 2 3 5
625.812 0.499974 0.499974 2 3 5
626.312 0.499974 0.499974 2 3 5
626.812 0.499974 0.499974 2 3 5
627.312 0.499975 0.499975 2 3 5
627.812 0.499975 0.499975 2 3 5
628.312 0.499975 0.499975 2 3 5
628.812 0.499975 0.499975 2 3 5
629.312 0.499976 0.499976 2 3 5
629.812 0.499976 0.499976 2 3 5
630.312 0.499976 0.499976 2 3 5
630.812 0.499976 0.499976 2 3 5
631.312 0.499977 0.499977 2 3 5
631.812 0.499977 0.499977 2 3 5
632.312 0.499977 0.499977 2 3 5
632.812 0.499977 0.499977 2 3 5
633.312 0.499977 0.499977 2 3 5
633.812 0.499978 0.499978 2 3 5
634.312 0.499978 0.499978 2 3 5
634.812 0.499978 0.499978 2 3 5
635.312 0.499978 0.499978 2 3 5
635.812 0.499979 0.499979 2 3 5
636.312 0.499979 0.499979 2 3 5
636.812 0.499979 0.499979 2 3 5
637.312 0.499979 0.499979 2 3 5
637.812 0.499979 0.499979 2 3 5
638.312 0.49998 0.49998 2 3 5
638.812 0.49998 0.49998 2 3 5
639.312 0.49998 0.49998 2 3 5
639.812 0.49998 0.49998 2 3 5
640.312 0.49998 0.49998 2 3 5
640.812 0.499981 0.499981 2 3 5
641.312 0.499981 0.499981 2 3 5
641.812 0.499981 0.499981 2 3 5
642.312 0.499981 0.499981 2 3 5
642.812 0.499981 0.499981 2 3 5
643.312 0.499982 0.499982 2 3 5
643.812 0.499982 0.499982 2 3 5
644.312 0.499982 0.499982 2 3 5
644.812 0.499982 0.499982 2 3 5
645.312 0.499982 0.499982 2 3 5
645.812 0.499982 0.499982 2 3 5
646.312 0.499983 0.499983 2 3 5
646.812 0.499983 0.499983 2 3 5
647.312 0.499983 0.499983 2 3 5
647.812 0.499983 0.499983 2 3 5
648.312 0.499983 0.499983 2 3 5
648.812 0.499983 0.499983 2 3 5
649.312 0.499984 0.499984 2 3 5
649.812 0.499984 0.499984 2 3 5
650.312 0.499984 0.499984 2 3 5
650.812 0.499984 0.499984 2 3 5
651.312 0.499984 0.499984 2 3 5
651.812 0.499984 0.499984 2 3 5
652.312 0.499985 0.499985 2 3 5
652.812 0.499985 0.499985 2 3 5
653.312 0.499985 0.499985 2 3 5
653.812 0.499985 0.499985 2 3 5
654.312 0.499985 0.499985 2 3 5
654.812 0.499985 0.499985 2 3 5
655.312 0.499985 0.499985 2 3 5
655.812 0.499986 0.499986 2 3 5
656.312 0.499986 0.499986 2 3 5
656.812 0.499986 0.499986 2 3 5
657.312 0.499986 0.499986 2 3 5
657.812 0.499986 0.499986 2 3 5
658.312 0.499986 0.499986 2 3 5
658.812 0.499986 0.499986 2 3 5
659.312 0.499987 0.499987 2 3 5
659.812 0.499987 0.499987 2 3 5
660.312 0.499987 0.499987 2 3 5
660.812 0.499987 0.499987 2 3 5
661.312 0.499987 0.499987 2 3 5
661.812 0.499987 0.499987 2 3 5
662.312 0.499987 0.499987 2 3 5
662.812 0.499988 0.499988 2 3 5
663.312 0.499988 0.499988 2 3 5
663.812 0.499988 0.499988 2 3 5
664.312 0.499988 0.499988 2 3 5
664.812 0.499988 0.499988 2 3 5
665.312 0.499988 0.499988 2 3 5
665.812 0.499988 0.499988 2 3 5
666.312 0.499988 0.499988 2 3 5
666.812 0.499988 0.499988 2 3 5
667.312 0.499989 0.499989 2 3 5
667.812 0.499989 0.499989 2 3 5
668.312 0.499989 0.499989 2 3 5
668.812 0.499989 0.499989 2 3 5
669.312 0.499989 0.499989 2 3 5
669.812 0.499989 0.499989 2 3 5
670.312 0.499989 0.499989 2 3 5
670.812 0.499989 0.499989 2 3 5
671.312 0.499989 0.499989 2 3 5
671.812 0.49999 0.49999 2 3 5
672.312 0.49999 0.49999 2 3 5
672.812 0.49999 0.49999 2 3 5
673.312 0.49999 0.49999 2 3 5
673.812 0.49999 0.49999 2 3 5
674.312 0.49999 0.49999 2 3 5
674.812 0.49999 0.49999 2 3 5
675.312 0.49999 0.49999 2 3 5
675.812 0.49999 0.49999 2 3 5
676.312 0.49999 0.49999 2 3 5
676.812 0.499991 0.499991 2 3 5
677.312 0.499991 0.499991 2 3 5
677.812 0.499991 0.499991 2 3 5
678.312 0.499991 0.499991 2 3 5
678.812 0.499991 0.499991 2 3 5
679.312 0.499991 0.499991 2 3 5
679.812 0.499991 0.499991 2 3 5
93.9755 0.142857 0.142857 2 3 5
93.9355 0.142781 0.142781 2 3 5
93.8955 0.142705 0.142705 2 3 5
93.8155 0.142552 0.142552 2 3 5
93.6555 0.142248 0.142248 2 3 5
93.3356 0.141641 0.141641 2 3 5
92.8356 0.140696 0.140696 2 3 5
92.3357 0.139761 0.139761 2 3 5
91.8357 0.138834 0.138834 2 3 5
91.3358 0.137914 0.137914 2 3 5
90.8358 0.137001 0.137001 2 3 5
90.3359 0.136095 0.136095 2 3 5
89.8359 0.135196 0.135196 2 3 5
89.3359 0.134304 0.134304 2 3 5
88.836 0.133419 0.133419 2 3 5
88.336 0.132542 0.132542 2 3 5
87.8361 0.131671 0.131671 2 3 5
87.3361 0.130807 0.130807 2 3 5
86.8362 0.129951 0.129951 2 3 5
86.3362 0.129102 0.129102 2 3 5
85.8363 0.128259 0.128259 2 3 5
85.3363 0.127424 0.127424 2 3 5
84.8364 0.126596 0.126596 2 3 5
84.3364 0.125775 0.125775 2 3 5
83.8365 0.124961 0.124961 2 3 5
83.3365 0.124154 0.124154 2 3 5
82.8366 0.123355 0.123355 2 3 5
82.3366 0.122562 0.122562 2 3 5
81.8367 0.121777 0.121777 2 3 5
81.3367 0.120999 0.120999 2 3 5
80.8367 0.120227 0.120227 2 3 5
80.3368 0.119463 0.119463 2 3 5
79.8368 0.118706 0.118706 2 3 5
79.3369 0.117956 0.117956 2 3 5
78.8369 0.117213 0.117213 2 3 5
78.337 0.116477 0.116477 2 3 5
77.837 0.115747 0.115747 2 3 5
77.3371 0.115025 0.115025 2 3 5
76.8371 0.11431 0.11431 2 3 5
76.3371 0.113602 0.113602 2 3 5
75.8372 0.112901 0.112901 2 3 5
75.3372 0.112206 0.112206 2 3 5
74.8373 0.111518 0.111518 2 3 5
74.3373 0.110838 0.110838 2 3 5
73.8373 0.110164 0.110164 2 3 5
73.3374 0.109496 0.109496 2 3 5
72.8374 0.108836 0.108836 2 3 5
72.3374 0.108182 0.108182 2 3 5
71.8375 0.107535 0.107535 2 3 5
71.3375 0.106894 0.106894 2 3 5
70.8376 0.106261 0.106261 2 3 5
70.3376 0.105633 0.105633 2 3 5
69.8376 0.105012 0.105012 2 3 5
69.3377 0.104398 0.104398 2 3 5
68.8377 0.10379 0.10379 2 3 5
68.3377 0.103189 0.103189 2 3 5
67.8378 0.102594 0.102594 2 3 5
67.3378 0.102005 0.102005 2 3 5
66.8378 0.101423 0.101423 2 3 5
66.3378 0.100847 0.100847 2 3 5
65.8379 0.100277 0.100277 2 3 5
65.3379 0.099713 0.099713 2 3 5
64.8379 0.0991554 0.0991554 2 3 5
64.338 0.0986038 0.0986038 2 3 5
63.838 0.0980583 0.0980583 2 3 5
63.338 0.0975188 0.0975188 2 3 5
62.838 0.0969852 0.0969852 2 3 5
62.3381 0.0964575 0.0964575 2 3 5
61.8381 0.0959357 0.0959357 2 3 5
61.3381 0.0954196 0.0954196 2 3 5
60.8381 0.0949093 0.0949093 2 3 5
60.3382 0.0944047 0.0944047 2 3 5
59.8382 0.0939058 0.0939058 2 3 5
59.3382 0.0934124 0.0934124 2 3 5
58.8382 0.0929246 0.0929246 2 3 5
58.3382 0.0924423 0.0924423 2 3 5
57.8383 0.0919655 0.0919655 2 3 5
57.3383 0.0914941 0.0914941 2 3 5
56.8383 0.091028 0.091028 2 3 5
56.3383 0.0905672 0.0905672 2 3 5
55.8383 0.0901116 0.0901116 2 3 5
55.3384 0.0896613 0.0896613 2 3 5
54.8384 0.089216 0.089216 2 3 5
54.3384 0.0887759 0.0887759 2 3 5
53.8384 0.0883408 0.0883408 2 3 5
53.3384 0.0879108 0.0879108 2 3 5
52.8384 0.0874856 0.0874856 2 3 5
52.3385 0.0870653 0.0870653 2 3 5
51.8385 0.0866499 0.0866499 2 3 5
51.3385 0.0862392 0.0862392 2 3 5
50.8385 0.0858333 0.0858333 2 3 5
50.3385 0.0854321 0.0854321 2 3 5
49.8385 0.0850355 0.0850355 2 3 5
49.3385 0.0846434 0.0846434 2 3 5
48.8385 0.0842559 0.0842559 2 3 5
48.3386 0.0838729 0.0838729 2 3 5
47.8386 0.0834943 0.0834943 2 3 5
47.3386 0.08312 0.08312 2 3 5
46.8386 0.0827501 0.0827501 2 3 5
46.3386 0.0823845 0.0823845 2 3 5
45.8386 0.082023 0.082023 2 3 5
45.3386 0.0816658 0.0816658 2 3 5
44.8386 0.0813127 0.0813127 2 3 5
44.3386 0.0809636 0.0809636 2 3 5
43.8387 0.0806186 0.0806186 2 3 5
43.3387 0.0802776 0.0802776 2 3 5
42.8387 0.0799405 0.0799405 2 3 5
42.3387 0.0796073 0.0796073 2 3 5
41.8387 0.0792779 0.0792779 2 3 5
41.3387 0.0789523 0.0789523 2 3 5
40.8387 0.0786304 0.0786304 2 3 5
40.3387 0.0783123 0.0783123 2 3 5
39.8387 0.0779978 0.0779978 2 3 5
39.3387 0.0776869 0.0776869 2 3 5
38.8387 0.0773795 0.0773795 2 3 5
38.3388 0.0770757 0.0770757 2 3 5
37.8388 0.0767753 0.0767753 2 3 5
37.3388 0.0764784 0.0764784 2 3 5
36.8388 0.0761849 0.0761849 2 3 5
36.3388 0.0758947 0.0758947 2 3 5
35.8388 0.0756078 0.0756078 2 3 5
35.3388 0.0753241 0.0753241 2 3 5
34.8388 0.0750437 0.0750437 2 3 5
34.3388 0.0747664 0.0747664 2 3 5
33.8388 0.0744922 0.0744922 2 3 5
33.3389 0.0742212 0.0742212 2 3 5
32.8389 0.0739532 0.0739532 2 3 5
32.3389 0.0736882 0.0736882 2 3 5
31.8389 0.0734262 0.0734262 2 3 5
31.3389 0.0731671 0.0731671 2 3 5
30.8389 0.0729109 0.0729109 2 3 5
30.3389 0.0726576 0.0726576 2 3 5
29.8389 0.0724071 0.0724071 2 3 5
29.339 0.0721593 0.0721593 2 3 5
28.839 0.0719143 0.0719143 2 3 5
28.339 0.071672 0.071672 2 3 5
27.839 0.0714324 0.0714324 2 3 5
27.339 0.0711955 0.0711955 2 3 5
26.8391 0.0709611 0.0709611 2 3 5
26.3391 0.0707293 0.0707293 2 3 5
25.8391 0.0705 0.0705 2 3 5
25.3391 0.0702733 0.0702733 2 3 5
24.8392 0.070049 0.070049 2 3 5
24.3392 0.0698271 0.0698271 2 3 5
23.8392 0.0696076 0.0696076 2 3 5
23.3393 0.0693905 0.0693905 2 3 5
22.8393 0.0691758 0.0691758 2 3 5
22.3394 0.0689656 0.0689656 2 3 5
21.8394 0.0687554 0.0687554 2 3 5
21.3395 0.0685475 0.0685475 2 3 5
20.8395 0.0683418 0.0683418 2 3 5
20.3396 0.0681382 0.0681382 2 3 5
19.8396 0.0679368 0.0679368 2 3 5
19.3397 0.0677376 0.0677376 2 3 5
18.8398 0.0675404 0.0675404 2 3 5
18.3399 0.0673453 0.0673453 2 3 5
17.84 0.0671523 0.0671523 2 3 5
17.3401 0.0669613 0.0669613 2 3 5
16.8402 0.0667723 0.0667723 2 3 5
16.3403 0.0665852 0.0665852 2 3 5
15.8405 0.0664001 0.0664001 2 3 5
15.3406 0.0662169 0.0662169 2 3 5
14.8408 0.0660357 0.0660357 2 3 5
14.3409 0.0658562 0.0658562 2 3 5
13.8411 0.0656786 0.0656786 2 3 5
13.3414 0.0655029 0.0655029 2 3 5
12.8416 0.0653289 0.0653289 2 3 5
12.3419 0.0651567 0.0651567 2 3 5
11.8422 0.0649863 0.0649863 2 3 5
11.3425 0.0648175 0.0648175 2 3 5
10.8429 0.0646505 0.0646505 2 3 5
10.3433 0.0644852 0.0644852 2 3 5
9.84373 0.0643216 0.0643216 2 3 5
9.34423 0.0641595 0.0641595 2 3 5
8.84478 0.0639992 0.0639992 2 3 5
8.34539 0.0638404 0.0638404 2 3 5
7.84606 0.0636832 0.0636832 2 3 5
7.34681 0.0635275 0.0635275 2 3 5
6.84764 0.0633735 0.0633735 2 3 5
6.34855 0.0632209 0.0632209 2 3 5
5.84955 0.0630699 0.0630699 2 3 5
5.35066 0.0629203 0.0629203 2 3 5
4.85187 0.0627722 0.0627722 2 3 5
4.3532 0.0626256 0.0626256 2 3 5
3.85464 0.0624804 0.0624804 2 3 5
3.3562 0.0623367 0.0623367 2 3 5
2.85788 0.0621943 0.0621943 2 3 5
2.35968 0.0620534 0.0620534 2 3 5
1.8616 0.0619138 0.0619138 2 3 5
1.36362 0.0617755 0.0617755 2 3 5
0.865746 0.0616386 0.0616386 2 3 5
0.367952 0.0615029 0.0615029 2 3 5
-0.129776 0.0613686 0.0613686 2 3 5
