93.9755 0.142857 0.142857 2 3 5
94.0155 0.142963 0.142963 2 3 5
94.0555 0.143071 0.143071 2 3 5
94.1355 0.143284 0.143284 2 3 5
94.2955 0.143713 0.143713 2 3 5
94.6155 0.144573 0.144573 2 3 5
95.1155 0.145929 0.145929 2 3 5
95.6155 0.147308 0.147308 2 3 5
96.1154 0.148706 0.148706 2 3 5
96.6154 0.150123 0.150123 2 3 5
97.1154 0.151556 0.151556 2 3 5
97.6154 0.153008 0.153008 2 3 5
98.1154 0.154478 0.154478 2 3 5
98.6154 0.155966 0.155966 2 3 5
99.1153 0.157472 0.157472 2 3 5
99.6153 0.158997 0.158997 2 3 5
100.115 0.160541 0.160541 2 3 5
100.615 0.162104 0.162104 2 3 5
101.115 0.163686 0.163686 2 3 5
101.615 0.165287 0.165287 2 3 5
102.115 0.166907 0.166907 2 3 5
102.615 0.168548 0.168548 2 3 5
103.115 0.170208 0.170208 2 3 5
103.615 0.171889 0.171889 2 3 5
104.115 0.17359 0.17359 2 3 5
104.615 0.175311 0.175311 2 3 5
105.115 0.177053 0.177053 2 3 5
105.615 0.178816 0.178816 2 3 5
106.115 0.180601 0.180601 2 3 5
106.615 0.182406 0.182406 2 3 5
107.115 0.184233 0.184233 2 3 5
107.615 0.186082 0.186082 2 3 5
108.115 0.187953 0.187953 2 3 5
108.615 0.189847 0.189847 2 3 5
109.115 0.191762 0.191762 2 3 5
109.615 0.1937 0.1937 2 3 5
110.115 0.195662 0.195662 2 3 5
110.615 0.197646 0.197646 2 3 5
111.115 0.199654 0.199654 2 3 5
111.615 0.201685 0.201685 2 3 5
112.115 0.20374 0.20374 2 3 5
112.615 0.205819 0.205819 2 3 5
113.115 0.207922 0.207922 2 3 5
113.615 0.21005 0.21005 2 3 5
114.115 0.212202 0.212202 2 3 5
114.615 0.21438 0.21438 2 3 5
115.115 0.216582 0.216582 2 3 5
115.615 0.218811 0.218811 2 3 5
116.115 0.221065 0.221065 2 3 5
116.615 0.223345 0.223345 2 3 5
117.115 0.225651 0.225651 2 3 5
117.615 0.227983 0.227983 2 3 5
118.115 0.230343 0.230343 2 3 5
118.615 0.232729 0.232729 2 3 5
119.115 0.235143 0.235143 2 3 5
119.615 0.237584 0.237584 2 3 5
120.115 0.240053 0.240053 2 3 5
120.615 0.24255 0.24255 2 3 5
121.115 0.245076 0.245076 2 3 5
121.615 0.24763 0.24763 2 3 5
122.115 0.250213 0.250213 2 3 5
122.615 0.252825 0.252825 2 3 5
123.115 0.255467 0.255467 2 3 5
123.615 0.258138 0.258138 2 3 5
124.114 0.26084 0.26084 2 3 5
124.614 0.263572 0.263572 2 3 5
125.114 0.266334 0.266334 2 3 5
125.614 0.269128 0.269128 2 3 5
126.114 0.271952 0.271952 2 3 5
126.614 0.274809 0.274809 2 3 5
127.114 0.277697 0.277697 2 3 5
127.614 0.280617 0.280617 2 3 5
128.114 0.28357 0.28357 2 3 5
128.614 0.286556 0.286556 2 3 5
129.114 0.289575 0.289575 2 3 5
129.614 0.292627 0.292627 2 3 5
130.114 0.295713 0.295713 2 3 5
130.614 0.298834 0.298834 2 3 5
131.114 0.301989 0.301989 2 3 5
131.614 0.305178 0.305178 2 3 5
132.114 0.308403 0.308403 2 3 5
132.614 0.311663 0.311663 2 3 5
133.114 0.314959 0.314959 2 3 5
133.614 0.318291 0.318291 2 3 5
134.114 0.32166 0.32166 2 3 5
134.614 0.325066 0.325066 2 3 5
135.114 0.328509 0.328509 2 3 5
135.614 0.331989 0.331989 2 3 5
136.114 0.335508 0.335508 2 3 5
136.614 0.339065 0.339065 2 3 5
137.114 0.342661 0.342661 2 3 5
137.614 0.346296 0.346296 2 3 5
138.114 0.34997 0.34997 2 3 5
138.614 0.353684 0.353684 2 3 5
139.114 0.357439 0.357439 2 3 5
139.614 0.361235 0.361235 2 3 5
140.114 0.365071 0.365071 2 3 5
140.614 0.368949 0.368949 2 3 5
141.114 0.372869 0.372869 2 3 5
141.614 0.376831 0.376831 2 3 5
142.114 0.380836 0.380836 2 3 5
142.614 0.384885 0.384885 2 3 5
143.114 0.388977 0.388977 2 3 5
143.614 0.393113 0.393113 2 3 5
144.114 0.397293 0.397293 2 3 5
144.614 0.401518 0.401518 2 3 5
145.114 0.405789 0.405789 2 3 5
145.614 0.410106 0.410106 2 3 5
146.114 0.414468 0.414468 2 3 5
146.614 0.418878 0.418878 2 3 5
147.114 0.423335 0.423335 2 3 5
147.614 0.427839 0.427839 2 3 5
148.114 0.432391 0.432391 2 3 5
148.613 0.436992 0.436992 2 3 5
149.113 0.441643 0.441643 2 3 5
149.613 0.446342 0.446342 2 3 5
150.113 0.451092 0.451092 2 3 5
150.613 0.455893 0.455893 2 3 5
151.113 0.460744 0.460744 2 3 5
151.613 0.465647 0.465647 2 3 5
152.113 0.470602 0.470602 2 3 5
152.613 0.47561 0.47561 2 3 5
153.113 0.480671 0.480671 2 3 5
153.613 0.485786 0.485786 2 3 5
154.113 0.490954 0.490954 2 3 5
154.613 0.496178 0.496178 2 3 5
155.113 0.501456 0.501456 2 3 5
155.613 0.506791 0.506791 2 3 5
156.113 0.512182 0.512182 2 3 5
156.613 0.51763 0.51763 2 3 5
157.113 0.523135 0.523135 2 3 5
157.613 0.528699 0.528699 2 3 5
158.113 0.534321 0.534321 2 3 5
158.613 0.540002 0.540002 2 3 5
159.113 0.545743 0.545743 2 3 5
159.613 0.551545 0.551545 2 3 5
160.113 0.557408 0.557408 2 3 5
160.613 0.563332 0.563332 2 3 5
161.113 0.569318 0.569318 2 3 5
161.613 0.575368 0.575368 2 3 5
162.113 0.581481 0.581481 2 3 5
162.613 0.587658 0.587658 2 3 5
163.113 0.5939 0.5939 2 3 5
163.612 0.600207 0.600207 2 3 5
164.112 0.60658 0.60658 2 3 5
164.612 0.61302 0.61302 2 3 5
165.112 0.619528 0.619528 2 3 5
165.612 0.626103 0.626103 2 3 5
166.112 0.632747 0.632747 2 3 5
166.612 0.639461 0.639461 2 3 5
167.112 0.646245 0.646245 2 3 5
167.612 0.653099 0.653099 2 3 5
168.112 0.660026 0.660026 2 3 5
168.612 0.667024 0.667024 2 3 5
169.112 0.674095 0.674095 2 3 5
169.612 0.681241 0.681241 2 3 5
170.112 0.68846 0.68846 2 3 5
170.612 0.695755 0.695755 2 3 5
171.112 0.703125 0.703125 2 3 5
171.612 0.710573 0.710573 2 3 5
172.112 0.718097 0.718097 2 3 5
172.612 0.7257 0.7257 2 3 5
173.111 0.733382 0.733382 2 3 5
173.611 0.741144 0.741144 2 3 5
174.111 0.748987 0.748987 2 3 5
174.611 0.756911 0.756911 2 3 5
175.111 0.764917 0.764917 2 3 5
175.611 0.773006 0.773006 2 3 5
176.111 0.781179 0.781179 2 3 5
176.611 0.789436 0.789436 2 3 5
177.111 0.797779 0.797779 2 3 5
177.611 0.806209 0.806209 2 3 5
178.111 0.814726 0.814726 2 3 5
178.611 0.823331 0.823331 2 3 5
179.111 0.832025 0.832025 2 3 5
179.611 0.840809 0.840809 2 3 5
180.111 0.849684 0.849684 2 3 5
180.61 0.858651 0.858651 2 3 5
181.11 0.86771 0.86771 2 3 5
181.61 0.876863 0.876863 2 3 5
182.11 0.88611 0.88611 2 3 5
182.61 0.895453 0.895453 2 3 5
183.11 0.904892 0.904892 2 3 5
183.61 0.914428 0.914428 2 3 5
184.11 0.924063 0.924063 2 3 5
184.61 0.933797 0.933797 2 3 5
185.11 0.943632 0.943632 2 3 5
185.61 0.953568 0.953568 2 3 5
186.109 0.963606 0.963606 2 3 5
186.609 0.973748 0.973748 2 3 5
187.109 0.983994 0.983994 2 3 5
187.609 0.994345 0.994345 2 3 5
188.109 1.0048 1.0048 2 3 5
188.609 1.01537 1.01537 2 3 5
189.109 1.02604 1.02604 2 3 5
189.609 1.03683 1.03683 2 3 5
190.109 1.04772 1.04772 2 3 5
190.608 1.05873 1.05873 2 3 5
191.108 1.06985 1.06985 2 3 5
191.608 1.08108 1.08108 2 3 5
191.608 1.08108 1.08108 2 3 5
191.648 1.0821 1.0821 2 3 5
191.688 1.083 1.083 2 3 5
191.768 1.08481 1.08481 2 3 5
191.928 1.08844 1.08844 2 3 5
192.248 1.09571 1.09571 2 3 5
192.748 1.10715 1.10715 2 3 5
193.248 1.11875 1.11875 2 3 5
193.748 1.13048 1.13048 2 3 5
194.247 1.14234 1.14234 2 3 5
194.747 1.15431 1.15431 2 3 5
195.247 1.16642 1.16642 2 3 5
195.747 1.17864 1.17864 2 3 5
196.247 1.19099 1.19099 2 3 5
196.747 1.20347 1.20347 2 3 5
197.247 1.21607 1.21607 2 3 5
197.746 1.2288 1.2288 2 3 5
198.246 1.24167 1.24167 2 3 5
198.746 1.25466 1.25466 2 3 5
199.246 1.26779 1.26779 2 3 5
199.746 1.28105 1.28105 2 3 5
200.245 1.29445 1.29445 2 3 5
200.745 1.30798 1.30798 2 3 5
201.245 1.32166 1.32166 2 3 5
201.745 1.33547 1.33547 2 3 5
202.245 1.34943 1.34943 2 3 5
202.745 1.36352 1.36352 2 3 5
203.244 1.37776 1.37776 2 3 5
203.744 1.39215 1.39215 2 3 5
204.244 1.40668 1.40668 2 3 5
204.744 1.42136 1.42136 2 3 5
205.243 1.4362 1.4362 2 3 5
205.743 1.45118 1.45118 2 3 5
206.243 1.46631 1.46631 2 3 5
206.743 1.4816 1.4816 2 3 5
207.243 1.49705 1.49705 2 3 5
207.742 1.51265 1.51265 2 3 5
208.242 1.52841 1.52841 2 3 5
208.742 1.54434 1.54434 2 3 5
209.242 1.56042 1.56042 2 3 5
209.741 1.57667 1.57667 2 3 5
210.241 1.59309 1.59309 2 3 5
210.741 1.60967 1.60967 2 3 5
211.24 1.62642 1.62642 2 3 5
211.74 1.64334 1.64334 2 3 5
212.24 1.66043 1.66043 2 3 5
212.74 1.6777 1.6777 2 3 5
213.239 1.69514 1.69514 2 3 5
213.739 1.71276 1.71276 2 3 5
214.239 1.73056 1.73056 2 3 5
214.738 1.74854 1.74854 2 3 5
215.238 1.76671 1.76671 2 3 5
215.738 1.78506 1.78506 2 3 5
216.237 1.80359 1.80359 2 3 5
216.737 1.82231 1.82231 2 3 5
217.237 1.84123 1.84123 2 3 5
217.736 1.86033 1.86033 2 3 5
218.236 1.87963 1.87963 2 3 5
218.735 1.89913 1.89913 2 3 5
219.235 1.91882 1.91882 2 3 5
219.735 1.93871 1.93871 2 3 5
220.234 1.95881 1.95881 2 3 5
220.734 1.97911 1.97911 2 3 5
221.233 1.99961 1.99961 2 3 5
221.733 2.02032 2.02032 2 3 5
222.233 2.04125 2.04125 2 3 5
222.732 2.06238 2.06238 2 3 5
223.232 2.08373 2.08373 2 3 5
223.731 2.1053 2.1053 2 3 5
224.231 2.12708 2.12708 2 3 5
224.73 2.14909 2.14909 2 3 5
225.23 2.17131 2.17131 2 3 5
225.729 2.19377 2.19377 2 3 5
226.229 2.21645 2.21645 2 3 5
226.728 2.23936 2.23936 2 3 5
227.228 2.2625 2.2625 2 3 5
227.727 2.28588 2.28588 2 3 5
228.227 2.30949 2.30949 2 3 5
228.726 2.33334 2.33334 2 3 5
229.225 2.35744 2.35744 2 3 5
229.725 2.38177 2.38177 2 3 5
230.224 2.40636 2.40636 2 3 5
230.724 2.43119 2.43119 2 3 5
231.223 2.45627 2.45627 2 3 5
231.722 2.48161 2.48161 2 3 5
232.222 2.5072 2.5072 2 3 5
232.721 2.53305 2.53305 2 3 5
233.22 2.55916 2.55916 2 3 5
233.72 2.58554 2.58554 2 3 5
234.219 2.61218 2.61218 2 3 5
234.718 2.63909 2.63909 2 3 5
235.217 2.66627 2.66627 2 3 5
235.717 2.69373 2.69373 2 3 5
236.216 2.72147 2.72147 2 3 5
236.715 2.74948 2.74948 2 3 5
237.214 2.77778 2.77778 2 3 5
237.714 2.80636 2.80636 2 3 5
238.213 2.83523 2.83523 2 3 5
238.712 2.86439 2.86439 2 3 5
239.211 2.89385 2.89385 2 3 5
239.71 2.9236 2.9236 2 3 5
240.209 2.95365 2.95365 2 3 5
240.708 2.98401 2.98401 2 3 5
241.207 3.01467 3.01467 2 3 5
241.706 3.04564 3.04564 2 3 5
242.205 3.07692 3.07692 2 3 5
242.704 3.10852 3.10852 2 3 5
243.203 3.14043 3.14043 2 3 5
243.702 3.17267 3.17267 2 3 5
244.201 3.20523 3.20523 2 3 5
244.7 3.23812 3.23812 2 3 5
245.199 3.27134 3.27134 2 3 5
245.698 3.30489 3.30489 2 3 5
246.197 3.33878 3.33878 2 3 5
246.696 3.37301 3.37301 2 3 5
247.194 3.40758 3.40758 2 3 5
247.693 3.4425 3.4425 2 3 5
248.192 3.47778 3.47778 2 3 5
248.691 3.5134 3.5134 2 3 5
249.189 3.54939 3.54939 2 3 5
249.688 3.58573 3.58573 2 3 5
250.187 3.62245 3.62245 2 3 5
250.685 3.65952 3.65952 2 3 5
251.184 3.69697 3.69697 2 3 5
251.683 3.7348 3.7348 2 3 5
252.181 3.77301 3.77301 2 3 5
252.68 3.8116 3.8116 2 3 5
253.178 3.85057 3.85057 2 3 5
253.676 3.88994 3.88994 2 3 5
254.175 3.9297 3.9297 2 3 5
254.673 3.96986 3.96986 2 3 5
255.172 4.01042 4.01042 2 3 5
255.67 4.05138 4.05138 2 3 5
256.168 4.09276 4.09276 2 3 5
256.667 4.13455 4.13455 2 3 5
257.165 4.17676 4.17676 2 3 5
257.663 4.21939 4.21939 2 3 5
258.161 4.26244 4.26244 2 3 5
258.659 4.30593 4.30593 2 3 5
259.157 4.34985 4.34985 2 3 5
259.655 4.39421 4.39421 2 3 5
260.153 4.43901 4.43901 2 3 5
260.651 4.48426 4.48426 2 3 5
261.149 4.52996 4.52996 2 3 5
261.647 4.57612 4.57612 2 3 5
262.145 4.62274 4.62274 2 3 5
262.643 4.66982 4.66982 2 3 5
263.14 4.71737 4.71737 2 3 5
263.638 4.76539 4.76539 2 3 5
264.136 4.8139 4.8139 2 3 5
264.633 4.86288 4.86288 2 3 5
265.131 4.91236 4.91236 2 3 5
265.628 4.96232 4.96232 2 3 5
266.126 5.01279 5.01279 2 3 5
266.623 5.06375 5.06375 2 3 5
267.12 5.11522 5.11522 2 3 5
267.618 5.1672 5.1672 2 3 5
268.115 5.2197 5.2197 2 3 5
268.612 5.27272 5.27272 2 3 5
269.109 5.32627 5.32627 2 3 5
269.606 5.38034 5.38034 2 3 5
270.103 5.43496 5.43496 2 3 5
270.6 5.49011 5.49011 2 3 5
271.097 5.54581 5.54581 2 3 5
271.594 5.60207 5.60207 2 3 5
272.091 5.65888 5.65888 2 3 5
272.587 5.71625 5.71625 2 3 5
273.084 5.77419 5.77419 2 3 5
273.581 5.8327 5.8327 2 3 5
274.077 5.89179 5.89179 2 3 5
274.574 5.95146 5.95146 2 3 5
275.07 6.01173 6.01173 2 3 5
275.566 6.07258 6.07258 2 3 5
276.062 6.13404 6.13404 2 3 5
276.559 6.19611 6.19611 2 3 5
277.055 6.25878 6.25878 2 3 5
277.551 6.32207 6.32207 2 3 5
278.047 6.38599 6.38599 2 3 5
278.542 6.45053 6.45053 2 3 5
279.038 6.51571 6.51571 2 3 5
279.534 6.58153 6.58153 2 3 5
280.029 6.648 6.648 2 3 5
280.525 6.71512 6.71512 2 3 5
281.02 6.78289 6.78289 2 3 5
281.515 6.85134 6.85134 2 3 5
282.011 6.92045 6.92045 2 3 5
282.506 6.99024 6.99024 2 3 5
283.001 7.06071 7.06071 2 3 5
283.496 7.13187 7.13187 2 3 5
283.991 7.20373 7.20373 2 3 5
284.485 7.27629 7.27629 2 3 5
284.98 7.34955 7.34955 2 3 5
285.474 7.42354 7.42354 2 3 5
285.969 7.49824 7.49824 2 3 5
286.463 7.57367 7.57367 2 3 5
286.957 7.64984 7.64984 2 3 5
287.451 7.72674 7.72674 2 3 5
287.945 7.8044 7.8044 2 3 5
288.439 7.88281 7.88281 2 3 5
288.933 7.96198 7.96198 2 3 5
288.933 7.96198 7.96198 2 3 5
288.972 7.9691 7.9691 2 3 5
289.012 7.97547 7.97547 2 3 5
289.09 7.98822 7.98822 2 3 5
289.248 8.01375 8.01375 2 3 5
289.564 8.06497 8.06497 2 3 5
290.058 8.1455 8.1455 2 3 5
290.551 8.22708 8.22708 2 3 5
291.044 8.30958 8.30958 2 3 5
291.537 8.39288 8.39288 2 3 5
292.03 8.47699 8.47699 2 3 5
292.523 8.56191 8.56191 2 3 5
293.015 8.64764 8.64764 2 3 5
293.508 8.7342 8.7342 2 3 5
294 8.8216 8.8216 2 3 5
294.492 8.90983 8.90983 2 3 5
294.984 8.99891 8.99891 2 3 5
295.476 9.08885 9.08885 2 3 5
295.968 9.17965 9.17965 2 3 5
296.459 9.27132 9.27132 2 3 5
296.951 9.36386 9.36386 2 3 5
297.442 9.45729 9.45729 2 3 5
297.933 9.55161 9.55161 2 3 5
298.424 9.64683 9.64683 2 3 5
298.915 9.74296 9.74296 2 3 5
299.405 9.84 9.84 2 3 5
299.895 9.93797 9.93797 2 3 5
300.385 10.0369 10.0369 2 3 5
300.875 10.1367 10.1367 2 3 5
301.365 10.2375 10.2375 2 3 5
301.855 10.3392 10.3392 2 3 5
302.344 10.4419 10.4419 2 3 5
302.833 10.5456 10.5456 2 3 5
303.322 10.6502 10.6502 2 3 5
303.811 10.7558 10.7558 2 3 5
304.299 10.8624 10.8624 2 3 5
304.788 10.97 10.97 2 3 5
305.276 11.0787 11.0787 2 3 5
305.764 11.1883 11.1883 2 3 5
306.251 11.299 11.299 2 3 5
306.738 11.4107 11.4107 2 3 5
307.226 11.5234 11.5234 2 3 5
307.712 11.6372 11.6372 2 3 5
308.199 11.752 11.752 2 3 5
308.686 11.8679 11.8679 2 3 5
309.172 11.9849 11.9849 2 3 5
309.658 12.103 12.103 2 3 5
310.143 12.2221 12.2221 2 3 5
310.628 12.3424 12.3424 2 3 5
311.113 12.4637 12.4637 2 3 5
311.598 12.5862 12.5862 2 3 5
312.083 12.7098 12.7098 2 3 5
312.567 12.8345 12.8345 2 3 5
313.051 12.9604 12.9604 2 3 5
313.534 13.0874 13.0874 2 3 5
314.018 13.2156 13.2156 2 3 5
314.501 13.3449 13.3449 2 3 5
314.983 13.4754 13.4754 2 3 5
315.466 13.6071 13.6071 2 3 5
315.948 13.74 13.74 2 3 5
316.429 13.874 13.874 2 3 5
316.911 14.0093 14.0093 2 3 5
317.392 14.1458 14.1458 2 3 5
317.873 14.2835 14.2835 2 3 5
318.353 14.4224 14.4224 2 3 5
318.833 14.5626 14.5626 2 3 5
319.312 14.704 14.704 2 3 5
319.792 14.8467 14.8467 2 3 5
320.27 14.9906 14.9906 2 3 5
320.749 15.1358 15.1358 2 3 5
321.227 15.2823 15.2823 2 3 5
321.705 15.4301 15.4301 2 3 5
322.182 15.5792 15.5792 2 3 5
322.659 15.7295 15.7295 2 3 5
323.135 15.8812 15.8812 2 3 5
323.611 16.0342 16.0342 2 3 5
324.087 16.1885 16.1885 2 3 5
324.562 16.3442 16.3442 2 3 5
325.037 16.5012 16.5012 2 3 5
325.511 16.6595 16.6595 2 3 5
325.985 16.8192 16.8192 2 3 5
326.458 16.9803 16.9803 2 3 5
326.931 17.1428 17.1428 2 3 5
327.403 17.3066 17.3066 2 3 5
327.875 17.4718 17.4718 2 3 5
328.347 17.6384 17.6384 2 3 5
328.818 17.8064 17.8064 2 3 5
329.288 17.9758 17.9758 2 3 5
329.758 18.1467 18.1467 2 3 5
330.227 18.3189 18.3189 2 3 5
330.696 18.4926 18.4926 2 3 5
331.165 18.6677 18.6677 2 3 5
331.632 18.8443 18.8443 2 3 5
332.1 19.0223 19.0223 2 3 5
332.566 19.2018 19.2018 2 3 5
333.033 19.3828 19.3828 2 3 5
333.498 19.5652 19.5652 2 3 5
333.963 19.7491 19.7491 2 3 5
334.427 19.9345 19.9345 2 3 5
334.891 20.1213 20.1213 2 3 5
335.354 20.3097 20.3097 2 3 5
335.817 20.4995 20.4995 2 3 5
336.279 20.6909 20.6909 2 3 5
336.74 20.8838 20.8838 2 3 5
337.201 21.0782 21.0782 2 3 5
337.661 21.2742 21.2742 2 3 5
338.12 21.4716 21.4716 2 3 5
338.579 21.6706 21.6706 2 3 5
339.037 21.8712 21.8712 2 3 5
339.494 22.0732 22.0732 2 3 5
339.951 22.2769 22.2769 2 3 5
340.407 22.4821 22.4821 2 3 5
340.862 22.6888 22.6888 2 3 5
341.317 22.8971 22.8971 2 3 5
341.771 23.107 23.107 2 3 5
342.224 23.3185 23.3185 2 3 5
342.676 23.5315 23.5315 2 3 5
343.128 23.7461 23.7461 2 3 5
343.578 23.9623 23.9623 2 3 5
344.029 24.1801 24.1801 2 3 5
344.478 24.3995 24.3995 2 3 5
344.926 24.6205 24.6205 2 3 5
345.374 24.8431 24.8431 2 3 5
345.821 25.0672 25.0672 2 3 5
346.267 25.293 25.293 2 3 5
346.712 25.5204 25.5204 2 3 5
347.157 25.7494 25.7494 2 3 5
347.601 25.98 25.98 2 3 5
348.043 26.2122 26.2122 2 3 5
348.485 26.4461 26.4461 2 3 5
348.927 26.6815 26.6815 2 3 5
349.367 26.9186 26.9186 2 3 5
349.806 27.1573 27.1573 2 3 5
350.245 27.3976 27.3976 2 3 5
350.682 27.6396 27.6396 2 3 5
351.119 27.8831 27.8831 2 3 5
351.555 28.1283 28.1283 2 3 5
351.989 28.3751 28.3751 2 3 5
352.423 28.6236 28.6236 2 3 5
352.856 28.8736 28.8736 2 3 5
353.288 29.1253 29.1253 2 3 5
353.719 29.3786 29.3786 2 3 5
354.15 29.6336 29.6336 2 3 5
354.579 29.8901 29.8901 2 3 5
355.007 30.1483 30.1483 2 3 5
355.434 30.4081 30.4081 2 3 5
355.86 30.6696 30.6696 2 3 5
356.286 30.9326 30.9326 2 3 5
356.71 31.1973 31.1973 2 3 5
357.133 31.4636 31.4636 2 3 5
357.555 31.7315 31.7315 2 3 5
357.976 32.001 32.001 2 3 5
358.397 32.2721 32.2721 2 3 5
358.816 32.5448 32.5448 2 3 5
359.234 32.8192 32.8192 2 3 5
359.651 33.0951 33.0951 2 3 5
360.067 33.3727 33.3727 2 3 5
360.481 33.6518 33.6518 2 3 5
360.895 33.9325 33.9325 2 3 5
361.308 34.2149 34.2149 2 3 5
361.719 34.4988 34.4988 2 3 5
362.13 34.7843 34.7843 2 3 5
362.539 35.0713 35.0713 2 3 5
362.948 35.36 35.36 2 3 5
363.355 35.6502 35.6502 2 3 5
363.761 35.942 35.942 2 3 5
364.166 36.2353 36.2353 2 3 5
364.569 36.5302 36.5302 2 3 5
364.972 36.8267 36.8267 2 3 5
365.374 37.1247 37.1247 2 3 5
365.774 37.4242 37.4242 2 3 5
366.173 37.7253 37.7253 2 3 5
366.571 38.0279 38.0279 2 3 5
366.968 38.332 38.332 2 3 5
367.364 38.6377 38.6377 2 3 5
367.758 38.9449 38.9449 2 3 5
368.152 39.2535 39.2535 2 3 5
368.544 39.5637 39.5637 2 3 5
368.935 39.8754 39.8754 2 3 5
369.325 40.1885 40.1885 2 3 5
369.713 40.5032 40.5032 2 3 5
370.101 40.8193 40.8193 2 3 5
370.487 41.1369 41.1369 2 3 5
370.872 41.4559 41.4559 2 3 5
371.256 41.7764 41.7764 2 3 5
371.638 42.0983 42.0983 2 3 5
372.02 42.4217 42.4217 2 3 5
372.4 42.7465 42.7465 2 3 5
372.779 43.0728 43.0728 2 3 5
373.156 43.4004 43.4004 2 3 5
373.533 43.7295 43.7295 2 3 5
373.908 44.0599 44.0599 2 3 5
374.282 44.3918 44.3918 2 3 5
374.655 44.725 44.725 2 3 5
375.026 45.0597 45.0597 2 3 5
375.397 45.3957 45.3957 2 3 5
375.766 45.733 45.733 2 3 5
376.134 46.0717 46.0717 2 3 5
376.5 46.4118 46.4118 2 3 5
376.865 46.7532 46.7532 2 3 5
376.864 46.7532 46.7532 2 3 5
376.893 46.7819 46.7819 2 3 5
376.923 46.8092 46.8092 2 3 5
376.981 46.864 46.864 2 3 5
377.098 46.9736 46.9736 2 3 5
377.33 47.193 47.193 2 3 5
377.694 47.5367 47.5367 2 3 5
378.055 47.8822 47.8822 2 3 5
378.415 48.2292 48.2292 2 3 5
378.774 48.5775 48.5775 2 3 5
379.131 48.9271 48.9271 2 3 5
379.487 49.2779 49.2779 2 3 5
379.842 49.6301 49.6301 2 3 5
380.196 49.9834 49.9834 2 3 5
380.549 50.3381 50.3381 2 3 5
380.9 50.6939 50.6939 2 3 5
381.25 51.051 51.051 2 3 5
381.599 51.4094 51.4094 2 3 5
381.946 51.7689 51.7689 2 3 5
382.292 52.1296 52.1296 2 3 5
382.637 52.4915 52.4915 2 3 5
382.981 52.8547 52.8547 2 3 5
383.324 53.2189 53.2189 2 3 5
383.665 53.5844 53.5844 2 3 5
384.005 53.951 53.951 2 3 5
384.344 54.3188 54.3188 2 3 5
384.681 54.6877 54.6877 2 3 5
385.017 55.0577 55.0577 2 3 5
385.352 55.4289 55.4289 2 3 5
385.686 55.8011 55.8011 2 3 5
386.019 56.1745 56.1745 2 3 5
386.35 56.549 56.549 2 3 5
386.68 56.9245 56.9245 2 3 5
387.009 57.3011 57.3011 2 3 5
387.337 57.6788 57.6788 2 3 5
387.663 58.0576 58.0576 2 3 5
387.988 58.4374 58.4374 2 3 5
388.312 58.8182 58.8182 2 3 5
388.635 59.2001 59.2001 2 3 5
388.957 59.583 59.583 2 3 5
389.277 59.9669 59.9669 2 3 5
389.596 60.3518 60.3518 2 3 5
389.914 60.7377 60.7377 2 3 5
390.231 61.1246 61.1246 2 3 5
390.546 61.5125 61.5125 2 3 5
390.861 61.9014 61.9014 2 3 5
391.174 62.2912 62.2912 2 3 5
391.486 62.682 62.682 2 3 5
391.797 63.0737 63.0737 2 3 5
392.106 63.4663 63.4663 2 3 5
392.415 63.8599 63.8599 2 3 5
392.722 64.2544 64.2544 2 3 5
393.028 64.6498 64.6498 2 3 5
393.333 65.0461 65.0461 2 3 5
393.636 65.4433 65.4433 2 3 5
393.939 65.8414 65.8414 2 3 5
394.24 66.2404 66.2404 2 3 5
394.54 66.6402 66.6402 2 3 5
394.84 67.0409 67.0409 2 3 5
395.137 67.4425 67.4425 2 3 5
395.434 67.8449 67.8449 2 3 5
395.73 68.2481 68.2481 2 3 5
396.024 68.6522 68.6522 2 3 5
396.318 69.0571 69.0571 2 3 5
396.61 69.4628 69.4628 2 3 5
396.901 69.8693 69.8693 2 3 5
397.191 70.2766 70.2766 2 3 5
397.48 70.6847 70.6847 2 3 5
397.768 71.0936 71.0936 2 3 5
398.054 71.5033 71.5033 2 3 5
398.34 71.9137 71.9137 2 3 5
398.625 72.3249 72.3249 2 3 5
398.908 72.7369 72.7369 2 3 5
399.19 73.1496 73.1496 2 3 5
399.471 73.563 73.563 2 3 5
399.752 73.9771 73.9771 2 3 5
400.031 74.392 74.392 2 3 5
400.309 74.8076 74.8076 2 3 5
400.586 75.224 75.224 2 3 5
400.861 75.641 75.641 2 3 5
401.136 76.0587 76.0587 2 3 5
401.41 76.4771 76.4771 2 3 5
401.683 76.8962 76.8962 2 3 5
401.954 77.316 77.316 2 3 5
402.225 77.7364 77.7364 2 3 5
402.494 78.1575 78.1575 2 3 5
402.763 78.5793 78.5793 2 3 5
403.031 79.0017 79.0017 2 3 5
403.297 79.4247 79.4247 2 3 5
403.563 79.8484 79.8484 2 3 5
403.827 80.2728 80.2728 2 3 5
404.091 80.6977 80.6977 2 3 5
404.353 81.1233 81.1233 2 3 5
404.615 81.5495 81.5495 2 3 5
404.875 81.9762 81.9762 2 3 5
405.135 82.4036 82.4036 2 3 5
405.393 82.8316 82.8316 2 3 5
405.651 83.2602 83.2602 2 3 5
405.907 83.6893 83.6893 2 3 5
406.163 84.1191 84.1191 2 3 5
406.417 84.5494 84.5494 2 3 5
406.671 84.9802 84.9802 2 3 5
406.924 85.4117 85.4117 2 3 5
407.176 85.8436 85.8436 2 3 5
407.426 86.2762 86.2762 2 3 5
407.676 86.7092 86.7092 2 3 5
407.925 87.1429 87.1429 2 3 5
408.173 87.577 87.577 2 3 5
408.42 88.0117 88.0117 2 3 5
408.667 88.4469 88.4469 2 3 5
408.912 88.8826 88.8826 2 3 5
409.156 89.3188 89.3188 2 3 5
409.4 89.7555 89.7555 2 3 5
409.642 90.1928 90.1928 2 3 5
409.884 90.6305 90.6305 2 3 5
410.125 91.0687 91.0687 2 3 5
410.365 91.5074 91.5074 2 3 5
410.604 91.9466 91.9466 2 3 5
410.842 92.3863 92.3863 2 3 5
411.079 92.8264 92.8264 2 3 5
411.315 93.267 93.267 2 3 5
411.551 93.7081 93.7081 2 3 5
411.785 94.1496 94.1496 2 3 5
412.019 94.5916 94.5916 2 3 5
412.252 95.0341 95.0341 2 3 5
412.484 95.4769 95.4769 2 3 5
412.715 95.9203 95.9203 2 3 5
412.946 96.364 96.364 2 3 5
413.175 96.8082 96.8082 2 3 5
413.404 97.2528 97.2528 2 3 5
413.632 97.6979 97.6979 2 3 5
413.859 98.1433 98.1433 2 3 5
414.085 98.5892 98.5892 2 3 5
414.311 99.0355 99.0355 2 3 5
414.536 99.4822 99.4822 2 3 5
414.759 99.9293 99.9293 2 3 5
414.982 100.377 100.377 2 3 5
415.205 100.825 100.825 2 3 5
415.426 101.273 101.273 2 3 5
415.647 101.722 101.722 2 3 5
415.867 102.171 102.171 2 3 5
416.086 102.62 102.62 2 3 5
416.304 103.07 103.07 2 3 5
416.522 103.52 103.52 2 3 5
416.739 103.971 103.971 2 3 5
416.955 104.422 104.422 2 3 5
417.17 104.873 104.873 2 3 5
417.384 105.324 105.324 2 3 5
417.598 105.776 105.776 2 3 5
417.811 106.229 106.229 2 3 5
418.024 106.682 106.682 2 3 5
418.235 107.135 107.135 2 3 5
418.446 107.588 107.588 2 3 5
418.656 108.042 108.042 2 3 5
418.865 108.496 108.496 2 3 5
419.074 108.95 108.95 2 3 5
419.282 109.405 109.405 2 3 5
419.489 109.86 109.86 2 3 5
419.696 110.315 110.315 2 3 5
419.902 110.771 110.771 2 3 5
420.107 111.227 111.227 2 3 5
420.311 111.683 111.683 2 3 5
420.515 112.14 112.14 2 3 5
420.718 112.597 112.597 2 3 5
420.92 113.054 113.054 2 3 5
421.122 113.512 113.512 2 3 5
421.323 113.969 113.969 2 3 5
421.523 114.427 114.427 2 3 5
421.723 114.886 114.886 2 3 5
421.922 115.345 115.345 2 3 5
422.12 115.804 115.804 2 3 5
422.318 116.263 116.263 2 3 5
422.514 116.722 116.722 2 3 5
422.711 117.182 117.182 2 3 5
422.906 117.642 117.642 2 3 5
423.101 118.103 118.103 2 3 5
423.296 118.564 118.564 2 3 5
423.49 119.024 119.024 2 3 5
423.683 119.486 119.486 2 3 5
423.875 119.947 119.947 2 3 5
424.067 120.409 120.409 2 3 5
424.258 120.871 120.871 2 3 5
424.449 121.333 121.333 2 3 5
424.639 121.796 121.796 2 3 5
424.828 122.258 122.258 2 3 5
425.017 122.721 122.721 2 3 5
425.205 123.185 123.185 2 3 5
425.393 123.648 123.648 2 3 5
425.579 124.112 124.112 2 3 5
425.766 124.576 124.576 2 3 5
425.952 125.04 125.04 2 3 5
426.137 125.505 125.505 2 3 5
426.321 125.969 125.969 2 3 5
426.505 126.434 126.434 2 3 5
426.689 126.899 126.899 2 3 5
426.871 127.365 127.365 2 3 5
427.054 127.83 127.83 2 3 5
427.235 128.296 128.296 2 3 5
427.416 128.762 128.762 2 3 5
427.597 129.229 129.229 2 3 5
427.596 129.229 129.229 2 3 5
427.611 129.266 129.266 2 3 5
427.625 129.303 129.303 2 3 5
427.654 129.378 129.378 2 3 5
427.711 129.527 129.527 2 3 5
427.827 129.826 129.826 2 3 5
428.006 130.293 130.293 2 3 5
428.185 130.759 130.759 2 3 5
428.363 131.227 131.227 2 3 5
428.541 131.694 131.694 2 3 5
428.718 132.162 132.162 2 3 5
428.894 132.63 132.63 2 3 5
429.07 133.098 133.098 2 3 5
429.245 133.566 133.566 2 3 5
429.42 134.034 134.034 2 3 5
429.594 134.503 134.503 2 3 5
429.768 134.972 134.972 2 3 5
429.941 135.441 135.441 2 3 5
430.114 135.91 135.91 2 3 5
430.286 136.379 136.379 2 3 5
430.458 136.849 136.849 2 3 5
430.629 137.319 137.319 2 3 5
430.8 137.789 137.789 2 3 5
430.97 138.259 138.259 2 3 5
431.139 138.729 138.729 2 3 5
431.309 139.2 139.2 2 3 5
431.477 139.671 139.671 2 3 5
431.645 140.141 140.141 2 3 5
431.813 140.613 140.613 2 3 5
431.98 141.084 141.084 2 3 5
432.147 141.555 141.555 2 3 5
432.313 142.027 142.027 2 3 5
432.478 142.499 142.499 2 3 5
432.643 142.971 142.971 2 3 5
432.808 143.443 143.443 2 3 5
432.972 143.915 143.915 2 3 5
433.136 144.387 144.387 2 3 5
433.299 144.86 144.86 2 3 5
433.462 145.333 145.333 2 3 5
433.624 145.806 145.806 2 3 5
433.786 146.279 146.279 2 3 5
433.947 146.752 146.752 2 3 5
434.108 147.226 147.226 2 3 5
434.268 147.699 147.699 2 3 5
434.428 148.173 148.173 2 3 5
434.588 148.647 148.647 2 3 5
434.747 149.121 149.121 2 3 5
434.905 149.595 149.595 2 3 5
435.063 150.069 150.069 2 3 5
435.221 150.544 150.544 2 3 5
435.378 151.018 151.018 2 3 5
435.535 151.493 151.493 2 3 5
435.691 151.968 151.968 2 3 5
435.847 152.443 152.443 2 3 5
436.003 152.918 152.918 2 3 5
436.158 153.394 153.394 2 3 5
436.312 153.869 153.869 2 3 5
436.467 154.345 154.345 2 3 5
436.62 154.821 154.821 2 3 5
436.774 155.297 155.297 2 3 5
436.926 155.773 155.773 2 3 5
437.079 156.249 156.249 2 3 5
437.231 156.725 156.725 2 3 5
437.383 157.202 157.202 2 3 5
437.534 157.678 157.678 2 3 5
437.685 158.155 158.155 2 3 5
437.835 158.632 158.632 2 3 5
437.985 159.109 159.109 2 3 5
438.134 159.586 159.586 2 3 5
438.284 160.063 160.063 2 3 5
438.432 160.541 160.541 2 3 5
438.581 161.018 161.018 2 3 5
438.729 161.496 161.496 2 3 5
438.876 161.973 161.973 2 3 5
439.023 162.451 162.451 2 3 5
439.17 162.929 162.929 2 3 5
439.316 163.407 163.407 2 3 5
439.462 163.886 163.886 2 3 5
439.608 164.364 164.364 2 3 5
439.753 164.842 164.842 2 3 5
439.898 165.321 165.321 2 3 5
440.042 165.8 165.8 2 3 5
440.186 166.278 166.278 2 3 5
440.33 166.757 166.757 2 3 5
440.473 167.236 167.236 2 3 5
440.616 167.716 167.716 2 3 5
440.759 168.195 168.195 2 3 5
440.901 168.674 168.674 2 3 5
441.043 169.154 169.154 2 3 5
441.184 169.633 169.633 2 3 5
441.325 170.113 170.113 2 3 5
441.466 170.593 170.593 2 3 5
441.606 171.073 171.073 2 3 5
441.746 171.553 171.553 2 3 5
441.886 172.033 172.033 2 3 5
442.025 172.513 172.513 2 3 5
442.164 172.993 172.993 2 3 5
442.302 173.474 173.474 2 3 5
442.44 173.954 173.954 2 3 5
442.578 174.435 174.435 2 3 5
442.716 174.916 174.916 2 3 5
442.853 175.397 175.397 2 3 5
442.99 175.877 175.877 2 3 5
443.126 176.358 176.358 2 3 5
443.262 176.84 176.84 2 3 5
443.398 177.321 177.321 2 3 5
443.533 177.802 177.802 2 3 5
443.668 178.284 178.284 2 3 5
443.803 178.765 178.765 2 3 5
443.937 179.247 179.247 2 3 5
444.071 179.728 179.728 2 3 5
444.205 180.21 180.21 2 3 5
444.339 180.692 180.692 2 3 5
444.472 181.174 181.174 2 3 5
444.604 181.656 181.656 2 3 5
444.737 182.138 182.138 2 3 5
444.869 182.62 182.62 2 3 5
445.001 183.103 183.103 2 3 5
445.132 183.585 183.585 2 3 5
445.263 184.068 184.068 2 3 5
445.394 184.55 184.55 2 3 5
445.524 185.033 185.033 2 3 5
445.655 185.516 185.516 2 3 5
445.784 185.999 185.999 2 3 5
445.914 186.481 186.481 2 3 5
446.043 186.964 186.964 2 3 5
446.172 187.448 187.448 2 3 5
446.301 187.931 187.931 2 3 5
446.429 188.414 188.414 2 3 5
446.557 188.897 188.897 2 3 5
446.685 189.381 189.381 2 3 5
446.812 189.864 189.864 2 3 5
446.939 190.348 190.348 2 3 5
447.066 190.832 190.832 2 3 5
447.192 191.315 191.315 2 3 5
447.319 191.799 191.799 2 3 5
447.444 192.283 192.283 2 3 5
447.57 192.767 192.767 2 3 5
447.695 193.251 193.251 2 3 5
447.82 193.735 193.735 2 3 5
447.945 194.219 194.219 2 3 5
448.069 194.704 194.704 2 3 5
448.193 195.188 195.188 2 3 5
448.317 195.672 195.672 2 3 5
448.441 196.157 196.157 2 3 5
448.564 196.641 196.641 2 3 5
448.687 197.126 197.126 2 3 5
448.81 197.611 197.611 2 3 5
448.932 198.096 198.096 2 3 5
449.054 198.58 198.58 2 3 5
449.176 199.065 199.065 2 3 5
449.298 199.55 199.55 2 3 5
449.419 200.035 200.035 2 3 5
449.54 200.521 200.521 2 3 5
449.661 201.006 201.006 2 3 5
449.781 201.491 201.491 2 3 5
449.901 201.976 201.976 2 3 5
450.021 202.462 202.462 2 3 5
450.141 202.947 202.947 2 3 5
450.26 203.433 203.433 2 3 5
450.379 203.918 203.918 2 3 5
450.498 204.404 204.404 2 3 5
450.617 204.89 204.89 2 3 5
450.735 205.376 205.376 2 3 5
450.853 205.862 205.862 2 3 5
450.971 206.347 206.347 2 3 5
451.088 206.833 206.833 2 3 5
451.206 207.32 207.32 2 3 5
451.323 207.806 207.806 2 3 5
451.439 208.292 208.292 2 3 5
451.556 208.778 208.778 2 3 5
451.672 209.264 209.264 2 3 5
451.788 209.751 209.751 2 3 5
451.904 210.237 210.237 2 3 5
452.019 210.724 210.724 2 3 5
452.135 211.21 211.21 2 3 5
452.249 211.697 211.697 2 3 5
452.364 212.183 212.183 2 3 5
452.479 212.67 212.67 2 3 5
452.593 213.157 213.157 2 3 5
452.707 213.644 213.644 2 3 5
452.821 214.131 214.131 2 3 5
452.934 214.618 214.618 2 3 5
453.047 215.105 215.105 2 3 5
453.16 215.592 215.592 2 3 5
453.273 216.079 216.079 2 3 5
453.386 216.566 216.566 2 3 5
453.498 217.053 217.053 2 3 5
453.61 217.541 217.541 2 3 5
453.722 218.028 218.028 2 3 5
453.833 218.515 218.515 2 3 5
453.945 219.003 219.003 2 3 5
454.056 219.49 219.49 2 3 5
454.166 219.978 219.978 2 3 5
454.277 220.465 220.465 2 3 5
454.387 220.953 220.953 2 3 5
454.498 221.441 221.441 2 3 5
454.608 221.929 221.929 2 3 5
454.717 222.416 222.416 2 3 5
454.827 222.904 222.904 2 3 5
93.9755 0.142857 0.142857 2 3 5
93.9355 0.14275 0.14275 2 3 5
93.8955 0.142644 0.142644 2 3 5
93.8155 0.14243 0.14243 2 3 5
93.6555 0.142005 0.142005 2 3 5
93.3355 0.141157 0.141157 2 3 5
92.8355 0.139844 0.139844 2 3 5
92.3356 0.138553 0.138553 2 3 5
91.8356 0.137281 0.137281 2 3 5
91.3356 0.136024 0.136024 2 3 5
90.8356 0.134784 0.134784 2 3 5
90.3356 0.13356 0.13356 2 3 5
89.8356 0.13235 0.13235 2 3 5
89.3356 0.131157 0.131157 2 3 5
88.8357 0.129978 0.129978 2 3 5
88.3357 0.128814 0.128814 2 3 5
87.8357 0.127666 0.127666 2 3 5
87.3357 0.126532 0.126532 2 3 5
86.8357 0.125412 0.125412 2 3 5
86.3357 0.124307 0.124307 2 3 5
85.8357 0.123216 0.123216 2 3 5
85.3358 0.12214 0.12214 2 3 5
84.8358 0.121077 0.121077 2 3 5
84.3358 0.120028 0.120028 2 3 5
83.8358 0.118992 0.118992 2 3 5
83.3358 0.11797 0.11797 2 3 5
82.8358 0.116962 0.116962 2 3 5
82.3358 0.115966 0.115966 2 3 5
81.8358 0.114984 0.114984 2 3 5
81.3359 0.114014 0.114014 2 3 5
80.8359 0.113057 0.113057 2 3 5
80.3359 0.112113 0.112113 2 3 5
79.8359 0.111181 0.111181 2 3 5
79.3359 0.110262 0.110262 2 3 5
78.8359 0.109355 0.109355 2 3 5
78.3359 0.108459 0.108459 2 3 5
77.8359 0.107576 0.107576 2 3 5
77.3359 0.106704 0.106704 2 3 5
76.836 0.105844 0.105844 2 3 5
76.336 0.104996 0.104996 2 3 5
75.836 0.104158 0.104158 2 3 5
75.336 0.103332 0.103332 2 3 5
74.836 0.102517 0.102517 2 3 5
74.336 0.101713 0.101713 2 3 5
73.836 0.10092 0.10092 2 3 5
73.336 0.100137 0.100137 2 3 5
72.836 0.0993651 0.0993651 2 3 5
72.336 0.0986034 0.0986034 2 3 5
71.836 0.0978519 0.0978519 2 3 5
71.336 0.0971107 0.0971107 2 3 5
70.8361 0.0963794 0.0963794 2 3 5
70.3361 0.095658 0.095658 2 3 5
69.8361 0.0949464 0.0949464 2 3 5
69.3361 0.0942445 0.0942445 2 3 5
68.8361 0.0935521 0.0935521 2 3 5
68.3361 0.092869 0.092869 2 3 5
67.8361 0.0921953 0.0921953 2 3 5
67.3361 0.0915307 0.0915307 2 3 5
66.8361 0.0908752 0.0908752 2 3 5
66.3361 0.0902285 0.0902285 2 3 5
65.8361 0.0895907 0.0895907 2 3 5
65.3361 0.0889616 0.0889616 2 3 5
64.8361 0.0883411 0.0883411 2 3 5
64.3361 0.087729 0.087729 2 3 5
63.8361 0.0871252 0.0871252 2 3 5
63.3361 0.0865297 0.0865297 2 3 5
62.8362 0.0859424 0.0859424 2 3 5
62.3362 0.085363 0.085363 2 3 5
61.8362 0.0847916 0.0847916 2 3 5
61.3362 0.0842279 0.0842279 2 3 5
60.8362 0.083672 0.083672 2 3 5
60.3362 0.0831236 0.0831236 2 3 5
59.8362 0.0825827 0.0825827 2 3 5
59.3362 0.0820492 0.0820492 2 3 5
58.8362 0.0815229 0.0815229 2 3 5
58.3362 0.0810039 0.0810039 2 3 5
57.8362 0.0804919 0.0804919 2 3 5
57.3362 0.0799869 0.0799869 2 3 5
56.8362 0.0794887 0.0794887 2 3 5
56.3362 0.0789973 0.0789973 2 3 5
55.8362 0.0785127 0.0785127 2 3 5
55.3362 0.0780346 0.0780346 2 3 5
54.8362 0.0775629 0.0775629 2 3 5
54.3362 0.0770977 0.0770977 2 3 5
53.8362 0.0766388 0.0766388 2 3 5
53.3362 0.0761861 0.0761861 2 3 5
52.8362 0.0757396 0.0757396 2 3 5
52.3363 0.075299 0.075299 2 3 5
51.8363 0.0748645 0.0748645 2 3 5
51.3363 0.0744357 0.0744357 2 3 5
50.8363 0.0740128 0.0740128 2 3 5
50.3363 0.0735955 0.0735955 2 3 5
49.8363 0.0731839 0.0731839 2 3 5
49.3363 0.0727777 0.0727777 2 3 5
48.8363 0.072377 0.072377 2 3 5
48.3363 0.0719817 0.0719817 2 3 5
47.8363 0.0715917 0.0715917 2 3 5
47.3363 0.0712068 0.0712068 2 3 5
46.8363 0.0708271 0.0708271 2 3 5
46.3363 0.0704524 0.0704524 2 3 5
45.8363 0.0700827 0.0700827 2 3 5
45.3363 0.0697179 0.0697179 2 3 5
44.8363 0.069358 0.069358 2 3 5
44.3363 0.0690027 0.0690027 2 3 5
43.8364 0.0686522 0.0686522 2 3 5
43.3364 0.0683062 0.0683062 2 3 5
42.8364 0.0679649 0.0679649 2 3 5
42.3364 0.0676279 0.0676279 2 3 5
41.8364 0.0672954 0.0672954 2 3 5
41.3364 0.0669672 0.0669672 2 3 5
40.8364 0.0666433 0.0666433 2 3 5
40.3364 0.0663236 0.0663236 2 3 5
39.8364 0.066008 0.066008 2 3 5
39.3364 0.0656965 0.0656965 2 3 5
38.8365 0.0653891 0.0653891 2 3 5
38.3365 0.0650856 0.0650856 2 3 5
37.8365 0.0647859 0.0647859 2 3 5
37.3365 0.0644902 0.0644902 2 3 5
36.8365 0.0641982 0.0641982 2 3 5
36.3365 0.0639099 0.0639099 2 3 5
35.8365 0.0636252 0.0636252 2 3 5
35.3366 0.0633442 0.0633442 2 3 5
34.8366 0.0630668 0.0630668 2 3 5
34.3366 0.0627928 0.0627928 2 3 5
33.8366 0.0625223 0.0625223 2 3 5
33.3366 0.0622551 0.0622551 2 3 5
32.8367 0.0619914 0.0619914 2 3 5
32.3367 0.0617309 0.0617309 2 3 5
31.8367 0.0614736 0.0614736 2 3 5
31.3367 0.0612195 0.0612195 2 3 5
30.8368 0.0609686 0.0609686 2 3 5
30.3368 0.0607208 0.0607208 2 3 5
29.8368 0.060476 0.060476 2 3 5
29.3369 0.0602342 0.0602342 2 3 5
28.8369 0.0599953 0.0599953 2 3 5
28.3369 0.0597594 0.0597594 2 3 5
27.837 0.0595263 0.0595263 2 3 5
27.337 0.0592961 0.0592961 2 3 5
26.837 0.0590686 0.0590686 2 3 5
26.3371 0.0588439 0.0588439 2 3 5
25.8371 0.0586219 0.0586219 2 3 5
25.3371 0.0584025 0.0584025 2 3 5
24.8372 0.0581857 0.0581857 2 3 5
24.3372 0.0579715 0.0579715 2 3 5
23.8373 0.0577599 0.0577599 2 3 5
23.3373 0.0575507 0.0575507 2 3 5
22.8374 0.057344 0.057344 2 3 5
22.3374 0.0571398 0.0571398 2 3 5
21.8375 0.0569379 0.0569379 2 3 5
21.3376 0.0567384 0.0567384 2 3 5
20.8376 0.0565411 0.0565411 2 3 5
20.3377 0.0563462 0.0563462 2 3 5
19.8377 0.0561535 0.0561535 2 3 5
19.3378 0.055963 0.055963 2 3 5
18.8379 0.0557748 0.0557748 2 3 5
18.338 0.0555886 0.0555886 2 3 5
17.838 0.0554046 0.0554046 2 3 5
17.3381 0.0552226 0.0552226 2 3 5
16.8382 0.0550428 0.0550428 2 3 5
16.3383 0.0548649 0.0548649 2 3 5
15.8384 0.054689 0.054689 2 3 5
15.3385 0.0545151 0.0545151 2 3 5
14.8386 0.0543432 0.0543432 2 3 5
14.3387 0.0541731 0.0541731 2 3 5
13.8388 0.0540049 0.0540049 2 3 5
13.3389 0.0538386 0.0538386 2 3 5
12.839 0.0536759 0.0536759 2 3 5
12.3391 0.0535132 0.0535132 2 3 5
11.8392 0.0533523 0.0533523 2 3 5
11.3393 0.0531913 0.0531913 2 3 5
10.8394 0.0530339 0.0530339 2 3 5
10.3396 0.0528781 0.0528781 2 3 5
9.8397 0.052724 0.052724 2 3 5
9.33983 0.0525716 0.0525716 2 3 5
8.83997 0.0524208 0.0524208 2 3 5
8.34011 0.0522716 0.0522716 2 3 5
7.84026 0.052124 0.052124 2 3 5
7.3404 0.0519779 0.0519779 2 3 5
6.84056 0.0518334 0.0518334 2 3 5
6.34071 0.0516903 0.0516903 2 3 5
5.84087 0.0515488 0.0515488 2 3 5
5.34104 0.0514088 0.0514088 2 3 5
4.8412 0.0512702 0.0512702 2 3 5
4.34137 0.051133 0.051133 2 3 5
3.84155 0.0509972 0.0509972 2 3 5
3.34172 0.0508628 0.0508628 2 3 5
2.8419 0.0507298 0.0507298 2 3 5
2.34209 0.0505982 0.0505982 2 3 5
1.84227 0.0504679 0.0504679 2 3 5
1.34246 0.0503389 0.0503389 2 3 5
0.842655 0.0502112 0.0502112 2 3 5
0.34285 0.0500847 0.0500847 2 3 5
-0.156953 0.0499596 0.0499596 2 3 5
454.826 222.904 222.904 2 3 5
454.835 222.943 222.943 2 3 5
454.844 222.982 222.982 2 3 5
454.861 223.06 223.06 2 3 5
454.896 223.217 223.217 2 3 5
454.966 223.529 223.529 2 3 5
455.075 224.017 224.017 2 3 5
455.184 224.505 224.505 2 3 5
455.293 224.993 224.993 2 3 5
455.401 225.481 225.481 2 3 5
455.509 225.969 225.969 2 3 5
455.617 226.457 226.457 2 3 5
455.724 226.946 226.946 2 3 5
455.832 227.434 227.434 2 3 5
455.939 227.922 227.922 2 3 5
456.046 228.411 228.411 2 3 5
456.153 228.899 228.899 2 3 5
456.259 229.388 229.388 2 3 5
456.365 229.876 229.876 2 3 5
456.472 230.365 230.365 2 3 5
456.577 230.854 230.854 2 3 5
456.683 231.342 231.342 2 3 5
456.789 231.831 231.831 2 3 5
456.894 232.32 232.32 2 3 5
456.999 232.809 232.809 2 3 5
457.104 233.298 233.298 2 3 5
457.208 233.787 233.787 2 3 5
457.313 234.276 234.276 2 3 5
457.417 234.765 234.765 2 3 5
457.521 235.254 235.254 2 3 5
457.624 235.743 235.743 2 3 5
457.728 236.232 236.232 2 3 5
457.831 236.721 236.721 2 3 5
457.935 237.21 237.21 2 3 5
458.038 237.7 237.7 2 3 5
458.14 238.189 238.189 2 3 5
458.243 238.678 238.678 2 3 5
458.345 239.168 239.168 2 3 5
458.447 239.657 239.657 2 3 5
458.549 240.147 240.147 2 3 5
458.651 240.636 240.636 2 3 5
458.753 241.126 241.126 2 3 5
458.854 241.616 241.616 2 3 5
458.955 242.105 242.105 2 3 5
459.056 242.595 242.595 2 3 5
459.157 243.085 243.085 2 3 5
459.257 243.574 243.574 2 3 5
459.358 244.064 244.064 2 3 5
459.458 244.554 244.554 2 3 5
459.558 245.044 245.044 2 3 5
459.658 245.534 245.534 2 3 5
459.757 246.024 246.024 2 3 5
459.857 246.514 246.514 2 3 5
459.956 247.004 247.004 2 3 5
460.055 247.494 247.494 2 3 5
460.154 247.984 247.984 2 3 5
460.252 248.474 248.474 2 3 5
460.351 248.965 248.965 2 3 5
460.449 249.455 249.455 2 3 5
460.547 249.945 249.945 2 3 5
460.645 250.435 250.435 2 3 5
460.743 250.926 250.926 2 3 5
460.841 251.416 251.416 2 3 5
460.938 251.907 251.907 2 3 5
461.035 252.397 252.397 2 3 5
461.132 252.888 252.888 2 3 5
461.229 253.378 253.378 2 3 5
461.326 253.869 253.869 2 3 5
461.422 254.359 254.359 2 3 5
461.518 254.85 254.85 2 3 5
461.614 255.341 255.341 2 3 5
461.71 255.831 255.831 2 3 5
461.806 256.322 256.322 2 3 5
461.902 256.813 256.813 2 3 5
461.997 257.304 257.304 2 3 5
462.092 257.795 257.795 2 3 5
462.187 258.285 258.285 2 3 5
462.282 258.776 258.776 2 3 5
462.377 259.267 259.267 2 3 5
462.471 259.758 259.758 2 3 5
462.566 260.249 260.249 2 3 5
462.66 260.74 260.74 2 3 5
462.754 261.231 261.231 2 3 5
462.848 261.723 261.723 2 3 5
462.942 262.214 262.214 2 3 5
463.035 262.705 262.705 2 3 5
463.128 263.196 263.196 2 3 5
463.222 263.687 263.687 2 3 5
463.315 264.179 264.179 2 3 5
463.407 264.67 264.67 2 3 5
463.5 265.161 265.161 2 3 5
463.593 265.653 265.653 2 3 5
463.685 266.144 266.144 2 3 5
463.777 266.635 266.635 2 3 5
463.869 267.127 267.127 2 3 5
463.961 267.618 267.618 2 3 5
464.053 268.11 268.11 2 3 5
464.144 268.601 268.601 2 3 5
464.235 269.093 269.093 2 3 5
464.327 269.585 269.585 2 3 5
464.418 270.076 270.076 2 3 5
464.509 270.568 270.568 2 3 5
464.599 271.06 271.06 2 3 5
464.69 271.551 271.551 2 3 5
464.78 272.043 272.043 2 3 5
464.871 272.535 272.535 2 3 5
464.961 273.027 273.027 2 3 5
465.051 273.519 273.519 2 3 5
465.14 274.01 274.01 2 3 5
465.23 274.502 274.502 2 3 5
465.319 274.994 274.994 2 3 5
465.409 275.486 275.486 2 3 5
465.498 275.978 275.978 2 3 5
465.587 276.47 276.47 2 3 5
465.676 276.962 276.962 2 3 5
465.764 277.454 277.454 2 3 5
465.853 277.946 277.946 2 3 5
465.941 278.439 278.439 2 3 5
466.03 278.931 278.931 2 3 5
466.118 279.423 279.423 2 3 5
466.206 279.915 279.915 2 3 5
466.293 280.407 280.407 2 3 5
466.381 280.9 280.9 2 3 5
466.469 281.392 281.392 2 3 5
466.556 281.884 281.884 2 3 5
466.643 282.377 282.377 2 3 5
466.73 282.869 282.869 2 3 5
466.817 283.361 283.361 2 3 5
466.904 283.854 283.854 2 3 5
466.99 284.346 284.346 2 3 5
467.077 284.839 284.839 2 3 5
467.163 285.331 285.331 2 3 5
467.249 285.824 285.824 2 3 5
467.335 286.316 286.316 2 3 5
467.421 286.809 286.809 2 3 5
467.507 287.301 287.301 2 3 5
467.593 287.794 287.794 2 3 5
467.678 288.287 288.287 2 3 5
467.763 288.779 288.779 2 3 5
467.849 289.272 289.272 2 3 5
467.934 289.765 289.765 2 3 5
468.019 290.257 290.257 2 3 5
468.103 290.75 290.75 2 3 5
468.188 291.243 291.243 2 3 5
468.272 291.736 291.736 2 3 5
468.357 292.229 292.229 2 3 5
468.441 292.721 292.721 2 3 5
468.525 293.214 293.214 2 3 5
468.609 293.707 293.707 2 3 5
468.693 294.2 294.2 2 3 5
468.776 294.693 294.693 2 3 5
468.86 295.186 295.186 2 3 5
468.943 295.679 295.679 2 3 5
469.027 296.172 296.172 2 3 5
469.11 296.665 296.665 2 3 5
469.193 297.158 297.158 2 3 5
469.275 297.651 297.651 2 3 5
469.358 298.144 298.144 2 3 5
469.441 298.638 298.638 2 3 5
469.523 299.131 299.131 2 3 5
469.606 299.624 299.624 2 3 5
469.688 300.117 300.117 2 3 5
469.77 300.61 300.61 2 3 5
469.852 301.104 301.104 2 3 5
469.933 301.597 301.597 2 3 5
470.015 302.09 302.09 2 3 5
470.097 302.583 302.583 2 3 5
470.178 303.077 303.077 2 3 5
470.259 303.57 303.57 2 3 5
470.34 304.063 304.063 2 3 5
470.422 304.557 304.557 2 3 5
470.502 305.05 305.05 2 3 5
470.583 305.544 305.544 2 3 5
470.664 306.037 306.037 2 3 5
470.744 306.531 306.531 2 3 5
470.825 307.024 307.024 2 3 5
470.905 307.518 307.518 2 3 5
470.985 308.011 308.011 2 3 5
471.065 308.505 308.505 2 3 5
471.145 308.998 308.998 2 3 5
471.225 309.492 309.492 2 3 5
471.304 309.986 309.986 2 3 5
471.384 310.479 310.479 2 3 5
471.463 310.973 310.973 2 3 5
471.543 311.467 311.467 2 3 5
471.622 311.96 311.96 2 3 5
471.701 312.454 312.454 2 3 5
471.78 312.948 312.948 2 3 5
471.858 313.441 313.441 2 3 5
471.937 313.935 313.935 2 3 5
472.016 314.429 314.429 2 3 5
472.094 314.923 314.923 2 3 5
472.172 315.417 315.417 2 3 5
472.25 315.911 315.911 2 3 5
472.329 316.404 316.404 2 3 5
472.406 316.898 316.898 2 3 5
472.484 317.392 317.392 2 3 5
472.562 317.886 317.886 2 3 5
472.64 318.38 318.38 2 3 5
472.717 318.874 318.874 2 3 5
472.717 318.874 318.874 2 3 5
472.723 318.914 318.914 2 3 5
472.729 318.953 318.953 2 3 5
472.742 319.032 319.032 2 3 5
472.766 319.19 319.19 2 3 5
472.816 319.506 319.506 2 3 5
472.893 320 320 2 3 5
472.97 320.494 320.494 2 3 5
473.047 320.988 320.988 2 3 5
473.124 321.482 321.482 2 3 5
473.201 321.977 321.977 2 3 5
473.278 322.471 322.471 2 3 5
473.354 322.965 322.965 2 3 5
473.43 323.459 323.459 2 3 5
473.507 323.953 323.953 2 3 5
473.583 324.447 324.447 2 3 5
473.659 324.941 324.941 2 3 5
473.735 325.436 325.436 2 3 5
473.811 325.93 325.93 2 3 5
473.886 326.424 326.424 2 3 5
473.962 326.918 326.918 2 3 5
474.038 327.412 327.412 2 3 5
474.113 327.907 327.907 2 3 5
474.188 328.401 328.401 2 3 5
474.263 328.895 328.895 2 3 5
474.338 329.39 329.39 2 3 5
474.413 329.884 329.884 2 3 5
474.488 330.378 330.378 2 3 5
474.563 330.873 330.873 2 3 5
474.637 331.367 331.367 2 3 5
474.712 331.862 331.862 2 3 5
474.786 332.356 332.356 2 3 5
474.861 332.851 332.851 2 3 5
474.935 333.345 333.345 2 3 5
475.009 333.839 333.839 2 3 5
475.083 334.334 334.334 2 3 5
475.157 334.829 334.829 2 3 5
475.231 335.323 335.323 2 3 5
475.304 335.818 335.818 2 3 5
475.378 336.312 336.312 2 3 5
475.451 336.807 336.807 2 3 5
475.524 337.301 337.301 2 3 5
475.598 337.796 337.796 2 3 5
475.671 338.291 338.291 2 3 5
475.744 338.785 338.785 2 3 5
475.817 339.28 339.28 2 3 5
475.89 339.775 339.775 2 3 5
475.962 340.269 340.269 2 3 5
476.035 340.764 340.764 2 3 5
476.107 341.259 341.259 2 3 5
476.18 341.753 341.753 2 3 5
476.252 342.248 342.248 2 3 5
476.324 342.743 342.743 2 3 5
476.396 343.238 343.238 2 3 5
476.468 343.732 343.732 2 3 5
476.54 344.227 344.227 2 3 5
476.612 344.722 344.722 2 3 5
476.684 345.217 345.217 2 3 5
476.755 345.712 345.712 2 3 5
476.827 346.207 346.207 2 3 5
476.898 346.701 346.701 2 3 5
476.969 347.196 347.196 2 3 5
477.041 347.691 347.691 2 3 5
477.112 348.186 348.186 2 3 5
477.183 348.681 348.681 2 3 5
477.253 349.176 349.176 2 3 5
477.324 349.671 349.671 2 3 5
477.395 350.166 350.166 2 3 5
477.466 350.661 350.661 2 3 5
477.536 351.156 351.156 2 3 5
477.606 351.651 351.651 2 3 5
477.677 352.146 352.146 2 3 5
477.747 352.641 352.641 2 3 5
477.817 353.136 353.136 2 3 5
477.887 353.631 353.631 2 3 5
477.957 354.126 354.126 2 3 5
478.027 354.621 354.621 2 3 5
478.097 355.117 355.117 2 3 5
478.166 355.612 355.612 2 3 5
478.236 356.107 356.107 2 3 5
478.305 356.602 356.602 2 3 5
478.374 357.097 357.097 2 3 5
478.444 357.592 357.592 2 3 5
478.513 358.088 358.088 2 3 5
478.582 358.583 358.583 2 3 5
478.651 359.078 359.078 2 3 5
478.72 359.573 359.573 2 3 5
478.789 360.068 360.068 2 3 5
478.857 360.564 360.564 2 3 5
478.926 361.059 361.059 2 3 5
478.994 361.554 361.554 2 3 5
479.063 362.05 362.05 2 3 5
479.131 362.545 362.545 2 3 5
479.199 363.04 363.04 2 3 5
479.267 363.536 363.536 2 3 5
479.335 364.031 364.031 2 3 5
479.403 364.526 364.526 2 3 5
479.471 365.022 365.022 2 3 5
479.539 365.517 365.517 2 3 5
479.607 366.012 366.012 2 3 5
479.674 366.508 366.508 2 3 5
479.742 367.003 367.003 2 3 5
479.809 367.499 367.499 2 3 5
479.877 367.994 367.994 2 3 5
479.944 368.49 368.49 2 3 5
480.011 368.985 368.985 2 3 5
480.078 369.481 369.481 2 3 5
480.145 369.976 369.976 2 3 5
480.212 370.472 370.472 2 3 5
480.279 370.967 370.967 2 3 5
480.345 371.463 371.463 2 3 5
480.412 371.958 371.958 2 3 5
480.479 372.454 372.454 2 3 5
480.545 372.949 372.949 2 3 5
480.611 373.445 373.445 2 3 5
480.678 373.94 373.94 2 3 5
480.744 374.436 374.436 2 3 5
480.81 374.932 374.932 2 3 5
480.876 375.427 375.427 2 3 5
480.942 375.923 375.923 2 3 5
481.008 376.419 376.419 2 3 5
481.074 376.914 376.914 2 3 5
481.139 377.41 377.41 2 3 5
481.205 377.906 377.906 2 3 5
481.27 378.401 378.401 2 3 5
481.336 378.897 378.897 2 3 5
481.401 379.393 379.393 2 3 5
481.466 379.888 379.888 2 3 5
481.531 380.384 380.384 2 3 5
481.597 380.88 380.88 2 3 5
481.662 381.376 381.376 2 3 5
481.727 381.871 381.871 2 3 5
481.791 382.367 382.367 2 3 5
481.856 382.863 382.863 2 3 5
481.921 383.359 383.359 2 3 5
481.985 383.855 383.855 2 3 5
482.05 384.35 384.35 2 3 5
482.114 384.846 384.846 2 3 5
482.179 385.342 385.342 2 3 5
482.243 385.838 385.838 2 3 5
482.307 386.334 386.334 2 3 5
482.371 386.83 386.83 2 3 5
482.435 387.325 387.325 2 3 5
482.499 387.821 387.821 2 3 5
482.563 388.317 388.317 2 3 5
482.627 388.813 388.813 2 3 5
482.691 389.309 389.309 2 3 5
482.754 389.805 389.805 2 3 5
482.818 390.301 390.301 2 3 5
482.881 390.797 390.797 2 3 5
482.945 391.293 391.293 2 3 5
483.008 391.789 391.789 2 3 5
483.071 392.285 392.285 2 3 5
483.134 392.781 392.781 2 3 5
483.197 393.277 393.277 2 3 5
483.26 393.773 393.773 2 3 5
483.323 394.269 394.269 2 3 5
483.386 394.765 394.765 2 3 5
483.449 395.261 395.261 2 3 5
483.511 395.757 395.757 2 3 5
483.574 396.253 396.253 2 3 5
483.637 396.749 396.749 2 3 5
483.699 397.245 397.245 2 3 5
483.761 397.741 397.741 2 3 5
483.824 398.238 398.238 2 3 5
483.886 398.734 398.734 2 3 5
483.948 399.23 399.23 2 3 5
484.01 399.726 399.726 2 3 5
484.072 400.222 400.222 2 3 5
484.134 400.718 400.718 2 3 5
484.196 401.214 401.214 2 3 5
484.258 401.71 401.71 2 3 5
484.319 402.207 402.207 2 3 5
484.381 402.703 402.703 2 3 5
484.443 403.199 403.199 2 3 5
484.504 403.695 403.695 2 3 5
484.565 404.191 404.191 2 3 5
484.627 404.688 404.688 2 3 5
484.688 405.184 405.184 2 3 5
484.749 405.68 405.68 2 3 5
484.81 406.176 406.176 2 3 5
484.871 406.673 406.673 2 3 5
484.932 407.169 407.169 2 3 5
484.993 407.665 407.665 2 3 5
485.054 408.162 408.162 2 3 5
485.115 408.658 408.658 2 3 5
485.175 409.154 409.154 2 3 5
485.236 409.65 409.65 2 3 5
485.296 410.147 410.147 2 3 5
485.357 410.643 410.643 2 3 5
485.417 411.139 411.139 2 3 5
485.477 411.636 411.636 2 3 5
485.538 412.132 412.132 2 3 5
485.598 412.629 412.629 2 3 5
485.658 413.125 413.125 2 3 5
485.718 413.621 413.621 2 3 5
485.778 414.118 414.118 2 3 5
485.838 414.614 414.614 2 3 5
485.898 415.111 415.111 2 3 5
485.957 415.607 415.607 2 3 5
485.957 415.607 415.607 2 3 5
485.962 415.647 415.647 2 3 5
485.967 415.686 415.686 2 3 5
485.976 415.766 415.766 2 3 5
485.995 415.925 415.925 2 3 5
486.034 416.242 416.242 2 3 5
486.093 416.739 416.739 2 3 5
486.153 417.235 417.235 2 3 5
486.212 417.732 417.732 2 3 5
486.271 418.228 418.228 2 3 5
486.331 418.725 418.725 2 3 5
486.39 419.221 419.221 2 3 5
486.449 419.718 419.718 2 3 5
486.508 420.214 420.214 2 3 5
486.567 420.711 420.711 2 3 5
486.626 421.207 421.207 2 3 5
486.685 421.704 421.704 2 3 5
486.744 422.2 422.2 2 3 5
486.803 422.697 422.697 2 3 5
486.861 423.193 423.193 2 3 5
486.92 423.69 423.69 2 3 5
486.978 424.186 424.186 2 3 5
487.037 424.683 424.683 2 3 5
487.095 425.18 425.18 2 3 5
487.154 425.676 425.676 2 3 5
487.212 426.173 426.173 2 3 5
487.27 426.669 426.669 2 3 5
487.328 427.166 427.166 2 3 5
487.386 427.663 427.663 2 3 5
487.444 428.159 428.159 2 3 5
487.502 428.656 428.656 2 3 5
487.56 429.152 429.152 2 3 5
487.618 429.649 429.649 2 3 5
487.676 430.146 430.146 2 3 5
487.733 430.642 430.642 2 3 5
487.791 431.139 431.139 2 3 5
487.849 431.636 431.636 2 3 5
487.906 432.132 432.132 2 3 5
487.963 432.629 432.629 2 3 5
488.021 433.126 433.126 2 3 5
488.078 433.623 433.623 2 3 5
488.135 434.119 434.119 2 3 5
488.192 434.616 434.616 2 3 5
488.249 435.113 435.113 2 3 5
488.306 435.609 435.609 2 3 5
488.363 436.106 436.106 2 3 5
488.42 436.603 436.603 2 3 5
488.477 437.1 437.1 2 3 5
488.534 437.596 437.596 2 3 5
488.591 438.093 438.093 2 3 5
488.647 438.59 438.59 2 3 5
488.704 439.087 439.087 2 3 5
488.76 439.584 439.584 2 3 5
488.817 440.08 440.08 2 3 5
488.873 440.577 440.577 2 3 5
488.93 441.074 441.074 2 3 5
488.986 441.571 441.571 2 3 5
489.042 442.068 442.068 2 3 5
489.098 442.565 442.565 2 3 5
489.154 443.061 443.061 2 3 5
489.21 443.558 443.558 2 3 5
489.266 444.055 444.055 2 3 5
489.322 444.552 444.552 2 3 5
489.378 445.049 445.049 2 3 5
489.434 445.546 445.546 2 3 5
489.489 446.043 446.043 2 3 5
489.545 446.539 446.539 2 3 5
489.601 447.036 447.036 2 3 5
489.656 447.533 447.533 2 3 5
489.712 448.03 448.03 2 3 5
489.767 448.527 448.527 2 3 5
489.822 449.024 449.024 2 3 5
489.878 449.521 449.521 2 3 5
489.933 450.018 450.018 2 3 5
489.988 450.515 450.515 2 3 5
490.043 451.012 451.012 2 3 5
490.098 451.509 451.509 2 3 5
490.153 452.006 452.006 2 3 5
490.208 452.503 452.503 2 3 5
490.263 453 453 2 3 5
490.318 453.497 453.497 2 3 5
490.372 453.994 453.994 2 3 5
490.427 454.491 454.491 2 3 5
490.482 454.988 454.988 2 3 5
490.536 455.485 455.485 2 3 5
490.591 455.982 455.982 2 3 5
490.645 456.479 456.479 2 3 5
490.7 456.976 456.976 2 3 5
490.754 457.473 457.473 2 3 5
490.808 457.97 457.97 2 3 5
490.862 458.467 458.467 2 3 5
490.917 458.964 458.964 2 3 5
490.971 459.461 459.461 2 3 5
491.025 459.958 459.958 2 3 5
491.079 460.455 460.455 2 3 5
491.133 460.952 460.952 2 3 5
491.187 461.449 461.449 2 3 5
491.24 461.946 461.946 2 3 5
491.294 462.444 462.444 2 3 5
491.348 462.941 462.941 2 3 5
491.401 463.438 463.438 2 3 5
491.455 463.935 463.935 2 3 5
491.509 464.432 464.432 2 3 5
491.562 464.929 464.929 2 3 5
491.615 465.426 465.426 2 3 5
491.669 465.923 465.923 2 3 5
491.722 466.421 466.421 2 3 5
491.775 466.918 466.918 2 3 5
491.829 467.415 467.415 2 3 5
491.882 467.912 467.912 2 3 5
491.935 468.409 468.409 2 3 5
491.988 468.906 468.906 2 3 5
492.041 469.404 469.404 2 3 5
492.094 469.901 469.901 2 3 5
492.146 470.398 470.398 2 3 5
492.199 470.895 470.895 2 3 5
492.252 471.392 471.392 2 3 5
492.305 471.89 471.89 2 3 5
492.357 472.387 472.387 2 3 5
492.41 472.884 472.884 2 3 5
492.462 473.381 473.381 2 3 5
492.515 473.879 473.879 2 3 5
492.567 474.376 474.376 2 3 5
492.62 474.873 474.873 2 3 5
492.672 475.37 475.37 2 3 5
492.724 475.868 475.868 2 3 5
492.776 476.365 476.365 2 3 5
492.829 476.862 476.862 2 3 5
492.881 477.359 477.359 2 3 5
492.933 477.857 477.857 2 3 5
492.985 478.354 478.354 2 3 5
493.037 478.851 478.851 2 3 5
493.089 479.349 479.349 2 3 5
493.14 479.846 479.846 2 3 5
493.192 480.343 480.343 2 3 5
493.244 480.841 480.841 2 3 5
493.296 481.338 481.338 2 3 5
493.347 481.835 481.835 2 3 5
493.399 482.333 482.333 2 3 5
493.45 482.83 482.83 2 3 5
493.502 483.327 483.327 2 3 5
493.553 483.825 483.825 2 3 5
493.604 484.322 484.322 2 3 5
493.656 484.819 484.819 2 3 5
493.707 485.317 485.317 2 3 5
493.758 485.814 485.814 2 3 5
493.809 486.311 486.311 2 3 5
493.86 486.809 486.809 2 3 5
493.911 487.306 487.306 2 3 5
493.962 487.804 487.804 2 3 5
494.013 488.301 488.301 2 3 5
494.064 488.798 488.798 2 3 5
494.115 489.296 489.296 2 3 5
494.166 489.793 489.793 2 3 5
494.217 490.291 490.291 2 3 5
494.267 490.788 490.788 2 3 5
494.318 491.285 491.285 2 3 5
494.368 491.783 491.783 2 3 5
494.419 492.28 492.28 2 3 5
494.469 492.778 492.778 2 3 5
494.52 493.275 493.275 2 3 5
494.57 493.773 493.773 2 3 5
494.621 494.27 494.27 2 3 5
494.671 494.768 494.768 2 3 5
494.721 495.265 495.265 2 3 5
494.771 495.763 495.763 2 3 5
494.821 496.26 496.26 2 3 5
494.872 496.758 496.758 2 3 5
494.922 497.255 497.255 2 3 5
494.972 497.753 497.753 2 3 5
495.021 498.25 498.25 2 3 5
495.071 498.748 498.748 2 3 5
495.121 499.245 499.245 2 3 5
495.171 499.743 499.743 2 3 5
495.221 500.24 500.24 2 3 5
495.27 500.738 500.738 2 3 5
495.32 501.235 501.235 2 3 5
495.37 501.733 501.733 2 3 5
495.419 502.23 502.23 2 3 5
495.469 502.728 502.728 2 3 5
495.518 503.225 503.225 2 3 5
495.567 503.723 503.723 2 3 5
495.617 504.22 504.22 2 3 5
495.666 504.718 504.718 2 3 5
495.715 505.216 505.216 2 3 5
495.765 505.713 505.713 2 3 5
495.814 506.211 506.211 2 3 5
495.863 506.708 506.708 2 3 5
495.912 507.206 507.206 2 3 5
495.961 507.703 507.703 2 3 5
496.01 508.201 508.201 2 3 5
496.059 508.699 508.699 2 3 5
496.108 509.196 509.196 2 3 5
496.156 509.694 509.694 2 3 5
496.205 510.191 510.191 2 3 5
496.254 510.689 510.689 2 3 5
496.303 511.187 511.187 2 3 5
496.351 511.684 511.684 2 3 5
496.4 512.182 512.182 2 3 5
496.448 512.68 512.68 2 3 5
496.448 512.68 512.68 2 3 5
496.452 512.719 512.719 2 3 5
496.456 512.759 512.759 2 3 5
496.464 512.839 512.839 2 3 5
496.479 512.998 512.998 2 3 5
496.51 513.317 513.317 2 3 5
496.559 513.814 513.814 2 3 5
496.607 514.312 514.312 2 3 5
496.656 514.81 514.81 2 3 5
496.704 515.307 515.307 2 3 5
496.752 515.805 515.805 2 3 5
496.8 516.303 516.303 2 3 5
496.848 516.8 516.8 2 3 5
496.897 517.298 517.298 2 3 5
496.945 517.796 517.796 2 3 5
496.993 518.293 518.293 2 3 5
497.041 518.791 518.791 2 3 5
497.089 519.289 519.289 2 3 5
497.136 519.786 519.786 2 3 5
497.184 520.284 520.284 2 3 5
497.232 520.782 520.782 2 3 5
497.28 521.28 521.28 2 3 5
497.327 521.777 521.777 2 3 5
497.375 522.275 522.275 2 3 5
497.423 522.773 522.773 2 3 5
497.47 523.27 523.27 2 3 5
497.518 523.768 523.768 2 3 5
497.565 524.266 524.266 2 3 5
497.613 524.764 524.764 2 3 5
497.66 525.261 525.261 2 3 5
497.707 525.759 525.759 2 3 5
497.755 526.257 526.257 2 3 5
497.802 526.755 526.755 2 3 5
497.849 527.252 527.252 2 3 5
497.896 527.75 527.75 2 3 5
497.944 528.248 528.248 2 3 5
497.991 528.746 528.746 2 3 5
498.038 529.244 529.244 2 3 5
498.085 529.741 529.741 2 3 5
498.132 530.239 530.239 2 3 5
498.178 530.737 530.737 2 3 5
498.225 531.235 531.235 2 3 5
498.272 531.733 531.733 2 3 5
498.319 532.23 532.23 2 3 5
498.366 532.728 532.728 2 3 5
498.412 533.226 533.226 2 3 5
498.459 533.724 533.724 2 3 5
498.506 534.222 534.222 2 3 5
498.552 534.719 534.719 2 3 5
498.599 535.217 535.217 2 3 5
498.645 535.715 535.715 2 3 5
498.692 536.213 536.213 2 3 5
498.738 536.711 536.711 2 3 5
498.784 537.209 537.209 2 3 5
498.831 537.707 537.707 2 3 5
498.877 538.204 538.204 2 3 5
498.923 538.702 538.702 2 3 5
498.969 539.2 539.2 2 3 5
499.015 539.698 539.698 2 3 5
499.061 540.196 540.196 2 3 5
499.107 540.694 540.694 2 3 5
499.153 541.192 541.192 2 3 5
499.199 541.689 541.689 2 3 5
499.245 542.187 542.187 2 3 5
499.291 542.685 542.685 2 3 5
499.337 543.183 543.183 2 3 5
499.383 543.681 543.681 2 3 5
499.429 544.179 544.179 2 3 5
499.474 544.677 544.677 2 3 5
499.52 545.175 545.175 2 3 5
499.566 545.673 545.673 2 3 5
499.611 546.171 546.171 2 3 5
499.657 546.669 546.669 2 3 5
499.702 547.166 547.166 2 3 5
499.748 547.664 547.664 2 3 5
499.793 548.162 548.162 2 3 5
499.838 548.66 548.66 2 3 5
499.884 549.158 549.158 2 3 5
499.929 549.656 549.656 2 3 5
499.974 550.154 550.154 2 3 5
500.02 550.652 550.652 2 3 5
500.065 551.15 551.15 2 3 5
500.11 551.648 551.648 2 3 5
500.155 552.146 552.146 2 3 5
500.2 552.644 552.644 2 3 5
500.245 553.142 553.142 2 3 5
500.29 553.64 553.64 2 3 5
500.335 554.138 554.138 2 3 5
500.38 554.636 554.636 2 3 5
500.425 555.134 555.134 2 3 5
500.47 555.632 555.632 2 3 5
500.514 556.13 556.13 2 3 5
500.559 556.628 556.628 2 3 5
500.604 557.126 557.126 2 3 5
500.648 557.624 557.624 2 3 5
500.693 558.122 558.122 2 3 5
500.738 558.62 558.62 2 3 5
500.782 559.118 559.118 2 3 5
500.827 559.616 559.616 2 3 5
500.871 560.114 560.114 2 3 5
500.916 560.612 560.612 2 3 5
500.96 561.11 561.11 2 3 5
501.004 561.608 561.608 2 3 5
501.049 562.106 562.106 2 3 5
501.093 562.604 562.604 2 3 5
501.137 563.102 563.102 2 3 5
501.181 563.6 563.6 2 3 5
501.225 564.098 564.098 2 3 5
501.27 564.596 564.596 2 3 5
501.314 565.094 565.094 2 3 5
501.358 565.592 565.592 2 3 5
501.402 566.09 566.09 2 3 5
501.446 566.588 566.588 2 3 5
501.489 567.086 567.086 2 3 5
501.533 567.584 567.584 2 3 5
501.577 568.083 568.083 2 3 5
501.621 568.581 568.581 2 3 5
501.665 569.079 569.079 2 3 5
501.709 569.577 569.577 2 3 5
501.752 570.075 570.075 2 3 5
501.796 570.573 570.573 2 3 5
501.839 571.071 571.071 2 3 5
501.883 571.569 571.569 2 3 5
501.927 572.067 572.067 2 3 5
501.97 572.565 572.565 2 3 5
502.014 573.063 573.063 2 3 5
502.057 573.562 573.562 2 3 5
502.1 574.06 574.06 2 3 5
502.144 574.558 574.558 2 3 5
502.187 575.056 575.056 2 3 5
502.23 575.554 575.554 2 3 5
502.274 576.052 576.052 2 3 5
502.317 576.55 576.55 2 3 5
502.36 577.048 577.048 2 3 5
502.403 577.547 577.547 2 3 5
502.446 578.045 578.045 2 3 5
502.489 578.543 578.543 2 3 5
502.532 579.041 579.041 2 3 5
502.575 579.539 579.539 2 3 5
502.618 580.037 580.037 2 3 5
502.661 580.535 580.535 2 3 5
502.704 581.034 581.034 2 3 5
502.747 581.532 581.532 2 3 5
502.79 582.03 582.03 2 3 5
502.832 582.528 582.528 2 3 5
502.875 583.026 583.026 2 3 5
502.918 583.524 583.524 2 3 5
502.96 584.023 584.023 2 3 5
503.003 584.521 584.521 2 3 5
503.046 585.019 585.019 2 3 5
503.088 585.517 585.517 2 3 5
503.131 586.015 586.015 2 3 5
503.173 586.514 586.514 2 3 5
503.216 587.012 587.012 2 3 5
503.258 587.51 587.51 2 3 5
503.3 588.008 588.008 2 3 5
503.343 588.506 588.506 2 3 5
503.385 589.005 589.005 2 3 5
503.427 589.503 589.503 2 3 5
503.469 590.001 590.001 2 3 5
503.512 590.499 590.499 2 3 5
503.554 590.997 590.997 2 3 5
503.596 591.496 591.496 2 3 5
503.638 591.994 591.994 2 3 5
503.68 592.492 592.492 2 3 5
503.722 592.99 592.99 2 3 5
503.764 593.489 593.489 2 3 5
503.806 593.987 593.987 2 3 5
503.848 594.485 594.485 2 3 5
503.89 594.983 594.983 2 3 5
503.932 595.482 595.482 2 3 5
503.973 595.98 595.98 2 3 5
504.015 596.478 596.478 2 3 5
504.057 596.976 596.976 2 3 5
504.099 597.475 597.475 2 3 5
504.14 597.973 597.973 2 3 5
504.182 598.471 598.471 2 3 5
504.223 598.969 598.969 2 3 5
504.265 599.468 599.468 2 3 5
504.307 599.966 599.966 2 3 5
504.348 600.464 600.464 2 3 5
504.39 600.962 600.962 2 3 5
504.431 601.461 601.461 2 3 5
504.472 601.959 601.959 2 3 5
504.514 602.457 602.457 2 3 5
504.555 602.956 602.956 2 3 5
504.596 603.454 603.454 2 3 5
504.638 603.952 603.952 2 3 5
504.679 604.45 604.45 2 3 5
504.72 604.949 604.949 2 3 5
504.761 605.447 605.447 2 3 5
504.802 605.945 605.945 2 3 5
504.843 606.444 606.444 2 3 5
504.884 606.942 606.942 2 3 5
504.925 607.44 607.44 2 3 5
504.966 607.939 607.939 2 3 5
505.007 608.437 608.437 2 3 5
505.048 608.935 608.935 2 3 5
505.089 609.434 609.434 2 3 5
505.13 609.932 609.932 2 3 5
505.13 609.932 609.932 2 3 5
505.133 609.972 609.972 2 3 5
505.137 610.012 610.012 2 3 5
505.143 610.091 610.091 2 3 5
505.156 610.251 610.251 2 3 5
505.182 610.57 610.57 2 3 5
505.223 611.068 611.068 2 3 5
505.264 611.566 611.566 2 3 5
505.305 612.065 612.065 2 3 5
505.345 612.563 612.563 2 3 5
505.386 613.062 613.062 2 3 5
505.426 613.56 613.56 2 3 5
505.467 614.058 614.058 2 3 5
505.508 614.557 614.557 2 3 5
505.548 615.055 615.055 2 3 5
505.589 615.553 615.553 2 3 5
505.629 616.052 616.052 2 3 5
505.669 616.55 616.55 2 3 5
505.71 617.048 617.048 2 3 5
505.75 617.547 617.547 2 3 5
505.791 618.045 618.045 2 3 5
505.831 618.543 618.543 2 3 5
505.871 619.042 619.042 2 3 5
505.911 619.54 619.54 2 3 5
505.951 620.039 620.039 2 3 5
505.992 620.537 620.537 2 3 5
506.032 621.035 621.035 2 3 5
506.072 621.534 621.534 2 3 5
506.112 622.032 622.032 2 3 5
506.152 622.531 622.531 2 3 5
506.192 623.029 623.029 2 3 5
506.232 623.527 623.527 2 3 5
506.272 624.026 624.026 2 3 5
506.312 624.524 624.524 2 3 5
506.352 625.023 625.023 2 3 5
506.391 625.521 625.521 2 3 5
506.431 626.019 626.019 2 3 5
506.471 626.518 626.518 2 3 5
506.511 627.016 627.016 2 3 5
506.551 627.515 627.515 2 3 5
506.59 628.013 628.013 2 3 5
506.63 628.512 628.512 2 3 5
506.67 629.01 629.01 2 3 5
506.709 629.508 629.508 2 3 5
506.749 630.007 630.007 2 3 5
506.788 630.505 630.505 2 3 5
506.828 631.004 631.004 2 3 5
506.867 631.502 631.502 2 3 5
506.907 632.001 632.001 2 3 5
506.946 632.499 632.499 2 3 5
506.985 632.997 632.997 2 3 5
507.025 633.496 633.496 2 3 5
507.064 633.994 633.994 2 3 5
507.103 634.493 634.493 2 3 5
507.143 634.991 634.991 2 3 5
507.182 635.49 635.49 2 3 5
507.221 635.988 635.988 2 3 5
507.26 636.487 636.487 2 3 5
507.299 636.985 636.985 2 3 5
507.338 637.484 637.484 2 3 5
507.377 637.982 637.982 2 3 5
507.416 638.481 638.481 2 3 5
507.455 638.979 638.979 2 3 5
507.494 639.477 639.477 2 3 5
507.533 639.976 639.976 2 3 5
507.572 640.474 640.474 2 3 5
507.611 640.973 640.973 2 3 5
507.65 641.471 641.471 2 3 5
507.689 641.97 641.97 2 3 5
507.728 642.468 642.468 2 3 5
507.766 642.967 642.967 2 3 5
507.805 643.465 643.465 2 3 5
507.844 643.964 643.964 2 3 5
507.883 644.462 644.462 2 3 5
507.921 644.961 644.961 2 3 5
507.96 645.459 645.459 2 3 5
507.998 645.958 645.958 2 3 5
508.037 646.456 646.456 2 3 5
508.076 646.955 646.955 2 3 5
508.114 647.453 647.453 2 3 5
508.153 647.952 647.952 2 3 5
508.191 648.45 648.45 2 3 5
508.229 648.949 648.949 2 3 5
508.268 649.448 649.448 2 3 5
508.306 649.946 649.946 2 3 5
508.344 650.445 650.445 2 3 5
508.383 650.943 650.943 2 3 5
508.421 651.442 651.442 2 3 5
508.459 651.94 651.94 2 3 5
508.497 652.439 652.439 2 3 5
508.536 652.937 652.937 2 3 5
508.574 653.436 653.436 2 3 5
508.612 653.934 653.934 2 3 5
508.65 654.433 654.433 2 3 5
508.688 654.931 654.931 2 3 5
508.726 655.43 655.43 2 3 5
508.764 655.929 655.929 2 3 5
508.802 656.427 656.427 2 3 5
508.84 656.926 656.926 2 3 5
508.878 657.424 657.424 2 3 5
508.916 657.923 657.923 2 3 5
508.954 658.421 658.421 2 3 5
508.992 658.92 658.92 2 3 5
509.029 659.418 659.418 2 3 5
509.067 659.917 659.917 2 3 5
509.105 660.416 660.416 2 3 5
509.143 660.914 660.914 2 3 5
509.18 661.413 661.413 2 3 5
509.218 661.911 661.911 2 3 5
509.256 662.41 662.41 2 3 5
509.293 662.909 662.909 2 3 5
509.331 663.407 663.407 2 3 5
509.368 663.906 663.906 2 3 5
509.406 664.404 664.404 2 3 5
509.443 664.903 664.903 2 3 5
509.481 665.401 665.401 2 3 5
509.518 665.9 665.9 2 3 5
509.556 666.399 666.399 2 3 5
509.593 666.897 666.897 2 3 5
509.63 667.396 667.396 2 3 5
509.668 667.894 667.894 2 3 5
509.705 668.393 668.393 2 3 5
509.742 668.892 668.892 2 3 5
509.78 669.39 669.39 2 3 5
509.817 669.889 669.889 2 3 5
509.854 670.388 670.388 2 3 5
509.891 670.886 670.886 2 3 5
509.928 671.385 671.385 2 3 5
509.965 671.883 671.883 2 3 5
510.002 672.382 672.382 2 3 5
510.039 672.881 672.881 2 3 5
510.077 673.379 673.379 2 3 5
510.114 673.878 673.878 2 3 5
510.15 674.377 674.377 2 3 5
510.187 674.875 674.875 2 3 5
510.224 675.374 675.374 2 3 5
510.261 675.872 675.872 2 3 5
510.298 676.371 676.371 2 3 5
510.335 676.87 676.87 2 3 5
510.372 677.368 677.368 2 3 5
510.409 677.867 677.867 2 3 5
510.445 678.366 678.366 2 3 5
510.482 678.864 678.864 2 3 5
510.519 679.363 679.363 2 3 5
510.555 679.862 679.862 2 3 5
510.592 680.36 680.36 2 3 5
510.629 680.859 680.859 2 3 5
510.665 681.358 681.358 2 3 5
510.702 681.856 681.856 2 3 5
510.738 682.355 682.355 2 3 5
510.775 682.854 682.854 2 3 5
510.811 683.352 683.352 2 3 5
510.848 683.851 683.851 2 3 5
510.884 684.35 684.35 2 3 5
510.921 684.848 684.848 2 3 5
510.957 685.347 685.347 2 3 5
510.993 685.846 685.846 2 3 5
511.03 686.344 686.344 2 3 5
511.066 686.843 686.843 2 3 5
511.102 687.342 687.342 2 3 5
511.139 687.84 687.84 2 3 5
511.175 688.339 688.339 2 3 5
511.211 688.838 688.838 2 3 5
511.247 689.336 689.336 2 3 5
511.283 689.835 689.835 2 3 5
511.319 690.334 690.334 2 3 5
511.356 690.832 690.832 2 3 5
511.392 691.331 691.331 2 3 5
511.428 691.83 691.83 2 3 5
511.464 692.329 692.329 2 3 5
511.5 692.827 692.827 2 3 5
511.536 693.326 693.326 2 3 5
511.572 693.825 693.825 2 3 5
511.608 694.323 694.323 2 3 5
511.643 694.822 694.822 2 3 5
511.679 695.321 695.321 2 3 5
511.715 695.82 695.82 2 3 5
511.751 696.318 696.318 2 3 5
511.787 696.817 696.817 2 3 5
511.822 697.316 697.316 2 3 5
511.858 697.814 697.814 2 3 5
511.894 698.313 698.313 2 3 5
511.93 698.812 698.812 2 3 5
511.965 699.311 699.311 2 3 5
512.001 699.809 699.809 2 3 5
512.037 700.308 700.308 2 3 5
512.072 700.807 700.807 2 3 5
512.108 701.306 701.306 2 3 5
512.143 701.804 701.804 2 3 5
512.179 702.303 702.303 2 3 5
512.214 702.802 702.802 2 3 5
512.25 703.3 703.3 2 3 5
512.285 703.799 703.799 2 3 5
512.32 704.298 704.298 2 3 5
512.356 704.797 704.797 2 3 5
512.391 705.295 705.295 2 3 5
512.427 705.794 705.794 2 3 5
512.462 706.293 706.293 2 3 5
512.497 706.792 706.792 2 3 5
512.532 707.29 707.29 2 3 5
