215.214 0 0 2 2 2
215.214 0 0 2 2 2
215.214 0 0 2 2 2
215.214 0 0 2 2 2
215.214 0 0 2 2 2
215.214 0.142857 0.142857 2 2 2
215.194 0.14279 0.14279 2 2 2
215.154 0.142656 0.142656 2 2 2
215.074 0.142387 0.142387 2 2 2
214.914 0.141851 0.141851 2 2 2
214.594 0.140784 0.140784 2 2 2
214.094 0.139126 0.139126 2 2 2
213.594 0.137482 0.137482 2 2 2
213.094 0.13585 0.13585 2 2 2
212.594 0.134232 0.134232 2 2 2
212.094 0.132627 0.132627 2 2 2
211.594 0.131035 0.131035 2 2 2
211.094 0.129456 0.129456 2 2 2
210.594 0.12789 0.12789 2 2 2
210.094 0.126337 0.126337 2 2 2
209.594 0.124798 0.124798 2 2 2
209.094 0.123272 0.123272 2 2 2
208.594 0.121759 0.121759 2 2 2
208.094 0.120259 0.120259 2 2 2
207.594 0.118773 0.118773 2 2 2
207.094 0.1173 0.1173 2 2 2
206.594 0.11584 0.11584 2 2 2
206.094 0.114394 0.114394 2 2 2
205.594 0.11296 0.11296 2 2 2
205.094 0.111541 0.111541 2 2 2
204.594 0.110134 0.110134 2 2 2
204.094 0.108741 0.108741 2 2 2
203.594 0.107362 0.107362 2 2 2
203.094 0.105995 0.105995 2 2 2
202.594 0.104643 0.104643 2 2 2
202.094 0.103303 0.103303 2 2 2
201.594 0.101977 0.101977 2 2 2
201.094 0.100664 0.100664 2 2 2
200.594 0.0993652 0.0993652 2 2 2
200.094 0.0980794 0.0980794 2 2 2
199.594 0.0968069 0.0968069 2 2 2
199.094 0.0955478 0.0955478 2 2 2
198.594 0.0943022 0.0943022 2 2 2
198.094 0.0930699 0.0930699 2 2 2
197.594 0.091851 0.091851 2 2 2
197.094 0.0906454 0.0906454 2 2 2
196.594 0.0894532 0.0894532 2 2 2
196.094 0.0882743 0.0882743 2 2 2
195.594 0.0871088 0.0871088 2 2 2
195.094 0.0859566 0.0859566 2 2 2
194.594 0.0848176 0.0848176 2 2 2
194.094 0.083692 0.083692 2 2 2
193.594 0.0825796 0.0825796 2 2 2
193.094 0.0814804 0.0814804 2 2 2
192.594 0.0803944 0.0803944 2 2 2
192.094 0.0793217 0.0793217 2 2 2
191.594 0.078262 0.078262 2 2 2
191.094 0.0772155 0.0772155 2 2 2
190.594 0.0761821 0.0761821 2 2 2
190.094 0.0751618 0.0751618 2 2 2
189.594 0.0741545 0.0741545 2 2 2
189.094 0.0731603 0.0731603 2 2 2
188.594 0.072179 0.072179 2 2 2
188.094 0.0712106 0.0712106 2 2 2
187.594 0.0702552 0.0702552 2 2 2
187.094 0.0693126 0.0693126 2 2 2
186.594 0.0683828 0.0683828 2 2 2
186.094 0.0674658 0.0674658 2 2 2
185.595 0.0665616 0.0665616 2 2 2
185.095 0.0656701 0.0656701 2 2 2
184.595 0.0647912 0.0647912 2 2 2
184.095 0.0639249 0.0639249 2 2 2
183.595 0.0630713 0.0630713 2 2 2
183.095 0.0622301 0.0622301 2 2 2
182.595 0.0614015 0.0614015 2 2 2
182.095 0.0605853 0.0605853 2 2 2
181.595 0.0597815 0.0597815 2 2 2
181.095 0.05899 0.05899 2 2 2
180.595 0.0582109 0.0582109 2 2 2
180.095 0.057444 0.057444 2 2 2
179.595 0.0566893 0.0566893 2 2 2
179.095 0.0559469 0.0559469 2 2 2
178.595 0.0552165 0.0552165 2 2 2
178.095 0.0544982 0.0544982 2 2 2
177.595 0.053792 0.053792 2 2 2
177.095 0.0530978 0.0530978 2 2 2
176.595 0.0524156 0.0524156 2 2 2
176.095 0.0517452 0.0517452 2 2 2
175.595 0.0510868 0.0510868 2 2 2
175.095 0.0504402 0.0504402 2 2 2
174.595 0.0498054 0.0498054 2 2 2
174.095 0.0491824 0.0491824 2 2 2
173.595 0.0485711 0.0485711 2 2 2
173.095 0.0479716 0.0479716 2 2 2
172.595 0.0473838 0.0473838 2 2 2
172.095 0.0468076 0.0468076 2 2 2
171.595 0.0462431 0.0462431 2 2 2
171.095 0.0456902 0.0456902 2 2 2
170.595 0.045149 0.045149 2 2 2
170.095 0.0446194 0.0446194 2 2 2
169.595 0.0441014 0.0441014 2 2 2
169.095 0.0435951 0.0435951 2 2 2
168.595 0.0431004 0.0431004 2 2 2
168.095 0.0426173 0.0426173 2 2 2
167.846 0.0423802 0.0423802 2 2 2
167.571 0.0421228 0.0421228 2 2 2
167.419 0.0419827 0.0419827 2 2 2
167.336 0.0419061 0.0419061 2 2 2
167.245 0.0418223 0.0418223 2 2 2
167.195 0.0417763 0.0417763 2 2 2
167.139 0.041726 0.041726 2 2 2
167.109 0.0416983 0.0416983 2 2 2
167.063 0.041657 0.041657 2 2 2
167.013 0.0416117 0.0416117 2 2 2
166.963 0.0415666 0.0415666 2 2 2
166.939 0.0415443 0.0415443 2 2 2
166.915 0.0415226 0.0415226 2 2 2
166.903 0.0415125 0.0415125 2 2 2
166.893 0.041503 0.041503 2 2 2
166.888 0.0414986 0.0414986 2 2 2
166.886 0.0414971 0.0414971 2 2 2
166.884 0.0414952 0.0414952 2 2 2
166.884 0.0414954 0.0414954 2 2 2
166.884 0.0414954 0.0414954 2 2 2
166.885 0.0414957 0.0414957 2 2 2
166.885 0.0414961 0.0414961 2 2 2
166.885 0.0414964 0.0414964 2 2 2
166.886 0.0414969 0.0414969 2 2 2
166.887 0.0414982 0.0414982 2 2 2
166.886 0.0414973 0.0414973 2 2 2
166.884 0.0414953 0.0414953 2 2 2
166.884 0.0414953 0.0414953 2 2 2
166.884 0.0414954 0.0414954 2 2 2
166.884 0.0414954 0.0414954 2 2 2
166.884 0.0414954 0.0414954 2 2 2
166.884 0.0414952 0.0414952 2 2 2
166.884 0.0414951 0.0414951 2 2 2
166.884 0.0414951 0.0414951 2 2 2
166.884 0.0414951 0.0414951 2 2 2
166.884 0.041495 0.041495 2 2 2
166.884 0.0414949 0.0414949 2 2 2
166.883 0.0414946 0.0414946 2 2 2
166.883 0.041494 0.041494 2 2 2
166.883 0.0414943 0.0414943 2 2 2
166.884 0.0414947 0.0414947 2 2 2
166.885 0.0414963 0.0414963 2 2 2
166.886 0.0414966 0.0414966 2 2 2
166.886 0.0414969 0.0414969 2 2 2
166.886 0.0414971 0.0414971 2 2 2
166.887 0.0414975 0.0414975 2 2 2
166.887 0.0414978 0.0414978 2 2 2
166.881 0.0414921 0.0414921 2 2 2
166.876 0.0414882 0.0414882 2 2 2
166.873 0.0414853 0.0414853 2 2 2
166.875 0.0414875 0.0414875 2 2 2
166.876 0.0414877 0.0414877 2 2 2
166.876 0.0414881 0.0414881 2 2 2
166.877 0.0414889 0.0414889 2 2 2
166.879 0.0414903 0.0414903 2 2 2
166.881 0.0414928 0.0414928 2 2 2
166.882 0.0414935 0.0414935 2 2 2
166.883 0.0414946 0.0414946 2 2 2
166.886 0.041497 0.041497 2 2 2
166.887 0.0414974 0.0414974 2 2 2
166.889 0.0414994 0.0414994 2 2 2
166.875 0.0414867 0.0414867 2 2 2
166.874 0.0414865 0.0414865 2 2 2
166.874 0.0414861 0.0414861 2 2 2
166.873 0.041485 0.041485 2 2 2
166.872 0.0414842 0.0414842 2 2 2
166.87 0.0414827 0.0414827 2 2 2
166.868 0.0414805 0.0414805 2 2 2
166.863 0.0414759 0.0414759 2 2 2
166.858 0.0414722 0.0414722 2 2 2
166.858 0.0414722 0.0414722 2 2 2
215.214 0.0414722 0.0414722 2 3 2
215.214 0.0414722 0.0414722 2 3 2
215.214 0.0414722 0.0414722 2 3 2
215.214 0.0414722 0.0414722 2 3 2
215.214 0.0414722 0.0414722 2 3 2
215.214 0.142857 0.142857 2 3 2
215.194 0.14279 0.14279 2 3 2
215.154 0.142656 0.142656 2 3 2
215.074 0.142387 0.142387 2 3 2
214.914 0.141851 0.141851 2 3 2
214.594 0.140784 0.140784 2 3 2
214.094 0.139126 0.139126 2 3 2
213.594 0.137482 0.137482 2 3 2
213.094 0.13585 0.13585 2 3 2
212.594 0.134232 0.134232 2 3 2
212.094 0.132627 0.132627 2 3 2
211.594 0.131035 0.131035 2 3 2
211.094 0.129456 0.129456 2 3 2
210.594 0.12789 0.12789 2 3 2
210.094 0.126337 0.126337 2 3 2
209.594 0.124798 0.124798 2 3 2
209.094 0.123272 0.123272 2 3 2
208.594 0.121759 0.121759 2 3 2
208.094 0.120259 0.120259 2 3 2
207.594 0.118773 0.118773 2 3 2
207.094 0.1173 0.1173 2 3 2
206.594 0.11584 0.11584 2 3 2
206.094 0.114394 0.114394 2 3 2
205.594 0.11296 0.11296 2 3 2
205.094 0.111541 0.111541 2 3 2
204.594 0.110134 0.110134 2 3 2
204.094 0.108741 0.108741 2 3 2
203.594 0.107362 0.107362 2 3 2
203.094 0.105995 0.105995 2 3 2
202.594 0.104643 0.104643 2 3 2
202.094 0.103303 0.103303 2 3 2
201.594 0.101977 0.101977 2 3 2
201.094 0.100664 0.100664 2 3 2
200.594 0.0993652 0.0993652 2 3 2
200.094 0.0980794 0.0980794 2 3 2
199.594 0.0968069 0.0968069 2 3 2
199.094 0.0955478 0.0955478 2 3 2
198.594 0.0943022 0.0943022 2 3 2
198.094 0.0930699 0.0930699 2 3 2
197.594 0.091851 0.091851 2 3 2
197.094 0.0906454 0.0906454 2 3 2
196.594 0.0894532 0.0894532 2 3 2
196.094 0.0882743 0.0882743 2 3 2
195.594 0.0871088 0.0871088 2 3 2
195.094 0.0859566 0.0859566 2 3 2
194.594 0.0848176 0.0848176 2 3 2
194.094 0.083692 0.083692 2 3 2
193.594 0.0825796 0.0825796 2 3 2
193.094 0.0814804 0.0814804 2 3 2
192.594 0.0803944 0.0803944 2 3 2
192.094 0.0793217 0.0793217 2 3 2
191.594 0.078262 0.078262 2 3 2
191.094 0.0772155 0.0772155 2 3 2
190.594 0.0761821 0.0761821 2 3 2
190.094 0.0751618 0.0751618 2 3 2
189.594 0.0741545 0.0741545 2 3 2
189.094 0.0731603 0.0731603 2 3 2
188.594 0.072179 0.072179 2 3 2
188.094 0.0712106 0.0712106 2 3 2
187.594 0.0702552 0.0702552 2 3 2
187.094 0.0693126 0.0693126 2 3 2
186.594 0.0683828 0.0683828 2 3 2
186.094 0.0674658 0.0674658 2 3 2
185.595 0.0665616 0.0665616 2 3 2
185.095 0.0656701 0.0656701 2 3 2
184.595 0.0647912 0.0647912 2 3 2
184.095 0.0639249 0.0639249 2 3 2
183.595 0.0630713 0.0630713 2 3 2
183.095 0.0622301 0.0622301 2 3 2
182.595 0.0614015 0.0614015 2 3 2
182.095 0.0605853 0.0605853 2 3 2
181.595 0.0597815 0.0597815 2 3 2
181.095 0.05899 0.05899 2 3 2
180.595 0.0582109 0.0582109 2 3 2
180.095 0.057444 0.057444 2 3 2
179.595 0.0566893 0.0566893 2 3 2
179.095 0.0559469 0.0559469 2 3 2
178.595 0.0552165 0.0552165 2 3 2
178.095 0.0544982 0.0544982 2 3 2
177.595 0.053792 0.053792 2 3 2
177.095 0.0530978 0.0530978 2 3 2
176.595 0.0524156 0.0524156 2 3 2
176.095 0.0517452 0.0517452 2 3 2
175.595 0.0510868 0.0510868 2 3 2
175.095 0.0504402 0.0504402 2 3 2
174.595 0.0498054 0.0498054 2 3 2
174.095 0.0491824 0.0491824 2 3 2
173.595 0.0485711 0.0485711 2 3 2
173.095 0.0479716 0.0479716 2 3 2
172.595 0.0473838 0.0473838 2 3 2
172.095 0.0468076 0.0468076 2 3 2
171.595 0.0462431 0.0462431 2 3 2
171.095 0.0456902 0.0456902 2 3 2
170.595 0.045149 0.045149 2 3 2
170.095 0.0446194 0.0446194 2 3 2
169.595 0.0441014 0.0441014 2 3 2
169.095 0.0435951 0.0435951 2 3 2
168.595 0.0431004 0.0431004 2 3 2
168.095 0.0426173 0.0426173 2 3 2
167.846 0.0423802 0.0423802 2 3 2
167.571 0.0421228 0.0421228 2 3 2
167.419 0.0419827 0.0419827 2 3 2
167.336 0.0419061 0.0419061 2 3 2
167.245 0.0418223 0.0418223 2 3 2
167.195 0.0417763 0.0417763 2 3 2
167.139 0.041726 0.041726 2 3 2
167.109 0.0416983 0.0416983 2 3 2
167.063 0.041657 0.041657 2 3 2
167.013 0.0416117 0.0416117 2 3 2
166.963 0.0415666 0.0415666 2 3 2
166.939 0.0415443 0.0415443 2 3 2
166.915 0.0415226 0.0415226 2 3 2
166.903 0.0415125 0.0415125 2 3 2
166.893 0.041503 0.041503 2 3 2
166.888 0.0414986 0.0414986 2 3 2
166.886 0.0414971 0.0414971 2 3 2
166.884 0.0414952 0.0414952 2 3 2
166.884 0.0414954 0.0414954 2 3 2
166.884 0.0414954 0.0414954 2 3 2
166.885 0.0414957 0.0414957 2 3 2
166.885 0.0414961 0.0414961 2 3 2
166.885 0.0414964 0.0414964 2 3 2
166.886 0.0414969 0.0414969 2 3 2
166.887 0.0414982 0.0414982 2 3 2
166.886 0.0414973 0.0414973 2 3 2
166.884 0.0414953 0.0414953 2 3 2
166.884 0.0414953 0.0414953 2 3 2
166.884 0.0414954 0.0414954 2 3 2
166.884 0.0414954 0.0414954 2 3 2
166.884 0.0414954 0.0414954 2 3 2
166.884 0.0414952 0.0414952 2 3 2
166.884 0.0414951 0.0414951 2 3 2
166.884 0.0414951 0.0414951 2 3 2
166.884 0.0414951 0.0414951 2 3 2
166.884 0.041495 0.041495 2 3 2
166.884 0.0414949 0.0414949 2 3 2
166.883 0.0414946 0.0414946 2 3 2
166.883 0.041494 0.041494 2 3 2
166.883 0.0414943 0.0414943 2 3 2
166.884 0.0414947 0.0414947 2 3 2
166.885 0.0414963 0.0414963 2 3 2
166.886 0.0414966 0.0414966 2 3 2
166.886 0.0414969 0.0414969 2 3 2
166.886 0.0414971 0.0414971 2 3 2
166.887 0.0414975 0.0414975 2 3 2
166.887 0.0414978 0.0414978 2 3 2
166.881 0.0414921 0.0414921 2 3 2
166.876 0.0414882 0.0414882 2 3 2
166.873 0.0414853 0.0414853 2 3 2
166.875 0.0414875 0.0414875 2 3 2
166.876 0.0414877 0.0414877 2 3 2
166.876 0.0414881 0.0414881 2 3 2
166.877 0.0414889 0.0414889 2 3 2
166.879 0.0414903 0.0414903 2 3 2
166.881 0.0414928 0.0414928 2 3 2
166.882 0.0414935 0.0414935 2 3 2
166.883 0.0414946 0.0414946 2 3 2
166.886 0.041497 0.041497 2 3 2
166.887 0.0414974 0.0414974 2 3 2
166.889 0.0414994 0.0414994 2 3 2
166.875 0.0414867 0.0414867 2 3 2
166.874 0.0414865 0.0414865 2 3 2
166.874 0.0414861 0.0414861 2 3 2
166.873 0.041485 0.041485 2 3 2
166.872 0.0414842 0.0414842 2 3 2
166.87 0.0414827 0.0414827 2 3 2
166.868 0.0414805 0.0414805 2 3 2
166.863 0.0414759 0.0414759 2 3 2
166.858 0.0414722 0.0414722 2 3 2
166.858 0.0414722 0.0414722 2 3 2
215.214 0.0414722 0.0414722 2 4 2
215.214 0.0414722 0.0414722 2 4 2
215.214 0.0414722 0.0414722 2 4 2
215.214 0.0414722 0.0414722 2 4 2
215.214 0.0414722 0.0414722 2 4 2
215.214 0.142857 0.142857 2 4 2
215.234 0.142924 0.142924 2 4 2
215.274 0.143059 0.143059 2 4 2
215.354 0.143328 0.143328 2 4 2
215.514 0.143868 0.143868 2 4 2
215.834 0.14495 0.14495 2 4 2
216.334 0.146653 0.146653 2 4 2
216.834 0.148369 0.148369 2 4 2
217.334 0.150097 0.150097 2 4 2
217.834 0.151838 0.151838 2 4 2
218.334 0.153593 0.153593 2 4 2
218.834 0.155359 0.155359 2 4 2
219.334 0.157139 0.157139 2 4 2
219.834 0.158932 0.158932 2 4 2
220.334 0.160737 0.160737 2 4 2
220.834 0.162555 0.162555 2 4 2
221.334 0.164385 0.164385 2 4 2
221.834 0.166228 0.166228 2 4 2
222.334 0.168084 0.168084 2 4 2
222.834 0.169952 0.169952 2 4 2
223.334 0.171833 0.171833 2 4 2
223.834 0.173726 0.173726 2 4 2
224.334 0.175632 0.175632 2 4 2
224.834 0.17755 0.17755 2 4 2
225.334 0.179481 0.179481 2 4 2
225.834 0.181424 0.181424 2 4 2
226.334 0.18338 0.18338 2 4 2
226.834 0.185347 0.185347 2 4 2
227.334 0.187327 0.187327 2 4 2
227.834 0.18932 0.18932 2 4 2
228.334 0.191324 0.191324 2 4 2
228.834 0.193341 0.193341 2 4 2
229.334 0.19537 0.19537 2 4 2
229.834 0.197411 0.197411 2 4 2
230.334 0.199464 0.199464 2 4 2
230.834 0.20153 0.20153 2 4 2
231.334 0.203607 0.203607 2 4 2
231.834 0.205697 0.205697 2 4 2
232.334 0.207798 0.207798 2 4 2
232.834 0.209912 0.209912 2 4 2
233.334 0.212037 0.212037 2 4 2
233.834 0.214175 0.214175 2 4 2
234.334 0.216324 0.216324 2 4 2
234.834 0.218485 0.218485 2 4 2
235.334 0.220658 0.220658 2 4 2
235.834 0.222843 0.222843 2 4 2
236.334 0.22504 0.22504 2 4 2
236.834 0.227248 0.227248 2 4 2
237.334 0.229468 0.229468 2 4 2
237.834 0.2317 0.2317 2 4 2
238.334 0.233944 0.233944 2 4 2
238.834 0.236199 0.236199 2 4 2
239.334 0.238466 0.238466 2 4 2
239.834 0.240745 0.240745 2 4 2
240.334 0.243035 0.243035 2 4 2
240.834 0.245337 0.245337 2 4 2
241.334 0.24765 0.24765 2 4 2
241.834 0.249975 0.249975 2 4 2
242.334 0.252311 0.252311 2 4 2
242.834 0.254659 0.254659 2 4 2
243.334 0.257018 0.257018 2 4 2
243.834 0.259389 0.259389 2 4 2
244.334 0.261772 0.261772 2 4 2
244.834 0.264165 0.264165 2 4 2
245.334 0.26657 0.26657 2 4 2
245.834 0.268987 0.268987 2 4 2
246.334 0.271414 0.271414 2 4 2
246.834 0.273853 0.273853 2 4 2
247.334 0.276304 0.276304 2 4 2
247.834 0.278766 0.278766 2 4 2
248.334 0.281239 0.281239 2 4 2
248.834 0.283723 0.283723 2 4 2
249.334 0.286218 0.286218 2 4 2
249.834 0.288725 0.288725 2 4 2
250.334 0.291243 0.291243 2 4 2
250.834 0.293772 0.293772 2 4 2
251.334 0.296312 0.296312 2 4 2
251.834 0.298863 0.298863 2 4 2
252.334 0.301426 0.301426 2 4 2
252.834 0.303999 0.303999 2 4 2
253.334 0.306584 0.306584 2 4 2
253.834 0.309179 0.309179 2 4 2
254.334 0.311786 0.311786 2 4 2
254.834 0.314404 0.314404 2 4 2
255.334 0.317033 0.317033 2 4 2
255.834 0.319673 0.319673 2 4 2
256.334 0.322324 0.322324 2 4 2
256.834 0.324986 0.324986 2 4 2
257.334 0.327659 0.327659 2 4 2
257.834 0.330343 0.330343 2 4 2
258.334 0.333038 0.333038 2 4 2
258.834 0.335743 0.335743 2 4 2
259.334 0.33846 0.33846 2 4 2
259.834 0.341188 0.341188 2 4 2
260.334 0.343927 0.343927 2 4 2
260.834 0.346676 0.346676 2 4 2
261.334 0.349437 0.349437 2 4 2
261.834 0.352208 0.352208 2 4 2
262.334 0.35499 0.35499 2 4 2
262.834 0.357783 0.357783 2 4 2
263.333 0.360586 0.360586 2 4 2
263.833 0.363401 0.363401 2 4 2
264.333 0.366227 0.366227 2 4 2
264.833 0.369063 0.369063 2 4 2
265.333 0.37191 0.37191 2 4 2
265.833 0.374768 0.374768 2 4 2
266.333 0.377637 0.377637 2 4 2
266.833 0.380517 0.380517 2 4 2
267.333 0.383407 0.383407 2 4 2
267.833 0.386308 0.386308 2 4 2
268.333 0.389219 0.389219 2 4 2
268.833 0.392143 0.392143 2 4 2
269.333 0.395076 0.395076 2 4 2
269.833 0.39802 0.39802 2 4 2
270.333 0.400975 0.400975 2 4 2
270.833 0.403941 0.403941 2 4 2
271.333 0.406917 0.406917 2 4 2
271.833 0.409905 0.409905 2 4 2
272.333 0.412903 0.412903 2 4 2
272.833 0.415911 0.415911 2 4 2
273.333 0.418931 0.418931 2 4 2
273.833 0.421961 0.421961 2 4 2
274.333 0.425001 0.425001 2 4 2
274.833 0.428052 0.428052 2 4 2
275.333 0.431114 0.431114 2 4 2
275.833 0.434187 0.434187 2 4 2
276.333 0.437269 0.437269 2 4 2
276.833 0.440363 0.440363 2 4 2
277.333 0.443468 0.443468 2 4 2
277.833 0.446583 0.446583 2 4 2
278.333 0.449709 0.449709 2 4 2
278.833 0.452846 0.452846 2 4 2
279.333 0.455992 0.455992 2 4 2
279.833 0.45915 0.45915 2 4 2
280.333 0.462319 0.462319 2 4 2
280.833 0.465498 0.465498 2 4 2
281.333 0.468688 0.468688 2 4 2
281.833 0.471889 0.471889 2 4 2
282.333 0.475099 0.475099 2 4 2
282.833 0.478321 0.478321 2 4 2
283.333 0.481554 0.481554 2 4 2
283.833 0.484796 0.484796 2 4 2
284.333 0.48805 0.48805 2 4 2
284.833 0.491315 0.491315 2 4 2
285.333 0.494589 0.494589 2 4 2
285.833 0.497875 0.497875 2 4 2
286.333 0.501172 0.501172 2 4 2
286.833 0.504471 0.504471 2 4 2
287.333 0.507789 0.507789 2 4 2
287.833 0.511118 0.511118 2 4 2
288.333 0.514456 0.514456 2 4 2
288.833 0.517806 0.517806 2 4 2
289.333 0.521167 0.521167 2 4 2
289.833 0.524537 0.524537 2 4 2
290.333 0.52792 0.52792 2 4 2
290.833 0.531313 0.531313 2 4 2
291.333 0.534715 0.534715 2 4 2
291.833 0.53813 0.53813 2 4 2
292.333 0.541556 0.541556 2 4 2
292.833 0.544991 0.544991 2 4 2
293.333 0.548438 0.548438 2 4 2
293.833 0.551895 0.551895 2 4 2
294.333 0.555363 0.555363 2 4 2
294.833 0.558842 0.558842 2 4 2
295.333 0.562332 0.562332 2 4 2
295.833 0.565833 0.565833 2 4 2
296.333 0.569345 0.569345 2 4 2
296.833 0.572867 0.572867 2 4 2
297.333 0.576402 0.576402 2 4 2
297.833 0.579946 0.579946 2 4 2
298.333 0.583501 0.583501 2 4 2
298.833 0.58707 0.58707 2 4 2
299.333 0.590646 0.590646 2 4 2
299.833 0.594234 0.594234 2 4 2
300.333 0.597833 0.597833 2 4 2
300.833 0.601443 0.601443 2 4 2
301.333 0.605063 0.605063 2 4 2
301.833 0.608694 0.608694 2 4 2
302.333 0.612336 0.612336 2 4 2
302.833 0.615989 0.615989 2 4 2
303.333 0.619656 0.619656 2 4 2
303.833 0.623332 0.623332 2 4 2
304.333 0.627018 0.627018 2 4 2
304.833 0.630717 0.630717 2 4 2
305.333 0.634425 0.634425 2 4 2
305.833 0.638145 0.638145 2 4 2
306.333 0.641868 0.641868 2 4 2
306.833 0.64561 0.64561 2 4 2
307.333 0.649363 0.649363 2 4 2
307.833 0.653127 0.653127 2 4 2
308.333 0.656902 0.656902 2 4 2
308.832 0.660688 0.660688 2 4 2
309.332 0.66448 0.66448 2 4 2
309.832 0.668288 0.668288 2 4 2
310.332 0.672108 0.672108 2 4 2
310.832 0.67594 0.67594 2 4 2
311.332 0.679783 0.679783 2 4 2
311.832 0.683636 0.683636 2 4 2
312.332 0.687496 0.687496 2 4 2
312.832 0.691372 0.691372 2 4 2
312.832 0.691372 0.691372 2 4 2
312.852 0.691527 0.691527 2 4 2
312.882 0.69176 0.69176 2 4 2
312.942 0.692225 0.692225 2 4 2
313.032 0.692925 0.692925 2 4 2
313.167 0.693975 0.693975 2 4 2
313.437 0.696074 0.696074 2 4 2
313.842 0.699232 0.699232 2 4 2
314.342 0.703143 0.703143 2 4 2
314.842 0.707064 0.707064 2 4 2
315.342 0.710997 0.710997 2 4 2
315.842 0.714942 0.714942 2 4 2
316.342 0.718899 0.718899 2 4 2
316.842 0.722866 0.722866 2 4 2
317.342 0.726845 0.726845 2 4 2
317.842 0.730833 0.730833 2 4 2
318.342 0.734835 0.734835 2 4 2
318.842 0.738848 0.738848 2 4 2
319.342 0.742872 0.742872 2 4 2
319.842 0.746909 0.746909 2 4 2
320.342 0.750957 0.750957 2 4 2
320.842 0.755019 0.755019 2 4 2
321.342 0.759091 0.759091 2 4 2
321.842 0.763174 0.763174 2 4 2
322.342 0.767264 0.767264 2 4 2
322.842 0.771371 0.771371 2 4 2
323.342 0.77549 0.77549 2 4 2
323.842 0.779619 0.779619 2 4 2
324.342 0.783761 0.783761 2 4 2
324.842 0.787916 0.787916 2 4 2
325.342 0.792078 0.792078 2 4 2
325.842 0.796256 0.796256 2 4 2
326.342 0.800446 0.800446 2 4 2
326.842 0.804652 0.804652 2 4 2
327.342 0.808866 0.808866 2 4 2
327.842 0.813092 0.813092 2 4 2
328.342 0.81732 0.81732 2 4 2
328.842 0.82157 0.82157 2 4 2
329.342 0.825832 0.825832 2 4 2
329.842 0.830079 0.830079 2 4 2
330.342 0.834365 0.834365 2 4 2
330.842 0.838663 0.838663 2 4 2
331.342 0.843043 0.843043 2 4 2
331.842 0.847366 0.847366 2 4 2
332.342 0.851702 0.851702 2 4 2
332.842 0.856004 0.856004 2 4 2
333.342 0.860364 0.860364 2 4 2
333.842 0.864736 0.864736 2 4 2
334.342 0.869153 0.869153 2 4 2
334.842 0.873551 0.873551 2 4 2
335.342 0.87796 0.87796 2 4 2
335.842 0.882377 0.882377 2 4 2
336.342 0.886812 0.886812 2 4 2
336.842 0.891259 0.891259 2 4 2
337.342 0.895697 0.895697 2 4 2
337.842 0.900169 0.900169 2 4 2
338.341 0.904654 0.904654 2 4 2
338.841 0.909135 0.909135 2 4 2
339.341 0.913645 0.913645 2 4 2
339.841 0.918168 0.918168 2 4 2
340.341 0.92269 0.92269 2 4 2
340.841 0.927238 0.927238 2 4 2
341.341 0.931799 0.931799 2 4 2
341.841 0.936407 0.936407 2 4 2
342.341 0.940994 0.940994 2 4 2
342.841 0.945594 0.945594 2 4 2
343.341 0.950197 0.950197 2 4 2
343.841 0.954823 0.954823 2 4 2
344.341 0.959462 0.959462 2 4 2
344.841 0.964124 0.964124 2 4 2
345.341 0.968789 0.968789 2 4 2
345.841 0.973468 0.973468 2 4 2
346.341 0.978133 0.978133 2 4 2
346.841 0.982837 0.982837 2 4 2
347.341 0.987555 0.987555 2 4 2
347.841 0.992314 0.992314 2 4 2
348.341 0.997058 0.997058 2 4 2
348.841 1.00182 1.00182 2 4 2
349.341 1.00659 1.00659 2 4 2
349.841 1.01138 1.01138 2 4 2
350.341 1.01618 1.01618 2 4 2
350.841 1.02097 1.02097 2 4 2
351.341 1.02579 1.02579 2 4 2
351.841 1.03063 1.03063 2 4 2
352.341 1.03545 1.03545 2 4 2
352.841 1.04032 1.04032 2 4 2
353.341 1.04519 1.04519 2 4 2
353.841 1.0501 1.0501 2 4 2
354.341 1.05501 1.05501 2 4 2
354.841 1.05993 1.05993 2 4 2
355.341 1.06484 1.06484 2 4 2
355.841 1.06979 1.06979 2 4 2
356.341 1.07475 1.07475 2 4 2
356.841 1.07971 1.07971 2 4 2
357.341 1.0847 1.0847 2 4 2
357.841 1.0897 1.0897 2 4 2
358.341 1.09476 1.09476 2 4 2
358.841 1.09979 1.09979 2 4 2
359.341 1.10483 1.10483 2 4 2
359.841 1.10989 1.10989 2 4 2
360.34 1.11496 1.11496 2 4 2
360.84 1.12005 1.12005 2 4 2
361.34 1.12514 1.12514 2 4 2
361.84 1.13026 1.13026 2 4 2
362.34 1.13538 1.13538 2 4 2
362.84 1.1405 1.1405 2 4 2
363.34 1.14566 1.14566 2 4 2
363.84 1.15083 1.15083 2 4 2
364.34 1.156 1.156 2 4 2
364.84 1.1612 1.1612 2 4 2
365.34 1.16641 1.16641 2 4 2
365.84 1.17167 1.17167 2 4 2
366.34 1.17692 1.17692 2 4 2
366.84 1.18217 1.18217 2 4 2
367.34 1.18744 1.18744 2 4 2
367.84 1.19273 1.19273 2 4 2
368.34 1.19803 1.19803 2 4 2
368.84 1.20338 1.20338 2 4 2
369.34 1.20871 1.20871 2 4 2
369.84 1.21406 1.21406 2 4 2
370.34 1.21951 1.21951 2 4 2
370.84 1.22488 1.22488 2 4 2
371.34 1.23027 1.23027 2 4 2
371.84 1.23573 1.23573 2 4 2
372.34 1.24115 1.24115 2 4 2
372.84 1.24658 1.24658 2 4 2
373.34 1.25204 1.25204 2 4 2
373.84 1.2575 1.2575 2 4 2
374.34 1.26298 1.26298 2 4 2
374.84 1.26846 1.26846 2 4 2
375.34 1.27396 1.27396 2 4 2
375.84 1.27948 1.27948 2 4 2
376.34 1.28501 1.28501 2 4 2
376.84 1.29056 1.29056 2 4 2
377.34 1.29612 1.29612 2 4 2
377.839 1.30168 1.30168 2 4 2
378.339 1.30727 1.30727 2 4 2
378.839 1.31288 1.31288 2 4 2
379.339 1.31853 1.31853 2 4 2
379.839 1.32417 1.32417 2 4 2
380.339 1.32983 1.32983 2 4 2
380.839 1.33551 1.33551 2 4 2
381.339 1.3412 1.3412 2 4 2
381.839 1.3469 1.3469 2 4 2
382.339 1.35264 1.35264 2 4 2
382.839 1.35837 1.35837 2 4 2
383.339 1.36412 1.36412 2 4 2
383.839 1.36988 1.36988 2 4 2
384.339 1.37566 1.37566 2 4 2
384.839 1.38145 1.38145 2 4 2
385.339 1.38727 1.38727 2 4 2
385.839 1.3931 1.3931 2 4 2
386.339 1.39894 1.39894 2 4 2
386.839 1.40477 1.40477 2 4 2
387.339 1.41064 1.41064 2 4 2
387.839 1.41652 1.41652 2 4 2
388.339 1.42244 1.42244 2 4 2
388.839 1.42836 1.42836 2 4 2
389.339 1.43429 1.43429 2 4 2
389.839 1.4402 1.4402 2 4 2
390.339 1.44616 1.44616 2 4 2
390.839 1.45213 1.45213 2 4 2
391.339 1.45817 1.45817 2 4 2
391.839 1.46418 1.46418 2 4 2
392.339 1.4702 1.4702 2 4 2
392.838 1.47622 1.47622 2 4 2
393.338 1.48227 1.48227 2 4 2
393.838 1.48834 1.48834 2 4 2
394.338 1.49445 1.49445 2 4 2
394.838 1.50055 1.50055 2 4 2
395.338 1.50667 1.50667 2 4 2
395.838 1.51279 1.51279 2 4 2
396.338 1.51893 1.51893 2 4 2
396.838 1.52509 1.52509 2 4 2
397.338 1.5313 1.5313 2 4 2
397.838 1.53749 1.53749 2 4 2
398.338 1.5437 1.5437 2 4 2
398.838 1.54991 1.54991 2 4 2
399.338 1.55615 1.55615 2 4 2
399.838 1.5624 1.5624 2 4 2
400.338 1.5687 1.5687 2 4 2
400.838 1.57499 1.57499 2 4 2
401.338 1.58129 1.58129 2 4 2
401.838 1.58757 1.58757 2 4 2
402.338 1.59391 1.59391 2 4 2
402.838 1.60026 1.60026 2 4 2
403.338 1.60664 1.60664 2 4 2
403.838 1.61302 1.61302 2 4 2
404.338 1.61942 1.61942 2 4 2
404.838 1.62582 1.62582 2 4 2
405.337 1.63225 1.63225 2 4 2
405.837 1.63869 1.63869 2 4 2
406.337 1.64514 1.64514 2 4 2
406.837 1.65161 1.65161 2 4 2
407.337 1.6581 1.6581 2 4 2
407.837 1.66463 1.66463 2 4 2
408.337 1.67115 1.67115 2 4 2
408.837 1.67769 1.67769 2 4 2
409.337 1.68423 1.68423 2 4 2
409.837 1.6908 1.6908 2 4 2
409.837 1.6908 1.6908 2 4 2
409.857 1.69106 1.69106 2 4 2
409.887 1.69146 1.69146 2 4 2
409.932 1.69205 1.69205 2 4 2
410 1.69294 1.69294 2 4 2
410.101 1.69427 1.69427 2 4 2
410.303 1.69694 1.69694 2 4 2
410.607 1.70095 1.70095 2 4 2
411.063 1.70697 1.70697 2 4 2
411.563 1.7136 1.7136 2 4 2
412.063 1.72024 1.72024 2 4 2
412.562 1.72689 1.72689 2 4 2
413.062 1.73355 1.73355 2 4 2
413.562 1.74024 1.74024 2 4 2
414.062 1.74694 1.74694 2 4 2
414.562 1.75366 1.75366 2 4 2
415.062 1.7604 1.7604 2 4 2
415.562 1.76715 1.76715 2 4 2
416.062 1.77391 1.77391 2 4 2
416.562 1.78069 1.78069 2 4 2
417.062 1.78749 1.78749 2 4 2
417.562 1.79429 1.79429 2 4 2
418.062 1.80112 1.80112 2 4 2
418.562 1.80797 1.80797 2 4 2
419.062 1.81484 1.81484 2 4 2
419.562 1.82171 1.82171 2 4 2
420.062 1.8286 1.8286 2 4 2
420.562 1.83546 1.83546 2 4 2
421.062 1.84238 1.84238 2 4 2
421.562 1.84932 1.84932 2 4 2
422.062 1.85635 1.85635 2 4 2
422.562 1.86332 1.86332 2 4 2
423.062 1.87031 1.87031 2 4 2
423.561 1.87729 1.87729 2 4 2
424.061 1.88431 1.88431 2 4 2
424.561 1.89135 1.89135 2 4 2
425.061 1.89835 1.89835 2 4 2
425.561 1.90542 1.90542 2 4 2
426.061 1.9125 1.9125 2 4 2
426.561 1.91962 1.91962 2 4 2
427.061 1.92674 1.92674 2 4 2
427.561 1.93387 1.93387 2 4 2
428.061 1.94101 1.94101 2 4 2
428.561 1.94817 1.94817 2 4 2
429.061 1.95535 1.95535 2 4 2
429.561 1.96254 1.96254 2 4 2
430.061 1.96975 1.96975 2 4 2
430.561 1.97697 1.97697 2 4 2
431.061 1.98423 1.98423 2 4 2
431.561 1.99149 1.99149 2 4 2
432.061 1.99876 1.99876 2 4 2
432.561 2.00599 2.00599 2 4 2
433.06 2.01329 2.01329 2 4 2
433.56 2.02061 2.02061 2 4 2
434.06 2.02802 2.02802 2 4 2
434.56 2.03537 2.03537 2 4 2
435.06 2.04274 2.04274 2 4 2
435.56 2.05012 2.05012 2 4 2
436.06 2.05752 2.05752 2 4 2
436.56 2.06493 2.06493 2 4 2
437.06 2.07236 2.07236 2 4 2
437.56 2.07981 2.07981 2 4 2
438.06 2.08727 2.08727 2 4 2
438.56 2.09471 2.09471 2 4 2
439.06 2.10221 2.10221 2 4 2
439.56 2.10972 2.10972 2 4 2
440.06 2.11731 2.11731 2 4 2
440.56 2.12485 2.12485 2 4 2
441.06 2.13241 2.13241 2 4 2
441.56 2.13993 2.13993 2 4 2
442.059 2.14753 2.14753 2 4 2
442.559 2.15513 2.15513 2 4 2
443.059 2.16279 2.16279 2 4 2
443.559 2.17043 2.17043 2 4 2
444.059 2.17809 2.17809 2 4 2
444.559 2.1857 2.1857 2 4 2
445.059 2.19338 2.19338 2 4 2
445.559 2.20109 2.20109 2 4 2
446.059 2.20889 2.20889 2 4 2
446.559 2.21663 2.21663 2 4 2
447.059 2.22438 2.22438 2 4 2
447.559 2.232 2.232 2 4 2
448.059 2.23979 2.23979 2 4 2
448.559 2.24759 2.24759 2 4 2
449.059 2.25553 2.25553 2 4 2
449.559 2.26337 2.26337 2 4 2
450.059 2.27121 2.27121 2 4 2
450.558 2.279 2.279 2 4 2
451.058 2.28687 2.28687 2 4 2
451.558 2.29477 2.29477 2 4 2
452.058 2.30273 2.30273 2 4 2
452.558 2.31066 2.31066 2 4 2
453.058 2.3186 2.3186 2 4 2
453.558 2.32652 2.32652 2 4 2
454.058 2.33449 2.33449 2 4 2
454.558 2.34248 2.34248 2 4 2
455.058 2.35053 2.35053 2 4 2
455.558 2.35855 2.35855 2 4 2
456.058 2.36659 2.36659 2 4 2
456.558 2.3746 2.3746 2 4 2
457.058 2.38267 2.38267 2 4 2
457.558 2.39076 2.39076 2 4 2
458.058 2.39888 2.39888 2 4 2
458.557 2.407 2.407 2 4 2
459.057 2.41513 2.41513 2 4 2
459.557 2.42319 2.42319 2 4 2
460.057 2.43136 2.43136 2 4 2
460.557 2.43954 2.43954 2 4 2
461.057 2.44784 2.44784 2 4 2
461.557 2.45606 2.45606 2 4 2
462.057 2.46429 2.46429 2 4 2
462.557 2.47246 2.47246 2 4 2
463.057 2.48072 2.48072 2 4 2
463.557 2.489 2.489 2 4 2
464.057 2.49733 2.49733 2 4 2
464.557 2.50564 2.50564 2 4 2
465.057 2.51397 2.51397 2 4 2
465.557 2.52224 2.52224 2 4 2
466.056 2.5306 2.5306 2 4 2
466.556 2.53897 2.53897 2 4 2
467.056 2.54742 2.54742 2 4 2
467.556 2.55582 2.55582 2 4 2
468.056 2.56424 2.56424 2 4 2
468.556 2.57262 2.57262 2 4 2
469.056 2.58107 2.58107 2 4 2
469.556 2.58954 2.58954 2 4 2
470.056 2.59805 2.59805 2 4 2
470.556 2.60655 2.60655 2 4 2
471.056 2.61507 2.61507 2 4 2
471.556 2.62354 2.62354 2 4 2
472.056 2.63209 2.63209 2 4 2
472.556 2.64066 2.64066 2 4 2
473.055 2.64923 2.64923 2 4 2
473.555 2.65783 2.65783 2 4 2
474.055 2.66644 2.66644 2 4 2
474.555 2.67503 2.67503 2 4 2
475.055 2.68367 2.68367 2 4 2
475.555 2.69233 2.69233 2 4 2
476.055 2.70098 2.70098 2 4 2
476.555 2.70967 2.70967 2 4 2
477.055 2.71838 2.71838 2 4 2
477.555 2.72708 2.72708 2 4 2
478.055 2.73582 2.73582 2 4 2
478.555 2.74457 2.74457 2 4 2
479.055 2.75338 2.75338 2 4 2
479.554 2.76217 2.76217 2 4 2
480.054 2.77099 2.77099 2 4 2
480.554 2.77983 2.77983 2 4 2
481.054 2.78867 2.78867 2 4 2
481.554 2.79752 2.79752 2 4 2
482.054 2.80629 2.80629 2 4 2
482.554 2.81518 2.81518 2 4 2
483.054 2.82408 2.82408 2 4 2
483.554 2.83301 2.83301 2 4 2
484.054 2.84194 2.84194 2 4 2
484.554 2.85089 2.85089 2 4 2
485.054 2.85976 2.85976 2 4 2
485.554 2.86874 2.86874 2 4 2
486.053 2.87774 2.87774 2 4 2
486.553 2.88671 2.88671 2 4 2
487.053 2.89574 2.89574 2 4 2
487.553 2.90479 2.90479 2 4 2
488.053 2.9138 2.9138 2 4 2
488.553 2.92288 2.92288 2 4 2
489.053 2.93197 2.93197 2 4 2
489.553 2.94102 2.94102 2 4 2
490.053 2.95014 2.95014 2 4 2
490.553 2.95928 2.95928 2 4 2
491.053 2.96836 2.96836 2 4 2
491.553 2.97753 2.97753 2 4 2
492.052 2.98671 2.98671 2 4 2
492.552 2.99585 2.99585 2 4 2
493.052 3.00506 3.00506 2 4 2
493.552 3.01429 3.01429 2 4 2
494.052 3.0236 3.0236 2 4 2
494.552 3.03286 3.03286 2 4 2
495.052 3.04214 3.04214 2 4 2
495.552 3.05133 3.05133 2 4 2
496.052 3.06063 3.06063 2 4 2
496.552 3.06996 3.06996 2 4 2
497.052 3.07925 3.07925 2 4 2
497.551 3.08861 3.08861 2 4 2
498.051 3.09798 3.09798 2 4 2
498.551 3.10737 3.10737 2 4 2
499.051 3.11678 3.11678 2 4 2
499.551 3.1262 3.1262 2 4 2
500.051 3.13552 3.13552 2 4 2
500.551 3.14498 3.14498 2 4 2
501.051 3.15445 3.15445 2 4 2
501.551 3.16383 3.16383 2 4 2
502.051 3.17333 3.17333 2 4 2
502.551 3.18285 3.18285 2 4 2
503.051 3.19239 3.19239 2 4 2
503.55 3.20194 3.20194 2 4 2
504.05 3.2115 3.2115 2 4 2
504.55 3.2219 3.2219 2 4 2
505.05 3.23151 3.23151 2 4 2
505.55 3.24112 3.24112 2 4 2
506.05 3.25021 3.25021 2 4 2
506.55 3.25986 3.25986 2 4 2
