389.102 0.011 0.011 2 23 3
389.142 0.0110011 0.0110011 2 23 3
389.182 0.0110022 0.0110022 2 23 3
389.262 0.0110044 0.0110044 2 23 3
389.422 0.0110087 0.0110087 2 23 3
389.742 0.0110174 0.0110174 2 23 3
390.242 0.011031 0.011031 2 23 3
390.742 0.0110444 0.0110444 2 23 3
391.242 0.0110577 0.0110577 2 23 3
391.742 0.011071 0.011071 2 23 3
392.242 0.0110842 0.0110842 2 23 3
392.742 0.0110973 0.0110973 2 23 3
393.242 0.0111104 0.0111104 2 23 3
393.742 0.0111234 0.0111234 2 23 3
394.242 0.0111363 0.0111363 2 23 3
394.742 0.0111491 0.0111491 2 23 3
395.242 0.0111618 0.0111618 2 23 3
395.742 0.0111745 0.0111745 2 23 3
396.242 0.0111872 0.0111872 2 23 3
396.742 0.0111997 0.0111997 2 23 3
397.242 0.0112122 0.0112122 2 23 3
397.742 0.0112246 0.0112246 2 23 3
398.242 0.0112369 0.0112369 2 23 3
398.742 0.0112492 0.0112492 2 23 3
399.242 0.0112614 0.0112614 2 23 3
399.742 0.0112735 0.0112735 2 23 3
400.242 0.0112856 0.0112856 2 23 3
400.742 0.0112976 0.0112976 2 23 3
401.242 0.0113096 0.0113096 2 23 3
401.742 0.0113215 0.0113215 2 23 3
402.242 0.0113333 0.0113333 2 23 3
402.742 0.011345 0.011345 2 23 3
403.242 0.0113567 0.0113567 2 23 3
403.742 0.0113683 0.0113683 2 23 3
404.242 0.0113799 0.0113799 2 23 3
404.742 0.0113914 0.0113914 2 23 3
405.242 0.0114029 0.0114029 2 23 3
405.742 0.0114142 0.0114142 2 23 3
406.242 0.0114256 0.0114256 2 23 3
406.742 0.0114368 0.0114368 2 23 3
407.242 0.011448 0.011448 2 23 3
407.742 0.0114592 0.0114592 2 23 3
408.242 0.0114703 0.0114703 2 23 3
408.742 0.0114813 0.0114813 2 23 3
409.242 0.0114923 0.0114923 2 23 3
409.742 0.0115032 0.0115032 2 23 3
410.242 0.011514 0.011514 2 23 3
410.742 0.0115248 0.0115248 2 23 3
411.242 0.0115356 0.0115356 2 23 3
411.742 0.0115463 0.0115463 2 23 3
412.242 0.0115569 0.0115569 2 23 3
412.742 0.0115675 0.0115675 2 23 3
413.242 0.011578 0.011578 2 23 3
413.742 0.0115885 0.0115885 2 23 3
414.242 0.0115989 0.0115989 2 23 3
414.742 0.0116093 0.0116093 2 23 3
415.242 0.0116196 0.0116196 2 23 3
415.742 0.0116298 0.0116298 2 23 3
416.242 0.0116401 0.0116401 2 23 3
416.742 0.0116502 0.0116502 2 23 3
417.242 0.0116603 0.0116603 2 23 3
417.742 0.0116704 0.0116704 2 23 3
418.242 0.0116804 0.0116804 2 23 3
418.742 0.0116903 0.0116903 2 23 3
419.242 0.0117003 0.0117003 2 23 3
419.742 0.0117101 0.0117101 2 23 3
420.242 0.0117199 0.0117199 2 23 3
420.742 0.0117297 0.0117297 2 23 3
421.242 0.0117394 0.0117394 2 23 3
421.742 0.0117491 0.0117491 2 23 3
422.242 0.0117587 0.0117587 2 23 3
422.742 0.0117682 0.0117682 2 23 3
423.242 0.0117778 0.0117778 2 23 3
423.742 0.0117872 0.0117872 2 23 3
424.242 0.0117967 0.0117967 2 23 3
424.742 0.0118061 0.0118061 2 23 3
425.242 0.0118154 0.0118154 2 23 3
425.742 0.0118247 0.0118247 2 23 3
426.242 0.0118339 0.0118339 2 23 3
426.742 0.0118431 0.0118431 2 23 3
427.242 0.0118523 0.0118523 2 23 3
427.742 0.0118614 0.0118614 2 23 3
428.242 0.0118705 0.0118705 2 23 3
428.742 0.0118795 0.0118795 2 23 3
429.242 0.0118885 0.0118885 2 23 3
429.742 0.0118974 0.0118974 2 23 3
430.242 0.0119063 0.0119063 2 23 3
430.742 0.0119152 0.0119152 2 23 3
431.242 0.011924 0.011924 2 23 3
431.742 0.0119328 0.0119328 2 23 3
432.242 0.0119415 0.0119415 2 23 3
432.742 0.0119502 0.0119502 2 23 3
433.242 0.0119588 0.0119588 2 23 3
433.742 0.0119674 0.0119674 2 23 3
434.242 0.011976 0.011976 2 23 3
434.742 0.0119845 0.0119845 2 23 3
435.242 0.011993 0.011993 2 23 3
435.742 0.0120015 0.0120015 2 23 3
436.242 0.0120099 0.0120099 2 23 3
436.742 0.0120182 0.0120182 2 23 3
437.242 0.0120266 0.0120266 2 23 3
437.742 0.0120349 0.0120349 2 23 3
438.242 0.0120431 0.0120431 2 23 3
438.742 0.0120513 0.0120513 2 23 3
439.242 0.0120595 0.0120595 2 23 3
439.742 0.0120676 0.0120676 2 23 3
440.242 0.0120757 0.0120757 2 23 3
440.742 0.0120838 0.0120838 2 23 3
441.242 0.0120918 0.0120918 2 23 3
441.742 0.0120998 0.0120998 2 23 3
442.242 0.0121078 0.0121078 2 23 3
442.742 0.0121157 0.0121157 2 23 3
443.242 0.0121236 0.0121236 2 23 3
443.742 0.0121314 0.0121314 2 23 3
444.242 0.0121392 0.0121392 2 23 3
444.742 0.012147 0.012147 2 23 3
445.242 0.0121547 0.0121547 2 23 3
445.742 0.0121624 0.0121624 2 23 3
446.242 0.0121701 0.0121701 2 23 3
446.742 0.0121777 0.0121777 2 23 3
447.242 0.0121853 0.0121853 2 23 3
447.742 0.0121929 0.0121929 2 23 3
448.242 0.0122004 0.0122004 2 23 3
448.742 0.0122079 0.0122079 2 23 3
449.242 0.0122154 0.0122154 2 23 3
449.742 0.0122228 0.0122228 2 23 3
450.242 0.0122302 0.0122302 2 23 3
450.742 0.0122376 0.0122376 2 23 3
451.242 0.0122449 0.0122449 2 23 3
451.742 0.0122522 0.0122522 2 23 3
452.242 0.0122595 0.0122595 2 23 3
452.742 0.0122667 0.0122667 2 23 3
453.242 0.0122739 0.0122739 2 23 3
453.742 0.0122811 0.0122811 2 23 3
454.242 0.0122882 0.0122882 2 23 3
454.742 0.0122953 0.0122953 2 23 3
455.242 0.0123024 0.0123024 2 23 3
455.742 0.0123095 0.0123095 2 23 3
456.242 0.0123165 0.0123165 2 23 3
456.742 0.0123235 0.0123235 2 23 3
457.242 0.0123304 0.0123304 2 23 3
457.742 0.0123373 0.0123373 2 23 3
458.242 0.0123442 0.0123442 2 23 3
458.742 0.0123511 0.0123511 2 23 3
459.242 0.0123579 0.0123579 2 23 3
459.742 0.0123647 0.0123647 2 23 3
460.242 0.0123715 0.0123715 2 23 3
460.742 0.0123783 0.0123783 2 23 3
461.242 0.012385 0.012385 2 23 3
461.742 0.0123917 0.0123917 2 23 3
462.242 0.0123983 0.0123983 2 23 3
462.742 0.012405 0.012405 2 23 3
463.242 0.0124116 0.0124116 2 23 3
463.742 0.0124181 0.0124181 2 23 3
464.242 0.0124247 0.0124247 2 23 3
464.742 0.0124312 0.0124312 2 23 3
465.242 0.0124377 0.0124377 2 23 3
465.742 0.0124442 0.0124442 2 23 3
466.242 0.0124506 0.0124506 2 23 3
466.742 0.012457 0.012457 2 23 3
467.242 0.0124634 0.0124634 2 23 3
467.742 0.0124697 0.0124697 2 23 3
468.242 0.0124761 0.0124761 2 23 3
468.742 0.0124824 0.0124824 2 23 3
469.242 0.0124886 0.0124886 2 23 3
469.742 0.0124949 0.0124949 2 23 3
470.242 0.0125011 0.0125011 2 23 3
470.742 0.0125073 0.0125073 2 23 3
471.242 0.0125135 0.0125135 2 23 3
471.742 0.0125196 0.0125196 2 23 3
472.242 0.0125257 0.0125257 2 23 3
472.742 0.0125318 0.0125318 2 23 3
473.242 0.0125379 0.0125379 2 23 3
473.742 0.0125439 0.0125439 2 23 3
474.242 0.01255 0.01255 2 23 3
474.742 0.012556 0.012556 2 23 3
475.242 0.0125619 0.0125619 2 23 3
475.742 0.0125679 0.0125679 2 23 3
476.242 0.0125738 0.0125738 2 23 3
476.742 0.0125797 0.0125797 2 23 3
477.242 0.0125855 0.0125855 2 23 3
477.742 0.0125914 0.0125914 2 23 3
478.242 0.0125972 0.0125972 2 23 3
478.742 0.012603 0.012603 2 23 3
479.242 0.0126088 0.0126088 2 23 3
479.742 0.0126145 0.0126145 2 23 3
480.242 0.0126203 0.0126203 2 23 3
480.742 0.012626 0.012626 2 23 3
481.242 0.0126317 0.0126317 2 23 3
481.742 0.0126373 0.0126373 2 23 3
482.242 0.0126429 0.0126429 2 23 3
482.742 0.0126486 0.0126486 2 23 3
483.242 0.0126541 0.0126541 2 23 3
483.742 0.0126597 0.0126597 2 23 3
484.242 0.0126653 0.0126653 2 23 3
484.742 0.0126708 0.0126708 2 23 3
485.242 0.0126763 0.0126763 2 23 3
485.742 0.0126817 0.0126817 2 23 3
486.242 0.0126872 0.0126872 2 23 3
486.742 0.0126926 0.0126926 2 23 3
486.742 0.0126926 0.0126926 2 23 3
486.782 0.012693 0.012693 2 23 3
486.822 0.0126935 0.0126935 2 23 3
486.902 0.0126943 0.0126943 2 23 3
487.062 0.0126961 0.0126961 2 23 3
487.382 0.0126995 0.0126995 2 23 3
487.882 0.0127049 0.0127049 2 23 3
488.382 0.0127103 0.0127103 2 23 3
488.882 0.0127156 0.0127156 2 23 3
489.382 0.012721 0.012721 2 23 3
489.882 0.0127263 0.0127263 2 23 3
490.382 0.0127315 0.0127315 2 23 3
490.882 0.0127368 0.0127368 2 23 3
491.382 0.012742 0.012742 2 23 3
491.882 0.0127472 0.0127472 2 23 3
492.382 0.0127524 0.0127524 2 23 3
492.882 0.0127576 0.0127576 2 23 3
493.382 0.0127628 0.0127628 2 23 3
493.882 0.0127679 0.0127679 2 23 3
494.382 0.012773 0.012773 2 23 3
494.882 0.0127781 0.0127781 2 23 3
495.382 0.0127832 0.0127832 2 23 3
495.882 0.0127882 0.0127882 2 23 3
496.382 0.0127933 0.0127933 2 23 3
496.882 0.0127983 0.0127983 2 23 3
497.382 0.0128033 0.0128033 2 23 3
497.882 0.0128082 0.0128082 2 23 3
498.382 0.0128132 0.0128132 2 23 3
498.882 0.0128181 0.0128181 2 23 3
499.382 0.012823 0.012823 2 23 3
499.882 0.0128279 0.0128279 2 23 3
500.382 0.0128328 0.0128328 2 23 3
500.882 0.0128377 0.0128377 2 23 3
501.382 0.0128425 0.0128425 2 23 3
501.882 0.0128473 0.0128473 2 23 3
502.382 0.0128521 0.0128521 2 23 3
502.882 0.0128569 0.0128569 2 23 3
503.382 0.0128617 0.0128617 2 23 3
503.882 0.0128664 0.0128664 2 23 3
504.382 0.0128712 0.0128712 2 23 3
504.882 0.0128759 0.0128759 2 23 3
505.382 0.0128806 0.0128806 2 23 3
505.882 0.0128852 0.0128852 2 23 3
506.382 0.0128899 0.0128899 2 23 3
506.882 0.0128945 0.0128945 2 23 3
507.382 0.0128992 0.0128992 2 23 3
507.882 0.0129038 0.0129038 2 23 3
508.382 0.0129083 0.0129083 2 23 3
508.882 0.0129129 0.0129129 2 23 3
509.382 0.0129175 0.0129175 2 23 3
509.882 0.012922 0.012922 2 23 3
510.382 0.0129265 0.0129265 2 23 3
510.882 0.012931 0.012931 2 23 3
511.382 0.0129355 0.0129355 2 23 3
511.882 0.01294 0.01294 2 23 3
512.382 0.0129444 0.0129444 2 23 3
512.882 0.0129488 0.0129488 2 23 3
513.382 0.0129533 0.0129533 2 23 3
513.882 0.0129577 0.0129577 2 23 3
514.382 0.012962 0.012962 2 23 3
514.882 0.0129664 0.0129664 2 23 3
515.382 0.0129707 0.0129707 2 23 3
515.882 0.0129751 0.0129751 2 23 3
516.382 0.0129794 0.0129794 2 23 3
516.882 0.0129837 0.0129837 2 23 3
517.382 0.012988 0.012988 2 23 3
517.882 0.0129922 0.0129922 2 23 3
518.382 0.0129965 0.0129965 2 23 3
518.882 0.0130007 0.0130007 2 23 3
519.382 0.013005 0.013005 2 23 3
519.882 0.0130092 0.0130092 2 23 3
520.382 0.0130134 0.0130134 2 23 3
520.882 0.0130175 0.0130175 2 23 3
521.382 0.0130217 0.0130217 2 23 3
521.882 0.0130258 0.0130258 2 23 3
522.382 0.01303 0.01303 2 23 3
522.882 0.0130341 0.0130341 2 23 3
523.382 0.0130382 0.0130382 2 23 3
523.882 0.0130422 0.0130422 2 23 3
524.382 0.0130463 0.0130463 2 23 3
524.882 0.0130504 0.0130504 2 23 3
525.382 0.0130544 0.0130544 2 23 3
525.882 0.0130584 0.0130584 2 23 3
526.382 0.0130624 0.0130624 2 23 3
526.882 0.0130664 0.0130664 2 23 3
527.382 0.0130704 0.0130704 2 23 3
527.882 0.0130744 0.0130744 2 23 3
528.382 0.0130783 0.0130783 2 23 3
528.882 0.0130822 0.0130822 2 23 3
529.382 0.0130862 0.0130862 2 23 3
529.882 0.0130901 0.0130901 2 23 3
530.382 0.013094 0.013094 2 23 3
530.882 0.0130978 0.0130978 2 23 3
531.382 0.0131017 0.0131017 2 23 3
531.882 0.0131056 0.0131056 2 23 3
532.382 0.0131094 0.0131094 2 23 3
532.882 0.0131132 0.0131132 2 23 3
533.382 0.013117 0.013117 2 23 3
533.882 0.0131208 0.0131208 2 23 3
534.382 0.0131246 0.0131246 2 23 3
534.882 0.0131284 0.0131284 2 23 3
535.382 0.0131321 0.0131321 2 23 3
535.882 0.0131359 0.0131359 2 23 3
536.382 0.0131396 0.0131396 2 23 3
536.882 0.0131433 0.0131433 2 23 3
537.382 0.013147 0.013147 2 23 3
537.882 0.0131507 0.0131507 2 23 3
538.382 0.0131544 0.0131544 2 23 3
538.882 0.013158 0.013158 2 23 3
539.382 0.0131617 0.0131617 2 23 3
539.882 0.0131653 0.0131653 2 23 3
540.382 0.0131689 0.0131689 2 23 3
540.882 0.0131725 0.0131725 2 23 3
541.382 0.0131761 0.0131761 2 23 3
541.882 0.0131797 0.0131797 2 23 3
542.382 0.0131833 0.0131833 2 23 3
542.882 0.0131868 0.0131868 2 23 3
543.382 0.0131904 0.0131904 2 23 3
543.882 0.0131939 0.0131939 2 23 3
544.382 0.0131974 0.0131974 2 23 3
544.882 0.0132009 0.0132009 2 23 3
545.382 0.0132044 0.0132044 2 23 3
545.882 0.0132079 0.0132079 2 23 3
546.382 0.0132114 0.0132114 2 23 3
546.882 0.0132148 0.0132148 2 23 3
547.382 0.0132183 0.0132183 2 23 3
547.882 0.0132217 0.0132217 2 23 3
548.382 0.0132251 0.0132251 2 23 3
548.882 0.0132285 0.0132285 2 23 3
549.382 0.0132319 0.0132319 2 23 3
549.882 0.0132353 0.0132353 2 23 3
550.382 0.0132387 0.0132387 2 23 3
550.882 0.0132421 0.0132421 2 23 3
551.382 0.0132454 0.0132454 2 23 3
551.882 0.0132487 0.0132487 2 23 3
552.382 0.0132521 0.0132521 2 23 3
552.882 0.0132554 0.0132554 2 23 3
553.382 0.0132587 0.0132587 2 23 3
553.882 0.013262 0.013262 2 23 3
554.382 0.0132653 0.0132653 2 23 3
554.882 0.0132685 0.0132685 2 23 3
555.382 0.0132718 0.0132718 2 23 3
555.882 0.013275 0.013275 2 23 3
556.382 0.0132783 0.0132783 2 23 3
556.882 0.0132815 0.0132815 2 23 3
557.382 0.0132847 0.0132847 2 23 3
557.882 0.0132879 0.0132879 2 23 3
558.382 0.0132911 0.0132911 2 23 3
558.882 0.0132943 0.0132943 2 23 3
559.382 0.0132974 0.0132974 2 23 3
559.882 0.0133006 0.0133006 2 23 3
560.382 0.0133037 0.0133037 2 23 3
560.882 0.0133069 0.0133069 2 23 3
561.382 0.01331 0.01331 2 23 3
561.882 0.0133131 0.0133131 2 23 3
562.382 0.0133162 0.0133162 2 23 3
562.882 0.0133193 0.0133193 2 23 3
563.382 0.0133224 0.0133224 2 23 3
563.882 0.0133255 0.0133255 2 23 3
564.382 0.0133285 0.0133285 2 23 3
564.882 0.0133316 0.0133316 2 23 3
565.382 0.0133346 0.0133346 2 23 3
565.882 0.0133376 0.0133376 2 23 3
566.382 0.0133407 0.0133407 2 23 3
566.882 0.0133437 0.0133437 2 23 3
567.382 0.0133467 0.0133467 2 23 3
567.882 0.0133497 0.0133497 2 23 3
568.382 0.0133526 0.0133526 2 23 3
568.882 0.0133556 0.0133556 2 23 3
569.382 0.0133586 0.0133586 2 23 3
569.882 0.0133615 0.0133615 2 23 3
570.382 0.0133645 0.0133645 2 23 3
570.882 0.0133674 0.0133674 2 23 3
571.382 0.0133703 0.0133703 2 23 3
571.882 0.0133732 0.0133732 2 23 3
572.382 0.0133761 0.0133761 2 23 3
572.882 0.013379 0.013379 2 23 3
573.382 0.0133819 0.0133819 2 23 3
573.882 0.0133847 0.0133847 2 23 3
574.382 0.0133876 0.0133876 2 23 3
574.882 0.0133905 0.0133905 2 23 3
575.382 0.0133933 0.0133933 2 23 3
575.882 0.0133961 0.0133961 2 23 3
576.382 0.0133989 0.0133989 2 23 3
576.882 0.0134018 0.0134018 2 23 3
577.382 0.0134046 0.0134046 2 23 3
577.882 0.0134074 0.0134074 2 23 3
578.382 0.0134101 0.0134101 2 23 3
578.882 0.0134129 0.0134129 2 23 3
579.382 0.0134157 0.0134157 2 23 3
579.882 0.0134184 0.0134184 2 23 3
580.382 0.0134212 0.0134212 2 23 3
580.882 0.0134239 0.0134239 2 23 3
581.382 0.0134267 0.0134267 2 23 3
581.882 0.0134294 0.0134294 2 23 3
582.382 0.0134321 0.0134321 2 23 3
582.882 0.0134348 0.0134348 2 23 3
583.382 0.0134375 0.0134375 2 23 3
583.882 0.0134402 0.0134402 2 23 3
584.382 0.0134428 0.0134428 2 23 3
584.382 0.0134428 0.0134428 2 23 3
584.422 0.013443 0.013443 2 23 3
584.462 0.0134433 0.0134433 2 23 3
584.542 0.0134437 0.0134437 2 23 3
584.702 0.0134445 0.0134445 2 23 3
585.022 0.0134462 0.0134462 2 23 3
585.522 0.0134489 0.0134489 2 23 3
586.022 0.0134515 0.0134515 2 23 3
586.522 0.0134542 0.0134542 2 23 3
587.022 0.0134568 0.0134568 2 23 3
587.522 0.0134594 0.0134594 2 23 3
588.022 0.013462 0.013462 2 23 3
588.522 0.0134646 0.0134646 2 23 3
589.022 0.0134672 0.0134672 2 23 3
589.522 0.0134698 0.0134698 2 23 3
590.022 0.0134724 0.0134724 2 23 3
590.522 0.013475 0.013475 2 23 3
591.022 0.0134775 0.0134775 2 23 3
591.522 0.0134801 0.0134801 2 23 3
592.022 0.0134826 0.0134826 2 23 3
592.522 0.0134852 0.0134852 2 23 3
593.022 0.0134877 0.0134877 2 23 3
593.522 0.0134902 0.0134902 2 23 3
594.022 0.0134927 0.0134927 2 23 3
594.522 0.0134952 0.0134952 2 23 3
595.022 0.0134977 0.0134977 2 23 3
595.522 0.0135002 0.0135002 2 23 3
596.022 0.0135027 0.0135027 2 23 3
596.522 0.0135051 0.0135051 2 23 3
597.022 0.0135076 0.0135076 2 23 3
597.522 0.0135101 0.0135101 2 23 3
598.022 0.0135125 0.0135125 2 23 3
598.522 0.0135149 0.0135149 2 23 3
599.022 0.0135174 0.0135174 2 23 3
599.522 0.0135198 0.0135198 2 23 3
600.022 0.0135222 0.0135222 2 23 3
600.522 0.0135246 0.0135246 2 23 3
601.022 0.013527 0.013527 2 23 3
601.522 0.0135294 0.0135294 2 23 3
602.022 0.0135318 0.0135318 2 23 3
602.522 0.0135342 0.0135342 2 23 3
603.022 0.0135365 0.0135365 2 23 3
603.522 0.0135389 0.0135389 2 23 3
604.022 0.0135412 0.0135412 2 23 3
604.522 0.0135436 0.0135436 2 23 3
605.022 0.0135459 0.0135459 2 23 3
605.522 0.0135483 0.0135483 2 23 3
606.022 0.0135506 0.0135506 2 23 3
606.522 0.0135529 0.0135529 2 23 3
607.022 0.0135552 0.0135552 2 23 3
607.522 0.0135575 0.0135575 2 23 3
608.022 0.0135598 0.0135598 2 23 3
608.522 0.0135621 0.0135621 2 23 3
609.022 0.0135644 0.0135644 2 23 3
609.522 0.0135666 0.0135666 2 23 3
610.022 0.0135689 0.0135689 2 23 3
610.522 0.0135712 0.0135712 2 23 3
611.022 0.0135734 0.0135734 2 23 3
611.522 0.0135756 0.0135756 2 23 3
612.022 0.0135779 0.0135779 2 23 3
612.522 0.0135801 0.0135801 2 23 3
613.022 0.0135823 0.0135823 2 23 3
613.522 0.0135845 0.0135845 2 23 3
614.022 0.0135867 0.0135867 2 23 3
614.522 0.0135889 0.0135889 2 23 3
615.022 0.0135911 0.0135911 2 23 3
615.522 0.0135933 0.0135933 2 23 3
616.022 0.0135955 0.0135955 2 23 3
616.522 0.0135977 0.0135977 2 23 3
617.022 0.0135998 0.0135998 2 23 3
617.522 0.013602 0.013602 2 23 3
618.022 0.0136041 0.0136041 2 23 3
618.522 0.0136063 0.0136063 2 23 3
619.022 0.0136084 0.0136084 2 23 3
619.522 0.0136106 0.0136106 2 23 3
620.022 0.0136127 0.0136127 2 23 3
620.522 0.0136148 0.0136148 2 23 3
621.022 0.0136169 0.0136169 2 23 3
621.522 0.013619 0.013619 2 23 3
622.022 0.0136211 0.0136211 2 23 3
622.522 0.0136232 0.0136232 2 23 3
623.022 0.0136253 0.0136253 2 23 3
623.522 0.0136274 0.0136274 2 23 3
624.022 0.0136294 0.0136294 2 23 3
624.522 0.0136315 0.0136315 2 23 3
625.022 0.0136336 0.0136336 2 23 3
625.522 0.0136356 0.0136356 2 23 3
626.022 0.0136377 0.0136377 2 23 3
626.522 0.0136397 0.0136397 2 23 3
627.022 0.0136417 0.0136417 2 23 3
627.522 0.0136438 0.0136438 2 23 3
628.022 0.0136458 0.0136458 2 23 3
628.522 0.0136478 0.0136478 2 23 3
629.022 0.0136498 0.0136498 2 23 3
629.522 0.0136518 0.0136518 2 23 3
630.022 0.0136538 0.0136538 2 23 3
630.522 0.0136558 0.0136558 2 23 3
631.022 0.0136578 0.0136578 2 23 3
631.522 0.0136597 0.0136597 2 23 3
632.022 0.0136617 0.0136617 2 23 3
632.522 0.0136637 0.0136637 2 23 3
633.022 0.0136656 0.0136656 2 23 3
633.522 0.0136676 0.0136676 2 23 3
634.022 0.0136695 0.0136695 2 23 3
634.522 0.0136715 0.0136715 2 23 3
635.022 0.0136734 0.0136734 2 23 3
635.522 0.0136753 0.0136753 2 23 3
636.022 0.0136773 0.0136773 2 23 3
636.522 0.0136792 0.0136792 2 23 3
637.022 0.0136811 0.0136811 2 23 3
637.522 0.013683 0.013683 2 23 3
638.022 0.0136849 0.0136849 2 23 3
638.522 0.0136868 0.0136868 2 23 3
639.022 0.0136887 0.0136887 2 23 3
639.522 0.0136905 0.0136905 2 23 3
640.022 0.0136924 0.0136924 2 23 3
640.522 0.0136943 0.0136943 2 23 3
641.022 0.0136961 0.0136961 2 23 3
641.522 0.013698 0.013698 2 23 3
642.022 0.0136999 0.0136999 2 23 3
642.522 0.0137017 0.0137017 2 23 3
643.022 0.0137035 0.0137035 2 23 3
643.522 0.0137054 0.0137054 2 23 3
644.022 0.0137072 0.0137072 2 23 3
644.522 0.013709 0.013709 2 23 3
645.022 0.0137109 0.0137109 2 23 3
645.522 0.0137127 0.0137127 2 23 3
646.022 0.0137145 0.0137145 2 23 3
646.522 0.0137163 0.0137163 2 23 3
647.022 0.0137181 0.0137181 2 23 3
647.522 0.0137199 0.0137199 2 23 3
648.022 0.0137216 0.0137216 2 23 3
648.522 0.0137234 0.0137234 2 23 3
649.022 0.0137252 0.0137252 2 23 3
649.522 0.013727 0.013727 2 23 3
650.022 0.0137287 0.0137287 2 23 3
650.522 0.0137305 0.0137305 2 23 3
651.022 0.0137322 0.0137322 2 23 3
651.522 0.013734 0.013734 2 23 3
652.022 0.0137357 0.0137357 2 23 3
652.522 0.0137375 0.0137375 2 23 3
653.022 0.0137392 0.0137392 2 23 3
653.522 0.0137409 0.0137409 2 23 3
654.022 0.0137426 0.0137426 2 23 3
654.522 0.0137444 0.0137444 2 23 3
655.022 0.0137461 0.0137461 2 23 3
655.522 0.0137478 0.0137478 2 23 3
656.022 0.0137495 0.0137495 2 23 3
656.522 0.0137512 0.0137512 2 23 3
657.022 0.0137529 0.0137529 2 23 3
657.522 0.0137545 0.0137545 2 23 3
658.022 0.0137562 0.0137562 2 23 3
658.522 0.0137579 0.0137579 2 23 3
659.022 0.0137596 0.0137596 2 23 3
659.522 0.0137612 0.0137612 2 23 3
660.022 0.0137629 0.0137629 2 23 3
660.522 0.0137646 0.0137646 2 23 3
661.022 0.0137662 0.0137662 2 23 3
661.522 0.0137678 0.0137678 2 23 3
662.022 0.0137695 0.0137695 2 23 3
662.522 0.0137711 0.0137711 2 23 3
663.022 0.0137728 0.0137728 2 23 3
663.522 0.0137744 0.0137744 2 23 3
664.022 0.013776 0.013776 2 23 3
664.522 0.0137776 0.0137776 2 23 3
665.022 0.0137792 0.0137792 2 23 3
665.522 0.0137808 0.0137808 2 23 3
666.022 0.0137824 0.0137824 2 23 3
666.522 0.013784 0.013784 2 23 3
667.022 0.0137856 0.0137856 2 23 3
667.522 0.0137872 0.0137872 2 23 3
668.022 0.0137888 0.0137888 2 23 3
668.522 0.0137904 0.0137904 2 23 3
669.022 0.0137919 0.0137919 2 23 3
669.522 0.0137935 0.0137935 2 23 3
670.022 0.0137951 0.0137951 2 23 3
670.522 0.0137966 0.0137966 2 23 3
671.022 0.0137982 0.0137982 2 23 3
671.522 0.0137997 0.0137997 2 23 3
672.022 0.0138013 0.0138013 2 23 3
672.522 0.0138028 0.0138028 2 23 3
673.022 0.0138043 0.0138043 2 23 3
673.522 0.0138059 0.0138059 2 23 3
674.022 0.0138074 0.0138074 2 23 3
674.522 0.0138089 0.0138089 2 23 3
675.022 0.0138104 0.0138104 2 23 3
675.522 0.013812 0.013812 2 23 3
676.022 0.0138135 0.0138135 2 23 3
676.522 0.013815 0.013815 2 23 3
677.022 0.0138165 0.0138165 2 23 3
677.522 0.013818 0.013818 2 23 3
678.022 0.0138195 0.0138195 2 23 3
678.522 0.0138209 0.0138209 2 23 3
679.022 0.0138224 0.0138224 2 23 3
679.522 0.0138239 0.0138239 2 23 3
680.022 0.0138254 0.0138254 2 23 3
680.522 0.0138268 0.0138268 2 23 3
681.022 0.0138283 0.0138283 2 23 3
681.522 0.0138298 0.0138298 2 23 3
682.022 0.0138312 0.0138312 2 23 3
389.102 0.011 0.011 2 23 3
389.062 0.0109989 0.0109989 2 23 3
389.022 0.0109978 0.0109978 2 23 3
388.942 0.0109956 0.0109956 2 23 3
388.782 0.0109913 0.0109913 2 23 3
388.462 0.0109825 0.0109825 2 23 3
387.962 0.0109688 0.0109688 2 23 3
387.462 0.0109549 0.0109549 2 23 3
386.962 0.010941 0.010941 2 23 3
386.462 0.010927 0.010927 2 23 3
385.962 0.0109129 0.0109129 2 23 3
385.462 0.0108987 0.0108987 2 23 3
384.962 0.0108844 0.0108844 2 23 3
384.462 0.01087 0.01087 2 23 3
383.962 0.0108556 0.0108556 2 23 3
383.462 0.0108411 0.0108411 2 23 3
382.962 0.0108265 0.0108265 2 23 3
382.462 0.0108118 0.0108118 2 23 3
381.962 0.010797 0.010797 2 23 3
381.462 0.0107821 0.0107821 2 23 3
380.962 0.0107671 0.0107671 2 23 3
380.462 0.0107521 0.0107521 2 23 3
379.962 0.0107369 0.0107369 2 23 3
379.462 0.0107217 0.0107217 2 23 3
378.962 0.0107063 0.0107063 2 23 3
378.462 0.0106909 0.0106909 2 23 3
377.962 0.0106754 0.0106754 2 23 3
377.462 0.0106598 0.0106598 2 23 3
376.962 0.010644 0.010644 2 23 3
376.462 0.0106282 0.0106282 2 23 3
375.962 0.0106123 0.0106123 2 23 3
375.462 0.0105963 0.0105963 2 23 3
374.962 0.0105802 0.0105802 2 23 3
374.462 0.010564 0.010564 2 23 3
373.962 0.0105476 0.0105476 2 23 3
373.462 0.0105312 0.0105312 2 23 3
372.962 0.0105147 0.0105147 2 23 3
372.462 0.0104981 0.0104981 2 23 3
371.962 0.0104813 0.0104813 2 23 3
371.462 0.0104645 0.0104645 2 23 3
370.962 0.0104475 0.0104475 2 23 3
370.462 0.0104305 0.0104305 2 23 3
369.962 0.0104133 0.0104133 2 23 3
369.462 0.010396 0.010396 2 23 3
368.962 0.0103786 0.0103786 2 23 3
368.462 0.0103611 0.0103611 2 23 3
367.962 0.0103434 0.0103434 2 23 3
367.462 0.0103257 0.0103257 2 23 3
366.962 0.0103078 0.0103078 2 23 3
366.462 0.0102898 0.0102898 2 23 3
365.963 0.0102717 0.0102717 2 23 3
365.463 0.0102535 0.0102535 2 23 3
364.963 0.0102352 0.0102352 2 23 3
364.463 0.0102167 0.0102167 2 23 3
363.963 0.0101981 0.0101981 2 23 3
363.463 0.0101794 0.0101794 2 23 3
362.963 0.0101605 0.0101605 2 23 3
362.463 0.0101415 0.0101415 2 23 3
361.963 0.0101224 0.0101224 2 23 3
361.463 0.0101032 0.0101032 2 23 3
360.963 0.0100838 0.0100838 2 23 3
360.463 0.0100642 0.0100642 2 23 3
359.963 0.0100446 0.0100446 2 23 3
359.463 0.0100248 0.0100248 2 23 3
358.963 0.0100049 0.0100049 2 23 3
358.463 0.00998478 0.00998478 2 23 3
357.963 0.00996455 0.00996455 2 23 3
357.463 0.00994419 0.00994419 2 23 3
356.963 0.00992367 0.00992367 2 23 3
356.463 0.00990301 0.00990301 2 23 3
355.963 0.00988219 0.00988219 2 23 3
355.463 0.00986123 0.00986123 2 23 3
354.963 0.0098401 0.0098401 2 23 3
354.463 0.00981883 0.00981883 2 23 3
353.963 0.00979739 0.00979739 2 23 3
353.463 0.0097758 0.0097758 2 23 3
352.963 0.00975404 0.00975404 2 23 3
352.463 0.00973212 0.00973212 2 23 3
351.963 0.00971003 0.00971003 2 23 3
351.463 0.00968778 0.00968778 2 23 3
350.963 0.00966535 0.00966535 2 23 3
350.463 0.00964276 0.00964276 2 23 3
349.963 0.00961999 0.00961999 2 23 3
349.463 0.00959704 0.00959704 2 23 3
348.963 0.00957391 0.00957391 2 23 3
348.463 0.0095506 0.0095506 2 23 3
347.963 0.00952711 0.00952711 2 23 3
347.463 0.00950343 0.00950343 2 23 3
346.963 0.00947956 0.00947956 2 23 3
346.463 0.0094555 0.0094555 2 23 3
345.963 0.00943124 0.00943124 2 23 3
345.463 0.00940679 0.00940679 2 23 3
344.963 0.00938214 0.00938214 2 23 3
344.463 0.00935729 0.00935729 2 23 3
343.963 0.00933223 0.00933223 2 23 3
343.463 0.00930697 0.00930697 2 23 3
342.963 0.00928149 0.00928149 2 23 3
342.463 0.0092558 0.0092558 2 23 3
341.963 0.00922989 0.00922989 2 23 3
341.463 0.00920376 0.00920376 2 23 3
340.963 0.00917741 0.00917741 2 23 3
340.463 0.00915083 0.00915083 2 23 3
339.963 0.00912402 0.00912402 2 23 3
339.463 0.00909697 0.00909697 2 23 3
338.964 0.00906969 0.00906969 2 23 3
338.464 0.00904216 0.00904216 2 23 3
337.964 0.00901439 0.00901439 2 23 3
337.464 0.00898637 0.00898637 2 23 3
336.964 0.0089581 0.0089581 2 23 3
336.464 0.00892957 0.00892957 2 23 3
335.964 0.00890078 0.00890078 2 23 3
335.464 0.00887172 0.00887172 2 23 3
334.964 0.00884239 0.00884239 2 23 3
334.464 0.00881279 0.00881279 2 23 3
333.964 0.00878291 0.00878291 2 23 3
333.464 0.00875274 0.00875274 2 23 3
332.964 0.00872228 0.00872228 2 23 3
332.464 0.00869153 0.00869153 2 23 3
331.964 0.00866048 0.00866048 2 23 3
331.464 0.00862912 0.00862912 2 23 3
330.964 0.00859745 0.00859745 2 23 3
330.464 0.00856546 0.00856546 2 23 3
329.964 0.00853315 0.00853315 2 23 3
329.464 0.00850052 0.00850052 2 23 3
328.964 0.00846754 0.00846754 2 23 3
328.464 0.00843423 0.00843423 2 23 3
327.964 0.00840056 0.00840056 2 23 3
327.464 0.00836654 0.00836654 2 23 3
326.965 0.00833216 0.00833216 2 23 3
326.465 0.00829741 0.00829741 2 23 3
325.965 0.00826228 0.00826228 2 23 3
325.465 0.00822676 0.00822676 2 23 3
324.965 0.00819085 0.00819085 2 23 3
324.465 0.00815453 0.00815453 2 23 3
323.965 0.00811781 0.00811781 2 23 3
323.465 0.00808066 0.00808066 2 23 3
322.965 0.00804308 0.00804308 2 23 3
322.465 0.00800506 0.00800506 2 23 3
321.965 0.00796659 0.00796659 2 23 3
321.465 0.00792765 0.00792765 2 23 3
320.965 0.00788824 0.00788824 2 23 3
320.465 0.00784835 0.00784835 2 23 3
319.965 0.00780796 0.00780796 2 23 3
319.466 0.00776706 0.00776706 2 23 3
318.966 0.00772564 0.00772564 2 23 3
318.466 0.00768368 0.00768368 2 23 3
317.966 0.00764116 0.00764116 2 23 3
317.466 0.00759808 0.00759808 2 23 3
316.966 0.00755442 0.00755442 2 23 3
316.466 0.00751015 0.00751015 2 23 3
315.966 0.00746527 0.00746527 2 23 3
315.466 0.00741975 0.00741975 2 23 3
314.967 0.00737358 0.00737358 2 23 3
314.467 0.00732673 0.00732673 2 23 3
313.967 0.00727918 0.00727918 2 23 3
313.467 0.00723091 0.00723091 2 23 3
312.967 0.0071819 0.0071819 2 23 3
312.467 0.00713211 0.00713211 2 23 3
311.967 0.00708153 0.00708153 2 23 3
311.468 0.00703012 0.00703012 2 23 3
310.968 0.00697785 0.00697785 2 23 3
310.468 0.00692469 0.00692469 2 23 3
309.968 0.00687061 0.00687061 2 23 3
309.468 0.00681556 0.00681556 2 23 3
308.969 0.00675951 0.00675951 2 23 3
308.469 0.00670241 0.00670241 2 23 3
307.969 0.00664422 0.00664422 2 23 3
307.469 0.00658489 0.00658489 2 23 3
306.97 0.00652437 0.00652437 2 23 3
306.47 0.00646258 0.00646258 2 23 3
305.97 0.00639948 0.00639948 2 23 3
305.47 0.00633499 0.00633499 2 23 3
304.971 0.00626904 0.00626904 2 23 3
304.471 0.00620154 0.00620154 2 23 3
303.972 0.00613239 0.00613239 2 23 3
303.472 0.00606151 0.00606151 2 23 3
302.972 0.00598877 0.00598877 2 23 3
302.473 0.00591404 0.00591404 2 23 3
301.973 0.00583719 0.00583719 2 23 3
301.474 0.00575575 0.00575575 2 23 3
300.975 0.00567395 0.00567395 2 23 3
300.475 0.00558945 0.00558945 2 23 3
299.976 0.00550199 0.00550199 2 23 3
299.477 0.00541128 0.00541128 2 23 3
298.978 0.00531698 0.00531698 2 23 3
298.479 0.00521868 0.00521868 2 23 3
297.98 0.00511588 0.00511588 2 23 3
297.482 0.00500796 0.00500796 2 23 3
296.983 0.00489416 0.00489416 2 23 3
296.485 0.00477347 0.00477347 2 23 3
295.987 0.00464458 0.00464458 2 23 3
295.49 0.00450566 0.00450566 2 23 3
294.994 0.0043541 0.0043541 2 23 3
294.498 0.00418588 0.00418588 2 23 3
294.005 0.00399416 0.00399416 2 23 3
293.515 0.00376589 0.00376589 2 23 3
293.036 0.00346562 0.00346562 2 23 3
292.635 0.00288783 0.00288783 2 23 3
292.667 0.00268029 0.00268029 2 23 3
292.749 0.00252774 0.00252774 2 23 3
292.749 0.00252774 0.00252774 2 23 3
292.719 0.00257227 0.00257227 2 23 3
292.693 0.00262152 0.00262152 2 23 3
292.659 0.00270431 0.00270431 2 23 3
292.636 0.00285187 0.00285187 2 23 3
292.666 0.0030197 0.0030197 2 23 3
292.734 0.00315476 0.00315476 2 23 3
292.824 0.00327169 0.00327169 2 23 3
292.932 0.00337943 0.00337943 2 23 3
293.099 0.00351332 0.00351332 2 23 3
293.357 0.00367889 0.00367889 2 23 3
293.751 0.0038826 0.0038826 2 23 3
294.242 0.00409065 0.00409065 2 23 3
294.737 0.00426939 0.00426939 2 23 3
295.232 0.00442881 0.00442881 2 23 3
295.729 0.00457384 0.00457384 2 23 3
296.227 0.00470767 0.00470767 2 23 3
296.725 0.00483241 0.00483241 2 23 3
297.223 0.00494964 0.00494964 2 23 3
297.721 0.00506051 0.00506051 2 23 3
298.22 0.00516588 0.00516588 2 23 3
298.719 0.00526645 0.00526645 2 23 3
299.218 0.00536277 0.00536277 2 23 3
299.717 0.00545529 0.00545529 2 23 3
300.216 0.0055444 0.0055444 2 23 3
300.715 0.00563041 0.00563041 2 23 3
301.215 0.00571358 0.00571358 2 23 3
301.714 0.00579415 0.00579415 2 23 3
302.213 0.00587232 0.00587232 2 23 3
302.713 0.00595049 0.00595049 2 23 3
303.212 0.00602422 0.00602422 2 23 3
303.712 0.00609602 0.00609602 2 23 3
304.212 0.00616603 0.00616603 2 23 3
304.711 0.00623436 0.00623436 2 23 3
305.211 0.00630109 0.00630109 2 23 3
305.711 0.00636631 0.00636631 2 23 3
306.21 0.00643011 0.00643011 2 23 3
306.71 0.00649256 0.00649256 2 23 3
307.21 0.00655372 0.00655372 2 23 3
307.709 0.00661366 0.00661366 2 23 3
308.209 0.00667242 0.00667242 2 23 3
308.709 0.00673007 0.00673007 2 23 3
309.209 0.00678665 0.00678665 2 23 3
309.708 0.00684221 0.00684221 2 23 3
310.208 0.00689679 0.00689679 2 23 3
310.708 0.00695042 0.00695042 2 23 3
311.208 0.00700314 0.00700314 2 23 3
311.708 0.00705499 0.00705499 2 23 3
312.208 0.00710599 0.00710599 2 23 3
312.707 0.00715618 0.00715618 2 23 3
313.207 0.00720559 0.00720559 2 23 3
313.707 0.00725424 0.00725424 2 23 3
314.207 0.00730216 0.00730216 2 23 3
314.707 0.00734937 0.00734937 2 23 3
315.207 0.00739589 0.00739589 2 23 3
315.707 0.00744174 0.00744174 2 23 3
316.206 0.00748695 0.00748695 2 23 3
316.706 0.00753153 0.00753153 2 23 3
317.206 0.00757551 0.00757551 2 23 3
317.706 0.00761889 0.00761889 2 23 3
318.206 0.00766169 0.00766169 2 23 3
318.706 0.00770394 0.00770394 2 23 3
319.206 0.00774564 0.00774564 2 23 3
319.706 0.00778681 0.00778681 2 23 3
320.206 0.00782746 0.00782746 2 23 3
320.706 0.00786761 0.00786761 2 23 3
321.206 0.00790726 0.00790726 2 23 3
321.705 0.00794644 0.00794644 2 23 3
322.205 0.00798515 0.00798515 2 23 3
322.705 0.0080234 0.0080234 2 23 3
323.205 0.00806121 0.00806121 2 23 3
323.705 0.00809858 0.00809858 2 23 3
324.205 0.00813552 0.00813552 2 23 3
324.705 0.00817205 0.00817205 2 23 3
325.205 0.00820817 0.00820817 2 23 3
325.705 0.00824389 0.00824389 2 23 3
326.205 0.00827922 0.00827922 2 23 3
326.705 0.00831417 0.00831417 2 23 3
327.205 0.00834874 0.00834874 2 23 3
327.705 0.00838295 0.00838295 2 23 3
328.205 0.0084168 0.0084168 2 23 3
328.705 0.00845029 0.00845029 2 23 3
329.205 0.00848344 0.00848344 2 23 3
329.704 0.00851625 0.00851625 2 23 3
330.204 0.00854873 0.00854873 2 23 3
330.704 0.00858088 0.00858088 2 23 3
331.204 0.00861272 0.00861272 2 23 3
331.704 0.00864423 0.00864423 2 23 3
332.204 0.00867544 0.00867544 2 23 3
332.704 0.00870635 0.00870635 2 23 3
333.204 0.00873696 0.00873696 2 23 3
333.704 0.00876728 0.00876728 2 23 3
334.204 0.00879731 0.00879731 2 23 3
334.704 0.00882706 0.00882706 2 23 3
335.204 0.00885653 0.00885653 2 23 3
335.704 0.00888572 0.00888572 2 23 3
336.204 0.00891465 0.00891465 2 23 3
336.704 0.00894332 0.00894332 2 23 3
337.204 0.00897173 0.00897173 2 23 3
337.704 0.00899988 0.00899988 2 23 3
338.204 0.00902777 0.00902777 2 23 3
338.704 0.00905543 0.00905543 2 23 3
339.204 0.00908283 0.00908283 2 23 3
339.704 0.00911 0.00911 2 23 3
340.204 0.00913693 0.00913693 2 23 3
340.704 0.00916363 0.00916363 2 23 3
341.204 0.0091901 0.0091901 2 23 3
341.704 0.00921635 0.00921635 2 23 3
342.204 0.00924237 0.00924237 2 23 3
342.704 0.00926818 0.00926818 2 23 3
343.204 0.00929376 0.00929376 2 23 3
343.703 0.00931914 0.00931914 2 23 3
344.203 0.0093443 0.0093443 2 23 3
344.703 0.00936926 0.00936926 2 23 3
345.203 0.00939402 0.00939402 2 23 3
345.703 0.00941857 0.00941857 2 23 3
346.203 0.00944293 0.00944293 2 23 3
346.703 0.00946709 0.00946709 2 23 3
347.203 0.00949106 0.00949106 2 23 3
347.703 0.00951483 0.00951483 2 23 3
348.203 0.00953842 0.00953842 2 23 3
348.703 0.00956183 0.00956183 2 23 3
349.203 0.00958505 0.00958505 2 23 3
349.703 0.00960809 0.00960809 2 23 3
350.203 0.00963095 0.00963095 2 23 3
350.703 0.00965364 0.00965364 2 23 3
351.203 0.00967616 0.00967616 2 23 3
351.703 0.0096985 0.0096985 2 23 3
352.203 0.00972067 0.00972067 2 23 3
352.703 0.00974268 0.00974268 2 23 3
353.203 0.00976452 0.00976452 2 23 3
353.703 0.0097862 0.0097862 2 23 3
354.203 0.00980772 0.00980772 2 23 3
354.703 0.00982907 0.00982907 2 23 3
355.203 0.00985028 0.00985028 2 23 3
355.703 0.00987132 0.00987132 2 23 3
356.203 0.00989222 0.00989222 2 23 3
356.703 0.00991296 0.00991296 2 23 3
357.203 0.00993355 0.00993355 2 23 3
357.703 0.00995399 0.00995399 2 23 3
358.203 0.00997429 0.00997429 2 23 3
358.703 0.00999444 0.00999444 2 23 3
359.203 0.0100145 0.0100145 2 23 3
359.703 0.0100343 0.0100343 2 23 3
360.203 0.0100541 0.0100541 2 23 3
360.703 0.0100736 0.0100736 2 23 3
361.203 0.0100931 0.0100931 2 23 3
361.703 0.0101124 0.0101124 2 23 3
362.203 0.0101316 0.0101316 2 23 3
362.703 0.0101507 0.0101507 2 23 3
363.203 0.0101696 0.0101696 2 23 3
363.703 0.0101884 0.0101884 2 23 3
364.203 0.010207 0.010207 2 23 3
364.703 0.0102256 0.0102256 2 23 3
365.203 0.010244 0.010244 2 23 3
365.703 0.0102623 0.0102623 2 23 3
366.203 0.0102805 0.0102805 2 23 3
366.703 0.0102985 0.0102985 2 23 3
367.203 0.0103164 0.0103164 2 23 3
367.703 0.0103342 0.0103342 2 23 3
368.203 0.0103519 0.0103519 2 23 3
368.703 0.0103695 0.0103695 2 23 3
369.203 0.010387 0.010387 2 23 3
369.703 0.0104043 0.0104043 2 23 3
370.203 0.0104216 0.0104216 2 23 3
370.703 0.0104387 0.0104387 2 23 3
371.203 0.0104557 0.0104557 2 23 3
371.703 0.0104726 0.0104726 2 23 3
372.203 0.0104894 0.0104894 2 23 3
372.703 0.0105061 0.0105061 2 23 3
373.203 0.0105227 0.0105227 2 23 3
373.703 0.0105391 0.0105391 2 23 3
374.203 0.0105555 0.0105555 2 23 3
374.703 0.0105718 0.0105718 2 23 3
375.203 0.0105879 0.0105879 2 23 3
375.703 0.010604 0.010604 2 23 3
376.203 0.01062 0.01062 2 23 3
376.703 0.0106358 0.0106358 2 23 3
377.203 0.0106516 0.0106516 2 23 3
377.703 0.0106673 0.0106673 2 23 3
378.203 0.0106829 0.0106829 2 23 3
378.703 0.0106983 0.0106983 2 23 3
379.203 0.0107137 0.0107137 2 23 3
379.703 0.010729 0.010729 2 23 3
380.202 0.0107442 0.0107442 2 23 3
380.702 0.0107593 0.0107593 2 23 3
381.202 0.0107743 0.0107743 2 23 3
381.702 0.0107892 0.0107892 2 23 3
382.202 0.0108041 0.0108041 2 23 3
382.702 0.0108188 0.0108188 2 23 3
383.202 0.0108335 0.0108335 2 23 3
383.702 0.0108481 0.0108481 2 23 3
384.202 0.0108625 0.0108625 2 23 3
384.702 0.0108769 0.0108769 2 23 3
385.202 0.0108913 0.0108913 2 23 3
385.702 0.0109055 0.0109055 2 23 3
386.202 0.0109196 0.0109196 2 23 3
386.702 0.0109337 0.0109337 2 23 3
387.202 0.0109477 0.0109477 2 23 3
387.702 0.0109616 0.0109616 2 23 3
292.749 0.00252774 0.00252774 2 23 3
292.779 0.0024877 0.0024877 2 23 3
292.811 0.00245064 0.00245064 2 23 3
292.86 0.00239819 0.00239819 2 23 3
292.937 0.00232728 0.00232728 2 23 3
293.056 0.00223368 0.00223368 2 23 3
293.24 0.00211284 0.00211284 2 23 3
293.522 0.00196042 0.00196042 2 23 3
293.953 0.00177089 0.00177089 2 23 3
294.431 0.00159708 0.00159708 2 23 3
294.912 0.00144611 0.00144611 2 23 3
295.395 0.00131142 0.00131142 2 23 3
295.88 0.00118918 0.00118918 2 23 3
296.365 0.00107678 0.00107678 2 23 3
296.852 0.000972521 0.000972521 2 23 3
297.339 0.0008751 0.0008751 2 23 3
297.826 0.000783525 0.000783525 2 23 3
298.314 0.000697041 0.000697041 2 23 3
298.801 0.000610559 0.000610559 2 23 3
299.29 0.000533035 0.000533035 2 23 3
299.778 0.000459023 0.000459023 2 23 3
300.266 0.000388185 0.000388185 2 23 3
300.754 0.000320251 0.000320251 2 23 3
301.242 0.000254985 0.000254985 2 23 3
301.731 0.000192182 0.000192182 2 23 3
302.219 0.000131663 0.000131663 2 23 3
302.707 7.32674e-05 7.32674e-05 2 23 3
303.195 1.68575e-05 1.68575e-05 2 23 3
303.682 -3.76948e-05 -3.76948e-05 2 23 3
304.17 -9.04978e-05 -9.04978e-05 2 23 3
304.657 -0.000141656 -0.000141656 2 23 3
305.144 -0.000191258 -0.000191258 2 23 3
305.631 -0.000239391 -0.000239391 2 23 3
306.118 -0.000286121 -0.000286121 2 23 3
306.604 -0.00033153 -0.00033153 2 23 3
307.091 -0.000375669 -0.000375669 2 23 3
307.576 -0.000418605 -0.000418605 2 23 3
308.062 -0.000460387 -0.000460387 2 23 3
308.547 -0.000501063 -0.000501063 2 23 3
309.032 -0.000540683 -0.000540683 2 23 3
309.516 -0.000578271 -0.000578271 2 23 3
310 -0.000615939 -0.000615939 2 23 3
310.483 -0.000652669 -0.000652669 2 23 3
310.966 -0.00068849 -0.00068849 2 23 3
311.448 -0.000723439 -0.000723439 2 23 3
311.93 -0.000757542 -0.000757542 2 23 3
312.412 -0.000790832 -0.000790832 2 23 3
312.892 -0.000823334 -0.000823334 2 23 3
313.372 -0.000855072 -0.000855072 2 23 3
313.852 -0.000886072 -0.000886072 2 23 3
314.331 -0.000916355 -0.000916355 2 23 3
314.808 -0.000945943 -0.000945943 2 23 3
315.286 -0.000974855 -0.000974855 2 23 3
315.762 -0.00100311 -0.00100311 2 23 3
316.237 -0.00103073 -0.00103073 2 23 3
316.712 -0.00105772 -0.00105772 2 23 3
317.185 -0.00108411 -0.00108411 2 23 3
317.658 -0.00110991 -0.00110991 2 23 3
318.129 -0.00113513 -0.00113513 2 23 3
318.599 -0.00115979 -0.00115979 2 23 3
319.068 -0.0011839 -0.0011839 2 23 3
319.535 -0.00120748 -0.00120748 2 23 3
320.001 -0.00123052 -0.00123052 2 23 3
320.466 -0.00125305 -0.00125305 2 23 3
320.929 -0.00127508 -0.00127508 2 23 3
321.39 -0.00129662 -0.00129662 2 23 3
321.85 -0.00131766 -0.00131766 2 23 3
322.308 -0.00133824 -0.00133824 2 23 3
322.763 -0.00135834 -0.00135834 2 23 3
323.217 -0.00137799 -0.00137799 2 23 3
323.669 -0.00139718 -0.00139718 2 23 3
324.118 -0.00141593 -0.00141593 2 23 3
324.564 -0.00143424 -0.00143424 2 23 3
325.008 -0.00145211 -0.00145211 2 23 3
325.449 -0.00146956 -0.00146956 2 23 3
325.887 -0.00148659 -0.00148659 2 23 3
326.322 -0.00150321 -0.00150321 2 23 3
326.754 -0.00151941 -0.00151941 2 23 3
327.182 -0.00153521 -0.00153521 2 23 3
327.607 -0.00155061 -0.00155061 2 23 3
328.027 -0.00156562 -0.00156562 2 23 3
328.444 -0.00158023 -0.00158023 2 23 3
328.856 -0.00159445 -0.00159445 2 23 3
329.264 -0.00160829 -0.00160829 2 23 3
329.666 -0.00162175 -0.00162175 2 23 3
330.064 -0.00163483 -0.00163483 2 23 3
330.457 -0.00164754 -0.00164754 2 23 3
330.844 -0.00165988 -0.00165988 2 23 3
331.226 -0.00167185 -0.00167185 2 23 3
331.602 -0.00168347 -0.00168347 2 23 3
331.972 -0.00169473 -0.00169473 2 23 3
332.335 -0.00170563 -0.00170563 2 23 3
332.692 -0.00171619 -0.00171619 2 23 3
333.042 -0.0017264 -0.0017264 2 23 3
333.385 -0.00173628 -0.00173628 2 23 3
333.722 -0.00174582 -0.00174582 2 23 3
334.051 -0.00175503 -0.00175503 2 23 3
334.373 -0.00176393 -0.00176393 2 23 3
334.688 -0.00177251 -0.00177251 2 23 3
334.995 -0.00178078 -0.00178078 2 23 3
335.294 -0.00178875 -0.00178875 2 23 3
335.586 -0.00179643 -0.00179643 2 23 3
335.871 -0.00180382 -0.00180382 2 23 3
336.147 -0.00181093 -0.00181093 2 23 3
336.417 -0.00181777 -0.00181777 2 23 3
336.678 -0.00182435 -0.00182435 2 23 3
336.933 -0.00183067 -0.00183067 2 23 3
337.179 -0.00183675 -0.00183675 2 23 3
337.419 -0.00184259 -0.00184259 2 23 3
337.651 -0.0018482 -0.0018482 2 23 3
337.877 -0.00185359 -0.00185359 2 23 3
338.102 -0.00185898 -0.00185898 2 23 3
338.314 -0.00186395 -0.00186395 2 23 3
338.519 -0.00186871 -0.00186871 2 23 3
338.717 -0.00187329 -0.00187329 2 23 3
338.909 -0.00187769 -0.00187769 2 23 3
339.095 -0.00188191 -0.00188191 2 23 3
339.275 -0.00188597 -0.00188597 2 23 3
339.45 -0.00188987 -0.00188987 2 23 3
339.618 -0.00189361 -0.00189361 2 23 3
339.781 -0.00189722 -0.00189722 2 23 3
339.939 -0.00190068 -0.00190068 2 23 3
340.092 -0.00190401 -0.00190401 2 23 3
340.24 -0.0019072 -0.0019072 2 23 3
340.384 -0.00191029 -0.00191029 2 23 3
340.522 -0.00191325 -0.00191325 2 23 3
340.657 -0.00191611 -0.00191611 2 23 3
340.786 -0.00191885 -0.00191885 2 23 3
340.912 -0.0019215 -0.0019215 2 23 3
341.034 -0.00192405 -0.00192405 2 23 3
341.152 -0.00192651 -0.00192651 2 23 3
341.267 -0.00192887 -0.00192887 2 23 3
341.378 -0.00193116 -0.00193116 2 23 3
341.485 -0.00193336 -0.00193336 2 23 3
341.589 -0.00193549 -0.00193549 2 23 3
341.69 -0.00193754 -0.00193754 2 23 3
341.788 -0.00193953 -0.00193953 2 23 3
341.883 -0.00194144 -0.00194144 2 23 3
341.975 -0.00194329 -0.00194329 2 23 3
342.065 -0.00194508 -0.00194508 2 23 3
342.152 -0.00194681 -0.00194681 2 23 3
342.236 -0.00194848 -0.00194848 2 23 3
342.318 -0.0019501 -0.0019501 2 23 3
342.397 -0.00195167 -0.00195167 2 23 3
342.474 -0.00195319 -0.00195319 2 23 3
342.549 -0.00195465 -0.00195465 2 23 3
342.622 -0.00195608 -0.00195608 2 23 3
342.693 -0.00195746 -0.00195746 2 23 3
342.762 -0.00195879 -0.00195879 2 23 3
342.829 -0.00196009 -0.00196009 2 23 3
342.894 -0.00196134 -0.00196134 2 23 3
342.957 -0.00196256 -0.00196256 2 23 3
343.019 -0.00196375 -0.00196375 2 23 3
343.079 -0.0019649 -0.0019649 2 23 3
343.137 -0.00196601 -0.00196601 2 23 3
343.194 -0.00196709 -0.00196709 2 23 3
343.25 -0.00196815 -0.00196815 2 23 3
343.304 -0.00196917 -0.00196917 2 23 3
343.356 -0.00197016 -0.00197016 2 23 3
343.407 -0.00197113 -0.00197113 2 23 3
343.457 -0.00197207 -0.00197207 2 23 3
343.506 -0.00197298 -0.00197298 2 23 3
343.553 -0.00197387 -0.00197387 2 23 3
343.6 -0.00197474 -0.00197474 2 23 3
343.645 -0.00197558 -0.00197558 2 23 3
343.689 -0.0019764 -0.0019764 2 23 3
343.732 -0.0019772 -0.0019772 2 23 3
343.774 -0.00197798 -0.00197798 2 23 3
343.815 -0.00197874 -0.00197874 2 23 3
343.855 -0.00197948 -0.00197948 2 23 3
343.894 -0.0019802 -0.0019802 2 23 3
343.932 -0.0019809 -0.0019809 2 23 3
343.969 -0.00198159 -0.00198159 2 23 3
344.006 -0.00198226 -0.00198226 2 23 3
344.041 -0.00198291 -0.00198291 2 23 3
344.076 -0.00198355 -0.00198355 2 23 3
344.11 -0.00198417 -0.00198417 2 23 3
344.143 -0.00198477 -0.00198477 2 23 3
344.176 -0.00198537 -0.00198537 2 23 3
344.207 -0.00198594 -0.00198594 2 23 3
344.238 -0.00198651 -0.00198651 2 23 3
344.269 -0.00198706 -0.00198706 2 23 3
344.298 -0.0019876 -0.0019876 2 23 3
344.328 -0.00198813 -0.00198813 2 23 3
344.356 -0.00198864 -0.00198864 2 23 3
344.384 -0.00198914 -0.00198914 2 23 3
344.411 -0.00198964 -0.00198964 2 23 3
344.438 -0.00199012 -0.00199012 2 23 3
344.464 -0.00199059 -0.00199059 2 23 3
344.49 -0.00199105 -0.00199105 2 23 3
344.515 -0.0019915 -0.0019915 2 23 3
344.539 -0.00199194 -0.00199194 2 23 3
344.563 -0.00199237 -0.00199237 2 23 3
344.587 -0.0019928 -0.0019928 2 23 3
344.61 -0.00199321 -0.00199321 2 23 3
344.633 -0.00199362 -0.00199362 2 23 3
344.655 -0.00199401 -0.00199401 2 23 3
344.677 -0.0019944 -0.0019944 2 23 3
344.698 -0.00199478 -0.00199478 2 23 3
344.719 -0.00199516 -0.00199516 2 23 3
344.719 -0.00199516 -0.00199516 2 23 3
344.72 -0.00199518 -0.00199518 2 23 3
344.722 -0.00199521 -0.00199521 2 23 3
344.725 -0.00199527 -0.00199527 2 23 3
344.732 -0.00199538 -0.00199538 2 23 3
344.745 -0.00199562 -0.00199562 2 23 3
344.765 -0.00199598 -0.00199598 2 23 3
344.785 -0.00199633 -0.00199633 2 23 3
344.804 -0.00199667 -0.00199667 2 23 3
344.823 -0.00199701 -0.00199701 2 23 3
344.842 -0.00199734 -0.00199734 2 23 3
344.86 -0.00199766 -0.00199766 2 23 3
344.878 -0.00199797 -0.00199797 2 23 3
344.896 -0.00199829 -0.00199829 2 23 3
344.913 -0.00199859 -0.00199859 2 23 3
344.93 -0.00199889 -0.00199889 2 23 3
344.947 -0.00199918 -0.00199918 2 23 3
344.963 -0.00199947 -0.00199947 2 23 3
344.979 -0.00199975 -0.00199975 2 23 3
344.995 -0.00200003 -0.00200003 2 23 3
345.01 -0.0020003 -0.0020003 2 23 3
345.026 -0.00200057 -0.00200057 2 23 3
345.041 -0.00200083 -0.00200083 2 23 3
345.055 -0.00200109 -0.00200109 2 23 3
345.07 -0.00200135 -0.00200135 2 23 3
345.084 -0.0020016 -0.0020016 2 23 3
345.098 -0.00200184 -0.00200184 2 23 3
345.112 -0.00200208 -0.00200208 2 23 3
345.125 -0.00200232 -0.00200232 2 23 3
345.139 -0.00200255 -0.00200255 2 23 3
345.152 -0.00200278 -0.00200278 2 23 3
345.165 -0.002003 -0.002003 2 23 3
345.177 -0.00200322 -0.00200322 2 23 3
345.19 -0.00200344 -0.00200344 2 23 3
345.202 -0.00200365 -0.00200365 2 23 3
345.214 -0.00200386 -0.00200386 2 23 3
345.226 -0.00200407 -0.00200407 2 23 3
345.237 -0.00200427 -0.00200427 2 23 3
345.249 -0.00200447 -0.00200447 2 23 3
345.26 -0.00200467 -0.00200467 2 23 3
345.271 -0.00200486 -0.00200486 2 23 3
345.282 -0.00200505 -0.00200505 2 23 3
345.293 -0.00200524 -0.00200524 2 23 3
345.304 -0.00200542 -0.00200542 2 23 3
345.314 -0.0020056 -0.0020056 2 23 3
345.324 -0.00200578 -0.00200578 2 23 3
345.334 -0.00200595 -0.00200595 2 23 3
345.344 -0.00200613 -0.00200613 2 23 3
345.354 -0.0020063 -0.0020063 2 23 3
345.364 -0.00200646 -0.00200646 2 23 3
345.373 -0.00200663 -0.00200663 2 23 3
345.383 -0.00200679 -0.00200679 2 23 3
345.392 -0.00200695 -0.00200695 2 23 3
345.401 -0.00200711 -0.00200711 2 23 3
345.41 -0.00200726 -0.00200726 2 23 3
345.419 -0.00200742 -0.00200742 2 23 3
345.428 -0.00200757 -0.00200757 2 23 3
345.436 -0.00200772 -0.00200772 2 23 3
345.445 -0.00200786 -0.00200786 2 23 3
345.453 -0.00200801 -0.00200801 2 23 3
345.461 -0.00200815 -0.00200815 2 23 3
345.47 -0.00200829 -0.00200829 2 23 3
345.478 -0.00200842 -0.00200842 2 23 3
345.485 -0.00200856 -0.00200856 2 23 3
345.493 -0.00200869 -0.00200869 2 23 3
345.501 -0.00200883 -0.00200883 2 23 3
345.508 -0.00200896 -0.00200896 2 23 3
345.516 -0.00200908 -0.00200908 2 23 3
345.523 -0.00200921 -0.00200921 2 23 3
345.531 -0.00200933 -0.00200933 2 23 3
345.538 -0.00200946 -0.00200946 2 23 3
345.545 -0.00200958 -0.00200958 2 23 3
345.552 -0.0020097 -0.0020097 2 23 3
345.559 -0.00200982 -0.00200982 2 23 3
345.565 -0.00200993 -0.00200993 2 23 3
345.572 -0.00201005 -0.00201005 2 23 3
345.579 -0.00201016 -0.00201016 2 23 3
345.585 -0.00201027 -0.00201027 2 23 3
345.592 -0.00201038 -0.00201038 2 23 3
345.598 -0.00201049 -0.00201049 2 23 3
345.604 -0.0020106 -0.0020106 2 23 3
345.61 -0.0020107 -0.0020107 2 23 3
345.617 -0.00201081 -0.00201081 2 23 3
345.623 -0.00201091 -0.00201091 2 23 3
345.629 -0.00201101 -0.00201101 2 23 3
345.634 -0.00201111 -0.00201111 2 23 3
345.64 -0.00201121 -0.00201121 2 23 3
345.646 -0.00201131 -0.00201131 2 23 3
345.652 -0.00201141 -0.00201141 2 23 3
345.657 -0.0020115 -0.0020115 2 23 3
345.663 -0.0020116 -0.0020116 2 23 3
345.668 -0.00201169 -0.00201169 2 23 3
345.674 -0.00201178 -0.00201178 2 23 3
345.679 -0.00201187 -0.00201187 2 23 3
345.684 -0.00201196 -0.00201196 2 23 3
345.689 -0.00201205 -0.00201205 2 23 3
345.694 -0.00201214 -0.00201214 2 23 3
345.699 -0.00201222 -0.00201222 2 23 3
345.704 -0.00201231 -0.00201231 2 23 3
345.709 -0.00201239 -0.00201239 2 23 3
345.714 -0.00201247 -0.00201247 2 23 3
345.719 -0.00201256 -0.00201256 2 23 3
345.724 -0.00201264 -0.00201264 2 23 3
345.729 -0.00201272 -0.00201272 2 23 3
345.733 -0.0020128 -0.0020128 2 23 3
345.738 -0.00201287 -0.00201287 2 23 3
345.742 -0.00201295 -0.00201295 2 23 3
345.747 -0.00201303 -0.00201303 2 23 3
345.751 -0.0020131 -0.0020131 2 23 3
345.756 -0.00201318 -0.00201318 2 23 3
345.76 -0.00201325 -0.00201325 2 23 3
345.764 -0.00201332 -0.00201332 2 23 3
345.769 -0.0020134 -0.0020134 2 23 3
345.773 -0.00201347 -0.00201347 2 23 3
345.777 -0.00201354 -0.00201354 2 23 3
345.781 -0.00201361 -0.00201361 2 23 3
345.785 -0.00201368 -0.00201368 2 23 3
345.789 -0.00201374 -0.00201374 2 23 3
345.793 -0.00201381 -0.00201381 2 23 3
345.797 -0.00201388 -0.00201388 2 23 3
345.801 -0.00201394 -0.00201394 2 23 3
345.805 -0.00201401 -0.00201401 2 23 3
345.808 -0.00201407 -0.00201407 2 23 3
345.812 -0.00201414 -0.00201414 2 23 3
345.816 -0.0020142 -0.0020142 2 23 3
345.819 -0.00201426 -0.00201426 2 23 3
345.823 -0.00201432 -0.00201432 2 23 3
345.827 -0.00201438 -0.00201438 2 23 3
345.83 -0.00201444 -0.00201444 2 23 3
345.834 -0.0020145 -0.0020145 2 23 3
345.837 -0.00201456 -0.00201456 2 23 3
345.841 -0.00201462 -0.00201462 2 23 3
345.844 -0.00201468 -0.00201468 2 23 3
345.847 -0.00201473 -0.00201473 2 23 3
345.851 -0.00201479 -0.00201479 2 23 3
345.854 -0.00201485 -0.00201485 2 23 3
345.857 -0.0020149 -0.0020149 2 23 3
345.861 -0.00201495 -0.00201495 2 23 3
345.864 -0.00201501 -0.00201501 2 23 3
345.867 -0.00201506 -0.00201506 2 23 3
345.87 -0.00201511 -0.00201511 2 23 3
345.873 -0.00201517 -0.00201517 2 23 3
345.876 -0.00201522 -0.00201522 2 23 3
345.879 -0.00201527 -0.00201527 2 23 3
345.882 -0.00201532 -0.00201532 2 23 3
345.885 -0.00201537 -0.00201537 2 23 3
345.888 -0.00201542 -0.00201542 2 23 3
345.891 -0.00201547 -0.00201547 2 23 3
345.894 -0.00201552 -0.00201552 2 23 3
345.897 -0.00201557 -0.00201557 2 23 3
345.9 -0.00201561 -0.00201561 2 23 3
345.902 -0.00201566 -0.00201566 2 23 3
345.905 -0.00201571 -0.00201571 2 23 3
345.908 -0.00201575 -0.00201575 2 23 3
345.911 -0.0020158 -0.0020158 2 23 3
345.913 -0.00201584 -0.00201584 2 23 3
345.916 -0.00201589 -0.00201589 2 23 3
345.918 -0.00201593 -0.00201593 2 23 3
345.921 -0.00201598 -0.00201598 2 23 3
345.924 -0.00201602 -0.00201602 2 23 3
345.926 -0.00201606 -0.00201606 2 23 3
345.929 -0.00201611 -0.00201611 2 23 3
345.931 -0.00201615 -0.00201615 2 23 3
345.934 -0.00201619 -0.00201619 2 23 3
345.936 -0.00201623 -0.00201623 2 23 3
345.939 -0.00201627 -0.00201627 2 23 3
345.941 -0.00201631 -0.00201631 2 23 3
345.943 -0.00201635 -0.00201635 2 23 3
345.946 -0.00201639 -0.00201639 2 23 3
345.948 -0.00201643 -0.00201643 2 23 3
345.95 -0.00201647 -0.00201647 2 23 3
345.953 -0.00201651 -0.00201651 2 23 3
345.955 -0.00201655 -0.00201655 2 23 3
345.957 -0.00201659 -0.00201659 2 23 3
345.96 -0.00201663 -0.00201663 2 23 3
345.962 -0.00201666 -0.00201666 2 23 3
345.964 -0.0020167 -0.0020167 2 23 3
345.966 -0.00201674 -0.00201674 2 23 3
345.968 -0.00201677 -0.00201677 2 23 3
345.97 -0.00201681 -0.00201681 2 23 3
345.973 -0.00201685 -0.00201685 2 23 3
345.975 -0.00201688 -0.00201688 2 23 3
345.977 -0.00201692 -0.00201692 2 23 3
345.979 -0.00201695 -0.00201695 2 23 3
345.981 -0.00201698 -0.00201698 2 23 3
345.983 -0.00201702 -0.00201702 2 23 3
345.985 -0.00201705 -0.00201705 2 23 3
345.987 -0.00201709 -0.00201709 2 23 3
345.989 -0.00201712 -0.00201712 2 23 3
345.991 -0.00201715 -0.00201715 2 23 3
345.993 -0.00201718 -0.00201718 2 23 3
345.995 -0.00201722 -0.00201722 2 23 3
345.997 -0.00201725 -0.00201725 2 23 3
345.998 -0.00201728 -0.00201728 2 23 3
346 -0.00201731 -0.00201731 2 23 3
346.002 -0.00201734 -0.00201734 2 23 3
346.004 -0.00201737 -0.00201737 2 23 3
346.006 -0.0020174 -0.0020174 2 23 3
346.008 -0.00201743 -0.00201743 2 23 3
346.009 -0.00201746 -0.00201746 2 23 3
344.719 -0.00199516 -0.00199516 2 23 3
344.72 -0.00199518 -0.00199518 2 23 3
344.722 -0.00199521 -0.00199521 2 23 3
344.725 -0.00199527 -0.00199527 2 23 3
344.732 -0.00199538 -0.00199538 2 23 3
344.745 -0.00199562 -0.00199562 2 23 3
344.765 -0.00199598 -0.00199598 2 23 3
344.785 -0.00199633 -0.00199633 2 23 3
344.804 -0.00199667 -0.00199667 2 23 3
344.823 -0.00199701 -0.00199701 2 23 3
344.842 -0.00199734 -0.00199734 2 23 3
344.86 -0.00199766 -0.00199766 2 23 3
344.878 -0.00199797 -0.00199797 2 23 3
344.896 -0.00199829 -0.00199829 2 23 3
344.913 -0.00199859 -0.00199859 2 23 3
344.93 -0.00199889 -0.00199889 2 23 3
344.947 -0.00199918 -0.00199918 2 23 3
344.963 -0.00199947 -0.00199947 2 23 3
344.979 -0.00199975 -0.00199975 2 23 3
344.995 -0.00200003 -0.00200003 2 23 3
345.01 -0.0020003 -0.0020003 2 23 3
345.026 -0.00200057 -0.00200057 2 23 3
345.041 -0.00200083 -0.00200083 2 23 3
345.055 -0.00200109 -0.00200109 2 23 3
345.07 -0.00200135 -0.00200135 2 23 3
345.084 -0.0020016 -0.0020016 2 23 3
345.098 -0.00200184 -0.00200184 2 23 3
345.112 -0.00200208 -0.00200208 2 23 3
345.125 -0.00200232 -0.00200232 2 23 3
345.139 -0.00200255 -0.00200255 2 23 3
345.152 -0.00200278 -0.00200278 2 23 3
345.165 -0.002003 -0.002003 2 23 3
345.177 -0.00200322 -0.00200322 2 23 3
345.19 -0.00200344 -0.00200344 2 23 3
345.202 -0.00200365 -0.00200365 2 23 3
345.214 -0.00200386 -0.00200386 2 23 3
345.226 -0.00200407 -0.00200407 2 23 3
345.237 -0.00200427 -0.00200427 2 23 3
345.249 -0.00200447 -0.00200447 2 23 3
345.26 -0.00200467 -0.00200467 2 23 3
345.271 -0.00200486 -0.00200486 2 23 3
345.282 -0.00200505 -0.00200505 2 23 3
345.293 -0.00200524 -0.00200524 2 23 3
345.304 -0.00200542 -0.00200542 2 23 3
345.314 -0.0020056 -0.0020056 2 23 3
345.324 -0.00200578 -0.00200578 2 23 3
345.334 -0.00200595 -0.00200595 2 23 3
345.344 -0.00200613 -0.00200613 2 23 3
345.354 -0.0020063 -0.0020063 2 23 3
345.364 -0.00200646 -0.00200646 2 23 3
345.373 -0.00200663 -0.00200663 2 23 3
345.383 -0.00200679 -0.00200679 2 23 3
345.392 -0.00200695 -0.00200695 2 23 3
345.401 -0.00200711 -0.00200711 2 23 3
345.41 -0.00200726 -0.00200726 2 23 3
345.419 -0.00200742 -0.00200742 2 23 3
345.428 -0.00200757 -0.00200757 2 23 3
345.436 -0.00200772 -0.00200772 2 23 3
345.445 -0.00200786 -0.00200786 2 23 3
345.453 -0.00200801 -0.00200801 2 23 3
345.461 -0.00200815 -0.00200815 2 23 3
345.47 -0.00200829 -0.00200829 2 23 3
345.478 -0.00200842 -0.00200842 2 23 3
345.485 -0.00200856 -0.00200856 2 23 3
345.493 -0.00200869 -0.00200869 2 23 3
345.501 -0.00200883 -0.00200883 2 23 3
345.508 -0.00200896 -0.00200896 2 23 3
345.516 -0.00200908 -0.00200908 2 23 3
345.523 -0.00200921 -0.00200921 2 23 3
345.531 -0.00200933 -0.00200933 2 23 3
345.538 -0.00200946 -0.00200946 2 23 3
345.545 -0.00200958 -0.00200958 2 23 3
345.552 -0.0020097 -0.0020097 2 23 3
345.559 -0.00200982 -0.00200982 2 23 3
345.565 -0.00200993 -0.00200993 2 23 3
345.572 -0.00201005 -0.00201005 2 23 3
345.579 -0.00201016 -0.00201016 2 23 3
345.585 -0.00201027 -0.00201027 2 23 3
345.592 -0.00201038 -0.00201038 2 23 3
345.598 -0.00201049 -0.00201049 2 23 3
345.604 -0.0020106 -0.0020106 2 23 3
345.61 -0.0020107 -0.0020107 2 23 3
345.617 -0.00201081 -0.00201081 2 23 3
345.623 -0.00201091 -0.00201091 2 23 3
345.629 -0.00201101 -0.00201101 2 23 3
345.634 -0.00201111 -0.00201111 2 23 3
345.64 -0.00201121 -0.00201121 2 23 3
345.646 -0.00201131 -0.00201131 2 23 3
345.652 -0.00201141 -0.00201141 2 23 3
345.657 -0.0020115 -0.0020115 2 23 3
345.663 -0.0020116 -0.0020116 2 23 3
345.668 -0.00201169 -0.00201169 2 23 3
345.674 -0.00201178 -0.00201178 2 23 3
345.679 -0.00201187 -0.00201187 2 23 3
345.684 -0.00201196 -0.00201196 2 23 3
345.689 -0.00201205 -0.00201205 2 23 3
345.694 -0.00201214 -0.00201214 2 23 3
345.699 -0.00201222 -0.00201222 2 23 3
345.704 -0.00201231 -0.00201231 2 23 3
345.709 -0.00201239 -0.00201239 2 23 3
345.714 -0.00201247 -0.00201247 2 23 3
345.719 -0.00201256 -0.00201256 2 23 3
345.724 -0.00201264 -0.00201264 2 23 3
345.729 -0.00201272 -0.00201272 2 23 3
345.733 -0.0020128 -0.0020128 2 23 3
345.738 -0.00201287 -0.00201287 2 23 3
345.742 -0.00201295 -0.00201295 2 23 3
345.747 -0.00201303 -0.00201303 2 23 3
345.751 -0.0020131 -0.0020131 2 23 3
345.756 -0.00201318 -0.00201318 2 23 3
345.76 -0.00201325 -0.00201325 2 23 3
345.764 -0.00201332 -0.00201332 2 23 3
345.769 -0.0020134 -0.0020134 2 23 3
345.773 -0.00201347 -0.00201347 2 23 3
345.777 -0.00201354 -0.00201354 2 23 3
345.781 -0.00201361 -0.00201361 2 23 3
345.785 -0.00201368 -0.00201368 2 23 3
345.789 -0.00201374 -0.00201374 2 23 3
345.793 -0.00201381 -0.00201381 2 23 3
345.797 -0.00201388 -0.00201388 2 23 3
345.801 -0.00201394 -0.00201394 2 23 3
345.805 -0.00201401 -0.00201401 2 23 3
345.808 -0.00201407 -0.00201407 2 23 3
345.812 -0.00201414 -0.00201414 2 23 3
345.816 -0.0020142 -0.0020142 2 23 3
345.819 -0.00201426 -0.00201426 2 23 3
345.823 -0.00201432 -0.00201432 2 23 3
345.827 -0.00201438 -0.00201438 2 23 3
345.83 -0.00201444 -0.00201444 2 23 3
345.834 -0.0020145 -0.0020145 2 23 3
345.837 -0.00201456 -0.00201456 2 23 3
345.841 -0.00201462 -0.00201462 2 23 3
345.844 -0.00201468 -0.00201468 2 23 3
345.847 -0.00201473 -0.00201473 2 23 3
345.851 -0.00201479 -0.00201479 2 23 3
345.854 -0.00201485 -0.00201485 2 23 3
345.857 -0.0020149 -0.0020149 2 23 3
345.861 -0.00201495 -0.00201495 2 23 3
345.864 -0.00201501 -0.00201501 2 23 3
345.867 -0.00201506 -0.00201506 2 23 3
345.87 -0.00201511 -0.00201511 2 23 3
345.873 -0.00201517 -0.00201517 2 23 3
345.876 -0.00201522 -0.00201522 2 23 3
345.879 -0.00201527 -0.00201527 2 23 3
345.882 -0.00201532 -0.00201532 2 23 3
345.885 -0.00201537 -0.00201537 2 23 3
345.888 -0.00201542 -0.00201542 2 23 3
345.891 -0.00201547 -0.00201547 2 23 3
345.894 -0.00201552 -0.00201552 2 23 3
345.897 -0.00201557 -0.00201557 2 23 3
345.9 -0.00201561 -0.00201561 2 23 3
345.902 -0.00201566 -0.00201566 2 23 3
345.905 -0.00201571 -0.00201571 2 23 3
345.908 -0.00201575 -0.00201575 2 23 3
345.911 -0.0020158 -0.0020158 2 23 3
345.913 -0.00201584 -0.00201584 2 23 3
345.916 -0.00201589 -0.00201589 2 23 3
345.918 -0.00201593 -0.00201593 2 23 3
345.921 -0.00201598 -0.00201598 2 23 3
345.924 -0.00201602 -0.00201602 2 23 3
345.926 -0.00201606 -0.00201606 2 23 3
345.929 -0.00201611 -0.00201611 2 23 3
345.931 -0.00201615 -0.00201615 2 23 3
345.934 -0.00201619 -0.00201619 2 23 3
345.936 -0.00201623 -0.00201623 2 23 3
345.939 -0.00201627 -0.00201627 2 23 3
345.941 -0.00201631 -0.00201631 2 23 3
345.943 -0.00201635 -0.00201635 2 23 3
345.946 -0.00201639 -0.00201639 2 23 3
345.948 -0.00201643 -0.00201643 2 23 3
345.95 -0.00201647 -0.00201647 2 23 3
345.953 -0.00201651 -0.00201651 2 23 3
345.955 -0.00201655 -0.00201655 2 23 3
345.957 -0.00201659 -0.00201659 2 23 3
345.96 -0.00201663 -0.00201663 2 23 3
345.962 -0.00201666 -0.00201666 2 23 3
345.964 -0.0020167 -0.0020167 2 23 3
345.966 -0.00201674 -0.00201674 2 23 3
345.968 -0.00201677 -0.00201677 2 23 3
345.97 -0.00201681 -0.00201681 2 23 3
345.973 -0.00201685 -0.00201685 2 23 3
345.975 -0.00201688 -0.00201688 2 23 3
345.977 -0.00201692 -0.00201692 2 23 3
345.979 -0.00201695 -0.00201695 2 23 3
345.981 -0.00201698 -0.00201698 2 23 3
345.983 -0.00201702 -0.00201702 2 23 3
345.985 -0.00201705 -0.00201705 2 23 3
345.987 -0.00201709 -0.00201709 2 23 3
345.989 -0.00201712 -0.00201712 2 23 3
345.991 -0.00201715 -0.00201715 2 23 3
345.993 -0.00201718 -0.00201718 2 23 3
345.995 -0.00201722 -0.00201722 2 23 3
345.997 -0.00201725 -0.00201725 2 23 3
345.998 -0.00201728 -0.00201728 2 23 3
346 -0.00201731 -0.00201731 2 23 3
346.002 -0.00201734 -0.00201734 2 23 3
346.004 -0.00201737 -0.00201737 2 23 3
346.006 -0.0020174 -0.0020174 2 23 3
346.008 -0.00201743 -0.00201743 2 23 3
346.009 -0.00201746 -0.00201746 2 23 3
