150 0.285714 0.285714 2 1 0
150.04 0.285714 0.285714 1 1 0
150.08 0.285714 0.285714 1 1 0
150.16 0.285714 0.285714 1 1 0
150.32 0.285714 0.285714 1 1 0
150.64 0.285714 0.285714 1 1 0
151.14 0.285714 0.285714 1 1 0
151.64 0.285714 0.285714 1 1 0
152.14 0.285714 0.285714 1 1 0
152.64 0.285714 0.285714 1 1 0
153.14 0.285714 0.285714 1 1 0
153.64 0.285714 0.285714 1 1 0
154.14 0.285714 0.285714 1 1 0
154.64 0.285714 0.285714 1 1 0
155.14 0.285714 0.285714 1 1 0
155.64 0.285714 0.285714 1 1 0
156.14 0.285714 0.285714 1 1 0
156.64 0.285714 0.285714 1 1 0
157.14 0.285714 0.285714 1 1 0
157.382 0.285714 0.285714 2 1 0
157.882 0.285714 0.285714 2 1 0
158.382 0.285714 0.285714 2 1 0
158.882 0.285714 0.285714 2 1 0
159.382 0.285714 0.285714 2 1 0
159.882 0.285714 0.285714 2 1 0
160.382 0.285714 0.285714 2 1 0
160.882 0.285714 0.285714 2 1 0
161.382 0.285714 0.285714 2 1 0
161.882 0.285714 0.285714 2 1 0
162.382 0.285714 0.285714 2 1 0
162.882 0.285714 0.285714 2 1 0
163.382 0.285714 0.285714 2 1 0
163.882 0.285714 0.285714 2 1 0
164.382 0.285714 0.285714 2 1 0
164.882 0.285714 0.285714 2 1 0
165.382 0.285714 0.285714 2 1 0
165.882 0.285714 0.285714 2 1 0
166.382 0.285714 0.285714 2 1 0
166.882 0.285714 0.285714 2 1 0
167.382 0.285714 0.285714 2 1 0
167.882 0.285714 0.285714 2 1 0
168.382 0.285714 0.285714 2 1 0
168.882 0.285714 0.285714 2 1 0
169.382 0.285714 0.285714 2 1 0
169.882 0.285714 0.285714 2 1 0
170.382 0.285714 0.285714 2 1 0
170.882 0.285714 0.285714 2 1 0
171.382 0.285714 0.285714 2 1 0
171.882 0.285714 0.285714 2 1 0
172.382 0.285714 0.285714 2 1 0
172.882 0.285714 0.285714 2 1 0
173.382 0.285714 0.285714 2 1 0
173.882 0.285714 0.285714 2 1 0
174.382 0.285714 0.285714 2 1 0
174.882 0.285714 0.285714 2 1 0
175.382 0.285714 0.285714 2 1 0
175.882 0.285714 0.285714 2 1 0
176.382 0.285714 0.285714 2 1 0
176.882 0.285714 0.285714 2 1 0
177.382 0.285714 0.285714 2 1 0
177.882 0.285714 0.285714 2 1 0
178.382 0.285714 0.285714 2 1 0
178.882 0.285714 0.285714 2 1 0
179.382 0.285714 0.285714 2 1 0
179.882 0.285714 0.285714 2 1 0
180.382 0.285714 0.285714 2 1 0
180.882 0.285714 0.285714 2 1 0
181.382 0.285714 0.285714 2 1 0
181.882 0.285714 0.285714 2 1 0
182.382 0.285714 0.285714 2 1 0
182.882 0.285714 0.285714 2 1 0
183.382 0.285714 0.285714 2 1 0
183.882 0.285714 0.285714 2 1 0
184.382 0.285714 0.285714 2 1 0
184.882 0.285714 0.285714 2 1 0
185.382 0.285714 0.285714 2 1 0
185.882 0.285714 0.285714 2 1 0
186.382 0.285714 0.285714 2 1 0
186.882 0.285714 0.285714 2 1 0
187.382 0.285714 0.285714 2 1 0
187.882 0.285714 0.285714 2 1 0
188.382 0.285714 0.285714 2 1 0
188.882 0.285714 0.285714 2 1 0
189.382 0.285714 0.285714 2 1 0
189.882 0.285714 0.285714 2 1 0
190.382 0.285714 0.285714 2 1 0
190.882 0.285714 0.285714 2 1 0
191.382 0.285714 0.285714 2 1 0
191.882 0.285714 0.285714 2 1 0
192.382 0.285714 0.285714 2 1 0
192.882 0.285714 0.285714 2 1 0
193.382 0.285714 0.285714 2 1 0
193.882 0.285714 0.285714 2 1 0
194.382 0.285714 0.285714 2 1 0
194.882 0.285714 0.285714 2 1 0
195.382 0.285714 0.285714 2 1 0
195.882 0.285714 0.285714 2 1 0
196.382 0.285714 0.285714 2 1 0
196.882 0.285714 0.285714 2 1 0
197.382 0.285714 0.285714 2 1 0
197.882 0.285714 0.285714 2 1 0
198.382 0.285714 0.285714 2 1 0
198.882 0.285714 0.285714 2 1 0
199.382 0.285714 0.285714 2 1 0
199.882 0.285714 0.285714 2 1 0
200.382 0.285714 0.285714 2 1 0
200.882 0.285714 0.285714 2 1 0
201.382 0.285714 0.285714 2 1 0
201.882 0.285714 0.285714 2 1 0
202.382 0.285714 0.285714 2 1 0
202.882 0.285714 0.285714 2 1 0
203.382 0.285714 0.285714 2 1 0
203.882 0.285714 0.285714 2 1 0
204.382 0.285714 0.285714 2 1 0
204.882 0.285714 0.285714 2 1 0
205.382 0.285714 0.285714 2 1 0
205.882 0.285714 0.285714 2 1 0
206.382 0.285714 0.285714 2 1 0
206.882 0.285714 0.285714 2 1 0
207.382 0.285714 0.285714 2 1 0
207.882 0.285714 0.285714 2 1 0
208.382 0.285714 0.285714 2 1 0
208.882 0.285714 0.285714 2 1 0
209.382 0.285714 0.285714 2 1 0
209.882 0.285714 0.285714 2 1 0
210.382 0.285714 0.285714 2 1 0
210.882 0.285714 0.285714 2 1 0
211.382 0.285714 0.285714 2 1 0
211.882 0.285714 0.285714 2 1 0
212.382 0.285714 0.285714 2 1 0
212.882 0.285714 0.285714 2 1 0
213.382 0.285714 0.285714 2 1 0
213.882 0.285714 0.285714 2 1 0
214.382 0.285714 0.285714 2 1 0
214.882 0.285714 0.285714 2 1 0
215.382 0.285714 0.285714 2 1 0
215.882 0.285714 0.285714 2 1 0
216.382 0.285714 0.285714 2 1 0
216.882 0.285714 0.285714 2 1 0
217.382 0.285714 0.285714 2 1 0
217.882 0.285714 0.285714 2 1 0
218.382 0.285714 0.285714 2 1 0
218.882 0.285714 0.285714 2 1 0
219.382 0.285714 0.285714 2 1 0
219.882 0.285714 0.285714 2 1 0
220.382 0.285714 0.285714 2 1 0
220.882 0.285714 0.285714 2 1 0
221.382 0.285714 0.285714 2 1 0
221.882 0.285714 0.285714 2 1 0
222.382 0.285714 0.285714 2 1 0
222.882 0.285714 0.285714 2 1 0
223.382 0.285714 0.285714 2 1 0
223.882 0.285714 0.285714 2 1 0
224.382 0.285714 0.285714 2 1 0
224.882 0.285714 0.285714 2 1 0
225.382 0.285714 0.285714 2 1 0
225.882 0.285714 0.285714 2 1 0
226.382 0.285714 0.285714 2 1 0
226.882 0.285714 0.285714 2 1 0
227.382 0.285714 0.285714 2 1 0
227.882 0.285714 0.285714 2 1 0
228.382 0.285714 0.285714 2 1 0
228.882 0.285714 0.285714 2 1 0
229.382 0.285714 0.285714 2 1 0
229.882 0.285714 0.285714 2 1 0
230.382 0.285714 0.285714 2 1 0
230.882 0.285714 0.285714 2 1 0
231.382 0.285714 0.285714 2 1 0
231.882 0.285714 0.285714 2 1 0
232.382 0.285714 0.285714 2 1 0
232.882 0.285714 0.285714 2 1 0
233.382 0.285714 0.285714 2 1 0
233.882 0.285714 0.285714 2 1 0
234.382 0.285714 0.285714 2 1 0
234.882 0.285714 0.285714 2 1 0
235.382 0.285714 0.285714 2 1 0
235.882 0.285714 0.285714 2 1 0
236.382 0.285714 0.285714 2 1 0
236.882 0.285714 0.285714 2 1 0
237.382 0.285714 0.285714 2 1 0
237.882 0.285714 0.285714 2 1 0
238.382 0.285714 0.285714 2 1 0
238.882 0.285714 0.285714 2 1 0
239.382 0.285714 0.285714 2 1 0
239.882 0.285714 0.285714 2 1 0
240.382 0.285714 0.285714 2 1 0
240.882 0.285714 0.285714 2 1 0
241.382 0.285714 0.285714 2 1 0
241.882 0.285714 0.285714 2 1 0
242.382 0.285714 0.285714 2 1 0
242.882 0.285714 0.285714 2 1 0
243.382 0.285714 0.285714 2 1 0
243.882 0.285714 0.285714 2 1 0
244.382 0.285714 0.285714 2 1 0
244.882 0.285714 0.285714 2 1 0
245.382 0.285714 0.285714 2 1 0
245.882 0.285714 0.285714 2 1 0
246.382 0.285714 0.285714 2 1 0
246.882 0.285714 0.285714 2 1 0
247.382 0.285714 0.285714 2 1 0
247.382 0.285714 0.285714 2 1 0
247.422 0.285714 0.285714 2 1 0
247.462 0.285714 0.285714 2 1 0
247.542 0.285714 0.285714 2 1 0
247.702 0.285714 0.285714 2 1 0
248.022 0.285714 0.285714 2 1 0
248.522 0.285714 0.285714 2 1 0
249.022 0.285714 0.285714 2 1 0
249.522 0.285714 0.285714 2 1 0
250.022 0.285714 0.285714 2 1 0
250.522 0.285714 0.285714 2 1 0
251.022 0.285714 0.285714 2 1 0
251.522 0.285714 0.285714 2 1 0
252.022 0.285714 0.285714 2 1 0
252.522 0.285714 0.285714 2 1 0
253.022 0.285714 0.285714 2 1 0
253.522 0.285714 0.285714 2 1 0
254.022 0.285714 0.285714 2 1 0
254.522 0.285714 0.285714 2 1 0
255.022 0.285714 0.285714 2 1 0
255.522 0.285714 0.285714 2 1 0
256.022 0.285714 0.285714 2 1 0
256.522 0.285714 0.285714 2 1 0
257.022 0.285714 0.285714 2 1 0
257.522 0.285714 0.285714 2 1 0
258.022 0.285714 0.285714 2 1 0
258.522 0.285714 0.285714 2 1 0
259.022 0.285714 0.285714 2 1 0
259.522 0.285714 0.285714 2 1 0
260.022 0.285714 0.285714 2 1 0
260.522 0.285714 0.285714 2 1 0
261.022 0.285714 0.285714 2 1 0
261.522 0.285714 0.285714 2 1 0
262.022 0.285714 0.285714 2 1 0
262.522 0.285714 0.285714 2 1 0
263.022 0.285714 0.285714 2 1 0
263.522 0.285714 0.285714 2 1 0
264.022 0.285714 0.285714 2 1 0
264.522 0.285714 0.285714 2 1 0
265.022 0.285714 0.285714 2 1 0
265.522 0.285714 0.285714 2 1 0
266.022 0.285714 0.285714 2 1 0
266.522 0.285714 0.285714 2 1 0
267.022 0.285714 0.285714 2 1 0
267.522 0.285714 0.285714 2 1 0
268.022 0.285714 0.285714 2 1 0
268.522 0.285714 0.285714 2 1 0
269.022 0.285714 0.285714 2 1 0
269.522 0.285714 0.285714 2 1 0
270.022 0.285714 0.285714 2 1 0
270.522 0.285714 0.285714 2 1 0
271.022 0.285714 0.285714 2 1 0
271.522 0.285714 0.285714 2 1 0
272.022 0.285714 0.285714 2 1 0
272.522 0.285714 0.285714 2 1 0
273.022 0.285714 0.285714 2 1 0
273.522 0.285714 0.285714 2 1 0
274.022 0.285714 0.285714 2 1 0
274.522 0.285714 0.285714 2 1 0
275.022 0.285714 0.285714 2 1 0
275.522 0.285714 0.285714 2 1 0
276.022 0.285714 0.285714 2 1 0
276.522 0.285714 0.285714 2 1 0
277.022 0.285714 0.285714 2 1 0
277.522 0.285714 0.285714 2 1 0
278.022 0.285714 0.285714 2 1 0
278.522 0.285714 0.285714 2 1 0
279.022 0.285714 0.285714 2 1 0
279.522 0.285714 0.285714 2 1 0
280.022 0.285714 0.285714 2 1 0
280.522 0.285714 0.285714 2 1 0
281.022 0.285714 0.285714 2 1 0
281.522 0.285714 0.285714 2 1 0
282.022 0.285714 0.285714 2 1 0
282.522 0.285714 0.285714 2 1 0
283.022 0.285714 0.285714 2 1 0
283.522 0.285714 0.285714 2 1 0
284.022 0.285714 0.285714 2 1 0
284.522 0.285714 0.285714 2 1 0
285.022 0.285714 0.285714 2 1 0
285.522 0.285714 0.285714 2 1 0
286.022 0.285714 0.285714 2 1 0
286.522 0.285714 0.285714 2 1 0
287.022 0.285714 0.285714 2 1 0
287.522 0.285714 0.285714 2 1 0
288.022 0.285714 0.285714 2 1 0
288.522 0.285714 0.285714 2 1 0
289.022 0.285714 0.285714 2 1 0
289.522 0.285714 0.285714 2 1 0
290.022 0.285714 0.285714 2 1 0
290.522 0.285714 0.285714 2 1 0
291.022 0.285714 0.285714 2 1 0
291.522 0.285714 0.285714 2 1 0
292.022 0.285714 0.285714 2 1 0
292.522 0.285714 0.285714 2 1 0
293.022 0.285714 0.285714 2 1 0
293.522 0.285714 0.285714 2 1 0
294.022 0.285714 0.285714 2 1 0
294.522 0.285714 0.285714 2 1 0
295.022 0.285714 0.285714 2 1 0
295.522 0.285714 0.285714 2 1 0
296.022 0.285714 0.285714 2 1 0
296.522 0.285714 0.285714 2 1 0
297.022 0.285714 0.285714 2 1 0
297.522 0.285714 0.285714 2 1 0
298.022 0.285714 0.285714 2 1 0
298.522 0.285714 0.285714 2 1 0
299.022 0.285714 0.285714 2 1 0
299.522 0.285714 0.285714 2 1 0
300.022 0.285714 0.285714 2 1 0
300.522 0.285714 0.285714 2 1 0
301.022 0.285714 0.285714 2 1 0
301.522 0.285714 0.285714 2 1 0
302.022 0.285714 0.285714 2 1 0
302.522 0.285714 0.285714 2 1 0
303.022 0.285714 0.285714 2 1 0
303.522 0.285714 0.285714 2 1 0
304.022 0.285714 0.285714 2 1 0
304.522 0.285714 0.285714 2 1 0
305.022 0.285714 0.285714 2 1 0
305.522 0.285714 0.285714 2 1 0
306.022 0.285714 0.285714 2 1 0
306.522 0.285714 0.285714 2 1 0
307.022 0.285714 0.285714 2 1 0
307.522 0.285714 0.285714 2 1 0
308.022 0.285714 0.285714 2 1 0
308.522 0.285714 0.285714 2 1 0
309.022 0.285714 0.285714 2 1 0
309.522 0.285714 0.285714 2 1 0
310.022 0.285714 0.285714 2 1 0
310.522 0.285714 0.285714 2 1 0
311.022 0.285714 0.285714 2 1 0
311.522 0.285714 0.285714 2 1 0
312.022 0.285714 0.285714 2 1 0
312.522 0.285714 0.285714 2 1 0
313.022 0.285714 0.285714 2 1 0
313.522 0.285714 0.285714 2 1 0
314.022 0.285714 0.285714 2 1 0
314.522 0.285714 0.285714 2 1 0
315.022 0.285714 0.285714 2 1 0
315.522 0.285714 0.285714 2 1 0
316.022 0.285714 0.285714 2 1 0
316.522 0.285714 0.285714 2 1 0
317.022 0.285714 0.285714 2 1 0
317.522 0.285714 0.285714 2 1 0
318.022 0.285714 0.285714 2 1 0
318.522 0.285714 0.285714 2 1 0
319.022 0.285714 0.285714 2 1 0
319.522 0.285714 0.285714 2 1 0
320.022 0.285714 0.285714 2 1 0
320.522 0.285714 0.285714 2 1 0
321.022 0.285714 0.285714 2 1 0
321.522 0.285714 0.285714 2 1 0
322.022 0.285714 0.285714 2 1 0
322.522 0.285714 0.285714 2 1 0
323.022 0.285714 0.285714 2 1 0
323.522 0.285714 0.285714 2 1 0
324.022 0.285714 0.285714 2 1 0
324.522 0.285714 0.285714 2 1 0
325.022 0.285714 0.285714 2 1 0
325.522 0.285714 0.285714 2 1 0
326.022 0.285714 0.285714 2 1 0
326.522 0.285714 0.285714 2 1 0
327.022 0.285714 0.285714 2 1 0
327.522 0.285714 0.285714 2 1 0
328.022 0.285714 0.285714 2 1 0
328.522 0.285714 0.285714 2 1 0
329.022 0.285714 0.285714 2 1 0
329.522 0.285714 0.285714 2 1 0
330.022 0.285714 0.285714 2 1 0
330.522 0.285714 0.285714 2 1 0
331.022 0.285714 0.285714 2 1 0
331.522 0.285714 0.285714 2 1 0
332.022 0.285714 0.285714 2 1 0
332.522 0.285714 0.285714 2 1 0
333.022 0.285714 0.285714 2 1 0
333.522 0.285714 0.285714 2 1 0
334.022 0.285714 0.285714 2 1 0
334.522 0.285714 0.285714 2 1 0
335.022 0.285714 0.285714 2 1 0
335.522 0.285714 0.285714 2 1 0
336.022 0.285714 0.285714 2 1 0
336.522 0.285714 0.285714 2 1 0
337.022 0.285714 0.285714 2 1 0
337.522 0.285714 0.285714 2 1 0
338.022 0.285714 0.285714 2 1 0
338.522 0.285714 0.285714 2 1 0
339.022 0.285714 0.285714 2 1 0
339.522 0.285714 0.285714 2 1 0
340.022 0.285714 0.285714 2 1 0
340.522 0.285714 0.285714 2 1 0
341.022 0.285714 0.285714 2 1 0
341.522 0.285714 0.285714 2 1 0
342.022 0.285714 0.285714 2 1 0
342.522 0.285714 0.285714 2 1 0
343.022 0.285714 0.285714 2 1 0
343.522 0.285714 0.285714 2 1 0
344.022 0.285714 0.285714 2 1 0
344.522 0.285714 0.285714 2 1 0
345.022 0.285714 0.285714 2 1 0
345.022 0.285714 0.285714 2 1 0
345.062 0.285714 0.285714 2 1 0
345.102 0.285714 0.285714 2 1 0
345.182 0.285714 0.285714 2 1 0
345.342 0.285714 0.285714 2 1 0
345.662 0.285714 0.285714 2 1 0
346.162 0.285714 0.285714 2 1 0
346.662 0.285714 0.285714 2 1 0
347.162 0.285714 0.285714 2 1 0
347.662 0.285714 0.285714 2 1 0
348.162 0.285714 0.285714 2 1 0
348.662 0.285714 0.285714 2 1 0
349.162 0.285714 0.285714 2 1 0
349.662 0.285714 0.285714 2 1 0
350.162 0.285714 0.285714 2 1 0
350.662 0.285714 0.285714 2 1 0
351.162 0.285714 0.285714 2 1 0
351.662 0.285714 0.285714 2 1 0
352.162 0.285714 0.285714 2 1 0
352.662 0.285714 0.285714 2 1 0
353.162 0.285714 0.285714 2 1 0
353.662 0.285714 0.285714 2 1 0
354.162 0.285714 0.285714 2 1 0
354.662 0.285714 0.285714 2 1 0
355.162 0.285714 0.285714 2 1 0
355.662 0.285714 0.285714 2 1 0
356.162 0.285714 0.285714 2 1 0
356.662 0.285714 0.285714 2 1 0
357.162 0.285714 0.285714 2 1 0
357.662 0.285714 0.285714 2 1 0
358.162 0.285714 0.285714 2 1 0
358.662 0.285714 0.285714 2 1 0
359.162 0.285714 0.285714 2 1 0
359.662 0.285714 0.285714 2 1 0
360.162 0.285714 0.285714 2 1 0
360.662 0.285714 0.285714 2 1 0
361.162 0.285714 0.285714 2 1 0
361.662 0.285714 0.285714 2 1 0
362.162 0.285714 0.285714 2 1 0
362.662 0.285714 0.285714 2 1 0
363.162 0.285714 0.285714 2 1 0
363.662 0.285714 0.285714 2 1 0
364.162 0.285714 0.285714 2 1 0
364.662 0.285714 0.285714 2 1 0
365.162 0.285714 0.285714 2 1 0
365.662 0.285714 0.285714 2 1 0
366.162 0.285714 0.285714 2 1 0
366.662 0.285714 0.285714 2 1 0
367.162 0.285714 0.285714 2 1 0
367.662 0.285714 0.285714 2 1 0
368.162 0.285714 0.285714 2 1 0
368.662 0.285714 0.285714 2 1 0
369.162 0.285714 0.285714 2 1 0
369.662 0.285714 0.285714 2 1 0
370.162 0.285714 0.285714 2 1 0
370.662 0.285714 0.285714 2 1 0
371.162 0.285714 0.285714 2 1 0
371.662 0.285714 0.285714 2 1 0
372.162 0.285714 0.285714 2 1 0
372.662 0.285714 0.285714 2 1 0
373.162 0.285714 0.285714 2 1 0
373.662 0.285714 0.285714 2 1 0
374.162 0.285714 0.285714 2 1 0
374.662 0.285714 0.285714 2 1 0
375.162 0.285714 0.285714 2 1 0
375.662 0.285714 0.285714 2 1 0
376.162 0.285714 0.285714 2 1 0
376.662 0.285714 0.285714 2 1 0
377.162 0.285714 0.285714 2 1 0
377.662 0.285714 0.285714 2 1 0
378.162 0.285714 0.285714 2 1 0
378.662 0.285714 0.285714 2 1 0
379.162 0.285714 0.285714 2 1 0
379.662 0.285714 0.285714 2 1 0
380.162 0.285714 0.285714 2 1 0
380.662 0.285714 0.285714 2 1 0
381.162 0.285714 0.285714 2 1 0
381.662 0.285714 0.285714 2 1 0
382.162 0.285714 0.285714 2 1 0
382.662 0.285714 0.285714 2 1 0
383.162 0.285714 0.285714 2 1 0
383.662 0.285714 0.285714 2 1 0
384.162 0.285714 0.285714 2 1 0
384.662 0.285714 0.285714 2 1 0
385.162 0.285714 0.285714 2 1 0
385.662 0.285714 0.285714 2 1 0
386.162 0.285714 0.285714 2 1 0
386.662 0.285714 0.285714 2 1 0
387.162 0.285714 0.285714 2 1 0
387.662 0.285714 0.285714 2 1 0
388.162 0.285714 0.285714 2 1 0
388.662 0.285714 0.285714 2 1 0
389.162 0.285714 0.285714 2 1 0
389.662 0.285714 0.285714 2 1 0
390.162 0.285714 0.285714 2 1 0
390.662 0.285714 0.285714 2 1 0
391.162 0.285714 0.285714 2 1 0
391.662 0.285714 0.285714 2 1 0
392.162 0.285714 0.285714 2 1 0
392.662 0.285714 0.285714 2 1 0
393.162 0.285714 0.285714 2 1 0
393.662 0.285714 0.285714 2 1 0
394.162 0.285714 0.285714 2 1 0
394.662 0.285714 0.285714 2 1 0
395.162 0.285714 0.285714 2 1 0
395.662 0.285714 0.285714 2 1 0
396.162 0.285714 0.285714 2 1 0
396.662 0.285714 0.285714 2 1 0
397.162 0.285714 0.285714 2 1 0
397.662 0.285714 0.285714 2 1 0
398.162 0.285714 0.285714 2 1 0
398.662 0.285714 0.285714 2 1 0
399.162 0.285714 0.285714 2 1 0
399.662 0.285714 0.285714 2 1 0
400.162 0.285714 0.285714 2 1 0
400.662 0.285714 0.285714 2 1 0
401.162 0.285714 0.285714 2 1 0
401.662 0.285714 0.285714 2 1 0
402.162 0.285714 0.285714 2 1 0
402.662 0.285714 0.285714 2 1 0
403.162 0.285714 0.285714 2 1 0
403.662 0.285714 0.285714 2 1 0
404.162 0.285714 0.285714 2 1 0
404.662 0.285714 0.285714 2 1 0
405.162 0.285714 0.285714 2 1 0
405.662 0.285714 0.285714 2 1 0
406.162 0.285714 0.285714 2 1 0
406.662 0.285714 0.285714 2 1 0
407.162 0.285714 0.285714 2 1 0
407.662 0.285714 0.285714 2 1 0
408.162 0.285714 0.285714 2 1 0
408.662 0.285714 0.285714 2 1 0
409.162 0.285714 0.285714 2 1 0
409.662 0.285714 0.285714 2 1 0
410.162 0.285714 0.285714 2 1 0
410.662 0.285714 0.285714 2 1 0
411.162 0.285714 0.285714 2 1 0
411.662 0.285714 0.285714 2 1 0
412.162 0.285714 0.285714 2 1 0
412.662 0.285714 0.285714 2 1 0
413.162 0.285714 0.285714 2 1 0
413.662 0.285714 0.285714 2 1 0
414.162 0.285714 0.285714 2 1 0
414.662 0.285714 0.285714 2 1 0
415.162 0.285714 0.285714 2 1 0
415.662 0.285714 0.285714 2 1 0
416.162 0.285714 0.285714 2 1 0
416.662 0.285714 0.285714 2 1 0
417.162 0.285714 0.285714 2 1 0
417.662 0.285714 0.285714 2 1 0
418.162 0.285714 0.285714 2 1 0
418.662 0.285714 0.285714 2 1 0
419.162 0.285714 0.285714 2 1 0
419.662 0.285714 0.285714 2 1 0
420.162 0.285714 0.285714 2 1 0
420.662 0.285714 0.285714 2 1 0
421.162 0.285714 0.285714 2 1 0
421.662 0.285714 0.285714 2 1 0
422.162 0.285714 0.285714 2 1 0
422.662 0.285714 0.285714 2 1 0
423.162 0.285714 0.285714 2 1 0
423.662 0.285714 0.285714 2 1 0
424.162 0.285714 0.285714 2 1 0
424.662 0.285714 0.285714 2 1 0
425.162 0.285714 0.285714 2 1 0
425.662 0.285714 0.285714 2 1 0
426.162 0.285714 0.285714 2 1 0
426.662 0.285714 0.285714 2 1 0
427.162 0.285714 0.285714 2 1 0
427.662 0.285714 0.285714 2 1 0
428.162 0.285714 0.285714 2 1 0
428.662 0.285714 0.285714 2 1 0
429.162 0.285714 0.285714 2 1 0
429.662 0.285714 0.285714 2 1 0
430.162 0.285714 0.285714 2 1 0
430.662 0.285714 0.285714 2 1 0
431.162 0.285714 0.285714 2 1 0
431.662 0.285714 0.285714 2 1 0
432.162 0.285714 0.285714 2 1 0
432.662 0.285714 0.285714 2 1 0
433.162 0.285714 0.285714 2 1 0
433.662 0.285714 0.285714 2 1 0
434.162 0.285714 0.285714 2 1 0
434.662 0.285714 0.285714 2 1 0
435.162 0.285714 0.285714 2 1 0
435.662 0.285714 0.285714 2 1 0
436.162 0.285714 0.285714 2 1 0
436.662 0.285714 0.285714 2 1 0
437.162 0.285714 0.285714 2 1 0
437.662 0.285714 0.285714 2 1 0
438.162 0.285714 0.285714 2 1 0
438.662 0.285714 0.285714 2 1 0
439.162 0.285714 0.285714 2 1 0
439.662 0.285714 0.285714 2 1 0
440.162 0.285714 0.285714 2 1 0
440.662 0.285714 0.285714 2 1 0
441.162 0.285714 0.285714 2 1 0
441.662 0.285714 0.285714 2 1 0
442.162 0.285714 0.285714 2 1 0
442.662 0.285714 0.285714 2 1 0
442.662 0.285714 0.285714 2 1 0
442.702 0.285714 0.285714 2 1 0
442.742 0.285714 0.285714 2 1 0
442.822 0.285714 0.285714 2 1 0
442.982 0.285714 0.285714 2 1 0
443.302 0.285714 0.285714 2 1 0
443.802 0.285714 0.285714 2 1 0
444.302 0.285714 0.285714 2 1 0
444.802 0.285714 0.285714 2 1 0
445.302 0.285714 0.285714 2 1 0
445.802 0.285714 0.285714 2 1 0
446.302 0.285714 0.285714 2 1 0
446.802 0.285714 0.285714 2 1 0
447.302 0.285714 0.285714 2 1 0
447.802 0.285714 0.285714 2 1 0
448.302 0.285714 0.285714 2 1 0
448.802 0.285714 0.285714 2 1 0
449.302 0.285714 0.285714 2 1 0
449.802 0.285714 0.285714 2 1 0
450.302 0.285714 0.285714 2 1 0
450.802 0.285714 0.285714 2 1 0
451.302 0.285714 0.285714 2 1 0
451.802 0.285714 0.285714 2 1 0
452.302 0.285714 0.285714 2 1 0
452.802 0.285714 0.285714 2 1 0
453.302 0.285714 0.285714 2 1 0
453.802 0.285714 0.285714 2 1 0
454.302 0.285714 0.285714 2 1 0
454.802 0.285714 0.285714 2 1 0
455.302 0.285714 0.285714 2 1 0
455.802 0.285714 0.285714 2 1 0
456.302 0.285714 0.285714 2 1 0
456.802 0.285714 0.285714 2 1 0
457.302 0.285714 0.285714 2 1 0
457.802 0.285714 0.285714 2 1 0
458.302 0.285714 0.285714 2 1 0
458.802 0.285714 0.285714 2 1 0
459.302 0.285714 0.285714 2 1 0
459.802 0.285714 0.285714 2 1 0
460.302 0.285714 0.285714 2 1 0
460.802 0.285714 0.285714 2 1 0
461.302 0.285714 0.285714 2 1 0
461.802 0.285714 0.285714 2 1 0
462.302 0.285714 0.285714 2 1 0
462.802 0.285714 0.285714 2 1 0
463.302 0.285714 0.285714 2 1 0
463.802 0.285714 0.285714 2 1 0
464.302 0.285714 0.285714 2 1 0
464.802 0.285714 0.285714 2 1 0
465.302 0.285714 0.285714 2 1 0
465.802 0.285714 0.285714 2 1 0
466.302 0.285714 0.285714 2 1 0
466.802 0.285714 0.285714 2 1 0
467.302 0.285714 0.285714 2 1 0
467.802 0.285714 0.285714 2 1 0
468.302 0.285714 0.285714 2 1 0
468.802 0.285714 0.285714 2 1 0
469.302 0.285714 0.285714 2 1 0
469.802 0.285714 0.285714 2 1 0
470.302 0.285714 0.285714 2 1 0
470.802 0.285714 0.285714 2 1 0
471.302 0.285714 0.285714 2 1 0
471.802 0.285714 0.285714 2 1 0
472.302 0.285714 0.285714 2 1 0
472.802 0.285714 0.285714 2 1 0
473.302 0.285714 0.285714 2 1 0
473.802 0.285714 0.285714 2 1 0
474.302 0.285714 0.285714 2 1 0
474.802 0.285714 0.285714 2 1 0
475.302 0.285714 0.285714 2 1 0
475.802 0.285714 0.285714 2 1 0
476.302 0.285714 0.285714 2 1 0
476.802 0.285714 0.285714 2 1 0
477.302 0.285714 0.285714 2 1 0
477.802 0.285714 0.285714 2 1 0
478.302 0.285714 0.285714 2 1 0
478.802 0.285714 0.285714 2 1 0
479.302 0.285714 0.285714 2 1 0
479.802 0.285714 0.285714 2 1 0
480.302 0.285714 0.285714 2 1 0
480.802 0.285714 0.285714 2 1 0
481.302 0.285714 0.285714 2 1 0
481.802 0.285714 0.285714 2 1 0
482.302 0.285714 0.285714 2 1 0
482.802 0.285714 0.285714 2 1 0
483.302 0.285714 0.285714 2 1 0
483.802 0.285714 0.285714 2 1 0
484.302 0.285714 0.285714 2 1 0
484.802 0.285714 0.285714 2 1 0
485.302 0.285714 0.285714 2 1 0
485.802 0.285714 0.285714 2 1 0
486.302 0.285714 0.285714 2 1 0
486.802 0.285714 0.285714 2 1 0
487.302 0.285714 0.285714 2 1 0
487.802 0.285714 0.285714 2 1 0
488.302 0.285714 0.285714 2 1 0
488.802 0.285714 0.285714 2 1 0
489.302 0.285714 0.285714 2 1 0
489.802 0.285714 0.285714 2 1 0
490.302 0.285714 0.285714 2 1 0
490.802 0.285714 0.285714 2 1 0
491.302 0.285714 0.285714 2 1 0
491.802 0.285714 0.285714 2 1 0
492.302 0.285714 0.285714 2 1 0
492.802 0.285714 0.285714 2 1 0
493.302 0.285714 0.285714 2 1 0
493.802 0.285714 0.285714 2 1 0
494.302 0.285714 0.285714 2 1 0
494.802 0.285714 0.285714 2 1 0
495.302 0.285714 0.285714 2 1 0
495.802 0.285714 0.285714 2 1 0
496.302 0.285714 0.285714 2 1 0
496.802 0.285714 0.285714 2 1 0
497.302 0.285714 0.285714 2 1 0
497.802 0.285714 0.285714 2 1 0
498.302 0.285714 0.285714 2 1 0
498.802 0.285714 0.285714 2 1 0
499.302 0.285714 0.285714 2 1 0
499.802 0.285714 0.285714 2 1 0
500.302 0.285714 0.285714 2 1 0
500.802 0.285714 0.285714 2 1 0
501.302 0.285714 0.285714 2 1 0
501.802 0.285714 0.285714 2 1 0
502.302 0.285714 0.285714 2 1 0
502.802 0.285714 0.285714 2 1 0
503.302 0.285714 0.285714 2 1 0
503.802 0.285714 0.285714 2 1 0
504.302 0.285714 0.285714 2 1 0
504.802 0.285714 0.285714 2 1 0
505.302 0.285714 0.285714 2 1 0
505.802 0.285714 0.285714 2 1 0
506.302 0.285714 0.285714 2 1 0
506.802 0.285714 0.285714 2 1 0
507.302 0.285714 0.285714 2 1 0
507.802 0.285714 0.285714 2 1 0
508.302 0.285714 0.285714 2 1 0
508.802 0.285714 0.285714 2 1 0
509.302 0.285714 0.285714 2 1 0
509.802 0.285714 0.285714 2 1 0
510.302 0.285714 0.285714 2 1 0
510.802 0.285714 0.285714 2 1 0
511.302 0.285714 0.285714 2 1 0
511.802 0.285714 0.285714 2 1 0
512.302 0.285714 0.285714 2 1 0
512.802 0.285714 0.285714 2 1 0
513.302 0.285714 0.285714 2 1 0
513.802 0.285714 0.285714 2 1 0
514.302 0.285714 0.285714 2 1 0
514.802 0.285714 0.285714 2 1 0
515.302 0.285714 0.285714 2 1 0
515.802 0.285714 0.285714 2 1 0
516.302 0.285714 0.285714 2 1 0
516.802 0.285714 0.285714 2 1 0
517.302 0.285714 0.285714 2 1 0
517.802 0.285714 0.285714 2 1 0
518.302 0.285714 0.285714 2 1 0
518.802 0.285714 0.285714 2 1 0
519.302 0.285714 0.285714 2 1 0
519.802 0.285714 0.285714 2 1 0
520.302 0.285714 0.285714 2 1 0
520.802 0.285714 0.285714 2 1 0
521.302 0.285714 0.285714 2 1 0
521.802 0.285714 0.285714 2 1 0
522.302 0.285714 0.285714 2 1 0
522.802 0.285714 0.285714 2 1 0
523.302 0.285714 0.285714 2 1 0
523.802 0.285714 0.285714 2 1 0
524.302 0.285714 0.285714 2 1 0
524.802 0.285714 0.285714 2 1 0
525.302 0.285714 0.285714 2 1 0
525.802 0.285714 0.285714 2 1 0
526.302 0.285714 0.285714 2 1 0
526.802 0.285714 0.285714 2 1 0
527.302 0.285714 0.285714 2 1 0
527.802 0.285714 0.285714 2 1 0
528.302 0.285714 0.285714 2 1 0
528.802 0.285714 0.285714 2 1 0
529.302 0.285714 0.285714 2 1 0
529.802 0.285714 0.285714 2 1 0
530.302 0.285714 0.285714 2 1 0
530.802 0.285714 0.285714 2 1 0
531.302 0.285714 0.285714 2 1 0
531.802 0.285714 0.285714 2 1 0
532.302 0.285714 0.285714 2 1 0
532.802 0.285714 0.285714 2 1 0
533.302 0.285714 0.285714 2 1 0
533.802 0.285714 0.285714 2 1 0
534.302 0.285714 0.285714 2 1 0
534.802 0.285714 0.285714 2 1 0
535.302 0.285714 0.285714 2 1 0
535.802 0.285714 0.285714 2 1 0
536.302 0.285714 0.285714 2 1 0
536.802 0.285714 0.285714 2 1 0
537.302 0.285714 0.285714 2 1 0
537.802 0.285714 0.285714 2 1 0
538.302 0.285714 0.285714 2 1 0
538.802 0.285714 0.285714 2 1 0
539.302 0.285714 0.285714 2 1 0
539.802 0.285714 0.285714 2 1 0
540.302 0.285714 0.285714 2 1 0
540.302 0.285714 0.285714 2 1 0
540.342 0.285714 0.285714 2 1 0
540.382 0.285714 0.285714 2 1 0
540.462 0.285714 0.285714 2 1 0
540.622 0.285714 0.285714 2 1 0
540.942 0.285714 0.285714 2 1 0
541.442 0.285714 0.285714 2 1 0
541.942 0.285714 0.285714 2 1 0
542.442 0.285714 0.285714 2 1 0
542.942 0.285714 0.285714 2 1 0
543.442 0.285714 0.285714 2 1 0
543.942 0.285714 0.285714 2 1 0
544.442 0.285714 0.285714 2 1 0
544.942 0.285714 0.285714 2 1 0
545.442 0.285714 0.285714 2 1 0
545.942 0.285714 0.285714 2 1 0
546.442 0.285714 0.285714 2 1 0
546.942 0.285714 0.285714 2 1 0
547.442 0.285714 0.285714 2 1 0
547.942 0.285714 0.285714 2 1 0
548.442 0.285714 0.285714 2 1 0
548.942 0.285714 0.285714 2 1 0
549.442 0.285714 0.285714 2 1 0
549.942 0.285714 0.285714 2 1 0
550.442 0.285714 0.285714 2 1 0
550.942 0.285714 0.285714 2 1 0
551.442 0.285714 0.285714 2 1 0
551.942 0.285714 0.285714 2 1 0
552.442 0.285714 0.285714 2 1 0
552.942 0.285714 0.285714 2 1 0
553.442 0.285714 0.285714 2 1 0
553.942 0.285714 0.285714 2 1 0
554.442 0.285714 0.285714 2 1 0
554.942 0.285714 0.285714 2 1 0
555.442 0.285714 0.285714 2 1 0
555.942 0.285714 0.285714 2 1 0
556.442 0.285714 0.285714 2 1 0
556.942 0.285714 0.285714 2 1 0
557.442 0.285714 0.285714 2 1 0
557.942 0.285714 0.285714 2 1 0
558.442 0.285714 0.285714 2 1 0
558.942 0.285714 0.285714 2 1 0
559.442 0.285714 0.285714 2 1 0
559.942 0.285714 0.285714 2 1 0
560.442 0.285714 0.285714 2 1 0
560.942 0.285714 0.285714 2 1 0
561.442 0.285714 0.285714 2 1 0
561.942 0.285714 0.285714 2 1 0
562.442 0.285714 0.285714 2 1 0
562.942 0.285714 0.285714 2 1 0
563.442 0.285714 0.285714 2 1 0
563.942 0.285714 0.285714 2 1 0
564.442 0.285714 0.285714 2 1 0
564.942 0.285714 0.285714 2 1 0
565.442 0.285714 0.285714 2 1 0
565.942 0.285714 0.285714 2 1 0
566.442 0.285714 0.285714 2 1 0
566.942 0.285714 0.285714 2 1 0
567.442 0.285714 0.285714 2 1 0
567.942 0.285714 0.285714 2 1 0
568.442 0.285714 0.285714 2 1 0
568.942 0.285714 0.285714 2 1 0
569.442 0.285714 0.285714 2 1 0
569.942 0.285714 0.285714 2 1 0
570.442 0.285714 0.285714 2 1 0
570.942 0.285714 0.285714 2 1 0
571.442 0.285714 0.285714 2 1 0
571.942 0.285714 0.285714 2 1 0
572.442 0.285714 0.285714 2 1 0
572.942 0.285714 0.285714 2 1 0
573.442 0.285714 0.285714 2 1 0
573.942 0.285714 0.285714 2 1 0
574.442 0.285714 0.285714 2 1 0
574.942 0.285714 0.285714 2 1 0
575.442 0.285714 0.285714 2 1 0
575.942 0.285714 0.285714 2 1 0
576.442 0.285714 0.285714 2 1 0
576.942 0.285714 0.285714 2 1 0
577.442 0.285714 0.285714 2 1 0
577.942 0.285714 0.285714 2 1 0
578.442 0.285714 0.285714 2 1 0
578.942 0.285714 0.285714 2 1 0
579.442 0.285714 0.285714 2 1 0
579.942 0.285714 0.285714 2 1 0
580.442 0.285714 0.285714 2 1 0
580.942 0.285714 0.285714 2 1 0
581.442 0.285714 0.285714 2 1 0
581.942 0.285714 0.285714 2 1 0
582.442 0.285714 0.285714 2 1 0
582.942 0.285714 0.285714 2 1 0
583.442 0.285714 0.285714 2 1 0
583.942 0.285714 0.285714 2 1 0
584.442 0.285714 0.285714 2 1 0
584.942 0.285714 0.285714 2 1 0
585.442 0.285714 0.285714 2 1 0
585.942 0.285714 0.285714 2 1 0
586.442 0.285714 0.285714 2 1 0
586.942 0.285714 0.285714 2 1 0
587.442 0.285714 0.285714 2 1 0
587.942 0.285714 0.285714 2 1 0
588.442 0.285714 0.285714 2 1 0
588.942 0.285714 0.285714 2 1 0
589.442 0.285714 0.285714 2 1 0
589.942 0.285714 0.285714 2 1 0
590.442 0.285714 0.285714 2 1 0
590.942 0.285714 0.285714 2 1 0
591.442 0.285714 0.285714 2 1 0
591.942 0.285714 0.285714 2 1 0
592.442 0.285714 0.285714 2 1 0
592.942 0.285714 0.285714 2 1 0
593.442 0.285714 0.285714 2 1 0
593.942 0.285714 0.285714 2 1 0
594.442 0.285714 0.285714 2 1 0
594.942 0.285714 0.285714 2 1 0
595.442 0.285714 0.285714 2 1 0
595.942 0.285714 0.285714 2 1 0
596.442 0.285714 0.285714 2 1 0
596.942 0.285714 0.285714 2 1 0
597.442 0.285714 0.285714 2 1 0
597.942 0.285714 0.285714 2 1 0
598.442 0.285714 0.285714 2 1 0
598.942 0.285714 0.285714 2 1 0
599.442 0.285714 0.285714 2 1 0
599.942 0.285714 0.285714 2 1 0
600.442 0.285714 0.285714 2 1 0
600.942 0.285714 0.285714 2 1 0
601.442 0.285714 0.285714 2 1 0
601.942 0.285714 0.285714 2 1 0
602.442 0.285714 0.285714 2 1 0
602.942 0.285714 0.285714 2 1 0
603.442 0.285714 0.285714 2 1 0
603.942 0.285714 0.285714 2 1 0
604.442 0.285714 0.285714 2 1 0
604.942 0.285714 0.285714 2 1 0
605.442 0.285714 0.285714 2 1 0
605.942 0.285714 0.285714 2 1 0
606.442 0.285714 0.285714 2 1 0
606.942 0.285714 0.285714 2 1 0
607.442 0.285714 0.285714 2 1 0
607.942 0.285714 0.285714 2 1 0
608.442 0.285714 0.285714 2 1 0
608.942 0.285714 0.285714 2 1 0
609.442 0.285714 0.285714 2 1 0
609.942 0.285714 0.285714 2 1 0
610.442 0.285714 0.285714 2 1 0
610.942 0.285714 0.285714 2 1 0
611.442 0.285714 0.285714 2 1 0
611.942 0.285714 0.285714 2 1 0
612.442 0.285714 0.285714 2 1 0
612.942 0.285714 0.285714 2 1 0
613.442 0.285714 0.285714 2 1 0
613.942 0.285714 0.285714 2 1 0
614.442 0.285714 0.285714 2 1 0
614.942 0.285714 0.285714 2 1 0
615.442 0.285714 0.285714 2 1 0
615.942 0.285714 0.285714 2 1 0
616.442 0.285714 0.285714 2 1 0
616.942 0.285714 0.285714 2 1 0
617.442 0.285714 0.285714 2 1 0
617.942 0.285714 0.285714 2 1 0
618.442 0.285714 0.285714 2 1 0
618.942 0.285714 0.285714 2 1 0
619.442 0.285714 0.285714 2 1 0
619.942 0.285714 0.285714 2 1 0
620.442 0.285714 0.285714 2 1 0
620.942 0.285714 0.285714 2 1 0
621.442 0.285714 0.285714 2 1 0
621.942 0.285714 0.285714 2 1 0
622.442 0.285714 0.285714 2 1 0
622.942 0.285714 0.285714 2 1 0
623.442 0.285714 0.285714 2 1 0
623.942 0.285714 0.285714 2 1 0
624.442 0.285714 0.285714 2 1 0
624.942 0.285714 0.285714 2 1 0
625.442 0.285714 0.285714 2 1 0
625.942 0.285714 0.285714 2 1 0
626.442 0.285714 0.285714 2 1 0
626.942 0.285714 0.285714 2 1 0
627.442 0.285714 0.285714 2 1 0
627.942 0.285714 0.285714 2 1 0
628.442 0.285714 0.285714 2 1 0
628.942 0.285714 0.285714 2 1 0
629.442 0.285714 0.285714 2 1 0
629.942 0.285714 0.285714 2 1 0
630.442 0.285714 0.285714 2 1 0
630.942 0.285714 0.285714 2 1 0
631.442 0.285714 0.285714 2 1 0
631.942 0.285714 0.285714 2 1 0
632.442 0.285714 0.285714 2 1 0
632.942 0.285714 0.285714 2 1 0
633.442 0.285714 0.285714 2 1 0
633.942 0.285714 0.285714 2 1 0
634.442 0.285714 0.285714 2 1 0
634.942 0.285714 0.285714 2 1 0
635.442 0.285714 0.285714 2 1 0
635.942 0.285714 0.285714 2 1 0
636.442 0.285714 0.285714 2 1 0
636.942 0.285714 0.285714 2 1 0
637.442 0.285714 0.285714 2 1 0
637.942 0.285714 0.285714 2 1 0
637.942 0.285714 0.285714 2 1 0
637.982 0.285714 0.285714 2 1 0
638.022 0.285714 0.285714 2 1 0
638.102 0.285714 0.285714 2 1 0
638.262 0.285714 0.285714 2 1 0
638.582 0.285714 0.285714 2 1 0
639.082 0.285714 0.285714 2 1 0
639.582 0.285714 0.285714 2 1 0
640.082 0.285714 0.285714 2 1 0
640.582 0.285714 0.285714 2 1 0
641.082 0.285714 0.285714 2 1 0
641.582 0.285714 0.285714 2 1 0
642.082 0.285714 0.285714 2 1 0
642.582 0.285714 0.285714 2 1 0
643.082 0.285714 0.285714 2 1 0
643.582 0.285714 0.285714 2 1 0
644.082 0.285714 0.285714 2 1 0
644.582 0.285714 0.285714 2 1 0
645.082 0.285714 0.285714 2 1 0
645.582 0.285714 0.285714 2 1 0
646.082 0.285714 0.285714 2 1 0
646.582 0.285714 0.285714 2 1 0
647.082 0.285714 0.285714 2 1 0
647.582 0.285714 0.285714 2 1 0
648.082 0.285714 0.285714 2 1 0
648.582 0.285714 0.285714 2 1 0
649.082 0.285714 0.285714 2 1 0
649.582 0.285714 0.285714 2 1 0
650.082 0.285714 0.285714 2 1 0
650.582 0.285714 0.285714 2 1 0
651.082 0.285714 0.285714 2 1 0
651.582 0.285714 0.285714 2 1 0
652.082 0.285714 0.285714 2 1 0
652.582 0.285714 0.285714 2 1 0
653.082 0.285714 0.285714 2 1 0
653.582 0.285714 0.285714 2 1 0
654.082 0.285714 0.285714 2 1 0
654.582 0.285714 0.285714 2 1 0
655.082 0.285714 0.285714 2 1 0
655.582 0.285714 0.285714 2 1 0
656.082 0.285714 0.285714 2 1 0
656.582 0.285714 0.285714 2 1 0
657.082 0.285714 0.285714 2 1 0
657.582 0.285714 0.285714 2 1 0
658.082 0.285714 0.285714 2 1 0
658.582 0.285714 0.285714 2 1 0
659.082 0.285714 0.285714 2 1 0
659.582 0.285714 0.285714 2 1 0
660.082 0.285714 0.285714 2 1 0
660.582 0.285714 0.285714 2 1 0
661.082 0.285714 0.285714 2 1 0
661.582 0.285714 0.285714 2 1 0
662.082 0.285714 0.285714 2 1 0
662.582 0.285714 0.285714 2 1 0
663.082 0.285714 0.285714 2 1 0
663.582 0.285714 0.285714 2 1 0
664.082 0.285714 0.285714 2 1 0
664.582 0.285714 0.285714 2 1 0
665.082 0.285714 0.285714 2 1 0
665.582 0.285714 0.285714 2 1 0
666.082 0.285714 0.285714 2 1 0
666.582 0.285714 0.285714 2 1 0
667.082 0.285714 0.285714 2 1 0
667.582 0.285714 0.285714 2 1 0
668.082 0.285714 0.285714 2 1 0
668.582 0.285714 0.285714 2 1 0
669.082 0.285714 0.285714 2 1 0
669.582 0.285714 0.285714 2 1 0
670.082 0.285714 0.285714 2 1 0
670.582 0.285714 0.285714 2 1 0
671.082 0.285714 0.285714 2 1 0
671.582 0.285714 0.285714 2 1 0
672.082 0.285714 0.285714 2 1 0
672.582 0.285714 0.285714 2 1 0
673.082 0.285714 0.285714 2 1 0
673.582 0.285714 0.285714 2 1 0
674.082 0.285714 0.285714 2 1 0
674.582 0.285714 0.285714 2 1 0
675.082 0.285714 0.285714 2 1 0
675.582 0.285714 0.285714 2 1 0
676.082 0.285714 0.285714 2 1 0
676.582 0.285714 0.285714 2 1 0
677.082 0.285714 0.285714 2 1 0
677.582 0.285714 0.285714 2 1 0
678.082 0.285714 0.285714 2 1 0
678.582 0.285714 0.285714 2 1 0
679.082 0.285714 0.285714 2 1 0
679.582 0.285714 0.285714 2 1 0
680.082 0.285714 0.285714 2 1 0
680.582 0.285714 0.285714 2 1 0
681.082 0.285714 0.285714 2 1 0
681.582 0.285714 0.285714 2 1 0
682.082 0.285714 0.285714 2 1 0
682.582 0.285714 0.285714 2 1 0
683.082 0.285714 0.285714 2 1 0
683.582 0.285714 0.285714 2 1 0
684.082 0.285714 0.285714 2 1 0
684.582 0.285714 0.285714 2 1 0
685.082 0.285714 0.285714 2 1 0
685.582 0.285714 0.285714 2 1 0
686.082 0.285714 0.285714 2 1 0
686.582 0.285714 0.285714 2 1 0
687.082 0.285714 0.285714 2 1 0
687.582 0.285714 0.285714 2 1 0
688.082 0.285714 0.285714 2 1 0
688.582 0.285714 0.285714 2 1 0
689.082 0.285714 0.285714 2 1 0
689.582 0.285714 0.285714 2 1 0
690.082 0.285714 0.285714 2 1 0
690.582 0.285714 0.285714 2 1 0
691.082 0.285714 0.285714 2 1 0
691.582 0.285714 0.285714 2 1 0
692.082 0.285714 0.285714 2 1 0
692.582 0.285714 0.285714 2 1 0
693.082 0.285714 0.285714 2 1 0
693.582 0.285714 0.285714 2 1 0
694.082 0.285714 0.285714 2 1 0
694.582 0.285714 0.285714 2 1 0
695.082 0.285714 0.285714 2 1 0
695.582 0.285714 0.285714 2 1 0
696.082 0.285714 0.285714 2 1 0
696.582 0.285714 0.285714 2 1 0
697.082 0.285714 0.285714 2 1 0
697.582 0.285714 0.285714 2 1 0
698.082 0.285714 0.285714 2 1 0
698.582 0.285714 0.285714 2 1 0
699.082 0.285714 0.285714 2 1 0
699.582 0.285714 0.285714 2 1 0
700.082 0.285714 0.285714 2 1 0
700.582 0.285714 0.285714 2 1 0
701.082 0.285714 0.285714 2 1 0
701.582 0.285714 0.285714 2 1 0
702.082 0.285714 0.285714 2 1 0
702.582 0.285714 0.285714 2 1 0
703.082 0.285714 0.285714 2 1 0
703.582 0.285714 0.285714 2 1 0
704.082 0.285714 0.285714 2 1 0
704.582 0.285714 0.285714 2 1 0
705.082 0.285714 0.285714 2 1 0
705.582 0.285714 0.285714 2 1 0
706.082 0.285714 0.285714 2 1 0
706.582 0.285714 0.285714 2 1 0
707.082 0.285714 0.285714 2 1 0
707.582 0.285714 0.285714 2 1 0
708.082 0.285714 0.285714 2 1 0
708.582 0.285714 0.285714 2 1 0
709.082 0.285714 0.285714 2 1 0
709.582 0.285714 0.285714 2 1 0
710.082 0.285714 0.285714 2 1 0
710.582 0.285714 0.285714 2 1 0
711.082 0.285714 0.285714 2 1 0
711.582 0.285714 0.285714 2 1 0
712.082 0.285714 0.285714 2 1 0
712.582 0.285714 0.285714 2 1 0
713.082 0.285714 0.285714 2 1 0
713.582 0.285714 0.285714 2 1 0
714.082 0.285714 0.285714 2 1 0
714.582 0.285714 0.285714 2 1 0
715.082 0.285714 0.285714 2 1 0
715.582 0.285714 0.285714 2 1 0
716.082 0.285714 0.285714 2 1 0
716.582 0.285714 0.285714 2 1 0
717.082 0.285714 0.285714 2 1 0
717.582 0.285714 0.285714 2 1 0
718.082 0.285714 0.285714 2 1 0
718.582 0.285714 0.285714 2 1 0
719.082 0.285714 0.285714 2 1 0
719.582 0.285714 0.285714 2 1 0
720.082 0.285714 0.285714 2 1 0
720.582 0.285714 0.285714 2 1 0
721.082 0.285714 0.285714 2 1 0
721.582 0.285714 0.285714 2 1 0
722.082 0.285714 0.285714 2 1 0
722.582 0.285714 0.285714 2 1 0
723.082 0.285714 0.285714 2 1 0
723.582 0.285714 0.285714 2 1 0
724.082 0.285714 0.285714 2 1 0
724.582 0.285714 0.285714 2 1 0
725.082 0.285714 0.285714 2 1 0
725.582 0.285714 0.285714 2 1 0
726.082 0.285714 0.285714 2 1 0
726.582 0.285714 0.285714 2 1 0
727.082 0.285714 0.285714 2 1 0
727.582 0.285714 0.285714 2 1 0
728.082 0.285714 0.285714 2 1 0
728.582 0.285714 0.285714 2 1 0
729.082 0.285714 0.285714 2 1 0
729.582 0.285714 0.285714 2 1 0
730.082 0.285714 0.285714 2 1 0
730.582 0.285714 0.285714 2 1 0
731.082 0.285714 0.285714 2 1 0
731.582 0.285714 0.285714 2 1 0
732.082 0.285714 0.285714 2 1 0
732.582 0.285714 0.285714 2 1 0
733.082 0.285714 0.285714 2 1 0
733.582 0.285714 0.285714 2 1 0
734.082 0.285714 0.285714 2 1 0
734.582 0.285714 0.285714 2 1 0
735.082 0.285714 0.285714 2 1 0
735.582 0.285714 0.285714 2 1 0
150 0.285714 0.285714 2 1 0
149.96 0.285714 0.285714 1 1 0
149.92 0.285714 0.285714 1 1 0
149.84 0.285714 0.285714 1 1 0
149.68 0.285714 0.285714 1 1 0
149.36 0.285714 0.285714 1 1 0
148.86 0.285714 0.285714 1 1 0
148.36 0.285714 0.285714 1 1 0
147.86 0.285714 0.285714 1 1 0
147.36 0.285714 0.285714 1 1 0
146.86 0.285714 0.285714 1 1 0
146.36 0.285714 0.285714 1 1 0
145.86 0.285714 0.285714 1 1 0
145.36 0.285714 0.285714 1 1 0
144.86 0.285714 0.285714 1 1 0
144.36 0.285714 0.285714 1 1 0
143.86 0.285714 0.285714 1 1 0
143.36 0.285714 0.285714 1 1 0
142.86 0.285714 0.285714 1 1 0
142.36 0.285714 0.285714 1 1 0
141.86 0.285714 0.285714 1 1 0
141.36 0.285714 0.285714 1 1 0
140.86 0.285714 0.285714 1 1 0
140.36 0.285714 0.285714 1 1 0
139.86 0.285714 0.285714 1 1 0
139.36 0.285714 0.285714 1 1 0
138.86 0.285714 0.285714 1 1 0
138.36 0.285714 0.285714 1 1 0
137.86 0.285714 0.285714 1 1 0
137.36 0.285714 0.285714 1 1 0
136.86 0.285714 0.285714 1 1 0
136.36 0.285714 0.285714 1 1 0
135.86 0.285714 0.285714 1 1 0
135.36 0.285714 0.285714 1 1 0
134.86 0.285714 0.285714 1 1 0
134.36 0.285714 0.285714 1 1 0
133.86 0.285714 0.285714 1 1 0
133.36 0.285714 0.285714 1 1 0
132.86 0.285714 0.285714 1 1 0
132.36 0.285714 0.285714 1 1 0
131.86 0.285714 0.285714 1 1 0
131.36 0.285714 0.285714 1 1 0
130.86 0.285714 0.285714 1 1 0
130.36 0.285714 0.285714 1 1 0
129.86 0.285714 0.285714 1 1 0
129.36 0.285714 0.285714 1 1 0
128.86 0.285714 0.285714 1 1 0
128.36 0.285714 0.285714 1 1 0
127.86 0.285714 0.285714 1 1 0
127.36 0.285714 0.285714 1 1 0
126.86 0.285714 0.285714 1 1 0
126.36 0.285714 0.285714 1 1 0
125.86 0.285714 0.285714 1 1 0
125.36 0.285714 0.285714 1 1 0
124.86 0.285714 0.285714 1 1 0
124.36 0.285714 0.285714 1 1 0
123.86 0.285714 0.285714 1 1 0
123.36 0.285714 0.285714 1 1 0
122.86 0.285714 0.285714 1 1 0
122.36 0.285714 0.285714 1 1 0
121.86 0.285714 0.285714 1 1 0
121.36 0.285714 0.285714 1 1 0
120.86 0.285714 0.285714 1 1 0
120.36 0.285714 0.285714 1 1 0
119.86 0.285714 0.285714 1 1 0
119.36 0.285714 0.285714 1 1 0
118.86 0.285714 0.285714 1 1 0
118.36 0.285714 0.285714 1 1 0
117.86 0.285714 0.285714 1 1 0
117.36 0.285714 0.285714 1 1 0
116.86 0.285714 0.285714 1 1 0
116.36 0.285714 0.285714 1 1 0
115.86 0.285714 0.285714 1 1 0
115.36 0.285714 0.285714 1 1 0
114.86 0.285714 0.285714 1 1 0
114.36 0.285714 0.285714 1 1 0
113.86 0.285714 0.285714 1 1 0
113.36 0.285714 0.285714 1 1 0
112.86 0.285714 0.285714 1 1 0
112.36 0.285714 0.285714 1 1 0
111.86 0.285714 0.285714 1 1 0
111.36 0.285714 0.285714 1 1 0
110.86 0.285714 0.285714 1 1 0
110.36 0.285714 0.285714 1 1 0
109.86 0.285714 0.285714 1 1 0
109.36 0.285714 0.285714 1 1 0
108.86 0.285714 0.285714 1 1 0
108.36 0.285714 0.285714 1 1 0
107.86 0.285714 0.285714 1 1 0
107.36 0.285714 0.285714 1 1 0
106.86 0.285714 0.285714 1 1 0
106.36 0.285714 0.285714 1 1 0
105.86 0.285714 0.285714 1 1 0
105.36 0.285714 0.285714 1 1 0
104.86 0.285714 0.285714 1 1 0
104.36 0.285714 0.285714 1 1 0
103.86 0.285714 0.285714 1 1 0
103.36 0.285714 0.285714 1 1 0
102.86 0.285714 0.285714 1 1 0
102.36 0.285714 0.285714 1 1 0
101.86 0.285714 0.285714 1 1 0
101.36 0.285714 0.285714 1 1 0
100.86 0.285714 0.285714 1 1 0
100.36 0.285714 0.285714 1 1 0
99.86 0.285714 0.285714 1 1 0
99.36 0.285714 0.285714 1 1 0
98.86 0.285714 0.285714 1 1 0
98.36 0.285714 0.285714 1 1 0
97.86 0.285714 0.285714 1 1 0
97.36 0.285714 0.285714 1 1 0
96.86 0.285714 0.285714 1 1 0
96.36 0.285714 0.285714 1 1 0
95.86 0.285714 0.285714 1 1 0
95.36 0.285714 0.285714 1 1 0
94.86 0.285714 0.285714 1 1 0
94.36 0.285714 0.285714 1 1 0
93.86 0.285714 0.285714 1 1 0
93.36 0.285714 0.285714 1 1 0
92.86 0.285714 0.285714 1 1 0
92.36 0.285714 0.285714 1 1 0
91.86 0.285714 0.285714 1 1 0
91.36 0.285714 0.285714 1 1 0
90.86 0.285714 0.285714 1 1 0
90.36 0.285714 0.285714 1 1 0
89.86 0.285714 0.285714 1 1 0
89.36 0.285714 0.285714 1 1 0
88.86 0.285714 0.285714 1 1 0
88.36 0.285714 0.285714 1 1 0
87.86 0.285714 0.285714 1 1 0
87.36 0.285714 0.285714 1 1 0
86.86 0.285714 0.285714 1 1 0
86.36 0.285714 0.285714 1 1 0
85.86 0.285714 0.285714 1 1 0
85.36 0.285714 0.285714 1 1 0
84.86 0.285714 0.285714 1 1 0
84.36 0.285714 0.285714 1 1 0
83.86 0.285714 0.285714 1 1 0
83.36 0.285714 0.285714 1 1 0
82.86 0.285714 0.285714 1 1 0
82.36 0.285714 0.285714 1 1 0
81.86 0.285714 0.285714 1 1 0
81.36 0.285714 0.285714 1 1 0
80.86 0.285714 0.285714 1 1 0
80.36 0.285714 0.285714 1 1 0
79.86 0.285714 0.285714 1 1 0
79.36 0.285714 0.285714 1 1 0
78.86 0.285714 0.285714 1 1 0
78.36 0.285714 0.285714 1 1 0
77.86 0.285714 0.285714 1 1 0
77.36 0.285714 0.285714 1 1 0
76.86 0.285714 0.285714 1 1 0
76.36 0.285714 0.285714 1 1 0
75.86 0.285714 0.285714 1 1 0
75.36 0.285714 0.285714 1 1 0
74.86 0.285714 0.285714 1 1 0
74.36 0.285714 0.285714 1 1 0
73.86 0.285714 0.285714 1 1 0
73.36 0.285714 0.285714 1 1 0
72.86 0.285714 0.285714 1 1 0
72.36 0.285714 0.285714 1 1 0
71.86 0.285714 0.285714 1 1 0
71.36 0.285714 0.285714 1 1 0
70.86 0.285714 0.285714 1 1 0
70.36 0.285714 0.285714 1 1 0
69.86 0.285714 0.285714 1 1 0
69.36 0.285714 0.285714 1 1 0
68.86 0.285714 0.285714 1 1 0
68.36 0.285714 0.285714 1 1 0
67.86 0.285714 0.285714 1 1 0
67.36 0.285714 0.285714 1 1 0
66.86 0.285714 0.285714 1 1 0
66.36 0.285714 0.285714 1 1 0
65.86 0.285714 0.285714 1 1 0
65.36 0.285714 0.285714 1 1 0
64.86 0.285714 0.285714 1 1 0
64.36 0.285714 0.285714 1 1 0
63.86 0.285714 0.285714 1 1 0
63.36 0.285714 0.285714 1 1 0
62.86 0.285714 0.285714 1 1 0
62.36 0.285714 0.285714 1 1 0
61.86 0.285714 0.285714 1 1 0
61.36 0.285714 0.285714 1 1 0
60.86 0.285714 0.285714 1 1 0
60.36 0.285714 0.285714 1 1 0
59.86 0.285714 0.285714 1 1 0
59.36 0.285714 0.285714 1 1 0
58.86 0.285714 0.285714 1 1 0
58.36 0.285714 0.285714 1 1 0
57.86 0.285714 0.285714 1 1 0
57.36 0.285714 0.285714 1 1 0
56.86 0.285714 0.285714 1 1 0
56.36 0.285714 0.285714 1 1 0
55.86 0.285714 0.285714 1 1 0
55.36 0.285714 0.285714 1 1 0
54.86 0.285714 0.285714 1 1 0
54.36 0.285714 0.285714 1 1 0
53.86 0.285714 0.285714 1 1 0
53.36 0.285714 0.285714 1 1 0
52.86 0.285714 0.285714 1 1 0
52.36 0.285714 0.285714 1 1 0
52.36 0.285714 0.285714 2 1 0
52.32 0.285714 0.285714 1 1 0
52.28 0.285714 0.285714 1 1 0
52.2 0.285714 0.285714 1 1 0
52.04 0.285714 0.285714 1 1 0
51.72 0.285714 0.285714 1 1 0
51.22 0.285714 0.285714 1 1 0
50.72 0.285714 0.285714 1 1 0
50.22 0.285714 0.285714 1 1 0
49.72 0.285714 0.285714 1 1 0
49.22 0.285714 0.285714 1 1 0
48.72 0.285714 0.285714 1 1 0
48.22 0.285714 0.285714 1 1 0
47.72 0.285714 0.285714 1 1 0
47.22 0.285714 0.285714 1 1 0
46.72 0.285714 0.285714 1 1 0
46.22 0.285714 0.285714 1 1 0
45.72 0.285714 0.285714 1 1 0
45.22 0.285714 0.285714 1 1 0
44.72 0.285714 0.285714 1 1 0
44.22 0.285714 0.285714 1 1 0
43.72 0.285714 0.285714 1 1 0
43.22 0.285714 0.285714 1 1 0
42.72 0.285714 0.285714 1 1 0
42.22 0.285714 0.285714 1 1 0
41.72 0.285714 0.285714 1 1 0
41.22 0.285714 0.285714 1 1 0
40.72 0.285714 0.285714 1 1 0
40.22 0.285714 0.285714 1 1 0
39.72 0.285714 0.285714 1 1 0
39.22 0.285714 0.285714 1 1 0
38.72 0.285714 0.285714 1 1 0
38.22 0.285714 0.285714 1 1 0
37.72 0.285714 0.285714 1 1 0
37.22 0.285714 0.285714 1 1 0
36.72 0.285714 0.285714 1 1 0
36.22 0.285714 0.285714 1 1 0
35.72 0.285714 0.285714 1 1 0
35.22 0.285714 0.285714 1 1 0
34.72 0.285714 0.285714 1 1 0
34.22 0.285714 0.285714 1 1 0
33.72 0.285714 0.285714 1 1 0
33.22 0.285714 0.285714 1 1 0
32.72 0.285714 0.285714 1 1 0
32.22 0.285714 0.285714 1 1 0
31.72 0.285714 0.285714 1 1 0
31.22 0.285714 0.285714 1 1 0
30.72 0.285714 0.285714 1 1 0
30.22 0.285714 0.285714 1 1 0
29.72 0.285714 0.285714 1 1 0
29.22 0.285714 0.285714 1 1 0
28.72 0.285714 0.285714 1 1 0
28.22 0.285714 0.285714 1 1 0
27.72 0.285714 0.285714 1 1 0
27.22 0.285714 0.285714 1 1 0
26.72 0.285714 0.285714 1 1 0
26.22 0.285714 0.285714 1 1 0
25.72 0.285714 0.285714 1 1 0
25.22 0.285714 0.285714 1 1 0
24.72 0.285714 0.285714 1 1 0
24.22 0.285714 0.285714 1 1 0
23.72 0.285714 0.285714 1 1 0
23.22 0.285714 0.285714 1 1 0
22.72 0.285714 0.285714 1 1 0
22.22 0.285714 0.285714 1 1 0
21.72 0.285714 0.285714 1 1 0
21.22 0.285714 0.285714 1 1 0
20.72 0.285714 0.285714 1 1 0
20.22 0.285714 0.285714 1 1 0
19.72 0.285714 0.285714 1 1 0
19.22 0.285714 0.285714 1 1 0
18.72 0.285714 0.285714 1 1 0
18.22 0.285714 0.285714 1 1 0
17.72 0.285714 0.285714 1 1 0
17.22 0.285714 0.285714 1 1 0
16.72 0.285714 0.285714 1 1 0
16.22 0.285714 0.285714 1 1 0
15.72 0.285714 0.285714 1 1 0
15.22 0.285714 0.285714 1 1 0
14.72 0.285714 0.285714 1 1 0
14.22 0.285714 0.285714 1 1 0
13.72 0.285714 0.285714 1 1 0
13.22 0.285714 0.285714 1 1 0
12.72 0.285714 0.285714 1 1 0
12.22 0.285714 0.285714 1 1 0
11.72 0.285714 0.285714 1 1 0
11.22 0.285714 0.285714 1 1 0
10.72 0.285714 0.285714 1 1 0
10.22 0.285714 0.285714 1 1 0
9.72 0.285714 0.285714 1 1 0
9.22 0.285714 0.285714 1 1 0
8.72 0.285714 0.285714 1 1 0
8.22 0.285714 0.285714 1 1 0
7.72 0.285714 0.285714 1 1 0
7.22 0.285714 0.285714 1 1 0
6.72 0.285714 0.285714 1 1 0
6.22 0.285714 0.285714 1 1 0
5.72 0.285714 0.285714 1 1 0
5.22 0.285714 0.285714 1 1 0
4.72 0.285714 0.285714 1 1 0
4.22 0.285714 0.285714 1 1 0
3.72 0.285714 0.285714 1 1 0
3.22 0.285714 0.285714 1 1 0
2.72 0.285714 0.285714 1 1 0
2.22 0.285714 0.285714 1 1 0
1.72 0.285714 0.285714 1 1 0
1.22001 0.285714 0.285714 1 1 0
0.720006 0.285714 0.285714 1 1 0
0.220007 0.285714 0.285714 1 1 0
-0.279993 0.285714 0.285714 1 1 0
