50 0.170335 0.170335 2 1 0
50.04 0.170399 0.170399 1 1 0
50.08 0.170462 0.170462 1 1 0
50.16 0.170589 0.170589 1 1 0
50.32 0.170844 0.170844 1 1 0
50.64 0.171356 0.171356 1 1 0
51.14 0.172165 0.172165 1 1 0
51.64 0.172982 0.172982 1 1 0
52.14 0.173809 0.173809 1 1 0
52.64 0.174646 0.174646 1 1 0
53.14 0.175493 0.175493 1 1 0
53.64 0.176349 0.176349 1 1 0
54.14 0.177215 0.177215 1 1 0
54.64 0.178092 0.178092 1 1 0
55.14 0.178978 0.178978 1 1 0
55.64 0.179875 0.179875 1 1 0
56.1399 0.180782 0.180782 1 1 0
56.6399 0.1817 0.1817 1 1 0
57.1399 0.182628 0.182628 1 1 0
57.6399 0.183567 0.183567 1 1 0
58.1399 0.184516 0.184516 1 1 0
58.6399 0.185476 0.185476 1 1 0
59.1399 0.186448 0.186448 1 1 0
59.6399 0.18743 0.18743 1 1 0
60.1399 0.188424 0.188424 1 1 0
60.6399 0.189429 0.189429 1 1 0
61.1399 0.190445 0.190445 1 1 0
61.6399 0.191472 0.191472 1 1 0
62.1399 0.192512 0.192512 1 1 0
62.6399 0.193563 0.193563 1 1 0
63.1399 0.194625 0.194625 1 1 0
63.6399 0.1957 0.1957 1 1 0
64.1399 0.196786 0.196786 1 1 0
64.6399 0.197885 0.197885 1 1 0
65.1399 0.198995 0.198995 1 1 0
65.6399 0.200118 0.200118 1 1 0
66.1398 0.201253 0.201253 1 1 0
66.6398 0.2024 0.2024 1 1 0
67.1398 0.20356 0.20356 1 1 0
67.6398 0.204733 0.204733 1 1 0
68.1398 0.205918 0.205918 1 1 0
68.6398 0.207116 0.207116 1 1 0
69.1398 0.208327 0.208327 1 1 0
69.6398 0.20955 0.20955 1 1 0
70.1398 0.210787 0.210787 1 1 0
70.6398 0.212036 0.212036 1 1 0
71.1398 0.213299 0.213299 1 1 0
71.6398 0.214575 0.214575 1 1 0
72.1398 0.215864 0.215864 1 1 0
72.6398 0.217167 0.217167 1 1 0
73.1398 0.218482 0.218482 1 1 0
73.6398 0.219812 0.219812 1 1 0
74.1398 0.221155 0.221155 1 1 0
74.6398 0.222511 0.222511 1 1 0
75.1398 0.223881 0.223881 1 1 0
75.6397 0.225265 0.225265 1 1 0
76.1397 0.226662 0.226662 1 1 0
76.6397 0.228073 0.228073 1 1 0
77.1397 0.229498 0.229498 1 1 0
77.6397 0.230937 0.230937 1 1 0
78.1397 0.23239 0.23239 1 1 0
78.6397 0.233857 0.233857 1 1 0
79.1397 0.235338 0.235338 1 1 0
79.6397 0.236833 0.236833 1 1 0
80.1397 0.238342 0.238342 1 1 0
80.6397 0.239865 0.239865 1 1 0
81.1397 0.241402 0.241402 1 1 0
81.6397 0.242953 0.242953 1 1 0
82.1397 0.244518 0.244518 1 1 0
82.6397 0.246098 0.246098 1 1 0
83.1397 0.247692 0.247692 1 1 0
83.6397 0.2493 0.2493 1 1 0
84.1396 0.250922 0.250922 1 1 0
84.6396 0.252558 0.252558 1 1 0
85.1396 0.254209 0.254209 1 1 0
85.6396 0.255874 0.255874 1 1 0
86.1396 0.257553 0.257553 1 1 0
86.6396 0.259246 0.259246 1 1 0
87.1396 0.260954 0.260954 1 1 0
87.6396 0.262676 0.262676 1 1 0
88.1396 0.264412 0.264412 1 1 0
88.6396 0.266162 0.266162 1 1 0
89.1396 0.267926 0.267926 1 1 0
89.6396 0.269704 0.269704 1 1 0
90.1396 0.271497 0.271497 1 1 0
90.6396 0.273303 0.273303 1 1 0
91.1396 0.275124 0.275124 1 1 0
91.6396 0.276959 0.276959 1 1 0
92.1396 0.278807 0.278807 1 1 0
92.6395 0.28067 0.28067 1 1 0
93.1395 0.282546 0.282546 1 1 0
93.6395 0.284436 0.284436 1 1 0
94.1395 0.28634 0.28634 1 1 0
94.6395 0.288258 0.288258 1 1 0
95.1395 0.290189 0.290189 1 1 0
95.6395 0.292134 0.292134 1 1 0
96.1395 0.294092 0.294092 1 1 0
96.6395 0.296064 0.296064 1 1 0
97.1395 0.29805 0.29805 1 1 0
97.6395 0.300048 0.300048 1 1 0
98.1395 0.30206 0.30206 1 1 0
98.6395 0.304085 0.304085 1 1 0
99.1395 0.306124 0.306124 1 1 0
99.6395 0.308175 0.308175 1 1 0
100.139 0.310239 0.310239 1 1 0
100.639 0.312316 0.312316 1 1 0
101.139 0.314406 0.314406 1 1 0
101.639 0.316508 0.316508 1 1 0
102.139 0.318623 0.318623 1 1 0
102.639 0.320751 0.320751 1 1 0
103.139 0.32289 0.32289 1 1 0
103.639 0.325042 0.325042 1 1 0
104.139 0.327207 0.327207 1 1 0
104.639 0.329383 0.329383 1 1 0
105.139 0.331571 0.331571 1 1 0
105.639 0.333771 0.333771 1 1 0
106.139 0.335983 0.335983 1 1 0
106.639 0.338206 0.338206 1 1 0
107.139 0.340441 0.340441 1 1 0
107.639 0.342687 0.342687 1 1 0
108.139 0.344944 0.344944 1 1 0
108.639 0.347212 0.347212 1 1 0
109.139 0.349492 0.349492 1 1 0
109.639 0.351782 0.351782 1 1 0
110.139 0.354083 0.354083 1 1 0
110.639 0.356394 0.356394 1 1 0
111.139 0.358716 0.358716 1 1 0
111.639 0.361048 0.361048 1 1 0
112.139 0.36339 0.36339 1 1 0
112.639 0.365742 0.365742 1 1 0
113.139 0.368104 0.368104 1 1 0
113.639 0.370475 0.370475 1 1 0
114.139 0.372857 0.372857 1 1 0
114.639 0.375247 0.375247 1 1 0
115.139 0.377647 0.377647 1 1 0
115.639 0.380056 0.380056 1 1 0
116.139 0.382473 0.382473 1 1 0
116.639 0.3849 0.3849 1 1 0
117.139 0.387335 0.387335 1 1 0
117.639 0.389779 0.389779 1 1 0
118.139 0.39223 0.39223 1 1 0
118.639 0.39469 0.39469 1 1 0
119.139 0.397158 0.397158 1 1 0
119.639 0.399634 0.399634 1 1 0
119.713 0.4 0.4 1 1 0
120.213 0.402484 0.402484 2 1 0
120.713 0.404976 0.404976 2 1 0
121.213 0.407475 0.407475 2 1 0
121.713 0.409981 0.409981 2 1 0
122.213 0.412494 0.412494 2 1 0
122.713 0.415013 0.415013 2 1 0
123.213 0.41754 0.41754 2 1 0
123.713 0.420072 0.420072 2 1 0
124.213 0.422611 0.422611 2 1 0
124.713 0.425156 0.425156 2 1 0
125.213 0.427706 0.427706 2 1 0
125.713 0.430263 0.430263 2 1 0
126.213 0.432824 0.432824 2 1 0
126.713 0.435392 0.435392 2 1 0
127.213 0.437964 0.437964 2 1 0
127.713 0.440541 0.440541 2 1 0
128.213 0.443123 0.443123 2 1 0
128.713 0.445709 0.445709 2 1 0
129.213 0.4483 0.4483 2 1 0
129.713 0.450895 0.450895 2 1 0
130.213 0.453494 0.453494 2 1 0
130.713 0.456097 0.456097 2 1 0
131.213 0.458704 0.458704 2 1 0
131.713 0.461314 0.461314 2 1 0
132.213 0.463927 0.463927 2 1 0
132.713 0.466544 0.466544 2 1 0
133.213 0.469163 0.469163 2 1 0
133.713 0.471785 0.471785 2 1 0
134.213 0.47441 0.47441 2 1 0
134.713 0.477037 0.477037 2 1 0
135.213 0.479666 0.479666 2 1 0
135.713 0.482298 0.482298 2 1 0
136.213 0.484931 0.484931 2 1 0
136.713 0.487565 0.487565 2 1 0
137.213 0.490202 0.490202 2 1 0
137.713 0.492839 0.492839 2 1 0
138.213 0.495478 0.495478 2 1 0
138.713 0.498117 0.498117 2 1 0
139.213 0.500757 0.500757 2 1 0
139.713 0.503398 0.503398 2 1 0
140.213 0.506039 0.506039 2 1 0
140.713 0.50868 0.50868 2 1 0
141.213 0.511321 0.511321 2 1 0
141.713 0.513962 0.513962 2 1 0
142.213 0.516603 0.516603 2 1 0
142.713 0.519243 0.519243 2 1 0
143.213 0.521883 0.521883 2 1 0
143.713 0.524521 0.524521 2 1 0
144.213 0.527159 0.527159 2 1 0
144.713 0.529795 0.529795 2 1 0
145.213 0.53243 0.53243 2 1 0
145.713 0.535064 0.535064 2 1 0
146.213 0.537695 0.537695 2 1 0
146.713 0.540325 0.540325 2 1 0
147.213 0.542952 0.542952 2 1 0
119.713 0.4 0.4 2 2 0
115.84 0.4 0.4 2 2 0
115.832 0.4 0.4 2 2 0
115.829 0.4 0.4 2 2 0
115.824 0.4 0.4 2 2 0
115.814 0.4 0.4 2 2 0
115.794 0.4 0.4 2 2 0
115.754 0.4 0.4 2 2 0
115.674 0.4 0.4 2 2 0
115.514 0.4 0.4 2 2 0
115.194 0.4 0.4 2 2 0
114.694 0.4 0.4 2 2 0
114.194 0.4 0.4 2 2 0
113.694 0.4 0.4 2 2 0
113.194 0.4 0.4 2 2 0
112.694 0.4 0.4 2 2 0
112.194 0.4 0.4 2 2 0
111.694 0.4 0.4 2 2 0
111.194 0.4 0.4 2 2 0
110.694 0.4 0.4 2 2 0
110.194 0.4 0.4 2 2 0
109.694 0.4 0.4 2 2 0
109.194 0.4 0.4 2 2 0
108.694 0.4 0.4 2 2 0
108.194 0.4 0.4 2 2 0
107.694 0.4 0.4 2 2 0
107.194 0.4 0.4 2 2 0
106.694 0.4 0.4 2 2 0
106.194 0.4 0.4 2 2 0
105.694 0.4 0.4 2 2 0
105.194 0.4 0.4 2 2 0
104.694 0.4 0.4 2 2 0
104.194 0.4 0.4 2 2 0
103.694 0.4 0.4 2 2 0
103.194 0.4 0.4 2 2 0
102.694 0.4 0.4 2 2 0
102.194 0.4 0.4 2 2 0
101.694 0.4 0.4 2 2 0
101.194 0.4 0.4 2 2 0
100.694 0.4 0.4 2 2 0
100.194 0.4 0.4 2 2 0
99.6944 0.4 0.4 2 2 0
99.1944 0.4 0.4 2 2 0
98.6944 0.4 0.4 2 2 0
98.1944 0.4 0.4 2 2 0
97.6944 0.4 0.4 2 2 0
97.1944 0.4 0.4 2 2 0
96.6944 0.4 0.4 2 2 0
96.1944 0.4 0.4 2 2 0
95.6944 0.4 0.4 2 2 0
95.1944 0.4 0.4 2 2 0
94.6944 0.4 0.4 2 2 0
94.1944 0.4 0.4 2 2 0
93.6944 0.4 0.4 2 2 0
93.1944 0.4 0.4 2 2 0
92.6944 0.4 0.4 2 2 0
92.1944 0.4 0.4 2 2 0
91.6944 0.4 0.4 2 2 0
91.1944 0.4 0.4 2 2 0
90.6944 0.4 0.4 2 2 0
90.1944 0.4 0.4 2 2 0
89.6944 0.4 0.4 2 2 0
89.1944 0.4 0.4 2 2 0
88.6944 0.4 0.4 2 2 0
88.1944 0.4 0.4 2 2 0
87.6944 0.4 0.4 2 2 0
87.1944 0.4 0.4 2 2 0
86.6944 0.4 0.4 2 2 0
86.1944 0.4 0.4 2 2 0
85.6944 0.4 0.4 2 2 0
85.1944 0.4 0.4 2 2 0
84.6944 0.4 0.4 2 2 0
84.1944 0.4 0.4 2 2 0
83.6944 0.4 0.4 2 2 0
83.1944 0.4 0.4 2 2 0
82.6944 0.4 0.4 2 2 0
82.1944 0.4 0.4 2 2 0
81.6944 0.4 0.4 2 2 0
81.1944 0.4 0.4 2 2 0
80.6944 0.4 0.4 2 2 0
80.1944 0.4 0.4 2 2 0
79.6944 0.4 0.4 2 2 0
79.1944 0.4 0.4 2 2 0
78.6944 0.4 0.4 2 2 0
78.1944 0.4 0.4 2 2 0
77.6945 0.4 0.4 2 2 0
77.1945 0.4 0.4 2 2 0
76.6945 0.4 0.4 2 2 0
76.1945 0.4 0.4 2 2 0
75.6945 0.4 0.4 2 2 0
75.1945 0.4 0.4 2 2 0
74.6945 0.4 0.4 2 2 0
74.1945 0.4 0.4 2 2 0
73.6945 0.4 0.4 2 2 0
73.1945 0.4 0.4 2 2 0
72.6945 0.4 0.4 2 2 0
72.1945 0.4 0.4 2 2 0
71.6945 0.4 0.4 2 2 0
71.1945 0.4 0.4 2 2 0
70.6945 0.4 0.4 2 2 0
70.1945 0.4 0.4 2 2 0
69.6945 0.4 0.4 2 2 0
69.1945 0.4 0.4 2 2 0
68.6945 0.4 0.4 2 2 0
68.1945 0.4 0.4 2 2 0
67.6945 0.4 0.4 2 2 0
67.1945 0.4 0.4 2 2 0
66.6945 0.4 0.4 2 2 0
66.1945 0.4 0.4 2 2 0
65.6945 0.4 0.4 2 2 0
65.1945 0.4 0.4 2 2 0
64.6945 0.4 0.4 2 2 0
64.1945 0.4 0.4 2 2 0
63.6945 0.4 0.4 2 2 0
63.1945 0.4 0.4 2 2 0
62.6945 0.4 0.4 2 2 0
62.1945 0.4 0.4 2 2 0
61.6945 0.4 0.4 2 2 0
61.1945 0.4 0.4 2 2 0
60.6945 0.4 0.4 2 2 0
60.1945 0.4 0.4 2 2 0
59.6945 0.4 0.4 2 2 0
59.1945 0.4 0.4 2 2 0
58.6945 0.4 0.4 2 2 0
58.1945 0.4 0.4 2 2 0
57.6945 0.4 0.4 2 2 0
57.1945 0.4 0.4 2 2 0
56.6945 0.4 0.4 2 2 0
56.1945 0.4 0.4 2 2 0
55.6945 0.4 0.4 2 2 0
55.1945 0.4 0.4 2 2 0
54.6945 0.4 0.4 2 2 0
54.1945 0.4 0.4 2 2 0
53.6945 0.4 0.4 2 2 0
53.1945 0.4 0.4 2 2 0
52.6945 0.4 0.4 2 2 0
52.1945 0.4 0.4 2 2 0
51.6945 0.4 0.4 2 2 0
51.1945 0.4 0.4 2 2 0
50.6945 0.4 0.4 2 2 0
50.1945 0.4 0.4 2 2 0
49.6945 0.4 0.4 2 2 0
49.1945 0.4 0.4 2 2 0
48.6945 0.4 0.4 2 2 0
48.1945 0.4 0.4 2 2 0
47.6945 0.4 0.4 2 2 0
47.1945 0.4 0.4 2 2 0
46.6945 0.4 0.4 2 2 0
46.1945 0.4 0.4 2 2 0
45.6945 0.4 0.4 2 2 0
45.1945 0.4 0.4 2 2 0
44.6945 0.4 0.4 2 2 0
44.1945 0.4 0.4 2 2 0
43.6945 0.4 0.4 2 2 0
43.1945 0.4 0.4 2 2 0
42.6945 0.4 0.4 2 2 0
42.1945 0.4 0.4 2 2 0
41.6945 0.4 0.4 2 2 0
41.1945 0.4 0.4 2 2 0
40.6945 0.4 0.4 2 2 0
40.1945 0.4 0.4 2 2 0
39.6945 0.4 0.4 2 2 0
39.1945 0.4 0.4 2 2 0
38.6945 0.4 0.4 2 2 0
38.1945 0.4 0.4 2 2 0
37.6945 0.4 0.4 2 2 0
37.1945 0.4 0.4 2 2 0
36.6945 0.4 0.4 2 2 0
36.1946 0.4 0.4 2 2 0
35.6946 0.4 0.4 2 2 0
35.1946 0.4 0.4 2 2 0
34.6946 0.4 0.4 2 2 0
34.1946 0.4 0.4 2 2 0
33.6946 0.4 0.4 2 2 0
33.1946 0.4 0.4 2 2 0
32.6946 0.4 0.4 2 2 0
32.1946 0.4 0.4 2 2 0
31.6946 0.4 0.4 2 2 0
31.1946 0.4 0.4 2 2 0
30.6946 0.4 0.4 2 2 0
30.1946 0.4 0.4 2 2 0
29.6946 0.4 0.4 2 2 0
29.1946 0.4 0.4 2 2 0
28.6946 0.4 0.4 2 2 0
28.1946 0.4 0.4 2 2 0
27.6946 0.4 0.4 2 2 0
27.1946 0.4 0.4 2 2 0
26.6946 0.4 0.4 2 2 0
26.1946 0.4 0.4 2 2 0
25.6946 0.4 0.4 2 2 0
25.1946 0.4 0.4 2 2 0
24.6947 0.4 0.4 2 2 0
24.1947 0.4 0.4 2 2 0
23.6947 0.4 0.4 2 2 0
23.1947 0.4 0.4 2 2 0
22.6947 0.4 0.4 2 2 0
22.1947 0.4 0.4 2 2 0
21.6947 0.4 0.4 2 2 0
21.1947 0.4 0.4 2 2 0
20.6947 0.4 0.4 2 2 0
119.713 0.4 0.4 2 2 0
123.579 0.4 0.4 2 2 0
123.587 0.4 0.4 1 2 0
123.59 0.4 0.4 1 2 0
123.595 0.4 0.4 1 2 0
123.605 0.4 0.4 1 2 0
123.625 0.4 0.4 1 2 0
123.665 0.4 0.4 1 2 0
123.745 0.4 0.4 1 2 0
123.905 0.4 0.4 1 2 0
124.225 0.4 0.4 1 2 0
124.725 0.4 0.4 1 2 0
125.225 0.4 0.4 1 2 0
125.725 0.4 0.4 1 2 0
126.225 0.4 0.4 1 2 0
126.725 0.4 0.4 1 2 0
127.225 0.4 0.4 1 2 0
127.725 0.4 0.4 1 2 0
128.225 0.4 0.4 1 2 0
128.725 0.4 0.4 1 2 0
129.225 0.4 0.4 1 2 0
129.725 0.4 0.4 1 2 0
130.225 0.4 0.4 1 2 0
130.725 0.4 0.4 1 2 0
131.225 0.4 0.4 1 2 0
131.725 0.4 0.4 1 2 0
132.225 0.4 0.4 1 2 0
132.725 0.4 0.4 1 2 0
133.225 0.4 0.4 1 2 0
133.725 0.4 0.4 1 2 0
134.225 0.4 0.4 1 2 0
134.725 0.4 0.4 1 2 0
135.225 0.4 0.4 1 2 0
135.725 0.4 0.4 1 2 0
136.225 0.4 0.4 1 2 0
136.725 0.4 0.4 1 2 0
137.225 0.4 0.4 1 2 0
137.725 0.4 0.4 1 2 0
138.225 0.4 0.4 1 2 0
138.725 0.4 0.4 1 2 0
139.225 0.4 0.4 1 2 0
139.725 0.4 0.4 1 2 0
140.225 0.4 0.4 1 2 0
140.725 0.4 0.4 1 2 0
141.225 0.4 0.4 1 2 0
141.725 0.4 0.4 1 2 0
142.225 0.4 0.4 1 2 0
142.725 0.4 0.4 1 2 0
143.225 0.4 0.4 1 2 0
143.725 0.4 0.4 1 2 0
144.225 0.4 0.4 1 2 0
144.725 0.4 0.4 1 2 0
145.225 0.4 0.4 1 2 0
145.725 0.4 0.4 1 2 0
146.225 0.4 0.4 1 2 0
146.725 0.4 0.4 1 2 0
147.225 0.4 0.4 1 2 0
147.725 0.4 0.4 1 2 0
148.225 0.4 0.4 1 2 0
148.725 0.4 0.4 1 2 0
149.225 0.4 0.4 1 2 0
149.725 0.4 0.4 1 2 0
150.225 0.4 0.4 1 2 0
150.725 0.4 0.4 1 2 0
151.225 0.4 0.4 1 2 0
151.725 0.4 0.4 1 2 0
152.225 0.4 0.4 1 2 0
152.725 0.4 0.4 1 2 0
153.225 0.4 0.4 1 2 0
153.725 0.4 0.4 1 2 0
154.225 0.4 0.4 1 2 0
154.725 0.4 0.4 1 2 0
155.225 0.4 0.4 1 2 0
155.725 0.4 0.4 1 2 0
156.225 0.4 0.4 1 2 0
156.725 0.4 0.4 1 2 0
157.225 0.4 0.4 1 2 0
157.725 0.4 0.4 1 2 0
158.225 0.4 0.4 1 2 0
158.725 0.4 0.4 1 2 0
159.225 0.4 0.4 1 2 0
159.725 0.4 0.4 1 2 0
160.225 0.4 0.4 1 2 0
160.725 0.4 0.4 1 2 0
161.225 0.4 0.4 1 2 0
161.725 0.4 0.4 1 2 0
162.225 0.4 0.4 1 2 0
162.725 0.4 0.4 1 2 0
163.225 0.4 0.4 1 2 0
163.725 0.4 0.4 1 2 0
164.225 0.4 0.4 1 2 0
164.725 0.4 0.4 1 2 0
165.225 0.4 0.4 1 2 0
165.725 0.4 0.4 1 2 0
166.225 0.4 0.4 1 2 0
166.725 0.4 0.4 1 2 0
167.225 0.4 0.4 1 2 0
167.725 0.4 0.4 1 2 0
168.225 0.4 0.4 1 2 0
168.725 0.4 0.4 1 2 0
169.225 0.4 0.4 1 2 0
169.725 0.4 0.4 1 2 0
170.225 0.4 0.4 1 2 0
170.725 0.4 0.4 1 2 0
171.225 0.4 0.4 1 2 0
171.725 0.4 0.4 1 2 0
172.225 0.4 0.4 1 2 0
172.725 0.4 0.4 1 2 0
173.225 0.4 0.4 1 2 0
173.725 0.4 0.4 1 2 0
174.225 0.4 0.4 1 2 0
174.725 0.4 0.4 1 2 0
175.225 0.4 0.4 1 2 0
175.725 0.4 0.4 1 2 0
176.225 0.4 0.4 1 2 0
176.725 0.4 0.4 1 2 0
177.225 0.4 0.4 1 2 0
177.725 0.4 0.4 1 2 0
178.225 0.4 0.4 1 2 0
178.725 0.4 0.4 1 2 0
179.225 0.4 0.4 1 2 0
179.725 0.4 0.4 1 2 0
180.225 0.4 0.4 1 2 0
180.725 0.4 0.4 1 2 0
181.225 0.4 0.4 1 2 0
181.725 0.4 0.4 1 2 0
182.225 0.4 0.4 1 2 0
182.725 0.4 0.4 1 2 0
183.225 0.4 0.4 1 2 0
183.725 0.4 0.4 1 2 0
184.225 0.4 0.4 1 2 0
184.725 0.4 0.4 1 2 0
185.225 0.4 0.4 1 2 0
185.725 0.4 0.4 1 2 0
186.225 0.4 0.4 1 2 0
186.725 0.4 0.4 1 2 0
187.225 0.4 0.4 1 2 0
187.725 0.4 0.4 1 2 0
188.225 0.4 0.4 1 2 0
188.725 0.4 0.4 1 2 0
189.225 0.4 0.4 1 2 0
189.725 0.4 0.4 1 2 0
190.225 0.4 0.4 1 2 0
190.725 0.4 0.4 1 2 0
191.225 0.4 0.4 1 2 0
191.725 0.4 0.4 1 2 0
192.225 0.4 0.4 1 2 0
192.725 0.4 0.4 1 2 0
193.225 0.4 0.4 1 2 0
193.725 0.4 0.4 1 2 0
194.225 0.4 0.4 1 2 0
194.725 0.4 0.4 1 2 0
195.225 0.4 0.4 1 2 0
195.725 0.4 0.4 1 2 0
196.225 0.4 0.4 1 2 0
196.725 0.4 0.4 1 2 0
197.225 0.4 0.4 1 2 0
197.725 0.4 0.4 1 2 0
198.225 0.4 0.4 1 2 0
198.725 0.4 0.4 1 2 0
199.225 0.4 0.4 1 2 0
199.725 0.4 0.4 1 2 0
200.225 0.4 0.4 1 2 0
200.725 0.4 0.4 1 2 0
201.225 0.4 0.4 1 2 0
201.725 0.4 0.4 1 2 0
202.225 0.4 0.4 1 2 0
202.725 0.4 0.4 1 2 0
203.225 0.4 0.4 1 2 0
203.725 0.4 0.4 1 2 0
204.225 0.4 0.4 1 2 0
204.725 0.4 0.4 1 2 0
205.225 0.4 0.4 1 2 0
205.725 0.4 0.4 1 2 0
206.225 0.4 0.4 1 2 0
206.725 0.4 0.4 1 2 0
207.225 0.4 0.4 1 2 0
207.725 0.4 0.4 1 2 0
208.225 0.4 0.4 1 2 0
208.725 0.4 0.4 1 2 0
209.225 0.4 0.4 1 2 0
209.725 0.4 0.4 1 2 0
210.225 0.4 0.4 1 2 0
210.725 0.4 0.4 1 2 0
211.225 0.4 0.4 1 2 0
211.725 0.4 0.4 1 2 0
212.225 0.4 0.4 1 2 0
212.725 0.4 0.4 1 2 0
213.225 0.4 0.4 1 2 0
213.725 0.4 0.4 1 2 0
214.225 0.4 0.4 1 2 0
214.725 0.4 0.4 1 2 0
215.225 0.4 0.4 1 2 0
215.725 0.4 0.4 1 2 0
216.225 0.4 0.4 1 2 0
216.725 0.4 0.4 1 2 0
217.225 0.4 0.4 1 2 0
217.725 0.4 0.4 1 2 0
218.225 0.4 0.4 1 2 0
218.725 0.4 0.4 1 2 0
147.213 0.542952 0.542952 2 1 0
147.253 0.543163 0.543163 2 1 0
147.293 0.543373 0.543373 2 1 0
147.373 0.543793 0.543793 2 1 0
147.533 0.544633 0.544633 2 1 0
147.853 0.546312 0.546312 2 1 0
148.353 0.548935 0.548935 2 1 0
148.853 0.551554 0.551554 2 1 0
149.353 0.554171 0.554171 2 1 0
149.853 0.556785 0.556785 2 1 0
150.353 0.559396 0.559396 2 1 0
150.853 0.562003 0.562003 2 1 0
151.353 0.564607 0.564607 2 1 0
151.853 0.567208 0.567208 2 1 0
152.353 0.569804 0.569804 2 1 0
152.852 0.572397 0.572397 2 1 0
153.352 0.574986 0.574986 2 1 0
153.852 0.57757 0.57757 2 1 0
154.352 0.58015 0.58015 2 1 0
154.852 0.582726 0.582726 2 1 0
155.352 0.585297 0.585297 2 1 0
155.852 0.587863 0.587863 2 1 0
156.352 0.590425 0.590425 2 1 0
156.852 0.592981 0.592981 2 1 0
157.352 0.595532 0.595532 2 1 0
157.852 0.598077 0.598077 2 1 0
158.352 0.600617 0.600617 2 1 0
158.852 0.603152 0.603152 2 1 0
159.352 0.60568 0.60568 2 1 0
159.852 0.608203 0.608203 2 1 0
160.352 0.61072 0.61072 2 1 0
160.852 0.61323 0.61323 2 1 0
161.352 0.615734 0.615734 2 1 0
161.852 0.618232 0.618232 2 1 0
162.352 0.620723 0.620723 2 1 0
162.852 0.623208 0.623208 2 1 0
163.352 0.625685 0.625685 2 1 0
163.852 0.628156 0.628156 2 1 0
164.352 0.63062 0.63062 2 1 0
164.852 0.633077 0.633077 2 1 0
165.352 0.635526 0.635526 2 1 0
165.852 0.637968 0.637968 2 1 0
166.352 0.640403 0.640403 2 1 0
166.852 0.64283 0.64283 2 1 0
167.352 0.645249 0.645249 2 1 0
167.852 0.64766 0.64766 2 1 0
168.352 0.650064 0.650064 2 1 0
168.852 0.652459 0.652459 2 1 0
169.352 0.654847 0.654847 2 1 0
169.852 0.657226 0.657226 2 1 0
170.352 0.659597 0.659597 2 1 0
170.852 0.661959 0.661959 2 1 0
171.352 0.664314 0.664314 2 1 0
171.852 0.666659 0.666659 2 1 0
172.352 0.668996 0.668996 2 1 0
172.852 0.671324 0.671324 2 1 0
173.352 0.673643 0.673643 2 1 0
173.852 0.675954 0.675954 2 1 0
174.352 0.678255 0.678255 2 1 0
174.852 0.680547 0.680547 2 1 0
175.352 0.68283 0.68283 2 1 0
175.852 0.685104 0.685104 2 1 0
176.352 0.687369 0.687369 2 1 0
176.852 0.689624 0.689624 2 1 0
177.352 0.69187 0.69187 2 1 0
177.852 0.694106 0.694106 2 1 0
178.352 0.696333 0.696333 2 1 0
178.852 0.69855 0.69855 2 1 0
179.352 0.700758 0.700758 2 1 0
179.852 0.702955 0.702955 2 1 0
180.352 0.705143 0.705143 2 1 0
180.852 0.707321 0.707321 2 1 0
181.352 0.709489 0.709489 2 1 0
181.852 0.711647 0.711647 2 1 0
182.352 0.713795 0.713795 2 1 0
182.852 0.715933 0.715933 2 1 0
183.352 0.718061 0.718061 2 1 0
183.852 0.720179 0.720179 2 1 0
184.352 0.722286 0.722286 2 1 0
184.852 0.724384 0.724384 2 1 0
185.352 0.72647 0.72647 2 1 0
185.852 0.728547 0.728547 2 1 0
186.352 0.730613 0.730613 2 1 0
186.852 0.732669 0.732669 2 1 0
187.352 0.734714 0.734714 2 1 0
187.852 0.736749 0.736749 2 1 0
188.352 0.738774 0.738774 2 1 0
188.852 0.740788 0.740788 2 1 0
189.352 0.742791 0.742791 2 1 0
189.852 0.744783 0.744783 2 1 0
190.352 0.746766 0.746766 2 1 0
190.852 0.748737 0.748737 2 1 0
191.352 0.750698 0.750698 2 1 0
191.852 0.752648 0.752648 2 1 0
192.352 0.754587 0.754587 2 1 0
192.852 0.756516 0.756516 2 1 0
193.352 0.758434 0.758434 2 1 0
193.852 0.760341 0.760341 2 1 0
194.352 0.762237 0.762237 2 1 0
194.852 0.764123 0.764123 2 1 0
195.352 0.765998 0.765998 2 1 0
195.852 0.767862 0.767862 2 1 0
196.352 0.769715 0.769715 2 1 0
196.852 0.771557 0.771557 2 1 0
197.352 0.773389 0.773389 2 1 0
197.852 0.77521 0.77521 2 1 0
198.352 0.77702 0.77702 2 1 0
198.852 0.778819 0.778819 2 1 0
199.352 0.780608 0.780608 2 1 0
199.852 0.782385 0.782385 2 1 0
200.352 0.784152 0.784152 2 1 0
200.852 0.785908 0.785908 2 1 0
201.352 0.787653 0.787653 2 1 0
201.852 0.789387 0.789387 2 1 0
202.352 0.791111 0.791111 2 1 0
202.852 0.792824 0.792824 2 1 0
203.352 0.794526 0.794526 2 1 0
203.852 0.796217 0.796217 2 1 0
204.352 0.797897 0.797897 2 1 0
204.852 0.799567 0.799567 2 1 0
205.352 0.801226 0.801226 2 1 0
205.852 0.802874 0.802874 2 1 0
206.352 0.804512 0.804512 2 1 0
206.852 0.806139 0.806139 2 1 0
207.352 0.807755 0.807755 2 1 0
207.852 0.809361 0.809361 2 1 0
208.352 0.810956 0.810956 2 1 0
208.852 0.812541 0.812541 2 1 0
209.352 0.814114 0.814114 2 1 0
209.852 0.815678 0.815678 2 1 0
210.352 0.817231 0.817231 2 1 0
210.852 0.818773 0.818773 2 1 0
211.352 0.820305 0.820305 2 1 0
211.852 0.821826 0.821826 2 1 0
212.352 0.823337 0.823337 2 1 0
212.852 0.824838 0.824838 2 1 0
213.352 0.826328 0.826328 2 1 0
213.852 0.827808 0.827808 2 1 0
214.352 0.829277 0.829277 2 1 0
214.852 0.830737 0.830737 2 1 0
215.352 0.832186 0.832186 2 1 0
215.852 0.833625 0.833625 2 1 0
216.352 0.835053 0.835053 2 1 0
216.852 0.836472 0.836472 2 1 0
217.352 0.83788 0.83788 2 1 0
217.852 0.839278 0.839278 2 1 0
218.352 0.840667 0.840667 2 1 0
218.852 0.842045 0.842045 2 1 0
219.352 0.843413 0.843413 2 1 0
219.852 0.844771 0.844771 2 1 0
220.352 0.84612 0.84612 2 1 0
220.852 0.847458 0.847458 2 1 0
221.352 0.848787 0.848787 2 1 0
221.852 0.850106 0.850106 2 1 0
222.352 0.851415 0.851415 2 1 0
222.852 0.852715 0.852715 2 1 0
223.352 0.854005 0.854005 2 1 0
223.852 0.855285 0.855285 2 1 0
224.352 0.856555 0.856555 2 1 0
224.852 0.857816 0.857816 2 1 0
225.352 0.859068 0.859068 2 1 0
225.852 0.86031 0.86031 2 1 0
226.352 0.861543 0.861543 2 1 0
226.852 0.862766 0.862766 2 1 0
227.352 0.86398 0.86398 2 1 0
227.852 0.865185 0.865185 2 1 0
228.352 0.86638 0.86638 2 1 0
228.852 0.867567 0.867567 2 1 0
229.352 0.868744 0.868744 2 1 0
229.852 0.869912 0.869912 2 1 0
230.352 0.871071 0.871071 2 1 0
230.852 0.872221 0.872221 2 1 0
231.352 0.873362 0.873362 2 1 0
231.852 0.874494 0.874494 2 1 0
232.352 0.875617 0.875617 2 1 0
232.852 0.876731 0.876731 2 1 0
233.352 0.877837 0.877837 2 1 0
233.852 0.878934 0.878934 2 1 0
234.352 0.880022 0.880022 2 1 0
234.852 0.881101 0.881101 2 1 0
235.352 0.882172 0.882172 2 1 0
235.852 0.883234 0.883234 2 1 0
236.352 0.884288 0.884288 2 1 0
236.852 0.885334 0.885334 2 1 0
237.352 0.886371 0.886371 2 1 0
237.852 0.887399 0.887399 2 1 0
238.352 0.88842 0.88842 2 1 0
238.852 0.889432 0.889432 2 1 0
239.352 0.890435 0.890435 2 1 0
239.852 0.891431 0.891431 2 1 0
240.352 0.892419 0.892419 2 1 0
240.852 0.893398 0.893398 2 1 0
241.352 0.894369 0.894369 2 1 0
241.852 0.895333 0.895333 2 1 0
242.352 0.896289 0.896289 2 1 0
242.852 0.897236 0.897236 2 1 0
243.352 0.898176 0.898176 2 1 0
243.852 0.899108 0.899108 2 1 0
244.352 0.900033 0.900033 2 1 0
244.852 0.900949 0.900949 2 1 0
244.852 0.900949 0.900949 2 1 0
244.892 0.901022 0.901022 2 1 0
244.932 0.901095 0.901095 2 1 0
245.012 0.901241 0.901241 2 1 0
245.172 0.901532 0.901532 2 1 0
245.492 0.902111 0.902111 2 1 0
245.992 0.903011 0.903011 2 1 0
246.492 0.903903 0.903903 2 1 0
246.992 0.904787 0.904787 2 1 0
247.492 0.905664 0.905664 2 1 0
247.992 0.906533 0.906533 2 1 0
248.492 0.907396 0.907396 2 1 0
248.992 0.908251 0.908251 2 1 0
249.492 0.909098 0.909098 2 1 0
249.992 0.909939 0.909939 2 1 0
250.492 0.910772 0.910772 2 1 0
250.992 0.911599 0.911599 2 1 0
251.492 0.912418 0.912418 2 1 0
251.992 0.91323 0.91323 2 1 0
252.492 0.914036 0.914036 2 1 0
252.992 0.914834 0.914834 2 1 0
253.492 0.915626 0.915626 2 1 0
253.992 0.916411 0.916411 2 1 0
254.492 0.917189 0.917189 2 1 0
254.992 0.91796 0.91796 2 1 0
255.492 0.918725 0.918725 2 1 0
255.992 0.919483 0.919483 2 1 0
256.492 0.920234 0.920234 2 1 0
256.992 0.92098 0.92098 2 1 0
257.492 0.921718 0.921718 2 1 0
257.992 0.92245 0.92245 2 1 0
258.492 0.923176 0.923176 2 1 0
258.992 0.923896 0.923896 2 1 0
259.492 0.924609 0.924609 2 1 0
259.992 0.925316 0.925316 2 1 0
260.492 0.926016 0.926016 2 1 0
260.992 0.926711 0.926711 2 1 0
261.492 0.9274 0.9274 2 1 0
261.992 0.928082 0.928082 2 1 0
262.492 0.928758 0.928758 2 1 0
262.992 0.929429 0.929429 2 1 0
263.492 0.930093 0.930093 2 1 0
263.992 0.930752 0.930752 2 1 0
264.492 0.931405 0.931405 2 1 0
264.992 0.932052 0.932052 2 1 0
265.492 0.932693 0.932693 2 1 0
265.992 0.933329 0.933329 2 1 0
266.492 0.933959 0.933959 2 1 0
266.992 0.934583 0.934583 2 1 0
267.492 0.935202 0.935202 2 1 0
267.992 0.935815 0.935815 2 1 0
268.492 0.936423 0.936423 2 1 0
268.992 0.937026 0.937026 2 1 0
269.492 0.937623 0.937623 2 1 0
269.992 0.938214 0.938214 2 1 0
270.492 0.9388 0.9388 2 1 0
270.992 0.939382 0.939382 2 1 0
271.492 0.939957 0.939957 2 1 0
271.992 0.940528 0.940528 2 1 0
272.492 0.941093 0.941093 2 1 0
272.992 0.941654 0.941654 2 1 0
273.492 0.942209 0.942209 2 1 0
273.992 0.942759 0.942759 2 1 0
274.492 0.943305 0.943305 2 1 0
274.992 0.943845 0.943845 2 1 0
275.492 0.94438 0.94438 2 1 0
275.992 0.944911 0.944911 2 1 0
276.492 0.945437 0.945437 2 1 0
276.992 0.945958 0.945958 2 1 0
277.492 0.946474 0.946474 2 1 0
277.992 0.946985 0.946985 2 1 0
278.492 0.947492 0.947492 2 1 0
278.992 0.947994 0.947994 2 1 0
279.492 0.948492 0.948492 2 1 0
279.992 0.948985 0.948985 2 1 0
280.492 0.949474 0.949474 2 1 0
280.992 0.949958 0.949958 2 1 0
281.492 0.950437 0.950437 2 1 0
281.992 0.950912 0.950912 2 1 0
282.492 0.951383 0.951383 2 1 0
282.992 0.95185 0.95185 2 1 0
283.492 0.952312 0.952312 2 1 0
283.992 0.95277 0.95277 2 1 0
284.492 0.953224 0.953224 2 1 0
284.992 0.953673 0.953673 2 1 0
285.492 0.954119 0.954119 2 1 0
285.992 0.95456 0.95456 2 1 0
286.492 0.954997 0.954997 2 1 0
286.992 0.95543 0.95543 2 1 0
287.492 0.955859 0.955859 2 1 0
287.992 0.956284 0.956284 2 1 0
288.492 0.956706 0.956706 2 1 0
288.992 0.957123 0.957123 2 1 0
289.492 0.957536 0.957536 2 1 0
289.992 0.957946 0.957946 2 1 0
290.492 0.958351 0.958351 2 1 0
290.992 0.958753 0.958753 2 1 0
291.492 0.959152 0.959152 2 1 0
291.992 0.959546 0.959546 2 1 0
292.492 0.959937 0.959937 2 1 0
292.992 0.960324 0.960324 2 1 0
293.492 0.960708 0.960708 2 1 0
293.992 0.961088 0.961088 2 1 0
294.492 0.961464 0.961464 2 1 0
294.992 0.961837 0.961837 2 1 0
295.492 0.962206 0.962206 2 1 0
295.992 0.962572 0.962572 2 1 0
296.492 0.962934 0.962934 2 1 0
296.992 0.963293 0.963293 2 1 0
297.492 0.963649 0.963649 2 1 0
297.992 0.964001 0.964001 2 1 0
298.492 0.96435 0.96435 2 1 0
298.992 0.964696 0.964696 2 1 0
299.492 0.965039 0.965039 2 1 0
299.992 0.965378 0.965378 2 1 0
300.492 0.965714 0.965714 2 1 0
300.992 0.966047 0.966047 2 1 0
301.492 0.966377 0.966377 2 1 0
301.992 0.966703 0.966703 2 1 0
302.492 0.967027 0.967027 2 1 0
302.992 0.967347 0.967347 2 1 0
303.492 0.967665 0.967665 2 1 0
303.992 0.967979 0.967979 2 1 0
304.492 0.96829 0.96829 2 1 0
304.992 0.968599 0.968599 2 1 0
305.492 0.968904 0.968904 2 1 0
305.992 0.969207 0.969207 2 1 0
306.492 0.969507 0.969507 2 1 0
306.992 0.969804 0.969804 2 1 0
307.492 0.970098 0.970098 2 1 0
307.992 0.970389 0.970389 2 1 0
308.492 0.970678 0.970678 2 1 0
308.992 0.970964 0.970964 2 1 0
309.492 0.971247 0.971247 2 1 0
309.992 0.971527 0.971527 2 1 0
310.492 0.971805 0.971805 2 1 0
310.992 0.97208 0.97208 2 1 0
311.492 0.972352 0.972352 2 1 0
311.992 0.972622 0.972622 2 1 0
312.492 0.972889 0.972889 2 1 0
312.992 0.973154 0.973154 2 1 0
313.492 0.973416 0.973416 2 1 0
313.992 0.973676 0.973676 2 1 0
314.492 0.973933 0.973933 2 1 0
314.992 0.974188 0.974188 2 1 0
315.492 0.97444 0.97444 2 1 0
315.992 0.97469 0.97469 2 1 0
316.492 0.974937 0.974937 2 1 0
316.992 0.975182 0.975182 2 1 0
317.492 0.975425 0.975425 2 1 0
317.992 0.975665 0.975665 2 1 0
318.492 0.975903 0.975903 2 1 0
318.992 0.976139 0.976139 2 1 0
319.492 0.976373 0.976373 2 1 0
319.992 0.976604 0.976604 2 1 0
320.492 0.976833 0.976833 2 1 0
320.992 0.97706 0.97706 2 1 0
321.492 0.977285 0.977285 2 1 0
321.992 0.977507 0.977507 2 1 0
322.492 0.977728 0.977728 2 1 0
322.992 0.977946 0.977946 2 1 0
323.492 0.978162 0.978162 2 1 0
323.992 0.978376 0.978376 2 1 0
324.492 0.978588 0.978588 2 1 0
324.992 0.978798 0.978798 2 1 0
325.492 0.979006 0.979006 2 1 0
325.992 0.979212 0.979212 2 1 0
326.492 0.979416 0.979416 2 1 0
326.992 0.979618 0.979618 2 1 0
327.492 0.979818 0.979818 2 1 0
327.992 0.980016 0.980016 2 1 0
328.492 0.980212 0.980212 2 1 0
328.992 0.980407 0.980407 2 1 0
329.492 0.980599 0.980599 2 1 0
329.992 0.980789 0.980789 2 1 0
330.492 0.980978 0.980978 2 1 0
330.992 0.981165 0.981165 2 1 0
331.492 0.98135 0.98135 2 1 0
331.992 0.981533 0.981533 2 1 0
332.492 0.981715 0.981715 2 1 0
332.992 0.981895 0.981895 2 1 0
333.492 0.982073 0.982073 2 1 0
333.992 0.982249 0.982249 2 1 0
334.492 0.982423 0.982423 2 1 0
334.992 0.982596 0.982596 2 1 0
335.492 0.982767 0.982767 2 1 0
335.992 0.982937 0.982937 2 1 0
336.492 0.983105 0.983105 2 1 0
336.992 0.983271 0.983271 2 1 0
337.492 0.983436 0.983436 2 1 0
337.992 0.983599 0.983599 2 1 0
338.492 0.98376 0.98376 2 1 0
338.992 0.98392 0.98392 2 1 0
339.492 0.984078 0.984078 2 1 0
339.992 0.984235 0.984235 2 1 0
340.492 0.98439 0.98439 2 1 0
340.992 0.984544 0.984544 2 1 0
341.492 0.984696 0.984696 2 1 0
341.992 0.984847 0.984847 2 1 0
342.492 0.984996 0.984996 2 1 0
342.492 0.984996 0.984996 2 1 0
342.532 0.985008 0.985008 2 1 0
342.572 0.98502 0.98502 2 1 0
342.652 0.985044 0.985044 2 1 0
342.812 0.985091 0.985091 2 1 0
343.132 0.985185 0.985185 2 1 0
343.632 0.985331 0.985331 2 1 0
344.132 0.985476 0.985476 2 1 0
344.632 0.985619 0.985619 2 1 0
345.132 0.985761 0.985761 2 1 0
345.632 0.985901 0.985901 2 1 0
346.132 0.98604 0.98604 2 1 0
346.632 0.986178 0.986178 2 1 0
347.132 0.986314 0.986314 2 1 0
347.632 0.986449 0.986449 2 1 0
348.132 0.986583 0.986583 2 1 0
348.632 0.986715 0.986715 2 1 0
349.132 0.986846 0.986846 2 1 0
349.632 0.986976 0.986976 2 1 0
350.132 0.987104 0.987104 2 1 0
350.632 0.987232 0.987232 2 1 0
351.132 0.987358 0.987358 2 1 0
351.632 0.987482 0.987482 2 1 0
352.132 0.987606 0.987606 2 1 0
352.632 0.987728 0.987728 2 1 0
353.132 0.987849 0.987849 2 1 0
353.632 0.987969 0.987969 2 1 0
354.132 0.988088 0.988088 2 1 0
354.632 0.988206 0.988206 2 1 0
355.132 0.988322 0.988322 2 1 0
355.632 0.988438 0.988438 2 1 0
356.132 0.988552 0.988552 2 1 0
356.632 0.988665 0.988665 2 1 0
357.132 0.988777 0.988777 2 1 0
357.632 0.988888 0.988888 2 1 0
358.132 0.988998 0.988998 2 1 0
358.632 0.989106 0.989106 2 1 0
359.132 0.989214 0.989214 2 1 0
359.632 0.989321 0.989321 2 1 0
360.132 0.989426 0.989426 2 1 0
360.632 0.989531 0.989531 2 1 0
361.132 0.989634 0.989634 2 1 0
361.632 0.989737 0.989737 2 1 0
362.132 0.989838 0.989838 2 1 0
362.632 0.989939 0.989939 2 1 0
363.132 0.990038 0.990038 2 1 0
363.632 0.990137 0.990137 2 1 0
364.132 0.990234 0.990234 2 1 0
364.632 0.990331 0.990331 2 1 0
365.132 0.990426 0.990426 2 1 0
365.632 0.990521 0.990521 2 1 0
366.132 0.990615 0.990615 2 1 0
366.632 0.990708 0.990708 2 1 0
367.132 0.990799 0.990799 2 1 0
367.632 0.990891 0.990891 2 1 0
368.132 0.990981 0.990981 2 1 0
368.632 0.99107 0.99107 2 1 0
369.132 0.991158 0.991158 2 1 0
369.632 0.991246 0.991246 2 1 0
370.132 0.991332 0.991332 2 1 0
370.632 0.991418 0.991418 2 1 0
371.132 0.991503 0.991503 2 1 0
371.632 0.991587 0.991587 2 1 0
372.132 0.991671 0.991671 2 1 0
372.632 0.991753 0.991753 2 1 0
373.132 0.991835 0.991835 2 1 0
373.632 0.991915 0.991915 2 1 0
374.132 0.991996 0.991996 2 1 0
374.632 0.992075 0.992075 2 1 0
375.132 0.992153 0.992153 2 1 0
375.632 0.992231 0.992231 2 1 0
376.132 0.992308 0.992308 2 1 0
376.632 0.992384 0.992384 2 1 0
377.132 0.992459 0.992459 2 1 0
377.632 0.992534 0.992534 2 1 0
378.132 0.992608 0.992608 2 1 0
378.632 0.992681 0.992681 2 1 0
379.132 0.992754 0.992754 2 1 0
379.632 0.992826 0.992826 2 1 0
380.132 0.992897 0.992897 2 1 0
380.632 0.992967 0.992967 2 1 0
381.132 0.993037 0.993037 2 1 0
381.632 0.993106 0.993106 2 1 0
382.132 0.993174 0.993174 2 1 0
382.632 0.993242 0.993242 2 1 0
383.132 0.993309 0.993309 2 1 0
383.632 0.993375 0.993375 2 1 0
384.132 0.993441 0.993441 2 1 0
384.632 0.993506 0.993506 2 1 0
385.132 0.99357 0.99357 2 1 0
385.632 0.993634 0.993634 2 1 0
386.132 0.993697 0.993697 2 1 0
386.632 0.993759 0.993759 2 1 0
387.132 0.993821 0.993821 2 1 0
387.632 0.993883 0.993883 2 1 0
388.132 0.993943 0.993943 2 1 0
388.632 0.994003 0.994003 2 1 0
389.132 0.994063 0.994063 2 1 0
389.632 0.994122 0.994122 2 1 0
390.132 0.99418 0.99418 2 1 0
390.632 0.994238 0.994238 2 1 0
391.132 0.994295 0.994295 2 1 0
391.632 0.994351 0.994351 2 1 0
392.132 0.994407 0.994407 2 1 0
392.632 0.994463 0.994463 2 1 0
393.132 0.994518 0.994518 2 1 0
393.632 0.994572 0.994572 2 1 0
394.132 0.994626 0.994626 2 1 0
394.632 0.994679 0.994679 2 1 0
395.132 0.994732 0.994732 2 1 0
395.632 0.994784 0.994784 2 1 0
396.132 0.994836 0.994836 2 1 0
396.632 0.994887 0.994887 2 1 0
397.132 0.994938 0.994938 2 1 0
397.632 0.994988 0.994988 2 1 0
398.132 0.995038 0.995038 2 1 0
398.632 0.995087 0.995087 2 1 0
399.132 0.995136 0.995136 2 1 0
399.632 0.995184 0.995184 2 1 0
400.132 0.995232 0.995232 2 1 0
400.632 0.995279 0.995279 2 1 0
401.132 0.995326 0.995326 2 1 0
401.632 0.995372 0.995372 2 1 0
402.132 0.995418 0.995418 2 1 0
402.632 0.995464 0.995464 2 1 0
403.132 0.995509 0.995509 2 1 0
403.632 0.995553 0.995553 2 1 0
404.132 0.995598 0.995598 2 1 0
404.632 0.995641 0.995641 2 1 0
405.132 0.995685 0.995685 2 1 0
405.632 0.995727 0.995727 2 1 0
406.132 0.99577 0.99577 2 1 0
406.632 0.995812 0.995812 2 1 0
407.132 0.995853 0.995853 2 1 0
407.632 0.995894 0.995894 2 1 0
408.132 0.995935 0.995935 2 1 0
408.632 0.995976 0.995976 2 1 0
409.132 0.996016 0.996016 2 1 0
409.632 0.996055 0.996055 2 1 0
410.132 0.996094 0.996094 2 1 0
410.632 0.996133 0.996133 2 1 0
411.132 0.996171 0.996171 2 1 0
411.632 0.996209 0.996209 2 1 0
412.132 0.996247 0.996247 2 1 0
412.632 0.996284 0.996284 2 1 0
413.132 0.996321 0.996321 2 1 0
413.632 0.996358 0.996358 2 1 0
414.132 0.996394 0.996394 2 1 0
414.632 0.99643 0.99643 2 1 0
415.132 0.996465 0.996465 2 1 0
415.632 0.9965 0.9965 2 1 0
416.132 0.996535 0.996535 2 1 0
416.632 0.996569 0.996569 2 1 0
417.132 0.996604 0.996604 2 1 0
417.632 0.996637 0.996637 2 1 0
418.132 0.996671 0.996671 2 1 0
418.632 0.996704 0.996704 2 1 0
419.132 0.996736 0.996736 2 1 0
419.632 0.996769 0.996769 2 1 0
420.132 0.996801 0.996801 2 1 0
420.632 0.996833 0.996833 2 1 0
421.132 0.996864 0.996864 2 1 0
421.632 0.996895 0.996895 2 1 0
422.132 0.996926 0.996926 2 1 0
422.632 0.996957 0.996957 2 1 0
423.132 0.996987 0.996987 2 1 0
423.632 0.997017 0.997017 2 1 0
424.132 0.997047 0.997047 2 1 0
424.632 0.997076 0.997076 2 1 0
425.132 0.997105 0.997105 2 1 0
425.632 0.997134 0.997134 2 1 0
426.132 0.997162 0.997162 2 1 0
426.632 0.99719 0.99719 2 1 0
427.132 0.997218 0.997218 2 1 0
427.632 0.997246 0.997246 2 1 0
428.132 0.997273 0.997273 2 1 0
428.632 0.9973 0.9973 2 1 0
429.132 0.997327 0.997327 2 1 0
429.632 0.997354 0.997354 2 1 0
430.132 0.99738 0.99738 2 1 0
430.632 0.997406 0.997406 2 1 0
431.132 0.997432 0.997432 2 1 0
431.632 0.997457 0.997457 2 1 0
432.132 0.997483 0.997483 2 1 0
432.632 0.997508 0.997508 2 1 0
433.132 0.997532 0.997532 2 1 0
433.632 0.997557 0.997557 2 1 0
434.132 0.997581 0.997581 2 1 0
434.632 0.997605 0.997605 2 1 0
435.132 0.997629 0.997629 2 1 0
435.632 0.997653 0.997653 2 1 0
436.132 0.997676 0.997676 2 1 0
436.632 0.997699 0.997699 2 1 0
437.132 0.997722 0.997722 2 1 0
437.632 0.997745 0.997745 2 1 0
438.132 0.997767 0.997767 2 1 0
438.632 0.997789 0.997789 2 1 0
439.132 0.997811 0.997811 2 1 0
439.632 0.997833 0.997833 2 1 0
440.132 0.997854 0.997854 2 1 0
440.132 0.997854 0.997854 2 1 0
440.172 0.997856 0.997856 2 1 0
440.212 0.997858 0.997858 2 1 0
440.292 0.997861 0.997861 2 1 0
440.452 0.997868 0.997868 2 1 0
440.772 0.997882 0.997882 2 1 0
441.272 0.997903 0.997903 2 1 0
441.772 0.997924 0.997924 2 1 0
442.272 0.997944 0.997944 2 1 0
442.772 0.997965 0.997965 2 1 0
443.272 0.997985 0.997985 2 1 0
443.772 0.998005 0.998005 2 1 0
444.272 0.998025 0.998025 2 1 0
444.772 0.998044 0.998044 2 1 0
445.272 0.998064 0.998064 2 1 0
445.772 0.998083 0.998083 2 1 0
446.272 0.998102 0.998102 2 1 0
446.772 0.998121 0.998121 2 1 0
447.272 0.99814 0.99814 2 1 0
447.772 0.998158 0.998158 2 1 0
448.272 0.998176 0.998176 2 1 0
448.772 0.998195 0.998195 2 1 0
449.272 0.998213 0.998213 2 1 0
449.772 0.99823 0.99823 2 1 0
450.272 0.998248 0.998248 2 1 0
450.772 0.998265 0.998265 2 1 0
451.272 0.998283 0.998283 2 1 0
451.772 0.9983 0.9983 2 1 0
452.272 0.998317 0.998317 2 1 0
452.772 0.998333 0.998333 2 1 0
453.272 0.99835 0.99835 2 1 0
453.772 0.998366 0.998366 2 1 0
454.272 0.998383 0.998383 2 1 0
454.772 0.998399 0.998399 2 1 0
455.272 0.998415 0.998415 2 1 0
455.772 0.99843 0.99843 2 1 0
456.272 0.998446 0.998446 2 1 0
456.772 0.998461 0.998461 2 1 0
457.272 0.998477 0.998477 2 1 0
457.772 0.998492 0.998492 2 1 0
458.272 0.998507 0.998507 2 1 0
458.772 0.998522 0.998522 2 1 0
459.272 0.998536 0.998536 2 1 0
459.772 0.998551 0.998551 2 1 0
460.272 0.998565 0.998565 2 1 0
460.772 0.99858 0.99858 2 1 0
461.272 0.998594 0.998594 2 1 0
461.772 0.998608 0.998608 2 1 0
462.272 0.998621 0.998621 2 1 0
462.772 0.998635 0.998635 2 1 0
463.272 0.998649 0.998649 2 1 0
463.772 0.998662 0.998662 2 1 0
464.272 0.998676 0.998676 2 1 0
464.772 0.998689 0.998689 2 1 0
465.272 0.998702 0.998702 2 1 0
465.772 0.998715 0.998715 2 1 0
466.272 0.998727 0.998727 2 1 0
466.772 0.99874 0.99874 2 1 0
467.272 0.998753 0.998753 2 1 0
467.772 0.998765 0.998765 2 1 0
468.272 0.998777 0.998777 2 1 0
468.772 0.998789 0.998789 2 1 0
469.272 0.998801 0.998801 2 1 0
469.772 0.998813 0.998813 2 1 0
470.272 0.998825 0.998825 2 1 0
470.772 0.998837 0.998837 2 1 0
471.272 0.998848 0.998848 2 1 0
471.772 0.99886 0.99886 2 1 0
472.272 0.998871 0.998871 2 1 0
472.772 0.998882 0.998882 2 1 0
473.272 0.998894 0.998894 2 1 0
473.772 0.998905 0.998905 2 1 0
474.272 0.998915 0.998915 2 1 0
474.772 0.998926 0.998926 2 1 0
475.272 0.998937 0.998937 2 1 0
475.772 0.998948 0.998948 2 1 0
476.272 0.998958 0.998958 2 1 0
476.772 0.998968 0.998968 2 1 0
477.272 0.998979 0.998979 2 1 0
477.772 0.998989 0.998989 2 1 0
478.272 0.998999 0.998999 2 1 0
478.772 0.999009 0.999009 2 1 0
479.272 0.999019 0.999019 2 1 0
479.772 0.999028 0.999028 2 1 0
480.272 0.999038 0.999038 2 1 0
480.772 0.999048 0.999048 2 1 0
481.272 0.999057 0.999057 2 1 0
481.772 0.999066 0.999066 2 1 0
482.272 0.999076 0.999076 2 1 0
482.772 0.999085 0.999085 2 1 0
483.272 0.999094 0.999094 2 1 0
483.772 0.999103 0.999103 2 1 0
484.272 0.999112 0.999112 2 1 0
484.772 0.999121 0.999121 2 1 0
485.272 0.99913 0.99913 2 1 0
485.772 0.999138 0.999138 2 1 0
486.272 0.999147 0.999147 2 1 0
486.772 0.999155 0.999155 2 1 0
487.272 0.999164 0.999164 2 1 0
487.772 0.999172 0.999172 2 1 0
488.272 0.99918 0.99918 2 1 0
488.772 0.999188 0.999188 2 1 0
489.272 0.999196 0.999196 2 1 0
489.772 0.999204 0.999204 2 1 0
490.272 0.999212 0.999212 2 1 0
490.772 0.99922 0.99922 2 1 0
491.272 0.999228 0.999228 2 1 0
491.772 0.999236 0.999236 2 1 0
492.272 0.999243 0.999243 2 1 0
492.772 0.999251 0.999251 2 1 0
493.272 0.999258 0.999258 2 1 0
493.772 0.999266 0.999266 2 1 0
494.272 0.999273 0.999273 2 1 0
494.772 0.99928 0.99928 2 1 0
495.272 0.999287 0.999287 2 1 0
495.772 0.999294 0.999294 2 1 0
496.272 0.999301 0.999301 2 1 0
496.772 0.999308 0.999308 2 1 0
497.272 0.999315 0.999315 2 1 0
497.772 0.999322 0.999322 2 1 0
498.272 0.999329 0.999329 2 1 0
498.772 0.999335 0.999335 2 1 0
499.272 0.999342 0.999342 2 1 0
499.772 0.999349 0.999349 2 1 0
500.272 0.999355 0.999355 2 1 0
500.772 0.999362 0.999362 2 1 0
501.272 0.999368 0.999368 2 1 0
501.772 0.999374 0.999374 2 1 0
502.272 0.99938 0.99938 2 1 0
502.772 0.999387 0.999387 2 1 0
503.272 0.999393 0.999393 2 1 0
503.772 0.999399 0.999399 2 1 0
504.272 0.999405 0.999405 2 1 0
504.772 0.999411 0.999411 2 1 0
505.272 0.999416 0.999416 2 1 0
505.772 0.999422 0.999422 2 1 0
506.272 0.999428 0.999428 2 1 0
506.772 0.999434 0.999434 2 1 0
507.272 0.999439 0.999439 2 1 0
507.772 0.999445 0.999445 2 1 0
508.272 0.99945 0.99945 2 1 0
508.772 0.999456 0.999456 2 1 0
509.272 0.999461 0.999461 2 1 0
509.772 0.999467 0.999467 2 1 0
510.272 0.999472 0.999472 2 1 0
510.772 0.999477 0.999477 2 1 0
511.272 0.999482 0.999482 2 1 0
511.772 0.999488 0.999488 2 1 0
512.272 0.999493 0.999493 2 1 0
512.772 0.999498 0.999498 2 1 0
513.272 0.999503 0.999503 2 1 0
513.772 0.999508 0.999508 2 1 0
514.272 0.999513 0.999513 2 1 0
514.772 0.999517 0.999517 2 1 0
515.272 0.999522 0.999522 2 1 0
515.772 0.999527 0.999527 2 1 0
516.272 0.999532 0.999532 2 1 0
516.772 0.999536 0.999536 2 1 0
517.272 0.999541 0.999541 2 1 0
517.772 0.999546 0.999546 2 1 0
518.272 0.99955 0.99955 2 1 0
518.772 0.999555 0.999555 2 1 0
519.272 0.999559 0.999559 2 1 0
519.772 0.999563 0.999563 2 1 0
520.272 0.999568 0.999568 2 1 0
520.772 0.999572 0.999572 2 1 0
521.272 0.999576 0.999576 2 1 0
521.772 0.99958 0.99958 2 1 0
522.272 0.999585 0.999585 2 1 0
522.772 0.999589 0.999589 2 1 0
523.272 0.999593 0.999593 2 1 0
523.772 0.999597 0.999597 2 1 0
524.272 0.999601 0.999601 2 1 0
524.772 0.999605 0.999605 2 1 0
525.272 0.999609 0.999609 2 1 0
525.772 0.999613 0.999613 2 1 0
526.272 0.999617 0.999617 2 1 0
526.772 0.99962 0.99962 2 1 0
527.272 0.999624 0.999624 2 1 0
527.772 0.999628 0.999628 2 1 0
528.272 0.999632 0.999632 2 1 0
528.772 0.999635 0.999635 2 1 0
529.272 0.999639 0.999639 2 1 0
529.772 0.999642 0.999642 2 1 0
530.272 0.999646 0.999646 2 1 0
530.772 0.99965 0.99965 2 1 0
531.272 0.999653 0.999653 2 1 0
531.772 0.999656 0.999656 2 1 0
532.272 0.99966 0.99966 2 1 0
532.772 0.999663 0.999663 2 1 0
533.272 0.999667 0.999667 2 1 0
533.772 0.99967 0.99967 2 1 0
534.272 0.999673 0.999673 2 1 0
534.772 0.999676 0.999676 2 1 0
535.272 0.99968 0.99968 2 1 0
535.772 0.999683 0.999683 2 1 0
536.272 0.999686 0.999686 2 1 0
536.772 0.999689 0.999689 2 1 0
537.272 0.999692 0.999692 2 1 0
537.772 0.999695 0.999695 2 1 0
537.772 0.999695 0.999695 2 1 0
537.812 0.999696 0.999696 2 1 0
537.852 0.999696 0.999696 2 1 0
537.932 0.999696 0.999696 2 1 0
538.092 0.999697 0.999697 2 1 0
538.412 0.999699 0.999699 2 1 0
538.912 0.999702 0.999702 2 1 0
539.412 0.999705 0.999705 2 1 0
539.912 0.999708 0.999708 2 1 0
540.412 0.999711 0.999711 2 1 0
540.912 0.999714 0.999714 2 1 0
541.412 0.999717 0.999717 2 1 0
541.912 0.99972 0.99972 2 1 0
542.412 0.999722 0.999722 2 1 0
542.912 0.999725 0.999725 2 1 0
543.412 0.999728 0.999728 2 1 0
543.912 0.999731 0.999731 2 1 0
544.412 0.999733 0.999733 2 1 0
544.912 0.999736 0.999736 2 1 0
545.412 0.999738 0.999738 2 1 0
545.912 0.999741 0.999741 2 1 0
546.412 0.999744 0.999744 2 1 0
546.912 0.999746 0.999746 2 1 0
547.412 0.999749 0.999749 2 1 0
547.912 0.999751 0.999751 2 1 0
548.412 0.999754 0.999754 2 1 0
548.912 0.999756 0.999756 2 1 0
549.412 0.999759 0.999759 2 1 0
549.912 0.999761 0.999761 2 1 0
550.412 0.999763 0.999763 2 1 0
550.912 0.999766 0.999766 2 1 0
551.412 0.999768 0.999768 2 1 0
551.912 0.99977 0.99977 2 1 0
552.412 0.999773 0.999773 2 1 0
552.912 0.999775 0.999775 2 1 0
553.412 0.999777 0.999777 2 1 0
553.912 0.999779 0.999779 2 1 0
554.412 0.999782 0.999782 2 1 0
554.912 0.999784 0.999784 2 1 0
555.412 0.999786 0.999786 2 1 0
555.912 0.999788 0.999788 2 1 0
556.412 0.99979 0.99979 2 1 0
556.912 0.999792 0.999792 2 1 0
557.412 0.999794 0.999794 2 1 0
557.912 0.999796 0.999796 2 1 0
558.412 0.999798 0.999798 2 1 0
558.912 0.9998 0.9998 2 1 0
559.412 0.999802 0.999802 2 1 0
559.912 0.999804 0.999804 2 1 0
560.412 0.999806 0.999806 2 1 0
560.912 0.999808 0.999808 2 1 0
561.412 0.99981 0.99981 2 1 0
561.912 0.999812 0.999812 2 1 0
562.412 0.999814 0.999814 2 1 0
562.912 0.999816 0.999816 2 1 0
563.412 0.999818 0.999818 2 1 0
563.912 0.999819 0.999819 2 1 0
564.412 0.999821 0.999821 2 1 0
564.912 0.999823 0.999823 2 1 0
565.412 0.999825 0.999825 2 1 0
565.912 0.999826 0.999826 2 1 0
566.412 0.999828 0.999828 2 1 0
566.912 0.99983 0.99983 2 1 0
567.412 0.999832 0.999832 2 1 0
567.912 0.999833 0.999833 2 1 0
568.412 0.999835 0.999835 2 1 0
568.912 0.999837 0.999837 2 1 0
569.412 0.999838 0.999838 2 1 0
569.912 0.99984 0.99984 2 1 0
570.412 0.999841 0.999841 2 1 0
570.912 0.999843 0.999843 2 1 0
571.412 0.999845 0.999845 2 1 0
571.912 0.999846 0.999846 2 1 0
572.412 0.999848 0.999848 2 1 0
572.912 0.999849 0.999849 2 1 0
573.412 0.999851 0.999851 2 1 0
573.912 0.999852 0.999852 2 1 0
574.412 0.999854 0.999854 2 1 0
574.912 0.999855 0.999855 2 1 0
575.412 0.999856 0.999856 2 1 0
575.912 0.999858 0.999858 2 1 0
576.412 0.999859 0.999859 2 1 0
576.912 0.999861 0.999861 2 1 0
577.412 0.999862 0.999862 2 1 0
577.912 0.999863 0.999863 2 1 0
578.412 0.999865 0.999865 2 1 0
578.912 0.999866 0.999866 2 1 0
579.412 0.999868 0.999868 2 1 0
579.912 0.999869 0.999869 2 1 0
580.412 0.99987 0.99987 2 1 0
580.912 0.999871 0.999871 2 1 0
581.412 0.999873 0.999873 2 1 0
581.912 0.999874 0.999874 2 1 0
582.412 0.999875 0.999875 2 1 0
582.912 0.999876 0.999876 2 1 0
583.412 0.999878 0.999878 2 1 0
583.912 0.999879 0.999879 2 1 0
584.412 0.99988 0.99988 2 1 0
584.912 0.999881 0.999881 2 1 0
585.412 0.999882 0.999882 2 1 0
585.912 0.999884 0.999884 2 1 0
586.412 0.999885 0.999885 2 1 0
586.912 0.999886 0.999886 2 1 0
587.412 0.999887 0.999887 2 1 0
587.912 0.999888 0.999888 2 1 0
588.412 0.999889 0.999889 2 1 0
588.912 0.99989 0.99989 2 1 0
589.412 0.999892 0.999892 2 1 0
589.912 0.999893 0.999893 2 1 0
590.412 0.999894 0.999894 2 1 0
590.912 0.999895 0.999895 2 1 0
591.412 0.999896 0.999896 2 1 0
591.912 0.999897 0.999897 2 1 0
592.412 0.999898 0.999898 2 1 0
592.912 0.999899 0.999899 2 1 0
593.412 0.9999 0.9999 2 1 0
593.912 0.999901 0.999901 2 1 0
594.412 0.999902 0.999902 2 1 0
594.912 0.999903 0.999903 2 1 0
595.412 0.999904 0.999904 2 1 0
595.912 0.999905 0.999905 2 1 0
596.412 0.999906 0.999906 2 1 0
596.912 0.999907 0.999907 2 1 0
597.412 0.999908 0.999908 2 1 0
597.912 0.999908 0.999908 2 1 0
598.412 0.999909 0.999909 2 1 0
598.912 0.99991 0.99991 2 1 0
599.412 0.999911 0.999911 2 1 0
599.912 0.999912 0.999912 2 1 0
600.412 0.999913 0.999913 2 1 0
600.912 0.999914 0.999914 2 1 0
601.412 0.999915 0.999915 2 1 0
601.912 0.999916 0.999916 2 1 0
602.412 0.999916 0.999916 2 1 0
602.912 0.999917 0.999917 2 1 0
603.412 0.999918 0.999918 2 1 0
603.912 0.999919 0.999919 2 1 0
604.412 0.99992 0.99992 2 1 0
604.912 0.99992 0.99992 2 1 0
605.412 0.999921 0.999921 2 1 0
605.912 0.999922 0.999922 2 1 0
606.412 0.999923 0.999923 2 1 0
606.912 0.999924 0.999924 2 1 0
607.412 0.999924 0.999924 2 1 0
607.912 0.999925 0.999925 2 1 0
608.412 0.999926 0.999926 2 1 0
608.912 0.999927 0.999927 2 1 0
609.412 0.999927 0.999927 2 1 0
609.912 0.999928 0.999928 2 1 0
610.412 0.999929 0.999929 2 1 0
610.912 0.999929 0.999929 2 1 0
611.412 0.99993 0.99993 2 1 0
611.912 0.999931 0.999931 2 1 0
612.412 0.999932 0.999932 2 1 0
612.912 0.999932 0.999932 2 1 0
613.412 0.999933 0.999933 2 1 0
613.912 0.999934 0.999934 2 1 0
614.412 0.999934 0.999934 2 1 0
614.912 0.999935 0.999935 2 1 0
615.412 0.999936 0.999936 2 1 0
615.912 0.999936 0.999936 2 1 0
616.412 0.999937 0.999937 2 1 0
616.912 0.999937 0.999937 2 1 0
617.412 0.999938 0.999938 2 1 0
617.912 0.999939 0.999939 2 1 0
618.412 0.999939 0.999939 2 1 0
618.912 0.99994 0.99994 2 1 0
619.412 0.99994 0.99994 2 1 0
619.912 0.999941 0.999941 2 1 0
620.412 0.999942 0.999942 2 1 0
620.912 0.999942 0.999942 2 1 0
621.412 0.999943 0.999943 2 1 0
621.912 0.999943 0.999943 2 1 0
622.412 0.999944 0.999944 2 1 0
622.912 0.999944 0.999944 2 1 0
623.412 0.999945 0.999945 2 1 0
623.912 0.999946 0.999946 2 1 0
624.412 0.999946 0.999946 2 1 0
624.912 0.999947 0.999947 2 1 0
625.412 0.999947 0.999947 2 1 0
625.912 0.999948 0.999948 2 1 0
626.412 0.999948 0.999948 2 1 0
626.912 0.999949 0.999949 2 1 0
627.412 0.999949 0.999949 2 1 0
627.912 0.99995 0.99995 2 1 0
628.412 0.99995 0.99995 2 1 0
628.912 0.999951 0.999951 2 1 0
629.412 0.999951 0.999951 2 1 0
629.912 0.999952 0.999952 2 1 0
630.412 0.999952 0.999952 2 1 0
630.912 0.999953 0.999953 2 1 0
631.412 0.999953 0.999953 2 1 0
631.912 0.999954 0.999954 2 1 0
632.412 0.999954 0.999954 2 1 0
632.912 0.999955 0.999955 2 1 0
633.412 0.999955 0.999955 2 1 0
633.912 0.999955 0.999955 2 1 0
634.412 0.999956 0.999956 2 1 0
634.912 0.999956 0.999956 2 1 0
635.412 0.999957 0.999957 2 1 0
218.725 0.4 0.4 2 2 0
218.765 0.4 0.4 1 2 0
218.805 0.4 0.4 1 2 0
218.885 0.4 0.4 1 2 0
219.045 0.4 0.4 1 2 0
219.365 0.4 0.4 1 2 0
219.865 0.4 0.4 1 2 0
220.365 0.4 0.4 1 2 0
220.865 0.4 0.4 1 2 0
221.365 0.4 0.4 1 2 0
221.865 0.4 0.4 1 2 0
222.365 0.4 0.4 1 2 0
222.865 0.4 0.4 1 2 0
223.365 0.4 0.4 1 2 0
223.865 0.4 0.4 1 2 0
224.365 0.4 0.4 1 2 0
224.865 0.4 0.4 1 2 0
225.365 0.4 0.4 1 2 0
225.865 0.4 0.4 1 2 0
226.365 0.4 0.4 1 2 0
226.865 0.4 0.4 1 2 0
227.365 0.4 0.4 1 2 0
227.865 0.4 0.4 1 2 0
228.365 0.4 0.4 1 2 0
228.865 0.4 0.4 1 2 0
229.365 0.4 0.4 1 2 0
229.865 0.4 0.4 1 2 0
230.365 0.4 0.4 1 2 0
230.865 0.4 0.4 1 2 0
231.365 0.4 0.4 1 2 0
231.865 0.4 0.4 1 2 0
232.365 0.4 0.4 1 2 0
232.865 0.4 0.4 1 2 0
233.365 0.4 0.4 1 2 0
233.865 0.4 0.4 1 2 0
234.365 0.4 0.4 1 2 0
234.865 0.4 0.4 1 2 0
235.365 0.4 0.4 1 2 0
235.865 0.4 0.4 1 2 0
236.365 0.4 0.4 1 2 0
236.865 0.4 0.4 1 2 0
237.365 0.4 0.4 1 2 0
237.865 0.4 0.4 1 2 0
238.365 0.4 0.4 1 2 0
238.865 0.4 0.4 1 2 0
239.365 0.4 0.4 1 2 0
239.865 0.4 0.4 1 2 0
240.365 0.4 0.4 1 2 0
240.865 0.4 0.4 1 2 0
241.365 0.4 0.4 1 2 0
241.865 0.4 0.4 1 2 0
242.365 0.4 0.4 1 2 0
242.865 0.4 0.4 1 2 0
243.365 0.4 0.4 1 2 0
243.865 0.4 0.4 1 2 0
244.365 0.4 0.4 1 2 0
244.865 0.4 0.4 1 2 0
245.365 0.4 0.4 1 2 0
245.865 0.4 0.4 1 2 0
246.365 0.4 0.4 1 2 0
246.865 0.4 0.4 1 2 0
247.365 0.4 0.4 1 2 0
247.865 0.4 0.4 1 2 0
248.365 0.4 0.4 1 2 0
248.865 0.4 0.4 1 2 0
249.365 0.4 0.4 1 2 0
249.865 0.4 0.4 1 2 0
250.365 0.4 0.4 1 2 0
250.865 0.4 0.4 1 2 0
251.365 0.4 0.4 1 2 0
251.865 0.4 0.4 1 2 0
252.365 0.4 0.4 1 2 0
252.865 0.4 0.4 1 2 0
253.365 0.4 0.4 1 2 0
253.865 0.4 0.4 1 2 0
254.365 0.4 0.4 1 2 0
254.865 0.4 0.4 1 2 0
255.365 0.4 0.4 1 2 0
255.865 0.4 0.4 1 2 0
256.365 0.4 0.4 1 2 0
256.865 0.4 0.4 1 2 0
257.365 0.4 0.4 1 2 0
257.865 0.4 0.4 1 2 0
258.365 0.4 0.4 1 2 0
258.865 0.4 0.4 1 2 0
259.365 0.4 0.4 1 2 0
259.865 0.4 0.4 1 2 0
260.365 0.4 0.4 1 2 0
260.865 0.4 0.4 1 2 0
261.365 0.4 0.4 1 2 0
261.865 0.4 0.4 1 2 0
262.365 0.4 0.4 1 2 0
262.865 0.4 0.4 1 2 0
263.365 0.4 0.4 1 2 0
263.865 0.4 0.4 1 2 0
264.365 0.4 0.4 1 2 0
264.865 0.4 0.4 1 2 0
265.365 0.4 0.4 1 2 0
265.865 0.4 0.4 1 2 0
266.365 0.4 0.4 1 2 0
266.865 0.4 0.4 1 2 0
267.365 0.4 0.4 1 2 0
267.865 0.4 0.4 1 2 0
268.365 0.4 0.4 1 2 0
268.865 0.4 0.4 1 2 0
269.365 0.4 0.4 1 2 0
269.865 0.4 0.4 1 2 0
270.365 0.4 0.4 1 2 0
270.865 0.4 0.4 1 2 0
271.365 0.4 0.4 1 2 0
271.865 0.4 0.4 1 2 0
272.365 0.4 0.4 1 2 0
272.865 0.4 0.4 1 2 0
273.365 0.4 0.4 1 2 0
273.865 0.4 0.4 1 2 0
274.365 0.4 0.4 1 2 0
274.865 0.4 0.4 1 2 0
275.365 0.4 0.4 1 2 0
275.865 0.4 0.4 1 2 0
276.365 0.4 0.4 1 2 0
276.865 0.4 0.4 1 2 0
277.365 0.4 0.4 1 2 0
277.865 0.4 0.4 1 2 0
278.365 0.4 0.4 1 2 0
278.865 0.4 0.4 1 2 0
279.365 0.4 0.4 1 2 0
279.865 0.4 0.4 1 2 0
280.365 0.4 0.4 1 2 0
280.865 0.4 0.4 1 2 0
281.365 0.4 0.4 1 2 0
281.865 0.4 0.4 1 2 0
282.365 0.4 0.4 1 2 0
282.865 0.4 0.4 1 2 0
283.365 0.4 0.4 1 2 0
283.865 0.4 0.4 1 2 0
284.365 0.4 0.4 1 2 0
284.865 0.4 0.4 1 2 0
285.365 0.4 0.4 1 2 0
285.865 0.4 0.4 1 2 0
286.365 0.4 0.4 1 2 0
286.865 0.4 0.4 1 2 0
287.365 0.4 0.4 1 2 0
287.865 0.4 0.4 1 2 0
288.365 0.4 0.4 1 2 0
288.865 0.4 0.4 1 2 0
289.365 0.4 0.4 1 2 0
289.865 0.4 0.4 1 2 0
290.365 0.4 0.4 1 2 0
290.865 0.4 0.4 1 2 0
291.365 0.4 0.4 1 2 0
291.865 0.4 0.4 1 2 0
292.365 0.4 0.4 1 2 0
292.865 0.4 0.4 1 2 0
293.365 0.4 0.4 1 2 0
293.865 0.4 0.4 1 2 0
294.365 0.4 0.4 1 2 0
294.865 0.4 0.4 1 2 0
295.365 0.4 0.4 1 2 0
295.865 0.4 0.4 1 2 0
296.365 0.4 0.4 1 2 0
296.865 0.4 0.4 1 2 0
297.365 0.4 0.4 1 2 0
297.865 0.4 0.4 1 2 0
298.365 0.4 0.4 1 2 0
298.865 0.4 0.4 1 2 0
299.365 0.4 0.4 1 2 0
299.865 0.4 0.4 1 2 0
300.365 0.4 0.4 1 2 0
300.865 0.4 0.4 1 2 0
301.365 0.4 0.4 1 2 0
301.865 0.4 0.4 1 2 0
302.365 0.4 0.4 1 2 0
302.865 0.4 0.4 1 2 0
303.365 0.4 0.4 1 2 0
303.865 0.4 0.4 1 2 0
304.365 0.4 0.4 1 2 0
304.865 0.4 0.4 1 2 0
305.365 0.4 0.4 1 2 0
305.865 0.4 0.4 1 2 0
306.365 0.4 0.4 1 2 0
306.865 0.4 0.4 1 2 0
307.365 0.4 0.4 1 2 0
307.865 0.4 0.4 1 2 0
308.365 0.4 0.4 1 2 0
308.865 0.4 0.4 1 2 0
309.365 0.4 0.4 1 2 0
309.865 0.4 0.4 1 2 0
310.365 0.4 0.4 1 2 0
310.865 0.4 0.4 1 2 0
311.365 0.4 0.4 1 2 0
311.865 0.4 0.4 1 2 0
312.365 0.4 0.4 1 2 0
312.865 0.4 0.4 1 2 0
313.365 0.4 0.4 1 2 0
313.865 0.4 0.4 1 2 0
314.365 0.4 0.4 1 2 0
314.865 0.4 0.4 1 2 0
315.365 0.4 0.4 1 2 0
315.865 0.4 0.4 1 2 0
316.365 0.4 0.4 1 2 0
316.365 0.4 0.4 2 2 0
316.405 0.4 0.4 1 2 0
316.445 0.4 0.4 1 2 0
316.525 0.4 0.4 1 2 0
316.685 0.4 0.4 1 2 0
317.005 0.4 0.4 1 2 0
317.505 0.4 0.4 1 2 0
318.005 0.4 0.4 1 2 0
318.505 0.4 0.4 1 2 0
319.005 0.4 0.4 1 2 0
319.505 0.4 0.4 1 2 0
320.005 0.4 0.4 1 2 0
320.505 0.4 0.4 1 2 0
321.005 0.4 0.4 1 2 0
321.505 0.4 0.4 1 2 0
322.005 0.4 0.4 1 2 0
322.505 0.4 0.4 1 2 0
323.005 0.4 0.4 1 2 0
323.505 0.4 0.4 1 2 0
324.005 0.4 0.4 1 2 0
324.505 0.4 0.4 1 2 0
325.005 0.4 0.4 1 2 0
325.505 0.4 0.4 1 2 0
326.005 0.4 0.4 1 2 0
326.505 0.4 0.4 1 2 0
327.005 0.4 0.4 1 2 0
327.505 0.4 0.4 1 2 0
328.005 0.4 0.4 1 2 0
328.505 0.4 0.4 1 2 0
329.005 0.4 0.4 1 2 0
329.505 0.4 0.4 1 2 0
330.005 0.4 0.4 1 2 0
330.505 0.4 0.4 1 2 0
331.005 0.4 0.4 1 2 0
331.505 0.4 0.4 1 2 0
332.005 0.4 0.4 1 2 0
332.505 0.4 0.4 1 2 0
333.005 0.4 0.4 1 2 0
333.505 0.4 0.4 1 2 0
334.005 0.4 0.4 1 2 0
334.505 0.4 0.4 1 2 0
335.005 0.4 0.4 1 2 0
335.505 0.4 0.4 1 2 0
336.005 0.4 0.4 1 2 0
336.505 0.4 0.4 1 2 0
337.005 0.4 0.4 1 2 0
337.505 0.4 0.4 1 2 0
338.005 0.4 0.4 1 2 0
338.505 0.4 0.4 1 2 0
339.005 0.4 0.4 1 2 0
339.505 0.4 0.4 1 2 0
340.005 0.4 0.4 1 2 0
340.505 0.4 0.4 1 2 0
341.005 0.4 0.4 1 2 0
341.505 0.4 0.4 1 2 0
342.005 0.4 0.4 1 2 0
342.505 0.4 0.4 1 2 0
343.005 0.4 0.4 1 2 0
343.505 0.4 0.4 1 2 0
344.005 0.4 0.4 1 2 0
344.505 0.4 0.4 1 2 0
345.005 0.4 0.4 1 2 0
345.505 0.4 0.4 1 2 0
346.005 0.4 0.4 1 2 0
346.505 0.4 0.4 1 2 0
347.005 0.4 0.4 1 2 0
347.505 0.4 0.4 1 2 0
348.005 0.4 0.4 1 2 0
348.505 0.4 0.4 1 2 0
349.005 0.4 0.4 1 2 0
349.505 0.4 0.4 1 2 0
350.005 0.4 0.4 1 2 0
350.505 0.4 0.4 1 2 0
351.005 0.4 0.4 1 2 0
351.505 0.4 0.4 1 2 0
352.005 0.4 0.4 1 2 0
352.505 0.4 0.4 1 2 0
353.005 0.4 0.4 1 2 0
353.505 0.4 0.4 1 2 0
354.005 0.4 0.4 1 2 0
354.505 0.4 0.4 1 2 0
355.005 0.4 0.4 1 2 0
355.505 0.4 0.4 1 2 0
356.005 0.4 0.4 1 2 0
356.505 0.4 0.4 1 2 0
357.005 0.4 0.4 1 2 0
357.505 0.4 0.4 1 2 0
358.005 0.4 0.4 1 2 0
358.505 0.4 0.4 1 2 0
359.005 0.4 0.4 1 2 0
359.505 0.4 0.4 1 2 0
360.005 0.4 0.4 1 2 0
360.505 0.4 0.4 1 2 0
361.005 0.4 0.4 1 2 0
361.505 0.4 0.4 1 2 0
362.005 0.4 0.4 1 2 0
362.505 0.4 0.4 1 2 0
363.005 0.4 0.4 1 2 0
363.505 0.4 0.4 1 2 0
364.005 0.4 0.4 1 2 0
364.505 0.4 0.4 1 2 0
365.005 0.4 0.4 1 2 0
365.505 0.4 0.4 1 2 0
366.005 0.4 0.4 1 2 0
366.505 0.4 0.4 1 2 0
367.005 0.4 0.4 1 2 0
367.505 0.4 0.4 1 2 0
368.005 0.4 0.4 1 2 0
368.505 0.4 0.4 1 2 0
369.005 0.4 0.4 1 2 0
369.505 0.4 0.4 1 2 0
370.005 0.4 0.4 1 2 0
370.505 0.4 0.4 1 2 0
371.005 0.4 0.4 1 2 0
371.505 0.4 0.4 1 2 0
372.005 0.4 0.4 1 2 0
372.505 0.4 0.4 1 2 0
373.005 0.4 0.4 1 2 0
373.505 0.4 0.4 1 2 0
374.005 0.4 0.4 1 2 0
374.505 0.4 0.4 1 2 0
375.005 0.4 0.4 1 2 0
375.505 0.4 0.4 1 2 0
376.005 0.4 0.4 1 2 0
376.505 0.4 0.4 1 2 0
377.005 0.4 0.4 1 2 0
377.505 0.4 0.4 1 2 0
378.005 0.4 0.4 1 2 0
378.505 0.4 0.4 1 2 0
379.005 0.4 0.4 1 2 0
379.505 0.4 0.4 1 2 0
380.005 0.4 0.4 1 2 0
380.505 0.4 0.4 1 2 0
381.005 0.4 0.4 1 2 0
381.505 0.4 0.4 1 2 0
382.005 0.4 0.4 1 2 0
382.505 0.4 0.4 1 2 0
383.005 0.4 0.4 1 2 0
383.505 0.4 0.4 1 2 0
384.005 0.4 0.4 1 2 0
384.505 0.4 0.4 1 2 0
385.005 0.4 0.4 1 2 0
385.505 0.4 0.4 1 2 0
386.005 0.4 0.4 1 2 0
386.505 0.4 0.4 1 2 0
387.005 0.4 0.4 1 2 0
387.505 0.4 0.4 1 2 0
388.005 0.4 0.4 1 2 0
388.505 0.4 0.4 1 2 0
389.005 0.4 0.4 1 2 0
389.505 0.4 0.4 1 2 0
390.005 0.4 0.4 1 2 0
390.505 0.4 0.4 1 2 0
391.005 0.4 0.4 1 2 0
391.505 0.4 0.4 1 2 0
392.005 0.4 0.4 1 2 0
392.505 0.4 0.4 1 2 0
393.005 0.4 0.4 1 2 0
393.505 0.4 0.4 1 2 0
394.005 0.4 0.4 1 2 0
394.505 0.4 0.4 1 2 0
395.005 0.4 0.4 1 2 0
395.505 0.4 0.4 1 2 0
396.005 0.4 0.4 1 2 0
396.505 0.4 0.4 1 2 0
397.005 0.4 0.4 1 2 0
397.505 0.4 0.4 1 2 0
398.005 0.4 0.4 1 2 0
398.505 0.4 0.4 1 2 0
399.005 0.4 0.4 1 2 0
399.505 0.4 0.4 1 2 0
400.005 0.4 0.4 1 2 0
400.505 0.4 0.4 1 2 0
401.005 0.4 0.4 1 2 0
401.505 0.4 0.4 1 2 0
402.005 0.4 0.4 1 2 0
402.505 0.4 0.4 1 2 0
403.005 0.4 0.4 1 2 0
403.505 0.4 0.4 1 2 0
404.005 0.4 0.4 1 2 0
404.505 0.4 0.4 1 2 0
405.005 0.4 0.4 1 2 0
405.505 0.4 0.4 1 2 0
406.005 0.4 0.4 1 2 0
406.505 0.4 0.4 1 2 0
407.005 0.4 0.4 1 2 0
407.505 0.4 0.4 1 2 0
408.005 0.4 0.4 1 2 0
408.505 0.4 0.4 1 2 0
409.005 0.4 0.4 1 2 0
409.505 0.4 0.4 1 2 0
410.005 0.4 0.4 1 2 0
410.505 0.4 0.4 1 2 0
411.005 0.4 0.4 1 2 0
411.505 0.4 0.4 1 2 0
412.005 0.4 0.4 1 2 0
412.505 0.4 0.4 1 2 0
413.005 0.4 0.4 1 2 0
413.505 0.4 0.4 1 2 0
414.005 0.4 0.4 1 2 0
414.005 0.4 0.4 2 2 0
414.045 0.4 0.4 1 2 0
414.085 0.4 0.4 1 2 0
414.165 0.4 0.4 1 2 0
414.325 0.4 0.4 1 2 0
414.645 0.4 0.4 1 2 0
415.145 0.4 0.4 1 2 0
415.645 0.4 0.4 1 2 0
416.145 0.4 0.4 1 2 0
416.645 0.4 0.4 1 2 0
417.145 0.4 0.4 1 2 0
417.645 0.4 0.4 1 2 0
418.145 0.4 0.4 1 2 0
418.645 0.4 0.4 1 2 0
419.145 0.4 0.4 1 2 0
419.645 0.4 0.4 1 2 0
420.145 0.4 0.4 1 2 0
420.645 0.4 0.4 1 2 0
421.145 0.4 0.4 1 2 0
421.645 0.4 0.4 1 2 0
422.145 0.4 0.4 1 2 0
422.645 0.4 0.4 1 2 0
423.145 0.4 0.4 1 2 0
423.645 0.4 0.4 1 2 0
424.145 0.4 0.4 1 2 0
424.645 0.4 0.4 1 2 0
425.145 0.4 0.4 1 2 0
425.645 0.4 0.4 1 2 0
426.145 0.4 0.4 1 2 0
426.645 0.4 0.4 1 2 0
427.145 0.4 0.4 1 2 0
427.645 0.4 0.4 1 2 0
428.145 0.4 0.4 1 2 0
428.645 0.4 0.4 1 2 0
429.145 0.4 0.4 1 2 0
429.645 0.4 0.4 1 2 0
430.145 0.4 0.4 1 2 0
430.645 0.4 0.4 1 2 0
431.145 0.4 0.4 1 2 0
431.645 0.4 0.4 1 2 0
432.145 0.4 0.4 1 2 0
432.645 0.4 0.4 1 2 0
433.145 0.4 0.4 1 2 0
433.645 0.4 0.4 1 2 0
434.145 0.4 0.4 1 2 0
434.645 0.4 0.4 1 2 0
435.145 0.4 0.4 1 2 0
435.645 0.4 0.4 1 2 0
436.145 0.4 0.4 1 2 0
436.645 0.4 0.4 1 2 0
437.145 0.4 0.4 1 2 0
437.645 0.4 0.4 1 2 0
438.145 0.4 0.4 1 2 0
438.645 0.4 0.4 1 2 0
439.145 0.4 0.4 1 2 0
439.645 0.4 0.4 1 2 0
440.145 0.4 0.4 1 2 0
440.645 0.4 0.4 1 2 0
441.145 0.4 0.4 1 2 0
441.645 0.4 0.4 1 2 0
442.145 0.4 0.4 1 2 0
442.645 0.4 0.4 1 2 0
443.145 0.4 0.4 1 2 0
443.645 0.4 0.4 1 2 0
444.145 0.4 0.4 1 2 0
444.645 0.4 0.4 1 2 0
445.145 0.4 0.4 1 2 0
445.645 0.4 0.4 1 2 0
446.145 0.4 0.4 1 2 0
446.645 0.4 0.4 1 2 0
447.145 0.4 0.4 1 2 0
447.645 0.4 0.4 1 2 0
448.145 0.4 0.4 1 2 0
448.645 0.4 0.4 1 2 0
449.145 0.4 0.4 1 2 0
449.645 0.4 0.4 1 2 0
450.145 0.4 0.4 1 2 0
450.645 0.4 0.4 1 2 0
451.145 0.4 0.4 1 2 0
451.645 0.4 0.4 1 2 0
452.145 0.4 0.4 1 2 0
452.645 0.4 0.4 1 2 0
453.145 0.4 0.4 1 2 0
453.645 0.4 0.4 1 2 0
454.145 0.4 0.4 1 2 0
454.645 0.4 0.4 1 2 0
455.145 0.4 0.4 1 2 0
455.645 0.4 0.4 1 2 0
456.145 0.4 0.4 1 2 0
456.645 0.4 0.4 1 2 0
457.145 0.4 0.4 1 2 0
457.645 0.4 0.4 1 2 0
458.145 0.4 0.4 1 2 0
458.645 0.4 0.4 1 2 0
459.145 0.4 0.4 1 2 0
459.645 0.4 0.4 1 2 0
460.145 0.4 0.4 1 2 0
460.645 0.4 0.4 1 2 0
461.145 0.4 0.4 1 2 0
461.645 0.4 0.4 1 2 0
462.145 0.4 0.4 1 2 0
462.645 0.4 0.4 1 2 0
463.145 0.4 0.4 1 2 0
463.645 0.4 0.4 1 2 0
464.145 0.4 0.4 1 2 0
464.645 0.4 0.4 1 2 0
465.145 0.4 0.4 1 2 0
465.645 0.4 0.4 1 2 0
466.145 0.4 0.4 1 2 0
466.645 0.4 0.4 1 2 0
467.145 0.4 0.4 1 2 0
467.645 0.4 0.4 1 2 0
468.145 0.4 0.4 1 2 0
468.645 0.4 0.4 1 2 0
469.145 0.4 0.4 1 2 0
469.645 0.4 0.4 1 2 0
470.145 0.4 0.4 1 2 0
470.645 0.4 0.4 1 2 0
471.145 0.4 0.4 1 2 0
471.645 0.4 0.4 1 2 0
472.145 0.4 0.4 1 2 0
472.645 0.4 0.4 1 2 0
473.145 0.4 0.4 1 2 0
473.645 0.4 0.4 1 2 0
474.145 0.4 0.4 1 2 0
474.645 0.4 0.4 1 2 0
475.145 0.4 0.4 1 2 0
475.645 0.4 0.4 1 2 0
476.145 0.4 0.4 1 2 0
476.645 0.4 0.4 1 2 0
477.145 0.4 0.4 1 2 0
477.645 0.4 0.4 1 2 0
478.145 0.4 0.4 1 2 0
478.645 0.4 0.4 1 2 0
479.145 0.4 0.4 1 2 0
479.645 0.4 0.4 1 2 0
480.145 0.4 0.4 1 2 0
480.645 0.4 0.4 1 2 0
481.145 0.4 0.4 1 2 0
481.645 0.4 0.4 1 2 0
482.145 0.4 0.4 1 2 0
482.645 0.4 0.4 1 2 0
483.145 0.4 0.4 1 2 0
483.645 0.4 0.4 1 2 0
484.145 0.4 0.4 1 2 0
484.645 0.4 0.4 1 2 0
485.145 0.4 0.4 1 2 0
485.645 0.4 0.4 1 2 0
486.145 0.4 0.4 1 2 0
486.645 0.4 0.4 1 2 0
487.145 0.4 0.4 1 2 0
487.645 0.4 0.4 1 2 0
488.145 0.4 0.4 1 2 0
488.645 0.4 0.4 1 2 0
489.145 0.4 0.4 1 2 0
489.645 0.4 0.4 1 2 0
490.145 0.4 0.4 1 2 0
490.645 0.4 0.4 1 2 0
491.145 0.4 0.4 1 2 0
491.645 0.4 0.4 1 2 0
492.145 0.4 0.4 1 2 0
492.645 0.4 0.4 1 2 0
493.145 0.4 0.4 1 2 0
493.645 0.4 0.4 1 2 0
494.145 0.4 0.4 1 2 0
494.645 0.4 0.4 1 2 0
495.145 0.4 0.4 1 2 0
495.645 0.4 0.4 1 2 0
496.145 0.4 0.4 1 2 0
496.645 0.4 0.4 1 2 0
497.145 0.4 0.4 1 2 0
497.645 0.4 0.4 1 2 0
498.145 0.4 0.4 1 2 0
498.645 0.4 0.4 1 2 0
499.145 0.4 0.4 1 2 0
499.645 0.4 0.4 1 2 0
500.145 0.4 0.4 1 2 0
500.645 0.4 0.4 1 2 0
501.145 0.4 0.4 1 2 0
501.645 0.4 0.4 1 2 0
502.145 0.4 0.4 1 2 0
502.645 0.4 0.4 1 2 0
503.145 0.4 0.4 1 2 0
503.645 0.4 0.4 1 2 0
504.145 0.4 0.4 1 2 0
504.645 0.4 0.4 1 2 0
505.145 0.4 0.4 1 2 0
505.645 0.4 0.4 1 2 0
506.145 0.4 0.4 1 2 0
506.645 0.4 0.4 1 2 0
507.145 0.4 0.4 1 2 0
507.645 0.4 0.4 1 2 0
508.145 0.4 0.4 1 2 0
508.645 0.4 0.4 1 2 0
509.145 0.4 0.4 1 2 0
509.645 0.4 0.4 1 2 0
510.145 0.4 0.4 1 2 0
510.645 0.4 0.4 1 2 0
511.145 0.4 0.4 1 2 0
511.645 0.4 0.4 1 2 0
511.645 0.4 0.4 2 2 0
511.685 0.4 0.4 1 2 0
511.725 0.4 0.4 1 2 0
511.805 0.4 0.4 1 2 0
511.965 0.4 0.4 1 2 0
512.285 0.4 0.4 1 2 0
512.785 0.4 0.4 1 2 0
513.285 0.4 0.4 1 2 0
513.785 0.4 0.4 1 2 0
514.285 0.4 0.4 1 2 0
514.785 0.4 0.4 1 2 0
515.285 0.4 0.4 1 2 0
515.785 0.4 0.4 1 2 0
516.285 0.4 0.4 1 2 0
516.785 0.4 0.4 1 2 0
517.285 0.4 0.4 1 2 0
517.785 0.4 0.4 1 2 0
518.285 0.4 0.4 1 2 0
518.785 0.4 0.4 1 2 0
519.285 0.4 0.4 1 2 0
519.785 0.4 0.4 1 2 0
520.285 0.4 0.4 1 2 0
520.785 0.4 0.4 1 2 0
521.285 0.4 0.4 1 2 0
521.785 0.4 0.4 1 2 0
522.285 0.4 0.4 1 2 0
522.785 0.4 0.4 1 2 0
523.285 0.4 0.4 1 2 0
523.785 0.4 0.4 1 2 0
524.285 0.4 0.4 1 2 0
524.785 0.4 0.4 1 2 0
525.285 0.4 0.4 1 2 0
525.785 0.4 0.4 1 2 0
526.285 0.4 0.4 1 2 0
526.785 0.4 0.4 1 2 0
527.285 0.4 0.4 1 2 0
527.785 0.4 0.4 1 2 0
528.285 0.4 0.4 1 2 0
528.785 0.4 0.4 1 2 0
529.285 0.4 0.4 1 2 0
529.785 0.4 0.4 1 2 0
530.285 0.4 0.4 1 2 0
530.785 0.4 0.4 1 2 0
531.285 0.4 0.4 1 2 0
531.785 0.4 0.4 1 2 0
532.285 0.4 0.4 1 2 0
532.785 0.4 0.4 1 2 0
533.285 0.4 0.4 1 2 0
533.785 0.4 0.4 1 2 0
534.285 0.4 0.4 1 2 0
534.785 0.4 0.4 1 2 0
535.285 0.4 0.4 1 2 0
535.785 0.4 0.4 1 2 0
536.285 0.4 0.4 1 2 0
536.785 0.4 0.4 1 2 0
537.285 0.4 0.4 1 2 0
537.785 0.4 0.4 1 2 0
538.285 0.4 0.4 1 2 0
538.785 0.4 0.4 1 2 0
539.285 0.4 0.4 1 2 0
539.785 0.4 0.4 1 2 0
540.285 0.4 0.4 1 2 0
540.785 0.4 0.4 1 2 0
541.285 0.4 0.4 1 2 0
541.785 0.4 0.4 1 2 0
542.285 0.4 0.4 1 2 0
542.785 0.4 0.4 1 2 0
543.285 0.4 0.4 1 2 0
543.785 0.4 0.4 1 2 0
544.285 0.4 0.4 1 2 0
544.785 0.4 0.4 1 2 0
545.285 0.4 0.4 1 2 0
545.785 0.4 0.4 1 2 0
546.285 0.4 0.4 1 2 0
546.785 0.4 0.4 1 2 0
547.285 0.4 0.4 1 2 0
547.785 0.4 0.4 1 2 0
548.285 0.4 0.4 1 2 0
548.785 0.4 0.4 1 2 0
549.285 0.4 0.4 1 2 0
549.785 0.4 0.4 1 2 0
550.285 0.4 0.4 1 2 0
550.785 0.4 0.4 1 2 0
551.285 0.4 0.4 1 2 0
551.785 0.4 0.4 1 2 0
552.285 0.4 0.4 1 2 0
552.785 0.4 0.4 1 2 0
553.285 0.4 0.4 1 2 0
553.785 0.4 0.4 1 2 0
554.285 0.4 0.4 1 2 0
554.785 0.4 0.4 1 2 0
555.285 0.4 0.4 1 2 0
555.785 0.4 0.4 1 2 0
556.285 0.4 0.4 1 2 0
556.785 0.4 0.4 1 2 0
557.285 0.4 0.4 1 2 0
557.785 0.4 0.4 1 2 0
558.285 0.4 0.4 1 2 0
558.785 0.4 0.4 1 2 0
559.285 0.4 0.4 1 2 0
559.785 0.4 0.4 1 2 0
560.285 0.4 0.4 1 2 0
560.785 0.4 0.4 1 2 0
561.285 0.4 0.4 1 2 0
561.785 0.4 0.4 1 2 0
562.285 0.4 0.4 1 2 0
562.785 0.4 0.4 1 2 0
563.285 0.4 0.4 1 2 0
563.785 0.4 0.4 1 2 0
564.285 0.4 0.4 1 2 0
564.785 0.4 0.4 1 2 0
565.285 0.4 0.4 1 2 0
565.785 0.4 0.4 1 2 0
566.285 0.4 0.4 1 2 0
566.785 0.4 0.4 1 2 0
567.285 0.4 0.4 1 2 0
567.785 0.4 0.4 1 2 0
568.285 0.4 0.4 1 2 0
568.785 0.4 0.4 1 2 0
569.285 0.4 0.4 1 2 0
569.785 0.4 0.4 1 2 0
570.285 0.4 0.4 1 2 0
570.785 0.4 0.4 1 2 0
571.285 0.4 0.4 1 2 0
571.785 0.4 0.4 1 2 0
572.285 0.4 0.4 1 2 0
572.785 0.4 0.4 1 2 0
573.285 0.4 0.4 1 2 0
573.785 0.4 0.4 1 2 0
574.285 0.4 0.4 1 2 0
574.785 0.4 0.4 1 2 0
575.285 0.4 0.4 1 2 0
575.785 0.4 0.4 1 2 0
576.285 0.4 0.4 1 2 0
576.785 0.4 0.4 1 2 0
577.285 0.4 0.4 1 2 0
577.785 0.4 0.4 1 2 0
578.285 0.4 0.4 1 2 0
578.785 0.4 0.4 1 2 0
579.285 0.4 0.4 1 2 0
579.785 0.4 0.4 1 2 0
580.285 0.4 0.4 1 2 0
580.785 0.4 0.4 1 2 0
581.285 0.4 0.4 1 2 0
581.785 0.4 0.4 1 2 0
582.285 0.4 0.4 1 2 0
582.785 0.4 0.4 1 2 0
583.285 0.4 0.4 1 2 0
583.785 0.4 0.4 1 2 0
584.285 0.4 0.4 1 2 0
584.785 0.4 0.4 1 2 0
585.285 0.4 0.4 1 2 0
585.785 0.4 0.4 1 2 0
586.285 0.4 0.4 1 2 0
586.785 0.4 0.4 1 2 0
587.285 0.4 0.4 1 2 0
587.785 0.4 0.4 1 2 0
588.285 0.4 0.4 1 2 0
588.785 0.4 0.4 1 2 0
589.285 0.4 0.4 1 2 0
589.785 0.4 0.4 1 2 0
590.285 0.4 0.4 1 2 0
590.785 0.4 0.4 1 2 0
591.285 0.4 0.4 1 2 0
591.785 0.4 0.4 1 2 0
592.285 0.4 0.4 1 2 0
592.785 0.4 0.4 1 2 0
593.285 0.4 0.4 1 2 0
593.785 0.4 0.4 1 2 0
594.285 0.4 0.4 1 2 0
594.785 0.4 0.4 1 2 0
595.285 0.4 0.4 1 2 0
595.785 0.4 0.4 1 2 0
596.285 0.4 0.4 1 2 0
596.785 0.4 0.4 1 2 0
597.285 0.4 0.4 1 2 0
597.785 0.4 0.4 1 2 0
598.285 0.4 0.4 1 2 0
598.785 0.4 0.4 1 2 0
599.285 0.4 0.4 1 2 0
599.785 0.4 0.4 1 2 0
600.285 0.4 0.4 1 2 0
600.785 0.4 0.4 1 2 0
601.285 0.4 0.4 1 2 0
601.785 0.4 0.4 1 2 0
602.285 0.4 0.4 1 2 0
602.785 0.4 0.4 1 2 0
603.285 0.4 0.4 1 2 0
603.785 0.4 0.4 1 2 0
604.285 0.4 0.4 1 2 0
604.785 0.4 0.4 1 2 0
605.285 0.4 0.4 1 2 0
605.785 0.4 0.4 1 2 0
606.285 0.4 0.4 1 2 0
606.785 0.4 0.4 1 2 0
607.285 0.4 0.4 1 2 0
607.785 0.4 0.4 1 2 0
608.285 0.4 0.4 1 2 0
608.785 0.4 0.4 1 2 0
609.285 0.4 0.4 1 2 0
609.285 0.4 0.4 2 2 0
609.325 0.4 0.4 1 2 0
609.365 0.4 0.4 1 2 0
609.445 0.4 0.4 1 2 0
609.605 0.4 0.4 1 2 0
609.925 0.4 0.4 1 2 0
610.425 0.4 0.4 1 2 0
610.925 0.4 0.4 1 2 0
611.425 0.4 0.4 1 2 0
611.925 0.4 0.4 1 2 0
612.425 0.4 0.4 1 2 0
612.925 0.4 0.4 1 2 0
613.425 0.4 0.4 1 2 0
613.925 0.4 0.4 1 2 0
614.425 0.4 0.4 1 2 0
614.925 0.4 0.4 1 2 0
615.425 0.4 0.4 1 2 0
615.925 0.4 0.4 1 2 0
616.425 0.4 0.4 1 2 0
616.925 0.4 0.4 1 2 0
617.425 0.4 0.4 1 2 0
617.925 0.4 0.4 1 2 0
618.425 0.4 0.4 1 2 0
618.925 0.4 0.4 1 2 0
619.425 0.4 0.4 1 2 0
619.925 0.4 0.4 1 2 0
620.425 0.4 0.4 1 2 0
620.925 0.4 0.4 1 2 0
621.425 0.4 0.4 1 2 0
621.925 0.4 0.4 1 2 0
622.425 0.4 0.4 1 2 0
622.925 0.4 0.4 1 2 0
623.425 0.4 0.4 1 2 0
623.925 0.4 0.4 1 2 0
624.425 0.4 0.4 1 2 0
624.925 0.4 0.4 1 2 0
625.425 0.4 0.4 1 2 0
625.925 0.4 0.4 1 2 0
626.425 0.4 0.4 1 2 0
626.925 0.4 0.4 1 2 0
627.425 0.4 0.4 1 2 0
627.925 0.4 0.4 1 2 0
628.425 0.4 0.4 1 2 0
628.925 0.4 0.4 1 2 0
629.425 0.4 0.4 1 2 0
629.925 0.4 0.4 1 2 0
630.425 0.4 0.4 1 2 0
630.925 0.4 0.4 1 2 0
631.425 0.4 0.4 1 2 0
631.925 0.4 0.4 1 2 0
632.425 0.4 0.4 1 2 0
632.925 0.4 0.4 1 2 0
633.425 0.4 0.4 1 2 0
633.925 0.4 0.4 1 2 0
634.425 0.4 0.4 1 2 0
634.925 0.4 0.4 1 2 0
635.425 0.4 0.4 1 2 0
635.925 0.4 0.4 1 2 0
636.425 0.4 0.4 1 2 0
636.925 0.4 0.4 1 2 0
637.425 0.4 0.4 1 2 0
637.925 0.4 0.4 1 2 0
638.425 0.4 0.4 1 2 0
638.925 0.4 0.4 1 2 0
639.425 0.4 0.4 1 2 0
639.925 0.4 0.4 1 2 0
640.425 0.4 0.4 1 2 0
640.925 0.4 0.4 1 2 0
641.425 0.4 0.4 1 2 0
641.925 0.4 0.4 1 2 0
642.425 0.4 0.4 1 2 0
642.925 0.4 0.4 1 2 0
643.425 0.4 0.4 1 2 0
643.925 0.4 0.4 1 2 0
644.425 0.4 0.4 1 2 0
644.925 0.4 0.4 1 2 0
645.425 0.4 0.4 1 2 0
645.925 0.4 0.4 1 2 0
646.425 0.4 0.4 1 2 0
646.925 0.4 0.4 1 2 0
647.425 0.4 0.4 1 2 0
647.925 0.4 0.4 1 2 0
648.425 0.4 0.4 1 2 0
648.925 0.4 0.4 1 2 0
649.425 0.4 0.4 1 2 0
649.925 0.4 0.4 1 2 0
650.425 0.4 0.4 1 2 0
650.925 0.4 0.4 1 2 0
651.425 0.4 0.4 1 2 0
651.925 0.4 0.4 1 2 0
652.425 0.4 0.4 1 2 0
652.925 0.4 0.4 1 2 0
653.425 0.4 0.4 1 2 0
653.925 0.4 0.4 1 2 0
654.425 0.4 0.4 1 2 0
654.925 0.4 0.4 1 2 0
655.425 0.4 0.4 1 2 0
655.925 0.4 0.4 1 2 0
656.425 0.4 0.4 1 2 0
656.925 0.4 0.4 1 2 0
657.425 0.4 0.4 1 2 0
657.925 0.4 0.4 1 2 0
658.425 0.4 0.4 1 2 0
658.925 0.4 0.4 1 2 0
659.425 0.4 0.4 1 2 0
659.925 0.4 0.4 1 2 0
660.425 0.4 0.4 1 2 0
660.925 0.4 0.4 1 2 0
661.425 0.4 0.4 1 2 0
661.925 0.4 0.4 1 2 0
662.425 0.4 0.4 1 2 0
662.925 0.4 0.4 1 2 0
663.425 0.4 0.4 1 2 0
663.925 0.4 0.4 1 2 0
664.425 0.4 0.4 1 2 0
664.925 0.4 0.4 1 2 0
665.425 0.4 0.4 1 2 0
665.925 0.4 0.4 1 2 0
666.425 0.4 0.4 1 2 0
666.925 0.4 0.4 1 2 0
667.425 0.4 0.4 1 2 0
667.925 0.4 0.4 1 2 0
668.425 0.4 0.4 1 2 0
668.925 0.4 0.4 1 2 0
669.425 0.4 0.4 1 2 0
669.925 0.4 0.4 1 2 0
670.425 0.4 0.4 1 2 0
670.925 0.4 0.4 1 2 0
671.425 0.4 0.4 1 2 0
671.925 0.4 0.4 1 2 0
672.425 0.4 0.4 1 2 0
672.925 0.4 0.4 1 2 0
673.425 0.4 0.4 1 2 0
673.925 0.4 0.4 1 2 0
674.425 0.4 0.4 1 2 0
674.925 0.4 0.4 1 2 0
675.425 0.4 0.4 1 2 0
675.925 0.4 0.4 1 2 0
676.425 0.4 0.4 1 2 0
676.925 0.4 0.4 1 2 0
677.425 0.4 0.4 1 2 0
677.925 0.4 0.4 1 2 0
678.425 0.4 0.4 1 2 0
678.925 0.4 0.4 1 2 0
679.425 0.4 0.4 1 2 0
679.925 0.4 0.4 1 2 0
680.425 0.4 0.4 1 2 0
680.925 0.4 0.4 1 2 0
681.425 0.4 0.4 1 2 0
681.925 0.4 0.4 1 2 0
682.425 0.4 0.4 1 2 0
682.925 0.4 0.4 1 2 0
683.425 0.4 0.4 1 2 0
683.925 0.4 0.4 1 2 0
684.425 0.4 0.4 1 2 0
684.925 0.4 0.4 1 2 0
685.425 0.4 0.4 1 2 0
685.925 0.4 0.4 1 2 0
686.425 0.4 0.4 1 2 0
686.925 0.4 0.4 1 2 0
687.425 0.4 0.4 1 2 0
687.925 0.4 0.4 1 2 0
688.425 0.4 0.4 1 2 0
688.925 0.4 0.4 1 2 0
689.425 0.4 0.4 1 2 0
689.925 0.4 0.4 1 2 0
690.425 0.4 0.4 1 2 0
690.925 0.4 0.4 1 2 0
691.425 0.4 0.4 1 2 0
691.925 0.4 0.4 1 2 0
692.425 0.4 0.4 1 2 0
692.925 0.4 0.4 1 2 0
693.425 0.4 0.4 1 2 0
693.925 0.4 0.4 1 2 0
694.425 0.4 0.4 1 2 0
694.925 0.4 0.4 1 2 0
695.425 0.4 0.4 1 2 0
695.925 0.4 0.4 1 2 0
696.425 0.4 0.4 1 2 0
696.925 0.4 0.4 1 2 0
697.425 0.4 0.4 1 2 0
697.925 0.4 0.4 1 2 0
698.425 0.4 0.4 1 2 0
698.925 0.4 0.4 1 2 0
699.425 0.4 0.4 1 2 0
699.925 0.4 0.4 1 2 0
700.425 0.4 0.4 1 2 0
700.925 0.4 0.4 1 2 0
701.425 0.4 0.4 1 2 0
701.925 0.4 0.4 1 2 0
702.425 0.4 0.4 1 2 0
702.925 0.4 0.4 1 2 0
703.425 0.4 0.4 1 2 0
703.925 0.4 0.4 1 2 0
704.425 0.4 0.4 1 2 0
704.925 0.4 0.4 1 2 0
705.425 0.4 0.4 1 2 0
705.925 0.4 0.4 1 2 0
706.425 0.4 0.4 1 2 0
706.925 0.4 0.4 1 2 0
