2.987110000000000043e-01 1.229689999999999950e-01
7.987100000000000311e-01 1.232430000000000053e-01
1.298710000000000031e+00 1.235229999999999939e-01
1.798710000000000031e+00 1.238070000000000004e-01
2.298700000000000188e+00 1.240969999999999990e-01
2.798700000000000188e+00 1.243910000000000016e-01
3.298700000000000188e+00 1.246919999999999973e-01
3.798700000000000188e+00 1.249969999999999970e-01
4.298700000000000188e+00 1.253090000000000037e-01
4.798689999999999678e+00 1.256259999999999877e-01
5.298689999999999678e+00 1.259500000000000064e-01
5.798689999999999678e+00 1.262790000000000024e-01
6.298689999999999678e+00 1.266150000000000053e-01
6.798689999999999678e+00 1.269579999999999875e-01
7.298680000000000057e+00 1.273070000000000035e-01
7.798680000000000057e+00 1.276629999999999987e-01
8.298679999999999168e+00 1.280260000000000009e-01
8.798679999999999168e+00 1.283970000000000111e-01
9.298669999999999547e+00 1.287750000000000006e-01
9.798669999999999547e+00 1.291609999999999980e-01
1.029870000000000019e+01 1.295540000000000025e-01
1.079870000000000019e+01 1.299559999999999882e-01
1.129870000000000019e+01 1.303670000000000107e-01
1.179870000000000019e+01 1.307860000000000134e-01
1.229870000000000019e+01 1.312139999999999973e-01
1.279870000000000019e+01 1.316509999999999903e-01
1.329860000000000042e+01 1.320979999999999932e-01
1.379860000000000042e+01 1.325550000000000062e-01
1.429860000000000042e+01 1.330220000000000014e-01
1.479860000000000042e+01 1.334990000000000065e-01
1.529860000000000042e+01 1.339869999999999950e-01
1.579860000000000042e+01 1.344859999999999944e-01
1.629860000000000042e+01 1.349970000000000059e-01
1.679860000000000042e+01 1.355190000000000006e-01
1.729860000000000042e+01 1.360540000000000083e-01
1.779860000000000042e+01 1.366010000000000002e-01
1.829860000000000042e+01 1.371610000000000051e-01
1.879860000000000042e+01 1.377349999999999963e-01
1.929860000000000042e+01 1.383220000000000005e-01
1.979860000000000042e+01 1.389239999999999919e-01
2.029860000000000042e+01 1.395399999999999974e-01
2.079860000000000042e+01 1.401719999999999910e-01
2.129860000000000042e+01 1.408200000000000007e-01
2.179860000000000042e+01 1.414839999999999987e-01
2.229860000000000042e+01 1.421640000000000126e-01
2.279860000000000042e+01 1.428629999999999900e-01
2.329860000000000042e+01 1.435790000000000122e-01
2.379850000000000065e+01 1.443139999999999978e-01
2.429850000000000065e+01 1.450680000000000025e-01
2.479850000000000065e+01 1.458419999999999994e-01
2.529850000000000065e+01 1.466359999999999886e-01
2.579850000000000065e+01 1.474519999999999997e-01
2.629850000000000065e+01 1.482900000000000051e-01
2.679850000000000065e+01 1.491500000000000048e-01
2.729850000000000065e+01 1.500340000000000007e-01
2.779850000000000065e+01 1.509429999999999938e-01
2.829850000000000065e+01 1.518760000000000110e-01
2.879850000000000065e+01 1.528359999999999996e-01
2.929850000000000065e+01 1.538219999999999865e-01
2.979840000000000089e+01 1.548370000000000024e-01
3.029840000000000089e+01 1.558799999999999908e-01
3.079840000000000089e+01 1.569520000000000082e-01
3.129840000000000089e+01 1.580550000000000010e-01
3.179840000000000089e+01 1.591899999999999982e-01
3.229840000000000089e+01 1.603580000000000005e-01
3.279840000000000089e+01 1.615590000000000082e-01
3.329840000000000089e+01 1.627949999999999953e-01
3.379840000000000089e+01 1.640669999999999906e-01
3.429829999999999757e+01 1.653759999999999952e-01
3.479829999999999757e+01 1.667240000000000111e-01
3.529829999999999757e+01 1.681100000000000094e-01
3.579829999999999757e+01 1.695369999999999933e-01
3.629829999999999757e+01 1.710059999999999913e-01
3.679829999999999757e+01 1.725180000000000047e-01
3.729829999999999757e+01 1.740730000000000055e-01
3.779820000000000135e+01 1.756739999999999968e-01
3.829820000000000135e+01 1.773220000000000074e-01
3.879820000000000135e+01 1.790170000000000095e-01
3.929820000000000135e+01 1.807610000000000050e-01
3.979820000000000135e+01 1.825549999999999951e-01
4.029820000000000135e+01 1.844000000000000083e-01
4.079809999999999803e+01 1.862979999999999914e-01
4.129809999999999803e+01 1.882489999999999997e-01
4.179809999999999803e+01 1.902550000000000074e-01
4.229809999999999803e+01 1.923159999999999870e-01
4.279809999999999803e+01 1.944339999999999957e-01
4.329800000000000182e+01 1.966100000000000070e-01
4.379800000000000182e+01 1.988449999999999940e-01
4.429800000000000182e+01 2.011390000000000122e-01
4.479800000000000182e+01 2.034940000000000082e-01
4.529800000000000182e+01 2.059090000000000087e-01
4.579789999999999850e+01 2.083869999999999889e-01
4.629789999999999850e+01 2.109270000000000034e-01
4.679789999999999850e+01 2.135299999999999976e-01
4.729789999999999850e+01 2.161959999999999993e-01
4.779780000000000229e+01 2.189270000000000105e-01
4.829780000000000229e+01 2.217220000000000024e-01
4.879780000000000229e+01 2.245820000000000038e-01
4.929780000000000229e+01 2.275060000000000138e-01
4.979769999999999897e+01 2.304960000000000064e-01
5.029769999999999897e+01 2.335500000000000076e-01
5.079769999999999897e+01 2.366699999999999915e-01
5.129769999999999897e+01 2.398540000000000116e-01
5.179760000000000275e+01 2.431030000000000135e-01
5.229760000000000275e+01 2.464159999999999962e-01
5.279760000000000275e+01 2.497929999999999873e-01
5.329760000000000275e+01 2.532329999999999859e-01
5.379749999999999943e+01 2.567369999999999930e-01
5.429749999999999943e+01 2.603030000000000066e-01
5.479749999999999943e+01 2.639299999999999979e-01
5.511749999999999972e+01 2.662840000000000207e-01
5.527750000000000341e+01 2.674699999999999855e-01
5.535739999999999839e+01 2.680660000000000265e-01
5.539739999999999753e+01 2.683639999999999914e-01
5.541740000000000066e+01 2.685130000000000017e-01
5.542739999999999867e+01 2.685879999999999934e-01
5.543240000000000123e+01 2.686250000000000027e-01
5.981710000000000349e+01 2.857140000000000235e-01
5.981960000000000122e+01 2.857140000000000235e-01
5.982459999999999667e+01 2.857140000000000235e-01
5.983460000000000178e+01 2.857140000000000235e-01
5.985459999999999781e+01 2.857140000000000235e-01
5.989459999999999695e+01 2.857140000000000235e-01
5.997460000000000235e+01 2.857140000000000235e-01
6.013459999999999894e+01 2.857140000000000235e-01
6.045459999999999923e+01 2.857140000000000235e-01
6.095459999999999923e+01 2.857140000000000235e-01
6.145459999999999923e+01 2.857140000000000235e-01
6.195459999999999923e+01 2.857140000000000235e-01
6.245459999999999923e+01 2.857140000000000235e-01
6.295459999999999923e+01 2.857140000000000235e-01
6.345459999999999923e+01 2.857140000000000235e-01
6.395459999999999923e+01 2.857140000000000235e-01
6.445459999999999923e+01 2.857140000000000235e-01
6.495459999999999923e+01 2.857140000000000235e-01
6.545459999999999923e+01 2.857140000000000235e-01
6.595459999999999923e+01 2.857140000000000235e-01
6.645459999999999923e+01 2.857140000000000235e-01
6.695459999999999923e+01 2.857140000000000235e-01
6.745459999999999923e+01 2.857140000000000235e-01
6.795459999999999923e+01 2.857140000000000235e-01
6.845459999999999923e+01 2.857140000000000235e-01
6.895459999999999923e+01 2.857140000000000235e-01
6.945459999999999923e+01 2.857140000000000235e-01
6.995459999999999923e+01 2.857140000000000235e-01
7.045459999999999923e+01 2.857140000000000235e-01
7.095459999999999923e+01 2.857140000000000235e-01
7.145459999999999923e+01 2.857140000000000235e-01
7.195459999999999923e+01 2.857140000000000235e-01
7.245459999999999923e+01 2.857140000000000235e-01
7.295459999999999923e+01 2.857140000000000235e-01
7.345459999999999923e+01 2.857140000000000235e-01
7.395459999999999923e+01 2.857140000000000235e-01
7.445459999999999923e+01 2.857140000000000235e-01
7.495459999999999923e+01 2.857140000000000235e-01
7.545459999999999923e+01 2.857140000000000235e-01
7.595459999999999923e+01 2.857140000000000235e-01
7.645459999999999923e+01 2.857140000000000235e-01
7.695459999999999923e+01 2.857140000000000235e-01
7.745459999999999923e+01 2.857140000000000235e-01
7.795459999999999923e+01 2.857140000000000235e-01
7.845459999999999923e+01 2.857140000000000235e-01
7.895459999999999923e+01 2.857140000000000235e-01
7.945459999999999923e+01 2.857140000000000235e-01
7.995459999999999923e+01 2.857140000000000235e-01
8.045459999999999923e+01 2.857140000000000235e-01
8.095459999999999923e+01 2.857140000000000235e-01
8.145459999999999923e+01 2.857140000000000235e-01
8.195459999999999923e+01 2.857140000000000235e-01
8.245459999999999923e+01 2.857140000000000235e-01
8.295459999999999923e+01 2.857140000000000235e-01
8.345459999999999923e+01 2.857140000000000235e-01
8.395459999999999923e+01 2.857140000000000235e-01
8.445459999999999923e+01 2.857140000000000235e-01
8.495459999999999923e+01 2.857140000000000235e-01
8.545459999999999923e+01 2.857140000000000235e-01
8.595459999999999923e+01 2.857140000000000235e-01
8.645459999999999923e+01 2.857140000000000235e-01
8.695459999999999923e+01 2.857140000000000235e-01
8.745459999999999923e+01 2.857140000000000235e-01
8.795459999999999923e+01 2.857140000000000235e-01
8.845459999999999923e+01 2.857140000000000235e-01
8.895459999999999923e+01 2.857140000000000235e-01
8.945459999999999923e+01 2.857140000000000235e-01
8.995459999999999923e+01 2.857140000000000235e-01
9.045459999999999923e+01 2.857140000000000235e-01
9.095459999999999923e+01 2.857140000000000235e-01
9.145459999999999923e+01 2.857140000000000235e-01
9.195459999999999923e+01 2.857140000000000235e-01
9.245459999999999923e+01 2.857140000000000235e-01
9.295459999999999923e+01 2.857140000000000235e-01
9.345459999999999923e+01 2.857140000000000235e-01
9.395459999999999923e+01 2.857140000000000235e-01
9.445459999999999923e+01 2.857140000000000235e-01
9.495459999999999923e+01 2.857140000000000235e-01
9.545459999999999923e+01 2.857140000000000235e-01
9.595459999999999923e+01 2.857140000000000235e-01
9.645459999999999923e+01 2.857140000000000235e-01
9.695459999999999923e+01 2.857140000000000235e-01
9.745459999999999923e+01 2.857140000000000235e-01
9.795459999999999923e+01 2.857140000000000235e-01
9.845459999999999923e+01 2.857140000000000235e-01
9.895459999999999923e+01 2.857140000000000235e-01
9.945459999999999923e+01 2.857140000000000235e-01
9.995459999999999923e+01 2.857140000000000235e-01
1.004549999999999983e+02 2.857140000000000235e-01
1.009549999999999983e+02 2.857140000000000235e-01
1.014549999999999983e+02 2.857140000000000235e-01
1.019549999999999983e+02 2.857140000000000235e-01
1.024549999999999983e+02 2.857140000000000235e-01
1.029549999999999983e+02 2.857140000000000235e-01
1.034549999999999983e+02 2.857140000000000235e-01
1.039549999999999983e+02 2.857140000000000235e-01
1.044549999999999983e+02 2.857140000000000235e-01
1.049549999999999983e+02 2.857140000000000235e-01
1.054549999999999983e+02 2.857140000000000235e-01
1.059549999999999983e+02 2.857140000000000235e-01
1.064549999999999983e+02 2.857140000000000235e-01
1.069549999999999983e+02 2.857140000000000235e-01
1.074549999999999983e+02 2.857140000000000235e-01
1.079549999999999983e+02 2.857140000000000235e-01
1.084549999999999983e+02 2.857140000000000235e-01
1.089549999999999983e+02 2.857140000000000235e-01
1.094549999999999983e+02 2.857140000000000235e-01
1.099549999999999983e+02 2.857140000000000235e-01
1.104549999999999983e+02 2.857140000000000235e-01
1.109549999999999983e+02 2.857140000000000235e-01
1.114549999999999983e+02 2.857140000000000235e-01
1.119549999999999983e+02 2.857140000000000235e-01
1.124549999999999983e+02 2.857140000000000235e-01
1.129549999999999983e+02 2.857140000000000235e-01
1.134549999999999983e+02 2.857140000000000235e-01
1.139549999999999983e+02 2.857140000000000235e-01
1.144549999999999983e+02 2.857140000000000235e-01
1.149549999999999983e+02 2.857140000000000235e-01
1.154549999999999983e+02 2.857140000000000235e-01
1.159549999999999983e+02 2.857140000000000235e-01
1.164549999999999983e+02 2.857140000000000235e-01
1.169549999999999983e+02 2.857140000000000235e-01
1.174549999999999983e+02 2.857140000000000235e-01
1.179549999999999983e+02 2.857140000000000235e-01
1.184549999999999983e+02 2.857140000000000235e-01
1.189549999999999983e+02 2.857140000000000235e-01
1.194549999999999983e+02 2.857140000000000235e-01
1.199549999999999983e+02 2.857140000000000235e-01
1.204549999999999983e+02 2.857140000000000235e-01
1.209549999999999983e+02 2.857140000000000235e-01
1.214549999999999983e+02 2.857140000000000235e-01
1.219549999999999983e+02 2.857140000000000235e-01
1.224549999999999983e+02 2.857140000000000235e-01
1.229549999999999983e+02 2.857140000000000235e-01
1.234549999999999983e+02 2.857140000000000235e-01
1.239549999999999983e+02 2.857140000000000235e-01
1.244549999999999983e+02 2.857140000000000235e-01
1.249549999999999983e+02 2.857140000000000235e-01
1.254549999999999983e+02 2.857140000000000235e-01
1.259549999999999983e+02 2.857140000000000235e-01
1.264549999999999983e+02 2.857140000000000235e-01
1.269549999999999983e+02 2.857140000000000235e-01
1.274549999999999983e+02 2.857140000000000235e-01
1.279549999999999983e+02 2.857140000000000235e-01
1.284550000000000125e+02 2.857140000000000235e-01
1.289550000000000125e+02 2.857140000000000235e-01
1.294550000000000125e+02 2.857140000000000235e-01
1.299550000000000125e+02 2.857140000000000235e-01
1.304550000000000125e+02 2.857140000000000235e-01
1.309550000000000125e+02 2.857140000000000235e-01
1.314550000000000125e+02 2.857140000000000235e-01
1.319550000000000125e+02 2.857140000000000235e-01
1.324550000000000125e+02 2.857140000000000235e-01
1.329550000000000125e+02 2.857140000000000235e-01
1.334550000000000125e+02 2.857140000000000235e-01
1.339550000000000125e+02 2.857140000000000235e-01
1.344550000000000125e+02 2.857140000000000235e-01
1.349550000000000125e+02 2.857140000000000235e-01
1.354550000000000125e+02 2.857140000000000235e-01
1.359550000000000125e+02 2.857140000000000235e-01
1.364550000000000125e+02 2.857140000000000235e-01
1.369550000000000125e+02 2.857140000000000235e-01
1.374550000000000125e+02 2.857140000000000235e-01
1.379550000000000125e+02 2.857140000000000235e-01
1.384550000000000125e+02 2.857140000000000235e-01
1.389550000000000125e+02 2.857140000000000235e-01
1.394550000000000125e+02 2.857140000000000235e-01
1.399550000000000125e+02 2.857140000000000235e-01
1.404550000000000125e+02 2.857140000000000235e-01
1.409550000000000125e+02 2.857140000000000235e-01
1.414550000000000125e+02 2.857140000000000235e-01
1.419550000000000125e+02 2.857140000000000235e-01
1.424550000000000125e+02 2.857140000000000235e-01
1.429550000000000125e+02 2.857140000000000235e-01
1.434550000000000125e+02 2.857140000000000235e-01
1.439550000000000125e+02 2.857140000000000235e-01
1.444550000000000125e+02 2.857140000000000235e-01
1.449550000000000125e+02 2.857140000000000235e-01
1.454550000000000125e+02 2.857140000000000235e-01
1.459550000000000125e+02 2.857140000000000235e-01
1.464550000000000125e+02 2.857140000000000235e-01
1.469550000000000125e+02 2.857140000000000235e-01
1.474550000000000125e+02 2.857140000000000235e-01
1.479550000000000125e+02 2.857140000000000235e-01
1.484550000000000125e+02 2.857140000000000235e-01
1.489550000000000125e+02 2.857140000000000235e-01
1.494550000000000125e+02 2.857140000000000235e-01
1.499550000000000125e+02 2.857140000000000235e-01
1.504550000000000125e+02 2.857140000000000235e-01
1.509550000000000125e+02 2.857140000000000235e-01
1.514550000000000125e+02 2.857140000000000235e-01
1.519550000000000125e+02 2.857140000000000235e-01
1.524550000000000125e+02 2.857140000000000235e-01
1.529550000000000125e+02 2.857140000000000235e-01
1.534550000000000125e+02 2.857140000000000235e-01
1.539550000000000125e+02 2.857140000000000235e-01
1.544550000000000125e+02 2.857140000000000235e-01
8.004000000000000625e+01 2.857140000000000235e-01
8.007999999999999829e+01 2.857140000000000235e-01
8.015999999999999659e+01 2.857140000000000235e-01
8.031999999999999318e+01 2.857140000000000235e-01
8.064000000000000057e+01 2.857140000000000235e-01
8.114000000000000057e+01 2.857140000000000235e-01
8.164000000000000057e+01 2.857140000000000235e-01
8.214000000000000057e+01 2.857140000000000235e-01
8.264000000000000057e+01 2.857140000000000235e-01
8.314000000000000057e+01 2.857140000000000235e-01
8.364000000000000057e+01 2.857140000000000235e-01
8.414000000000000057e+01 2.857140000000000235e-01
8.464000000000000057e+01 2.857140000000000235e-01
8.514000000000000057e+01 2.857140000000000235e-01
8.564000000000000057e+01 2.857140000000000235e-01
8.614000000000000057e+01 2.857140000000000235e-01
8.664000000000000057e+01 2.857140000000000235e-01
8.714000000000000057e+01 2.857140000000000235e-01
8.764000000000000057e+01 2.857140000000000235e-01
8.814000000000000057e+01 2.857140000000000235e-01
8.864000000000000057e+01 2.857140000000000235e-01
8.914000000000000057e+01 2.857140000000000235e-01
8.964000000000000057e+01 2.857140000000000235e-01
9.014000000000000057e+01 2.857140000000000235e-01
9.064000000000000057e+01 2.857140000000000235e-01
9.114000000000000057e+01 2.857140000000000235e-01
9.164000000000000057e+01 2.857140000000000235e-01
9.214000000000000057e+01 2.857140000000000235e-01
9.264000000000000057e+01 2.857140000000000235e-01
9.314000000000000057e+01 2.857140000000000235e-01
9.364000000000000057e+01 2.857140000000000235e-01
9.414000000000000057e+01 2.857140000000000235e-01
9.464000000000000057e+01 2.857140000000000235e-01
9.514000000000000057e+01 2.857140000000000235e-01
9.564000000000000057e+01 2.857140000000000235e-01
9.614000000000000057e+01 2.857140000000000235e-01
9.664000000000000057e+01 2.857140000000000235e-01
9.714000000000000057e+01 2.857140000000000235e-01
9.764000000000000057e+01 2.857140000000000235e-01
9.814000000000000057e+01 2.857140000000000235e-01
9.864000000000000057e+01 2.857140000000000235e-01
9.914000000000000057e+01 2.857140000000000235e-01
9.964000000000000057e+01 2.857140000000000235e-01
1.001400000000000006e+02 2.857140000000000235e-01
1.006400000000000006e+02 2.857140000000000235e-01
1.011400000000000006e+02 2.857140000000000235e-01
1.016400000000000006e+02 2.857140000000000235e-01
1.021400000000000006e+02 2.857140000000000235e-01
1.026400000000000006e+02 2.857140000000000235e-01
1.031400000000000006e+02 2.857140000000000235e-01
1.036400000000000006e+02 2.857140000000000235e-01
1.041400000000000006e+02 2.857140000000000235e-01
1.046400000000000006e+02 2.857140000000000235e-01
1.051400000000000006e+02 2.857140000000000235e-01
1.056400000000000006e+02 2.857140000000000235e-01
1.061400000000000006e+02 2.857140000000000235e-01
1.066400000000000006e+02 2.857140000000000235e-01
1.071400000000000006e+02 2.857140000000000235e-01
1.076400000000000006e+02 2.857140000000000235e-01
1.081400000000000006e+02 2.857140000000000235e-01
1.086400000000000006e+02 2.857140000000000235e-01
1.091400000000000006e+02 2.857140000000000235e-01
1.096400000000000006e+02 2.857140000000000235e-01
1.101400000000000006e+02 2.857140000000000235e-01
1.106400000000000006e+02 2.857140000000000235e-01
1.111400000000000006e+02 2.857140000000000235e-01
1.116400000000000006e+02 2.857140000000000235e-01
1.121400000000000006e+02 2.857140000000000235e-01
1.126400000000000006e+02 2.857140000000000235e-01
1.131400000000000006e+02 2.857140000000000235e-01
1.136400000000000006e+02 2.857140000000000235e-01
1.141400000000000006e+02 2.857140000000000235e-01
1.146400000000000006e+02 2.857140000000000235e-01
1.151400000000000006e+02 2.857140000000000235e-01
1.156400000000000006e+02 2.857140000000000235e-01
1.161400000000000006e+02 2.857140000000000235e-01
1.166400000000000006e+02 2.857140000000000235e-01
1.171400000000000006e+02 2.857140000000000235e-01
1.176400000000000006e+02 2.857140000000000235e-01
1.181400000000000006e+02 2.857140000000000235e-01
1.186400000000000006e+02 2.857140000000000235e-01
1.191400000000000006e+02 2.857140000000000235e-01
1.196400000000000006e+02 2.857140000000000235e-01
1.201400000000000006e+02 2.857140000000000235e-01
1.206400000000000006e+02 2.857140000000000235e-01
1.211400000000000006e+02 2.857140000000000235e-01
1.216400000000000006e+02 2.857140000000000235e-01
1.221400000000000006e+02 2.857140000000000235e-01
1.226400000000000006e+02 2.857140000000000235e-01
1.231400000000000006e+02 2.857140000000000235e-01
1.236400000000000006e+02 2.857140000000000235e-01
1.241400000000000006e+02 2.857140000000000235e-01
1.246400000000000006e+02 2.857140000000000235e-01
1.251400000000000006e+02 2.857140000000000235e-01
1.256400000000000006e+02 2.857140000000000235e-01
1.261400000000000006e+02 2.857140000000000235e-01
1.266400000000000006e+02 2.857140000000000235e-01
1.271400000000000006e+02 2.857140000000000235e-01
1.276400000000000006e+02 2.857140000000000235e-01
1.281399999999999864e+02 2.857140000000000235e-01
1.286399999999999864e+02 2.857140000000000235e-01
1.291399999999999864e+02 2.857140000000000235e-01
1.296399999999999864e+02 2.857140000000000235e-01
1.301399999999999864e+02 2.857140000000000235e-01
1.306399999999999864e+02 2.857140000000000235e-01
1.311399999999999864e+02 2.857140000000000235e-01
1.316399999999999864e+02 2.857140000000000235e-01
1.321399999999999864e+02 2.857140000000000235e-01
1.326399999999999864e+02 2.857140000000000235e-01
1.331399999999999864e+02 2.857140000000000235e-01
1.336399999999999864e+02 2.857140000000000235e-01
1.341399999999999864e+02 2.857140000000000235e-01
1.346399999999999864e+02 2.857140000000000235e-01
1.351399999999999864e+02 2.857140000000000235e-01
1.356399999999999864e+02 2.857140000000000235e-01
1.361399999999999864e+02 2.857140000000000235e-01
1.366399999999999864e+02 2.857140000000000235e-01
1.371399999999999864e+02 2.857140000000000235e-01
1.376399999999999864e+02 2.857140000000000235e-01
1.381399999999999864e+02 2.857140000000000235e-01
1.386399999999999864e+02 2.857140000000000235e-01
1.391399999999999864e+02 2.857140000000000235e-01
1.396399999999999864e+02 2.857140000000000235e-01
1.401399999999999864e+02 2.857140000000000235e-01
1.406399999999999864e+02 2.857140000000000235e-01
1.411399999999999864e+02 2.857140000000000235e-01
1.416399999999999864e+02 2.857140000000000235e-01
1.421399999999999864e+02 2.857140000000000235e-01
1.426399999999999864e+02 2.857140000000000235e-01
1.431399999999999864e+02 2.857140000000000235e-01
1.436399999999999864e+02 2.857140000000000235e-01
1.441399999999999864e+02 2.857140000000000235e-01
1.446399999999999864e+02 2.857140000000000235e-01
1.451399999999999864e+02 2.857140000000000235e-01
1.456399999999999864e+02 2.857140000000000235e-01
1.461399999999999864e+02 2.857140000000000235e-01
1.466399999999999864e+02 2.857140000000000235e-01
1.471399999999999864e+02 2.857140000000000235e-01
1.476399999999999864e+02 2.857140000000000235e-01
1.481399999999999864e+02 2.857140000000000235e-01
1.486399999999999864e+02 2.857140000000000235e-01
1.491399999999999864e+02 2.857140000000000235e-01
1.496399999999999864e+02 2.857140000000000235e-01
1.501399999999999864e+02 2.857140000000000235e-01
1.506399999999999864e+02 2.857140000000000235e-01
1.511399999999999864e+02 2.857140000000000235e-01
1.516399999999999864e+02 2.857140000000000235e-01
1.521399999999999864e+02 2.857140000000000235e-01
1.526399999999999864e+02 2.857140000000000235e-01
1.531399999999999864e+02 2.857140000000000235e-01
1.536399999999999864e+02 2.857140000000000235e-01
1.541399999999999864e+02 2.857140000000000235e-01
1.546399999999999864e+02 2.857140000000000235e-01
1.551399999999999864e+02 2.857140000000000235e-01
1.556399999999999864e+02 2.857140000000000235e-01
1.561399999999999864e+02 2.857140000000000235e-01
1.566399999999999864e+02 2.857140000000000235e-01
1.571399999999999864e+02 2.857140000000000235e-01
1.576399999999999864e+02 2.857140000000000235e-01
1.581399999999999864e+02 2.857140000000000235e-01
1.586399999999999864e+02 2.857140000000000235e-01
1.591399999999999864e+02 2.857140000000000235e-01
1.596399999999999864e+02 2.857140000000000235e-01
1.601399999999999864e+02 2.857140000000000235e-01
1.606399999999999864e+02 2.857140000000000235e-01
1.611399999999999864e+02 2.857140000000000235e-01
1.616399999999999864e+02 2.857140000000000235e-01
1.621399999999999864e+02 2.857140000000000235e-01
1.626399999999999864e+02 2.857140000000000235e-01
1.631399999999999864e+02 2.857140000000000235e-01
1.636399999999999864e+02 2.857140000000000235e-01
1.641399999999999864e+02 2.857140000000000235e-01
1.646399999999999864e+02 2.857140000000000235e-01
1.651399999999999864e+02 2.857140000000000235e-01
1.656399999999999864e+02 2.857140000000000235e-01
1.661399999999999864e+02 2.857140000000000235e-01
1.666399999999999864e+02 2.857140000000000235e-01
1.671399999999999864e+02 2.857140000000000235e-01
1.676399999999999864e+02 2.857140000000000235e-01
1.681399999999999864e+02 2.857140000000000235e-01
1.686399999999999864e+02 2.857140000000000235e-01
1.691399999999999864e+02 2.857140000000000235e-01
1.696399999999999864e+02 2.857140000000000235e-01
1.701399999999999864e+02 2.857140000000000235e-01
1.706399999999999864e+02 2.857140000000000235e-01
1.711399999999999864e+02 2.857140000000000235e-01
1.716399999999999864e+02 2.857140000000000235e-01
1.721399999999999864e+02 2.857140000000000235e-01
1.726399999999999864e+02 2.857140000000000235e-01
1.731399999999999864e+02 2.857140000000000235e-01
1.736399999999999864e+02 2.857140000000000235e-01
1.741399999999999864e+02 2.857140000000000235e-01
1.746399999999999864e+02 2.857140000000000235e-01
1.751399999999999864e+02 2.857140000000000235e-01
1.756399999999999864e+02 2.857140000000000235e-01
1.761399999999999864e+02 2.857140000000000235e-01
1.766399999999999864e+02 2.857140000000000235e-01
1.771399999999999864e+02 2.857140000000000235e-01
1.776399999999999864e+02 2.857140000000000235e-01
1.776800000000000068e+02 2.857140000000000235e-01
1.777199999999999989e+02 2.857140000000000235e-01
1.778000000000000114e+02 2.857140000000000235e-01
1.779600000000000080e+02 2.857140000000000235e-01
1.782800000000000011e+02 2.857140000000000235e-01
1.787800000000000011e+02 2.857140000000000235e-01
1.792800000000000011e+02 2.857140000000000235e-01
1.797800000000000011e+02 2.857140000000000235e-01
1.802800000000000011e+02 2.857140000000000235e-01
1.807800000000000011e+02 2.857140000000000235e-01
1.812800000000000011e+02 2.857140000000000235e-01
1.817800000000000011e+02 2.857140000000000235e-01
1.822800000000000011e+02 2.857140000000000235e-01
1.827800000000000011e+02 2.857140000000000235e-01
1.832800000000000011e+02 2.857140000000000235e-01
1.837800000000000011e+02 2.857140000000000235e-01
1.842800000000000011e+02 2.857140000000000235e-01
1.847800000000000011e+02 2.857140000000000235e-01
1.852800000000000011e+02 2.857140000000000235e-01
1.857800000000000011e+02 2.857140000000000235e-01
1.862800000000000011e+02 2.857140000000000235e-01
1.867800000000000011e+02 2.857140000000000235e-01
1.872800000000000011e+02 2.857140000000000235e-01
1.877800000000000011e+02 2.857140000000000235e-01
1.882800000000000011e+02 2.857140000000000235e-01
1.887800000000000011e+02 2.857140000000000235e-01
1.892800000000000011e+02 2.857140000000000235e-01
1.897800000000000011e+02 2.857140000000000235e-01
1.902800000000000011e+02 2.857140000000000235e-01
1.907800000000000011e+02 2.857140000000000235e-01
1.912800000000000011e+02 2.857140000000000235e-01
1.917800000000000011e+02 2.857140000000000235e-01
1.922800000000000011e+02 2.857140000000000235e-01
1.927800000000000011e+02 2.857140000000000235e-01
1.932800000000000011e+02 2.857140000000000235e-01
1.937800000000000011e+02 2.857140000000000235e-01
1.942800000000000011e+02 2.857140000000000235e-01
1.947800000000000011e+02 2.857140000000000235e-01
1.952800000000000011e+02 2.857140000000000235e-01
1.957800000000000011e+02 2.857140000000000235e-01
1.962800000000000011e+02 2.857140000000000235e-01
1.967800000000000011e+02 2.857140000000000235e-01
1.972800000000000011e+02 2.857140000000000235e-01
1.977800000000000011e+02 2.857140000000000235e-01
1.982800000000000011e+02 2.857140000000000235e-01
1.987800000000000011e+02 2.857140000000000235e-01
1.992800000000000011e+02 2.857140000000000235e-01
1.997800000000000011e+02 2.857140000000000235e-01
2.002800000000000011e+02 2.857140000000000235e-01
2.007800000000000011e+02 2.857140000000000235e-01
2.012800000000000011e+02 2.857140000000000235e-01
2.017800000000000011e+02 2.857140000000000235e-01
2.022800000000000011e+02 2.857140000000000235e-01
2.027800000000000011e+02 2.857140000000000235e-01
2.032800000000000011e+02 2.857140000000000235e-01
2.037800000000000011e+02 2.857140000000000235e-01
2.042800000000000011e+02 2.857140000000000235e-01
2.047800000000000011e+02 2.857140000000000235e-01
2.052800000000000011e+02 2.857140000000000235e-01
2.057800000000000011e+02 2.857140000000000235e-01
2.062800000000000011e+02 2.857140000000000235e-01
2.067800000000000011e+02 2.857140000000000235e-01
2.072800000000000011e+02 2.857140000000000235e-01
2.077800000000000011e+02 2.857140000000000235e-01
2.082800000000000011e+02 2.857140000000000235e-01
2.087800000000000011e+02 2.857140000000000235e-01
2.092800000000000011e+02 2.857140000000000235e-01
2.097800000000000011e+02 2.857140000000000235e-01
2.102800000000000011e+02 2.857140000000000235e-01
2.107800000000000011e+02 2.857140000000000235e-01
2.112800000000000011e+02 2.857140000000000235e-01
2.117800000000000011e+02 2.857140000000000235e-01
2.122800000000000011e+02 2.857140000000000235e-01
2.127800000000000011e+02 2.857140000000000235e-01
2.132800000000000011e+02 2.857140000000000235e-01
2.137800000000000011e+02 2.857140000000000235e-01
2.142800000000000011e+02 2.857140000000000235e-01
2.147800000000000011e+02 2.857140000000000235e-01
2.152800000000000011e+02 2.857140000000000235e-01
2.157800000000000011e+02 2.857140000000000235e-01
2.162800000000000011e+02 2.857140000000000235e-01
2.167800000000000011e+02 2.857140000000000235e-01
2.172800000000000011e+02 2.857140000000000235e-01
2.177800000000000011e+02 2.857140000000000235e-01
2.182800000000000011e+02 2.857140000000000235e-01
2.187800000000000011e+02 2.857140000000000235e-01
2.192800000000000011e+02 2.857140000000000235e-01
2.197800000000000011e+02 2.857140000000000235e-01
2.202800000000000011e+02 2.857140000000000235e-01
2.207800000000000011e+02 2.857140000000000235e-01
2.212800000000000011e+02 2.857140000000000235e-01
2.217800000000000011e+02 2.857140000000000235e-01
2.222800000000000011e+02 2.857140000000000235e-01
2.227800000000000011e+02 2.857140000000000235e-01
2.232800000000000011e+02 2.857140000000000235e-01
2.237800000000000011e+02 2.857140000000000235e-01
2.242800000000000011e+02 2.857140000000000235e-01
2.247800000000000011e+02 2.857140000000000235e-01
2.252800000000000011e+02 2.857140000000000235e-01
2.257800000000000011e+02 2.857140000000000235e-01
2.262800000000000011e+02 2.857140000000000235e-01
2.267800000000000011e+02 2.857140000000000235e-01
2.272800000000000011e+02 2.857140000000000235e-01
2.277800000000000011e+02 2.857140000000000235e-01
2.282800000000000011e+02 2.857140000000000235e-01
2.287800000000000011e+02 2.857140000000000235e-01
2.292800000000000011e+02 2.857140000000000235e-01
2.297800000000000011e+02 2.857140000000000235e-01
2.302800000000000011e+02 2.857140000000000235e-01
2.307800000000000011e+02 2.857140000000000235e-01
2.312800000000000011e+02 2.857140000000000235e-01
2.317800000000000011e+02 2.857140000000000235e-01
2.322800000000000011e+02 2.857140000000000235e-01
2.327800000000000011e+02 2.857140000000000235e-01
2.332800000000000011e+02 2.857140000000000235e-01
2.337800000000000011e+02 2.857140000000000235e-01
2.342800000000000011e+02 2.857140000000000235e-01
2.347800000000000011e+02 2.857140000000000235e-01
2.352800000000000011e+02 2.857140000000000235e-01
2.357800000000000011e+02 2.857140000000000235e-01
2.362800000000000011e+02 2.857140000000000235e-01
2.367800000000000011e+02 2.857140000000000235e-01
2.372800000000000011e+02 2.857140000000000235e-01
2.377800000000000011e+02 2.857140000000000235e-01
2.382800000000000011e+02 2.857140000000000235e-01
2.387800000000000011e+02 2.857140000000000235e-01
2.392800000000000011e+02 2.857140000000000235e-01
2.397800000000000011e+02 2.857140000000000235e-01
2.402800000000000011e+02 2.857140000000000235e-01
2.407800000000000011e+02 2.857140000000000235e-01
2.412800000000000011e+02 2.857140000000000235e-01
2.417800000000000011e+02 2.857140000000000235e-01
2.422800000000000011e+02 2.857140000000000235e-01
2.427800000000000011e+02 2.857140000000000235e-01
2.432800000000000011e+02 2.857140000000000235e-01
2.437800000000000011e+02 2.857140000000000235e-01
2.442800000000000011e+02 2.857140000000000235e-01
2.447800000000000011e+02 2.857140000000000235e-01
2.452800000000000011e+02 2.857140000000000235e-01
2.457800000000000011e+02 2.857140000000000235e-01
2.462800000000000011e+02 2.857140000000000235e-01
2.467800000000000011e+02 2.857140000000000235e-01
2.472800000000000011e+02 2.857140000000000235e-01
2.477800000000000011e+02 2.857140000000000235e-01
2.482800000000000011e+02 2.857140000000000235e-01
2.487800000000000011e+02 2.857140000000000235e-01
2.492800000000000011e+02 2.857140000000000235e-01
2.497800000000000011e+02 2.857140000000000235e-01
2.502800000000000011e+02 2.857140000000000235e-01
2.507800000000000011e+02 2.857140000000000235e-01
2.512800000000000011e+02 2.857140000000000235e-01
2.517800000000000011e+02 2.857140000000000235e-01
2.522800000000000011e+02 2.857140000000000235e-01
2.527800000000000011e+02 2.857140000000000235e-01
2.532800000000000011e+02 2.857140000000000235e-01
2.537800000000000011e+02 2.857140000000000235e-01
2.542800000000000011e+02 2.857140000000000235e-01
2.547800000000000011e+02 2.857140000000000235e-01
2.552800000000000011e+02 2.857140000000000235e-01
2.557800000000000011e+02 2.857140000000000235e-01
2.562799999999999727e+02 2.857140000000000235e-01
2.567799999999999727e+02 2.857140000000000235e-01
2.572799999999999727e+02 2.857140000000000235e-01
2.577799999999999727e+02 2.857140000000000235e-01
2.582799999999999727e+02 2.857140000000000235e-01
2.587799999999999727e+02 2.857140000000000235e-01
2.592799999999999727e+02 2.857140000000000235e-01
2.597799999999999727e+02 2.857140000000000235e-01
2.602799999999999727e+02 2.857140000000000235e-01
2.607799999999999727e+02 2.857140000000000235e-01
2.612799999999999727e+02 2.857140000000000235e-01
2.617799999999999727e+02 2.857140000000000235e-01
2.622799999999999727e+02 2.857140000000000235e-01
2.627799999999999727e+02 2.857140000000000235e-01
2.632799999999999727e+02 2.857140000000000235e-01
2.637799999999999727e+02 2.857140000000000235e-01
2.642799999999999727e+02 2.857140000000000235e-01
2.647799999999999727e+02 2.857140000000000235e-01
2.652799999999999727e+02 2.857140000000000235e-01
2.657799999999999727e+02 2.857140000000000235e-01
2.662799999999999727e+02 2.857140000000000235e-01
2.667799999999999727e+02 2.857140000000000235e-01
2.672799999999999727e+02 2.857140000000000235e-01
2.677799999999999727e+02 2.857140000000000235e-01
2.682799999999999727e+02 2.857140000000000235e-01
2.687799999999999727e+02 2.857140000000000235e-01
2.692799999999999727e+02 2.857140000000000235e-01
2.697799999999999727e+02 2.857140000000000235e-01
2.702799999999999727e+02 2.857140000000000235e-01
2.707799999999999727e+02 2.857140000000000235e-01
2.712799999999999727e+02 2.857140000000000235e-01
2.717799999999999727e+02 2.857140000000000235e-01
2.722799999999999727e+02 2.857140000000000235e-01
2.727799999999999727e+02 2.857140000000000235e-01
2.732799999999999727e+02 2.857140000000000235e-01
2.737799999999999727e+02 2.857140000000000235e-01
2.742799999999999727e+02 2.857140000000000235e-01
2.747799999999999727e+02 2.857140000000000235e-01
2.752799999999999727e+02 2.857140000000000235e-01
2.753199999999999932e+02 2.857140000000000235e-01
2.753600000000000136e+02 2.857140000000000235e-01
2.754399999999999977e+02 2.857140000000000235e-01
2.756000000000000227e+02 2.857140000000000235e-01
2.759200000000000159e+02 2.857140000000000235e-01
2.764200000000000159e+02 2.857140000000000235e-01
2.769200000000000159e+02 2.857140000000000235e-01
2.774200000000000159e+02 2.857140000000000235e-01
2.779200000000000159e+02 2.857140000000000235e-01
2.784200000000000159e+02 2.857140000000000235e-01
2.789200000000000159e+02 2.857140000000000235e-01
2.794200000000000159e+02 2.857140000000000235e-01
2.799200000000000159e+02 2.857140000000000235e-01
2.804200000000000159e+02 2.857140000000000235e-01
2.809200000000000159e+02 2.857140000000000235e-01
2.814200000000000159e+02 2.857140000000000235e-01
2.819200000000000159e+02 2.857140000000000235e-01
2.824200000000000159e+02 2.857140000000000235e-01
2.829200000000000159e+02 2.857140000000000235e-01
2.834200000000000159e+02 2.857140000000000235e-01
2.839200000000000159e+02 2.857140000000000235e-01
2.844200000000000159e+02 2.857140000000000235e-01
2.849200000000000159e+02 2.857140000000000235e-01
2.854200000000000159e+02 2.857140000000000235e-01
2.859200000000000159e+02 2.857140000000000235e-01
2.864200000000000159e+02 2.857140000000000235e-01
2.869200000000000159e+02 2.857140000000000235e-01
2.874200000000000159e+02 2.857140000000000235e-01
2.879200000000000159e+02 2.857140000000000235e-01
2.884200000000000159e+02 2.857140000000000235e-01
2.889200000000000159e+02 2.857140000000000235e-01
2.894200000000000159e+02 2.857140000000000235e-01
2.899200000000000159e+02 2.857140000000000235e-01
2.904200000000000159e+02 2.857140000000000235e-01
2.909200000000000159e+02 2.857140000000000235e-01
2.914200000000000159e+02 2.857140000000000235e-01
2.919200000000000159e+02 2.857140000000000235e-01
2.924200000000000159e+02 2.857140000000000235e-01
2.929200000000000159e+02 2.857140000000000235e-01
2.934200000000000159e+02 2.857140000000000235e-01
2.939200000000000159e+02 2.857140000000000235e-01
2.944200000000000159e+02 2.857140000000000235e-01
2.949200000000000159e+02 2.857140000000000235e-01
2.954200000000000159e+02 2.857140000000000235e-01
2.959200000000000159e+02 2.857140000000000235e-01
2.964200000000000159e+02 2.857140000000000235e-01
2.969200000000000159e+02 2.857140000000000235e-01
2.974200000000000159e+02 2.857140000000000235e-01
2.979200000000000159e+02 2.857140000000000235e-01
2.984200000000000159e+02 2.857140000000000235e-01
2.989200000000000159e+02 2.857140000000000235e-01
2.994200000000000159e+02 2.857140000000000235e-01
2.999200000000000159e+02 2.857140000000000235e-01
3.004200000000000159e+02 2.857140000000000235e-01
3.009200000000000159e+02 2.857140000000000235e-01
3.014200000000000159e+02 2.857140000000000235e-01
3.019200000000000159e+02 2.857140000000000235e-01
3.024200000000000159e+02 2.857140000000000235e-01
3.029200000000000159e+02 2.857140000000000235e-01
3.034200000000000159e+02 2.857140000000000235e-01
3.039200000000000159e+02 2.857140000000000235e-01
3.044200000000000159e+02 2.857140000000000235e-01
3.049200000000000159e+02 2.857140000000000235e-01
3.054200000000000159e+02 2.857140000000000235e-01
3.059200000000000159e+02 2.857140000000000235e-01
3.064200000000000159e+02 2.857140000000000235e-01
3.069200000000000159e+02 2.857140000000000235e-01
3.074200000000000159e+02 2.857140000000000235e-01
3.079200000000000159e+02 2.857140000000000235e-01
3.084200000000000159e+02 2.857140000000000235e-01
3.089200000000000159e+02 2.857140000000000235e-01
3.094200000000000159e+02 2.857140000000000235e-01
3.099200000000000159e+02 2.857140000000000235e-01
3.104200000000000159e+02 2.857140000000000235e-01
3.109200000000000159e+02 2.857140000000000235e-01
3.114200000000000159e+02 2.857140000000000235e-01
3.119200000000000159e+02 2.857140000000000235e-01
3.124200000000000159e+02 2.857140000000000235e-01
3.129200000000000159e+02 2.857140000000000235e-01
3.134200000000000159e+02 2.857140000000000235e-01
3.139200000000000159e+02 2.857140000000000235e-01
3.144200000000000159e+02 2.857140000000000235e-01
3.149200000000000159e+02 2.857140000000000235e-01
3.154200000000000159e+02 2.857140000000000235e-01
3.159200000000000159e+02 2.857140000000000235e-01
3.164200000000000159e+02 2.857140000000000235e-01
3.169200000000000159e+02 2.857140000000000235e-01
3.174200000000000159e+02 2.857140000000000235e-01
3.179200000000000159e+02 2.857140000000000235e-01
3.184200000000000159e+02 2.857140000000000235e-01
3.189200000000000159e+02 2.857140000000000235e-01
3.194200000000000159e+02 2.857140000000000235e-01
3.199200000000000159e+02 2.857140000000000235e-01
3.204200000000000159e+02 2.857140000000000235e-01
3.209200000000000159e+02 2.857140000000000235e-01
3.214200000000000159e+02 2.857140000000000235e-01
3.219200000000000159e+02 2.857140000000000235e-01
3.224200000000000159e+02 2.857140000000000235e-01
3.229200000000000159e+02 2.857140000000000235e-01
3.234200000000000159e+02 2.857140000000000235e-01
3.239200000000000159e+02 2.857140000000000235e-01
3.244200000000000159e+02 2.857140000000000235e-01
3.249200000000000159e+02 2.857140000000000235e-01
3.254200000000000159e+02 2.857140000000000235e-01
3.259200000000000159e+02 2.857140000000000235e-01
3.264200000000000159e+02 2.857140000000000235e-01
3.269200000000000159e+02 2.857140000000000235e-01
3.274200000000000159e+02 2.857140000000000235e-01
3.279200000000000159e+02 2.857140000000000235e-01
3.284200000000000159e+02 2.857140000000000235e-01
3.289200000000000159e+02 2.857140000000000235e-01
3.294200000000000159e+02 2.857140000000000235e-01
3.299200000000000159e+02 2.857140000000000235e-01
3.304200000000000159e+02 2.857140000000000235e-01
3.309200000000000159e+02 2.857140000000000235e-01
3.314200000000000159e+02 2.857140000000000235e-01
3.319200000000000159e+02 2.857140000000000235e-01
3.324200000000000159e+02 2.857140000000000235e-01
3.329200000000000159e+02 2.857140000000000235e-01
3.334200000000000159e+02 2.857140000000000235e-01
3.339200000000000159e+02 2.857140000000000235e-01
3.344200000000000159e+02 2.857140000000000235e-01
3.349200000000000159e+02 2.857140000000000235e-01
3.354200000000000159e+02 2.857140000000000235e-01
3.359200000000000159e+02 2.857140000000000235e-01
3.364200000000000159e+02 2.857140000000000235e-01
3.369200000000000159e+02 2.857140000000000235e-01
3.374200000000000159e+02 2.857140000000000235e-01
3.379200000000000159e+02 2.857140000000000235e-01
3.384200000000000159e+02 2.857140000000000235e-01
3.389200000000000159e+02 2.857140000000000235e-01
3.394200000000000159e+02 2.857140000000000235e-01
3.399200000000000159e+02 2.857140000000000235e-01
3.404200000000000159e+02 2.857140000000000235e-01
3.409200000000000159e+02 2.857140000000000235e-01
3.414200000000000159e+02 2.857140000000000235e-01
3.419200000000000159e+02 2.857140000000000235e-01
3.424200000000000159e+02 2.857140000000000235e-01
3.429200000000000159e+02 2.857140000000000235e-01
3.434200000000000159e+02 2.857140000000000235e-01
3.439200000000000159e+02 2.857140000000000235e-01
3.444200000000000159e+02 2.857140000000000235e-01
3.449200000000000159e+02 2.857140000000000235e-01
3.454200000000000159e+02 2.857140000000000235e-01
3.459200000000000159e+02 2.857140000000000235e-01
3.464200000000000159e+02 2.857140000000000235e-01
3.469200000000000159e+02 2.857140000000000235e-01
3.474200000000000159e+02 2.857140000000000235e-01
3.479200000000000159e+02 2.857140000000000235e-01
3.484200000000000159e+02 2.857140000000000235e-01
3.489200000000000159e+02 2.857140000000000235e-01
3.494200000000000159e+02 2.857140000000000235e-01
3.499200000000000159e+02 2.857140000000000235e-01
3.504200000000000159e+02 2.857140000000000235e-01
3.509200000000000159e+02 2.857140000000000235e-01
3.514200000000000159e+02 2.857140000000000235e-01
3.519200000000000159e+02 2.857140000000000235e-01
3.524200000000000159e+02 2.857140000000000235e-01
3.529200000000000159e+02 2.857140000000000235e-01
3.534200000000000159e+02 2.857140000000000235e-01
3.539200000000000159e+02 2.857140000000000235e-01
3.544200000000000159e+02 2.857140000000000235e-01
3.549200000000000159e+02 2.857140000000000235e-01
3.554200000000000159e+02 2.857140000000000235e-01
3.559200000000000159e+02 2.857140000000000235e-01
3.564200000000000159e+02 2.857140000000000235e-01
3.569200000000000159e+02 2.857140000000000235e-01
3.574200000000000159e+02 2.857140000000000235e-01
3.579200000000000159e+02 2.857140000000000235e-01
3.584200000000000159e+02 2.857140000000000235e-01
3.589200000000000159e+02 2.857140000000000235e-01
3.594200000000000159e+02 2.857140000000000235e-01
3.599200000000000159e+02 2.857140000000000235e-01
3.604200000000000159e+02 2.857140000000000235e-01
3.609200000000000159e+02 2.857140000000000235e-01
3.614200000000000159e+02 2.857140000000000235e-01
3.619200000000000159e+02 2.857140000000000235e-01
3.624200000000000159e+02 2.857140000000000235e-01
3.629200000000000159e+02 2.857140000000000235e-01
3.634200000000000159e+02 2.857140000000000235e-01
3.639200000000000159e+02 2.857140000000000235e-01
3.644200000000000159e+02 2.857140000000000235e-01
3.649200000000000159e+02 2.857140000000000235e-01
3.654200000000000159e+02 2.857140000000000235e-01
3.659200000000000159e+02 2.857140000000000235e-01
3.664200000000000159e+02 2.857140000000000235e-01
3.669200000000000159e+02 2.857140000000000235e-01
3.674200000000000159e+02 2.857140000000000235e-01
3.679200000000000159e+02 2.857140000000000235e-01
3.684200000000000159e+02 2.857140000000000235e-01
3.689200000000000159e+02 2.857140000000000235e-01
3.694200000000000159e+02 2.857140000000000235e-01
3.699200000000000159e+02 2.857140000000000235e-01
3.704200000000000159e+02 2.857140000000000235e-01
3.709200000000000159e+02 2.857140000000000235e-01
3.714200000000000159e+02 2.857140000000000235e-01
3.719200000000000159e+02 2.857140000000000235e-01
3.724200000000000159e+02 2.857140000000000235e-01
3.729200000000000159e+02 2.857140000000000235e-01
3.729599999999999795e+02 2.857140000000000235e-01
3.730000000000000000e+02 2.857140000000000235e-01
3.730799999999999841e+02 2.857140000000000235e-01
3.732400000000000091e+02 2.857140000000000235e-01
3.735600000000000023e+02 2.857140000000000235e-01
3.740600000000000023e+02 2.857140000000000235e-01
3.745600000000000023e+02 2.857140000000000235e-01
3.750600000000000023e+02 2.857140000000000235e-01
3.755600000000000023e+02 2.857140000000000235e-01
3.760600000000000023e+02 2.857140000000000235e-01
3.765600000000000023e+02 2.857140000000000235e-01
3.770600000000000023e+02 2.857140000000000235e-01
3.775600000000000023e+02 2.857140000000000235e-01
3.780600000000000023e+02 2.857140000000000235e-01
3.785600000000000023e+02 2.857140000000000235e-01
3.790600000000000023e+02 2.857140000000000235e-01
3.795600000000000023e+02 2.857140000000000235e-01
3.800600000000000023e+02 2.857140000000000235e-01
3.805600000000000023e+02 2.857140000000000235e-01
3.810600000000000023e+02 2.857140000000000235e-01
3.815600000000000023e+02 2.857140000000000235e-01
3.820600000000000023e+02 2.857140000000000235e-01
3.825600000000000023e+02 2.857140000000000235e-01
3.830600000000000023e+02 2.857140000000000235e-01
3.835600000000000023e+02 2.857140000000000235e-01
3.840600000000000023e+02 2.857140000000000235e-01
3.845600000000000023e+02 2.857140000000000235e-01
3.850600000000000023e+02 2.857140000000000235e-01
3.855600000000000023e+02 2.857140000000000235e-01
3.860600000000000023e+02 2.857140000000000235e-01
3.865600000000000023e+02 2.857140000000000235e-01
3.870600000000000023e+02 2.857140000000000235e-01
3.875600000000000023e+02 2.857140000000000235e-01
3.880600000000000023e+02 2.857140000000000235e-01
3.885600000000000023e+02 2.857140000000000235e-01
3.890600000000000023e+02 2.857140000000000235e-01
3.895600000000000023e+02 2.857140000000000235e-01
3.900600000000000023e+02 2.857140000000000235e-01
3.905600000000000023e+02 2.857140000000000235e-01
3.910600000000000023e+02 2.857140000000000235e-01
3.915600000000000023e+02 2.857140000000000235e-01
3.920600000000000023e+02 2.857140000000000235e-01
3.925600000000000023e+02 2.857140000000000235e-01
3.930600000000000023e+02 2.857140000000000235e-01
3.935600000000000023e+02 2.857140000000000235e-01
3.940600000000000023e+02 2.857140000000000235e-01
3.945600000000000023e+02 2.857140000000000235e-01
3.950600000000000023e+02 2.857140000000000235e-01
3.955600000000000023e+02 2.857140000000000235e-01
3.960600000000000023e+02 2.857140000000000235e-01
3.965600000000000023e+02 2.857140000000000235e-01
3.970600000000000023e+02 2.857140000000000235e-01
3.975600000000000023e+02 2.857140000000000235e-01
3.980600000000000023e+02 2.857140000000000235e-01
3.985600000000000023e+02 2.857140000000000235e-01
3.990600000000000023e+02 2.857140000000000235e-01
3.995600000000000023e+02 2.857140000000000235e-01
4.000600000000000023e+02 2.857140000000000235e-01
4.005600000000000023e+02 2.857140000000000235e-01
4.010600000000000023e+02 2.857140000000000235e-01
4.015600000000000023e+02 2.857140000000000235e-01
4.020600000000000023e+02 2.857140000000000235e-01
4.025600000000000023e+02 2.857140000000000235e-01
4.030600000000000023e+02 2.857140000000000235e-01
4.035600000000000023e+02 2.857140000000000235e-01
4.040600000000000023e+02 2.857140000000000235e-01
4.045600000000000023e+02 2.857140000000000235e-01
4.050600000000000023e+02 2.857140000000000235e-01
4.055600000000000023e+02 2.857140000000000235e-01
4.060600000000000023e+02 2.857140000000000235e-01
4.065600000000000023e+02 2.857140000000000235e-01
4.070600000000000023e+02 2.857140000000000235e-01
4.075600000000000023e+02 2.857140000000000235e-01
4.080600000000000023e+02 2.857140000000000235e-01
4.085600000000000023e+02 2.857140000000000235e-01
4.090600000000000023e+02 2.857140000000000235e-01
4.095600000000000023e+02 2.857140000000000235e-01
4.100600000000000023e+02 2.857140000000000235e-01
4.105600000000000023e+02 2.857140000000000235e-01
4.110600000000000023e+02 2.857140000000000235e-01
4.115600000000000023e+02 2.857140000000000235e-01
4.120600000000000023e+02 2.857140000000000235e-01
4.125600000000000023e+02 2.857140000000000235e-01
4.130600000000000023e+02 2.857140000000000235e-01
4.135600000000000023e+02 2.857140000000000235e-01
4.140600000000000023e+02 2.857140000000000235e-01
4.145600000000000023e+02 2.857140000000000235e-01
4.150600000000000023e+02 2.857140000000000235e-01
4.155600000000000023e+02 2.857140000000000235e-01
4.160600000000000023e+02 2.857140000000000235e-01
4.165600000000000023e+02 2.857140000000000235e-01
4.170600000000000023e+02 2.857140000000000235e-01
4.175600000000000023e+02 2.857140000000000235e-01
4.180600000000000023e+02 2.857140000000000235e-01
4.185600000000000023e+02 2.857140000000000235e-01
4.190600000000000023e+02 2.857140000000000235e-01
4.195600000000000023e+02 2.857140000000000235e-01
4.200600000000000023e+02 2.857140000000000235e-01
4.205600000000000023e+02 2.857140000000000235e-01
4.210600000000000023e+02 2.857140000000000235e-01
4.215600000000000023e+02 2.857140000000000235e-01
4.220600000000000023e+02 2.857140000000000235e-01
4.225600000000000023e+02 2.857140000000000235e-01
4.230600000000000023e+02 2.857140000000000235e-01
4.235600000000000023e+02 2.857140000000000235e-01
4.240600000000000023e+02 2.857140000000000235e-01
4.245600000000000023e+02 2.857140000000000235e-01
4.250600000000000023e+02 2.857140000000000235e-01
4.255600000000000023e+02 2.857140000000000235e-01
4.260600000000000023e+02 2.857140000000000235e-01
4.265600000000000023e+02 2.857140000000000235e-01
4.270600000000000023e+02 2.857140000000000235e-01
4.275600000000000023e+02 2.857140000000000235e-01
4.280600000000000023e+02 2.857140000000000235e-01
4.285600000000000023e+02 2.857140000000000235e-01
4.290600000000000023e+02 2.857140000000000235e-01
4.295600000000000023e+02 2.857140000000000235e-01
4.300600000000000023e+02 2.857140000000000235e-01
4.305600000000000023e+02 2.857140000000000235e-01
4.310600000000000023e+02 2.857140000000000235e-01
4.315600000000000023e+02 2.857140000000000235e-01
4.320600000000000023e+02 2.857140000000000235e-01
4.325600000000000023e+02 2.857140000000000235e-01
4.330600000000000023e+02 2.857140000000000235e-01
4.335600000000000023e+02 2.857140000000000235e-01
4.340600000000000023e+02 2.857140000000000235e-01
4.345600000000000023e+02 2.857140000000000235e-01
4.350600000000000023e+02 2.857140000000000235e-01
4.355600000000000023e+02 2.857140000000000235e-01
4.360600000000000023e+02 2.857140000000000235e-01
4.365600000000000023e+02 2.857140000000000235e-01
4.370600000000000023e+02 2.857140000000000235e-01
4.375600000000000023e+02 2.857140000000000235e-01
4.380600000000000023e+02 2.857140000000000235e-01
4.385600000000000023e+02 2.857140000000000235e-01
4.390600000000000023e+02 2.857140000000000235e-01
4.395600000000000023e+02 2.857140000000000235e-01
4.400600000000000023e+02 2.857140000000000235e-01
4.405600000000000023e+02 2.857140000000000235e-01
4.410600000000000023e+02 2.857140000000000235e-01
4.415600000000000023e+02 2.857140000000000235e-01
4.420600000000000023e+02 2.857140000000000235e-01
4.425600000000000023e+02 2.857140000000000235e-01
4.430600000000000023e+02 2.857140000000000235e-01
4.435600000000000023e+02 2.857140000000000235e-01
4.440600000000000023e+02 2.857140000000000235e-01
4.445600000000000023e+02 2.857140000000000235e-01
4.450600000000000023e+02 2.857140000000000235e-01
4.455600000000000023e+02 2.857140000000000235e-01
4.460600000000000023e+02 2.857140000000000235e-01
4.465600000000000023e+02 2.857140000000000235e-01
4.470600000000000023e+02 2.857140000000000235e-01
4.475600000000000023e+02 2.857140000000000235e-01
4.480600000000000023e+02 2.857140000000000235e-01
4.485600000000000023e+02 2.857140000000000235e-01
4.490600000000000023e+02 2.857140000000000235e-01
4.495600000000000023e+02 2.857140000000000235e-01
4.500600000000000023e+02 2.857140000000000235e-01
4.505600000000000023e+02 2.857140000000000235e-01
4.510600000000000023e+02 2.857140000000000235e-01
4.515600000000000023e+02 2.857140000000000235e-01
4.520600000000000023e+02 2.857140000000000235e-01
4.525600000000000023e+02 2.857140000000000235e-01
4.530600000000000023e+02 2.857140000000000235e-01
4.535600000000000023e+02 2.857140000000000235e-01
4.540600000000000023e+02 2.857140000000000235e-01
4.545600000000000023e+02 2.857140000000000235e-01
4.550600000000000023e+02 2.857140000000000235e-01
4.555600000000000023e+02 2.857140000000000235e-01
4.560600000000000023e+02 2.857140000000000235e-01
4.565600000000000023e+02 2.857140000000000235e-01
4.570600000000000023e+02 2.857140000000000235e-01
4.575600000000000023e+02 2.857140000000000235e-01
4.580600000000000023e+02 2.857140000000000235e-01
4.585600000000000023e+02 2.857140000000000235e-01
4.590600000000000023e+02 2.857140000000000235e-01
4.595600000000000023e+02 2.857140000000000235e-01
4.600600000000000023e+02 2.857140000000000235e-01
4.605600000000000023e+02 2.857140000000000235e-01
4.610600000000000023e+02 2.857140000000000235e-01
4.615600000000000023e+02 2.857140000000000235e-01
4.620600000000000023e+02 2.857140000000000235e-01
4.625600000000000023e+02 2.857140000000000235e-01
4.630600000000000023e+02 2.857140000000000235e-01
4.635600000000000023e+02 2.857140000000000235e-01
4.640600000000000023e+02 2.857140000000000235e-01
4.645600000000000023e+02 2.857140000000000235e-01
4.650600000000000023e+02 2.857140000000000235e-01
4.655600000000000023e+02 2.857140000000000235e-01
4.660600000000000023e+02 2.857140000000000235e-01
4.665600000000000023e+02 2.857140000000000235e-01
4.670600000000000023e+02 2.857140000000000235e-01
4.675600000000000023e+02 2.857140000000000235e-01
4.680600000000000023e+02 2.857140000000000235e-01
4.685600000000000023e+02 2.857140000000000235e-01
4.690600000000000023e+02 2.857140000000000235e-01
4.695600000000000023e+02 2.857140000000000235e-01
4.700600000000000023e+02 2.857140000000000235e-01
4.705600000000000023e+02 2.857140000000000235e-01
4.706000000000000227e+02 2.857140000000000235e-01
4.706399999999999864e+02 2.857140000000000235e-01
4.707200000000000273e+02 2.857140000000000235e-01
4.708799999999999955e+02 2.857140000000000235e-01
4.711999999999999886e+02 2.857140000000000235e-01
4.716999999999999886e+02 2.857140000000000235e-01
4.721999999999999886e+02 2.857140000000000235e-01
4.726999999999999886e+02 2.857140000000000235e-01
4.731999999999999886e+02 2.857140000000000235e-01
4.736999999999999886e+02 2.857140000000000235e-01
4.741999999999999886e+02 2.857140000000000235e-01
4.746999999999999886e+02 2.857140000000000235e-01
4.751999999999999886e+02 2.857140000000000235e-01
4.756999999999999886e+02 2.857140000000000235e-01
4.761999999999999886e+02 2.857140000000000235e-01
4.766999999999999886e+02 2.857140000000000235e-01
4.771999999999999886e+02 2.857140000000000235e-01
4.776999999999999886e+02 2.857140000000000235e-01
4.781999999999999886e+02 2.857140000000000235e-01
4.786999999999999886e+02 2.857140000000000235e-01
4.791999999999999886e+02 2.857140000000000235e-01
4.796999999999999886e+02 2.857140000000000235e-01
4.801999999999999886e+02 2.857140000000000235e-01
4.806999999999999886e+02 2.857140000000000235e-01
4.811999999999999886e+02 2.857140000000000235e-01
4.816999999999999886e+02 2.857140000000000235e-01
4.821999999999999886e+02 2.857140000000000235e-01
4.826999999999999886e+02 2.857140000000000235e-01
4.831999999999999886e+02 2.857140000000000235e-01
4.836999999999999886e+02 2.857140000000000235e-01
4.841999999999999886e+02 2.857140000000000235e-01
4.846999999999999886e+02 2.857140000000000235e-01
4.851999999999999886e+02 2.857140000000000235e-01
4.856999999999999886e+02 2.857140000000000235e-01
4.861999999999999886e+02 2.857140000000000235e-01
4.866999999999999886e+02 2.857140000000000235e-01
4.871999999999999886e+02 2.857140000000000235e-01
4.876999999999999886e+02 2.857140000000000235e-01
4.881999999999999886e+02 2.857140000000000235e-01
4.886999999999999886e+02 2.857140000000000235e-01
4.891999999999999886e+02 2.857140000000000235e-01
4.896999999999999886e+02 2.857140000000000235e-01
4.901999999999999886e+02 2.857140000000000235e-01
4.906999999999999886e+02 2.857140000000000235e-01
4.911999999999999886e+02 2.857140000000000235e-01
4.916999999999999886e+02 2.857140000000000235e-01
4.921999999999999886e+02 2.857140000000000235e-01
4.926999999999999886e+02 2.857140000000000235e-01
4.931999999999999886e+02 2.857140000000000235e-01
4.936999999999999886e+02 2.857140000000000235e-01
4.941999999999999886e+02 2.857140000000000235e-01
4.946999999999999886e+02 2.857140000000000235e-01
4.951999999999999886e+02 2.857140000000000235e-01
4.956999999999999886e+02 2.857140000000000235e-01
4.961999999999999886e+02 2.857140000000000235e-01
4.966999999999999886e+02 2.857140000000000235e-01
4.971999999999999886e+02 2.857140000000000235e-01
4.976999999999999886e+02 2.857140000000000235e-01
4.981999999999999886e+02 2.857140000000000235e-01
4.986999999999999886e+02 2.857140000000000235e-01
4.991999999999999886e+02 2.857140000000000235e-01
4.996999999999999886e+02 2.857140000000000235e-01
5.001999999999999886e+02 2.857140000000000235e-01
5.006999999999999886e+02 2.857140000000000235e-01
5.011999999999999886e+02 2.857140000000000235e-01
5.016999999999999886e+02 2.857140000000000235e-01
5.021999999999999886e+02 2.857140000000000235e-01
5.026999999999999886e+02 2.857140000000000235e-01
5.031999999999999886e+02 2.857140000000000235e-01
5.036999999999999886e+02 2.857140000000000235e-01
5.041999999999999886e+02 2.857140000000000235e-01
5.046999999999999886e+02 2.857140000000000235e-01
5.051999999999999886e+02 2.857140000000000235e-01
5.056999999999999886e+02 2.857140000000000235e-01
5.061999999999999886e+02 2.857140000000000235e-01
5.066999999999999886e+02 2.857140000000000235e-01
5.071999999999999886e+02 2.857140000000000235e-01
5.076999999999999886e+02 2.857140000000000235e-01
5.081999999999999886e+02 2.857140000000000235e-01
5.086999999999999886e+02 2.857140000000000235e-01
5.091999999999999886e+02 2.857140000000000235e-01
5.096999999999999886e+02 2.857140000000000235e-01
5.101999999999999886e+02 2.857140000000000235e-01
5.106999999999999886e+02 2.857140000000000235e-01
5.111999999999999886e+02 2.857140000000000235e-01
5.116999999999999886e+02 2.857140000000000235e-01
5.122000000000000455e+02 2.857140000000000235e-01
5.127000000000000455e+02 2.857140000000000235e-01
5.132000000000000455e+02 2.857140000000000235e-01
5.137000000000000455e+02 2.857140000000000235e-01
5.142000000000000455e+02 2.857140000000000235e-01
5.147000000000000455e+02 2.857140000000000235e-01
5.152000000000000455e+02 2.857140000000000235e-01
5.157000000000000455e+02 2.857140000000000235e-01
5.162000000000000455e+02 2.857140000000000235e-01
5.167000000000000455e+02 2.857140000000000235e-01
5.172000000000000455e+02 2.857140000000000235e-01
5.177000000000000455e+02 2.857140000000000235e-01
5.182000000000000455e+02 2.857140000000000235e-01
5.187000000000000455e+02 2.857140000000000235e-01
5.192000000000000455e+02 2.857140000000000235e-01
5.197000000000000455e+02 2.857140000000000235e-01
5.202000000000000455e+02 2.857140000000000235e-01
5.207000000000000455e+02 2.857140000000000235e-01
5.212000000000000455e+02 2.857140000000000235e-01
5.217000000000000455e+02 2.857140000000000235e-01
5.222000000000000455e+02 2.857140000000000235e-01
5.227000000000000455e+02 2.857140000000000235e-01
5.232000000000000455e+02 2.857140000000000235e-01
5.237000000000000455e+02 2.857140000000000235e-01
5.242000000000000455e+02 2.857140000000000235e-01
5.247000000000000455e+02 2.857140000000000235e-01
5.252000000000000455e+02 2.857140000000000235e-01
5.257000000000000455e+02 2.857140000000000235e-01
5.262000000000000455e+02 2.857140000000000235e-01
5.267000000000000455e+02 2.857140000000000235e-01
5.272000000000000455e+02 2.857140000000000235e-01
5.277000000000000455e+02 2.857140000000000235e-01
5.282000000000000455e+02 2.857140000000000235e-01
5.287000000000000455e+02 2.857140000000000235e-01
5.292000000000000455e+02 2.857140000000000235e-01
5.297000000000000455e+02 2.857140000000000235e-01
5.302000000000000455e+02 2.857140000000000235e-01
5.307000000000000455e+02 2.857140000000000235e-01
5.312000000000000455e+02 2.857140000000000235e-01
5.317000000000000455e+02 2.857140000000000235e-01
5.322000000000000455e+02 2.857140000000000235e-01
5.327000000000000455e+02 2.857140000000000235e-01
5.332000000000000455e+02 2.857140000000000235e-01
5.337000000000000455e+02 2.857140000000000235e-01
5.342000000000000455e+02 2.857140000000000235e-01
5.347000000000000455e+02 2.857140000000000235e-01
5.352000000000000455e+02 2.857140000000000235e-01
5.357000000000000455e+02 2.857140000000000235e-01
5.362000000000000455e+02 2.857140000000000235e-01
5.367000000000000455e+02 2.857140000000000235e-01
5.372000000000000455e+02 2.857140000000000235e-01
5.377000000000000455e+02 2.857140000000000235e-01
5.382000000000000455e+02 2.857140000000000235e-01
5.387000000000000455e+02 2.857140000000000235e-01
5.392000000000000455e+02 2.857140000000000235e-01
5.397000000000000455e+02 2.857140000000000235e-01
5.402000000000000455e+02 2.857140000000000235e-01
5.407000000000000455e+02 2.857140000000000235e-01
5.412000000000000455e+02 2.857140000000000235e-01
5.417000000000000455e+02 2.857140000000000235e-01
5.422000000000000455e+02 2.857140000000000235e-01
5.427000000000000455e+02 2.857140000000000235e-01
5.432000000000000455e+02 2.857140000000000235e-01
5.437000000000000455e+02 2.857140000000000235e-01
5.442000000000000455e+02 2.857140000000000235e-01
5.447000000000000455e+02 2.857140000000000235e-01
5.452000000000000455e+02 2.857140000000000235e-01
5.457000000000000455e+02 2.857140000000000235e-01
5.462000000000000455e+02 2.857140000000000235e-01
5.467000000000000455e+02 2.857140000000000235e-01
5.472000000000000455e+02 2.857140000000000235e-01
5.477000000000000455e+02 2.857140000000000235e-01
5.482000000000000455e+02 2.857140000000000235e-01
5.487000000000000455e+02 2.857140000000000235e-01
5.492000000000000455e+02 2.857140000000000235e-01
5.497000000000000455e+02 2.857140000000000235e-01
5.502000000000000455e+02 2.857140000000000235e-01
5.507000000000000455e+02 2.857140000000000235e-01
5.512000000000000455e+02 2.857140000000000235e-01
5.517000000000000455e+02 2.857140000000000235e-01
5.522000000000000455e+02 2.857140000000000235e-01
5.527000000000000455e+02 2.857140000000000235e-01
5.532000000000000455e+02 2.857140000000000235e-01
5.537000000000000455e+02 2.857140000000000235e-01
5.542000000000000455e+02 2.857140000000000235e-01
5.547000000000000455e+02 2.857140000000000235e-01
5.552000000000000455e+02 2.857140000000000235e-01
5.557000000000000455e+02 2.857140000000000235e-01
5.562000000000000455e+02 2.857140000000000235e-01
5.567000000000000455e+02 2.857140000000000235e-01
5.572000000000000455e+02 2.857140000000000235e-01
5.577000000000000455e+02 2.857140000000000235e-01
5.582000000000000455e+02 2.857140000000000235e-01
5.587000000000000455e+02 2.857140000000000235e-01
5.592000000000000455e+02 2.857140000000000235e-01
5.597000000000000455e+02 2.857140000000000235e-01
5.602000000000000455e+02 2.857140000000000235e-01
5.607000000000000455e+02 2.857140000000000235e-01
5.612000000000000455e+02 2.857140000000000235e-01
5.617000000000000455e+02 2.857140000000000235e-01
5.622000000000000455e+02 2.857140000000000235e-01
5.627000000000000455e+02 2.857140000000000235e-01
5.632000000000000455e+02 2.857140000000000235e-01
5.637000000000000455e+02 2.857140000000000235e-01
5.642000000000000455e+02 2.857140000000000235e-01
5.647000000000000455e+02 2.857140000000000235e-01
5.652000000000000455e+02 2.857140000000000235e-01
5.657000000000000455e+02 2.857140000000000235e-01
5.662000000000000455e+02 2.857140000000000235e-01
5.667000000000000455e+02 2.857140000000000235e-01
5.672000000000000455e+02 2.857140000000000235e-01
5.677000000000000455e+02 2.857140000000000235e-01
5.682000000000000455e+02 2.857140000000000235e-01
5.682400000000000091e+02 2.857140000000000235e-01
5.682799999999999727e+02 2.857140000000000235e-01
5.683600000000000136e+02 2.857140000000000235e-01
5.685199999999999818e+02 2.857140000000000235e-01
5.688400000000000318e+02 2.857140000000000235e-01
5.693400000000000318e+02 2.857140000000000235e-01
5.698400000000000318e+02 2.857140000000000235e-01
5.703400000000000318e+02 2.857140000000000235e-01
5.708400000000000318e+02 2.857140000000000235e-01
5.713400000000000318e+02 2.857140000000000235e-01
5.718400000000000318e+02 2.857140000000000235e-01
5.723400000000000318e+02 2.857140000000000235e-01
5.728400000000000318e+02 2.857140000000000235e-01
5.733400000000000318e+02 2.857140000000000235e-01
5.738400000000000318e+02 2.857140000000000235e-01
5.743400000000000318e+02 2.857140000000000235e-01
5.748400000000000318e+02 2.857140000000000235e-01
5.753400000000000318e+02 2.857140000000000235e-01
5.758400000000000318e+02 2.857140000000000235e-01
5.763400000000000318e+02 2.857140000000000235e-01
5.768400000000000318e+02 2.857140000000000235e-01
5.773400000000000318e+02 2.857140000000000235e-01
5.778400000000000318e+02 2.857140000000000235e-01
5.783400000000000318e+02 2.857140000000000235e-01
5.788400000000000318e+02 2.857140000000000235e-01
5.793400000000000318e+02 2.857140000000000235e-01
5.798400000000000318e+02 2.857140000000000235e-01
5.803400000000000318e+02 2.857140000000000235e-01
5.808400000000000318e+02 2.857140000000000235e-01
5.813400000000000318e+02 2.857140000000000235e-01
5.818400000000000318e+02 2.857140000000000235e-01
5.823400000000000318e+02 2.857140000000000235e-01
5.828400000000000318e+02 2.857140000000000235e-01
5.833400000000000318e+02 2.857140000000000235e-01
5.838400000000000318e+02 2.857140000000000235e-01
5.843400000000000318e+02 2.857140000000000235e-01
5.848400000000000318e+02 2.857140000000000235e-01
5.853400000000000318e+02 2.857140000000000235e-01
5.858400000000000318e+02 2.857140000000000235e-01
5.863400000000000318e+02 2.857140000000000235e-01
5.868400000000000318e+02 2.857140000000000235e-01
5.873400000000000318e+02 2.857140000000000235e-01
5.878400000000000318e+02 2.857140000000000235e-01
5.883400000000000318e+02 2.857140000000000235e-01
5.888400000000000318e+02 2.857140000000000235e-01
5.893400000000000318e+02 2.857140000000000235e-01
5.898400000000000318e+02 2.857140000000000235e-01
5.903400000000000318e+02 2.857140000000000235e-01
5.908400000000000318e+02 2.857140000000000235e-01
5.913400000000000318e+02 2.857140000000000235e-01
5.918400000000000318e+02 2.857140000000000235e-01
5.923400000000000318e+02 2.857140000000000235e-01
5.928400000000000318e+02 2.857140000000000235e-01
5.933400000000000318e+02 2.857140000000000235e-01
5.938400000000000318e+02 2.857140000000000235e-01
5.943400000000000318e+02 2.857140000000000235e-01
5.948400000000000318e+02 2.857140000000000235e-01
5.953400000000000318e+02 2.857140000000000235e-01
5.958400000000000318e+02 2.857140000000000235e-01
5.963400000000000318e+02 2.857140000000000235e-01
5.968400000000000318e+02 2.857140000000000235e-01
5.973400000000000318e+02 2.857140000000000235e-01
5.978400000000000318e+02 2.857140000000000235e-01
5.983400000000000318e+02 2.857140000000000235e-01
5.988400000000000318e+02 2.857140000000000235e-01
5.993400000000000318e+02 2.857140000000000235e-01
5.998400000000000318e+02 2.857140000000000235e-01
6.003400000000000318e+02 2.857140000000000235e-01
6.008400000000000318e+02 2.857140000000000235e-01
6.013400000000000318e+02 2.857140000000000235e-01
6.018400000000000318e+02 2.857140000000000235e-01
6.023400000000000318e+02 2.857140000000000235e-01
6.028400000000000318e+02 2.857140000000000235e-01
6.033400000000000318e+02 2.857140000000000235e-01
6.038400000000000318e+02 2.857140000000000235e-01
6.043400000000000318e+02 2.857140000000000235e-01
6.048400000000000318e+02 2.857140000000000235e-01
6.053400000000000318e+02 2.857140000000000235e-01
6.058400000000000318e+02 2.857140000000000235e-01
6.063400000000000318e+02 2.857140000000000235e-01
6.068400000000000318e+02 2.857140000000000235e-01
6.073400000000000318e+02 2.857140000000000235e-01
6.078400000000000318e+02 2.857140000000000235e-01
6.083400000000000318e+02 2.857140000000000235e-01
6.088400000000000318e+02 2.857140000000000235e-01
6.093400000000000318e+02 2.857140000000000235e-01
6.098400000000000318e+02 2.857140000000000235e-01
6.103400000000000318e+02 2.857140000000000235e-01
6.108400000000000318e+02 2.857140000000000235e-01
6.113400000000000318e+02 2.857140000000000235e-01
6.118400000000000318e+02 2.857140000000000235e-01
6.123400000000000318e+02 2.857140000000000235e-01
6.128400000000000318e+02 2.857140000000000235e-01
6.133400000000000318e+02 2.857140000000000235e-01
6.138400000000000318e+02 2.857140000000000235e-01
6.143400000000000318e+02 2.857140000000000235e-01
6.148400000000000318e+02 2.857140000000000235e-01
6.153400000000000318e+02 2.857140000000000235e-01
6.158400000000000318e+02 2.857140000000000235e-01
6.163400000000000318e+02 2.857140000000000235e-01
6.168400000000000318e+02 2.857140000000000235e-01
6.173400000000000318e+02 2.857140000000000235e-01
6.178400000000000318e+02 2.857140000000000235e-01
6.183400000000000318e+02 2.857140000000000235e-01
6.188400000000000318e+02 2.857140000000000235e-01
6.193400000000000318e+02 2.857140000000000235e-01
6.198400000000000318e+02 2.857140000000000235e-01
6.203400000000000318e+02 2.857140000000000235e-01
6.208400000000000318e+02 2.857140000000000235e-01
6.213400000000000318e+02 2.857140000000000235e-01
6.218400000000000318e+02 2.857140000000000235e-01
6.223400000000000318e+02 2.857140000000000235e-01
6.228400000000000318e+02 2.857140000000000235e-01
6.233400000000000318e+02 2.857140000000000235e-01
6.238400000000000318e+02 2.857140000000000235e-01
6.243400000000000318e+02 2.857140000000000235e-01
6.248400000000000318e+02 2.857140000000000235e-01
6.253400000000000318e+02 2.857140000000000235e-01
6.258400000000000318e+02 2.857140000000000235e-01
6.263400000000000318e+02 2.857140000000000235e-01
6.268400000000000318e+02 2.857140000000000235e-01
6.273400000000000318e+02 2.857140000000000235e-01
6.278400000000000318e+02 2.857140000000000235e-01
6.283400000000000318e+02 2.857140000000000235e-01
6.288400000000000318e+02 2.857140000000000235e-01
6.293400000000000318e+02 2.857140000000000235e-01
6.298400000000000318e+02 2.857140000000000235e-01
6.303400000000000318e+02 2.857140000000000235e-01
6.308400000000000318e+02 2.857140000000000235e-01
6.313400000000000318e+02 2.857140000000000235e-01
6.318400000000000318e+02 2.857140000000000235e-01
6.323400000000000318e+02 2.857140000000000235e-01
6.328400000000000318e+02 2.857140000000000235e-01
6.333400000000000318e+02 2.857140000000000235e-01
6.338400000000000318e+02 2.857140000000000235e-01
6.343400000000000318e+02 2.857140000000000235e-01
6.348400000000000318e+02 2.857140000000000235e-01
6.353400000000000318e+02 2.857140000000000235e-01
6.358400000000000318e+02 2.857140000000000235e-01
6.363400000000000318e+02 2.857140000000000235e-01
6.368400000000000318e+02 2.857140000000000235e-01
6.373400000000000318e+02 2.857140000000000235e-01
6.378400000000000318e+02 2.857140000000000235e-01
6.383400000000000318e+02 2.857140000000000235e-01
6.388400000000000318e+02 2.857140000000000235e-01
6.393400000000000318e+02 2.857140000000000235e-01
6.398400000000000318e+02 2.857140000000000235e-01
6.403400000000000318e+02 2.857140000000000235e-01
6.408400000000000318e+02 2.857140000000000235e-01
6.413400000000000318e+02 2.857140000000000235e-01
6.418400000000000318e+02 2.857140000000000235e-01
6.423400000000000318e+02 2.857140000000000235e-01
6.428400000000000318e+02 2.857140000000000235e-01
6.433400000000000318e+02 2.857140000000000235e-01
6.438400000000000318e+02 2.857140000000000235e-01
6.443400000000000318e+02 2.857140000000000235e-01
6.448400000000000318e+02 2.857140000000000235e-01
6.453400000000000318e+02 2.857140000000000235e-01
6.458400000000000318e+02 2.857140000000000235e-01
6.463400000000000318e+02 2.857140000000000235e-01
6.468400000000000318e+02 2.857140000000000235e-01
6.473400000000000318e+02 2.857140000000000235e-01
6.478400000000000318e+02 2.857140000000000235e-01
6.483400000000000318e+02 2.857140000000000235e-01
6.488400000000000318e+02 2.857140000000000235e-01
6.493400000000000318e+02 2.857140000000000235e-01
6.498400000000000318e+02 2.857140000000000235e-01
6.503400000000000318e+02 2.857140000000000235e-01
6.508400000000000318e+02 2.857140000000000235e-01
6.513400000000000318e+02 2.857140000000000235e-01
6.518400000000000318e+02 2.857140000000000235e-01
6.523400000000000318e+02 2.857140000000000235e-01
6.528400000000000318e+02 2.857140000000000235e-01
6.533400000000000318e+02 2.857140000000000235e-01
6.538400000000000318e+02 2.857140000000000235e-01
6.543400000000000318e+02 2.857140000000000235e-01
6.548400000000000318e+02 2.857140000000000235e-01
6.553400000000000318e+02 2.857140000000000235e-01
6.558400000000000318e+02 2.857140000000000235e-01
6.563400000000000318e+02 2.857140000000000235e-01
6.568400000000000318e+02 2.857140000000000235e-01
6.573400000000000318e+02 2.857140000000000235e-01
6.578400000000000318e+02 2.857140000000000235e-01
6.583400000000000318e+02 2.857140000000000235e-01
6.588400000000000318e+02 2.857140000000000235e-01
6.593400000000000318e+02 2.857140000000000235e-01
6.598400000000000318e+02 2.857140000000000235e-01
6.603400000000000318e+02 2.857140000000000235e-01
6.608400000000000318e+02 2.857140000000000235e-01
6.613400000000000318e+02 2.857140000000000235e-01
6.618400000000000318e+02 2.857140000000000235e-01
6.623400000000000318e+02 2.857140000000000235e-01
6.628400000000000318e+02 2.857140000000000235e-01
6.633400000000000318e+02 2.857140000000000235e-01
6.638400000000000318e+02 2.857140000000000235e-01
6.643400000000000318e+02 2.857140000000000235e-01
6.648400000000000318e+02 2.857140000000000235e-01
6.653400000000000318e+02 2.857140000000000235e-01
