6.074930000000000518e+02 2.756649999999999934e-01
6.069930000000000518e+02 2.753650000000000264e-01
6.064930000000000518e+02 2.750650000000000039e-01
6.059930000000000518e+02 2.747649999999999815e-01
6.054930000000000518e+02 2.744650000000000145e-01
6.049930000000000518e+02 2.741660000000000208e-01
6.044930000000000518e+02 2.738670000000000271e-01
6.039930000000000518e+02 2.735670000000000046e-01
6.034930000000000518e+02 2.732680000000000109e-01
6.029930000000000518e+02 2.729699999999999904e-01
6.024930000000000518e+02 2.726709999999999967e-01
6.019930000000000518e+02 2.723729999999999762e-01
6.014930000000000518e+02 2.720739999999999825e-01
6.009930000000000518e+02 2.717760000000000176e-01
6.004930000000000518e+02 2.714779999999999971e-01
5.999930000000000518e+02 2.711799999999999766e-01
5.994930000000000518e+02 2.708829999999999849e-01
5.989930000000000518e+02 2.705850000000000199e-01
5.984930000000000518e+02 2.702879999999999727e-01
5.979930000000000518e+02 2.699909999999999810e-01
5.974930000000000518e+02 2.696939999999999893e-01
5.969930000000000518e+02 2.693969999999999976e-01
5.964930000000000518e+02 2.691009999999999791e-01
5.959930000000000518e+02 2.688039999999999874e-01
5.954930000000000518e+02 2.685080000000000244e-01
5.949930000000000518e+02 2.682120000000000060e-01
5.944930000000000518e+02 2.679159999999999875e-01
5.939930000000000518e+02 2.676200000000000245e-01
5.934930000000000518e+02 2.673240000000000061e-01
5.929930000000000518e+02 2.670290000000000163e-01
5.924930000000000518e+02 2.667340000000000266e-01
5.919930000000000518e+02 2.664389999999999814e-01
5.914930000000000518e+02 2.661439999999999917e-01
5.909930000000000518e+02 2.658490000000000020e-01
5.904930000000000518e+02 2.655540000000000123e-01
5.899930000000000518e+02 2.652599999999999958e-01
5.894930000000000518e+02 2.649659999999999793e-01
5.889930000000000518e+02 2.646709999999999896e-01
5.884930000000000518e+02 2.643780000000000019e-01
5.879930000000000518e+02 2.640839999999999854e-01
5.874930000000000518e+02 2.637900000000000245e-01
5.869930000000000518e+02 2.634969999999999812e-01
5.864930000000000518e+02 2.632030000000000203e-01
5.859930000000000518e+02 2.629099999999999770e-01
5.854930000000000518e+02 2.626169999999999893e-01
5.849930000000000518e+02 2.623240000000000016e-01
5.844930000000000518e+02 2.620319999999999871e-01
5.839930000000000518e+02 2.617389999999999994e-01
5.834930000000000518e+02 2.614469999999999850e-01
5.829930000000000518e+02 2.611550000000000260e-01
5.824930000000000518e+02 2.608630000000000115e-01
5.819930000000000518e+02 2.605709999999999971e-01
5.814930000000000518e+02 2.602789999999999826e-01
5.809930000000000518e+02 2.599879999999999969e-01
5.804930000000000518e+02 2.596970000000000112e-01
5.799930000000000518e+02 2.594049999999999967e-01
5.794930000000000518e+02 2.591140000000000110e-01
5.789930000000000518e+02 2.588230000000000253e-01
5.784930000000000518e+02 2.585330000000000128e-01
5.779930000000000518e+02 2.582420000000000271e-01
5.774930000000000518e+02 2.579520000000000146e-01
5.769930000000000518e+02 2.576620000000000021e-01
5.764930000000000518e+02 2.573710000000000164e-01
5.759930000000000518e+02 2.570819999999999772e-01
5.754930000000000518e+02 2.567920000000000202e-01
5.749930000000000518e+02 2.565020000000000078e-01
5.744930000000000518e+02 2.562130000000000241e-01
5.739930000000000518e+02 2.559230000000000116e-01
5.734930000000000518e+02 2.556339999999999724e-01
5.729930000000000518e+02 2.553449999999999886e-01
5.724930000000000518e+02 2.550569999999999782e-01
5.719940000000000282e+02 2.547679999999999945e-01
5.714940000000000282e+02 2.544790000000000108e-01
5.709940000000000282e+02 2.541910000000000003e-01
5.704940000000000282e+02 2.539029999999999898e-01
5.699940000000000282e+02 2.536149999999999793e-01
5.694940000000000282e+02 2.533270000000000244e-01
5.689940000000000282e+02 2.530390000000000139e-01
5.684940000000000282e+02 2.527519999999999767e-01
5.679940000000000282e+02 2.524640000000000217e-01
5.674940000000000282e+02 2.521769999999999845e-01
5.669940000000000282e+02 2.518900000000000028e-01
5.664940000000000282e+02 2.516030000000000211e-01
5.659940000000000282e+02 2.513159999999999838e-01
5.654940000000000282e+02 2.510290000000000021e-01
5.649940000000000282e+02 2.507429999999999937e-01
5.644940000000000282e+02 2.504569999999999852e-01
5.639940000000000282e+02 2.501700000000000035e-01
5.634940000000000282e+02 2.498839999999999950e-01
5.629940000000000282e+02 2.495979999999999865e-01
5.624940000000000282e+02 2.493130000000000068e-01
5.619940000000000282e+02 2.490269999999999984e-01
5.614940000000000282e+02 2.487419999999999909e-01
5.609940000000000282e+02 2.484560000000000102e-01
5.604940000000000282e+02 2.481710000000000027e-01
5.599940000000000282e+02 2.478859999999999952e-01
5.594940000000000282e+02 2.476019999999999888e-01
5.589940000000000282e+02 2.473170000000000091e-01
5.584940000000000282e+02 2.470320000000000016e-01
5.579940000000000282e+02 2.467479999999999951e-01
5.574940000000000282e+02 2.464639999999999886e-01
5.569940000000000282e+02 2.461800000000000099e-01
5.564940000000000282e+02 2.458960000000000035e-01
5.559940000000000282e+02 2.456119999999999970e-01
5.554940000000000282e+02 2.453279999999999905e-01
5.549940000000000282e+02 2.450450000000000128e-01
5.544940000000000282e+02 2.447620000000000073e-01
5.539940000000000282e+02 2.444780000000000009e-01
5.534940000000000282e+02 2.441949999999999954e-01
5.529940000000000282e+02 2.439119999999999899e-01
5.524940000000000282e+02 2.436300000000000132e-01
5.519940000000000282e+02 2.433470000000000077e-01
5.514940000000000282e+02 2.430650000000000033e-01
5.509940000000000282e+02 2.427819999999999978e-01
5.504940000000000282e+02 2.424999999999999933e-01
5.499940000000000282e+02 2.422179999999999889e-01
5.494940000000000282e+02 2.419360000000000122e-01
5.489940000000000282e+02 2.416550000000000087e-01
5.484940000000000282e+02 2.413730000000000042e-01
5.479940000000000282e+02 2.410920000000000007e-01
5.474940000000000282e+02 2.408099999999999963e-01
5.469940000000000282e+02 2.405289999999999928e-01
5.464940000000000282e+02 2.402479999999999893e-01
5.459940000000000282e+02 2.399670000000000136e-01
5.454940000000000282e+02 2.396870000000000112e-01
5.449940000000000282e+02 2.394060000000000077e-01
5.444940000000000282e+02 2.391260000000000052e-01
5.439940000000000282e+02 2.388450000000000017e-01
5.434940000000000282e+02 2.385649999999999993e-01
5.429940000000000282e+02 2.382849999999999968e-01
5.424940000000000282e+02 2.380059999999999953e-01
5.419940000000000282e+02 2.377259999999999929e-01
5.414940000000000282e+02 2.374459999999999904e-01
5.409940000000000282e+02 2.371669999999999889e-01
5.404940000000000282e+02 2.368879999999999875e-01
5.399940000000000282e+02 2.366080000000000128e-01
5.394940000000000282e+02 2.363290000000000113e-01
5.389940000000000282e+02 2.360510000000000108e-01
5.384940000000000282e+02 2.357720000000000093e-01
5.379940000000000282e+02 2.354930000000000079e-01
5.374940000000000282e+02 2.352150000000000074e-01
5.369940000000000282e+02 2.349370000000000069e-01
5.364940000000000282e+02 2.346580000000000055e-01
5.359940000000000282e+02 2.343800000000000050e-01
5.354940000000000282e+02 2.341030000000000055e-01
5.349940000000000282e+02 2.338250000000000051e-01
5.344940000000000282e+02 2.335470000000000046e-01
5.339940000000000282e+02 2.332700000000000051e-01
5.334940000000000282e+02 2.329930000000000057e-01
5.329940000000000282e+02 2.327150000000000052e-01
5.324940000000000282e+02 2.324380000000000057e-01
5.319940000000000282e+02 2.321610000000000062e-01
5.314940000000000282e+02 2.318850000000000078e-01
5.309940000000000282e+02 2.316080000000000083e-01
5.304940000000000282e+02 2.313320000000000098e-01
5.299940000000000282e+02 2.310550000000000104e-01
5.294940000000000282e+02 2.307790000000000119e-01
5.289940000000000282e+02 2.305030000000000134e-01
5.284940000000000282e+02 2.302269999999999872e-01
5.279940000000000282e+02 2.299509999999999887e-01
5.274940000000000282e+02 2.296749999999999903e-01
5.269940000000000282e+02 2.293999999999999928e-01
5.264940000000000282e+02 2.291249999999999953e-01
5.259940000000000282e+02 2.288489999999999969e-01
5.254940000000000282e+02 2.285739999999999994e-01
5.249940000000000282e+02 2.282990000000000019e-01
5.244940000000000282e+02 2.280240000000000045e-01
5.239940000000000282e+02 2.277500000000000080e-01
5.234940000000000282e+02 2.274750000000000105e-01
5.229940000000000282e+02 2.272009999999999863e-01
5.224940000000000282e+02 2.269259999999999888e-01
5.219940000000000282e+02 2.266519999999999924e-01
5.214940000000000282e+02 2.263779999999999959e-01
5.209940000000000282e+02 2.261039999999999994e-01
5.204940000000000282e+02 2.258300000000000030e-01
5.199940000000000282e+02 2.255570000000000075e-01
5.194940000000000282e+02 2.252830000000000110e-01
5.189940000000000282e+02 2.250099999999999878e-01
5.184940000000000282e+02 2.247359999999999913e-01
5.179940000000000282e+02 2.244629999999999959e-01
5.174940000000000282e+02 2.241900000000000004e-01
5.169940000000000282e+02 2.239170000000000049e-01
5.164940000000000282e+02 2.236450000000000105e-01
5.159940000000000282e+02 2.233719999999999872e-01
5.154940000000000282e+02 2.230999999999999928e-01
5.149940000000000282e+02 2.228269999999999973e-01
5.144940000000000282e+02 2.225550000000000028e-01
5.139940000000000282e+02 2.222830000000000084e-01
5.134940000000000282e+02 2.220109999999999861e-01
5.129940000000000282e+02 2.217389999999999917e-01
5.124940000000000282e+02 2.214669999999999972e-01
5.119940000000000282e+02 2.211960000000000037e-01
5.116739999999999782e+02 2.210219999999999962e-01
5.115140000000000100e+02 2.209349999999999925e-01
5.114340000000000259e+02 2.208920000000000050e-01
5.113940000000000055e+02 2.208700000000000108e-01
5.113539999999999850e+02 2.208479999999999888e-01
5.113539999999999850e+02 2.208479999999999888e-01
5.108539999999999850e+02 2.205769999999999953e-01
5.103539999999999850e+02 2.203060000000000018e-01
5.098539999999999850e+02 2.200350000000000084e-01
5.093539999999999850e+02 2.197639999999999871e-01
5.088539999999999850e+02 2.194929999999999937e-01
5.083539999999999850e+02 2.192230000000000012e-01
5.078539999999999850e+02 2.189520000000000077e-01
5.073539999999999850e+02 2.186819999999999875e-01
5.068539999999999850e+02 2.184109999999999940e-01
5.063539999999999850e+02 2.181410000000000016e-01
5.058539999999999850e+02 2.178710000000000091e-01
5.053539999999999850e+02 2.176009999999999889e-01
5.048539999999999850e+02 2.173319999999999974e-01
5.043539999999999850e+02 2.170620000000000049e-01
5.038539999999999850e+02 2.167920000000000125e-01
5.033539999999999850e+02 2.165229999999999932e-01
5.028539999999999850e+02 2.162540000000000018e-01
5.023539999999999850e+02 2.159850000000000103e-01
5.018539999999999850e+02 2.157159999999999911e-01
5.013539999999999850e+02 2.154469999999999996e-01
5.008539999999999850e+02 2.151780000000000082e-01
5.003539999999999850e+02 2.149089999999999889e-01
4.998539999999999850e+02 2.146409999999999985e-01
4.993539999999999850e+02 2.143720000000000070e-01
4.988539999999999850e+02 2.141039999999999888e-01
4.983539999999999850e+02 2.138359999999999983e-01
4.978539999999999850e+02 2.135680000000000078e-01
4.973539999999999850e+02 2.132999999999999896e-01
4.968539999999999850e+02 2.130319999999999991e-01
4.963539999999999850e+02 2.127640000000000087e-01
4.958539999999999850e+02 2.124969999999999914e-01
4.953539999999999850e+02 2.122290000000000010e-01
4.948539999999999850e+02 2.119620000000000115e-01
4.943539999999999850e+02 2.116949999999999943e-01
4.938539999999999850e+02 2.114280000000000048e-01
4.933539999999999850e+02 2.111609999999999876e-01
4.928539999999999850e+02 2.108939999999999981e-01
4.923539999999999850e+02 2.106270000000000087e-01
4.918539999999999850e+02 2.103609999999999924e-01
4.913539999999999850e+02 2.100940000000000030e-01
4.908539999999999850e+02 2.098279999999999867e-01
4.903539999999999850e+02 2.095619999999999983e-01
4.898539999999999850e+02 2.092950000000000088e-01
4.893539999999999850e+02 2.090289999999999926e-01
4.888539999999999850e+02 2.087640000000000051e-01
4.883539999999999850e+02 2.084979999999999889e-01
4.878539999999999850e+02 2.082320000000000004e-01
4.873539999999999850e+02 2.079670000000000130e-01
4.868539999999999850e+02 2.077009999999999967e-01
4.863539999999999850e+02 2.074360000000000093e-01
4.858539999999999850e+02 2.071709999999999940e-01
4.853539999999999850e+02 2.069060000000000066e-01
4.848539999999999850e+02 2.066409999999999914e-01
4.843539999999999850e+02 2.063760000000000039e-01
4.838539999999999850e+02 2.061109999999999887e-01
4.833539999999999850e+02 2.058460000000000012e-01
4.828539999999999850e+02 2.055819999999999870e-01
4.823539999999999850e+02 2.053180000000000005e-01
4.818539999999999850e+02 2.050530000000000130e-01
4.813539999999999850e+02 2.047889999999999988e-01
4.808539999999999850e+02 2.045250000000000123e-01
4.803539999999999850e+02 2.042609999999999981e-01
4.798539999999999850e+02 2.039970000000000117e-01
4.793539999999999850e+02 2.037339999999999984e-01
4.788539999999999850e+02 2.034700000000000120e-01
4.783539999999999850e+02 2.032069999999999987e-01
4.778539999999999850e+02 2.029430000000000123e-01
4.773539999999999850e+02 2.026799999999999990e-01
4.768539999999999850e+02 2.024170000000000136e-01
4.763539999999999850e+02 2.021540000000000004e-01
4.758539999999999850e+02 2.018909999999999871e-01
4.753539999999999850e+02 2.016280000000000017e-01
4.748539999999999850e+02 2.013649999999999884e-01
4.743539999999999850e+02 2.011030000000000040e-01
4.738539999999999850e+02 2.008399999999999908e-01
4.733539999999999850e+02 2.005780000000000063e-01
4.728539999999999850e+02 2.003159999999999941e-01
4.723539999999999850e+02 2.000540000000000096e-01
4.718539999999999850e+02 1.997919999999999974e-01
4.713539999999999850e+02 1.995300000000000129e-01
4.708539999999999850e+02 1.992680000000000007e-01
4.703539999999999850e+02 1.990059999999999885e-01
4.698539999999999850e+02 1.987450000000000050e-01
4.693539999999999850e+02 1.984829999999999928e-01
4.688539999999999850e+02 1.982220000000000093e-01
4.683539999999999850e+02 1.979599999999999971e-01
4.678539999999999850e+02 1.976990000000000136e-01
4.673539999999999850e+02 1.974380000000000024e-01
4.668539999999999850e+02 1.971769999999999912e-01
4.663539999999999850e+02 1.969160000000000077e-01
4.658539999999999850e+02 1.966559999999999975e-01
4.653539999999999850e+02 1.963949999999999863e-01
4.648539999999999850e+02 1.961340000000000028e-01
4.643539999999999850e+02 1.958739999999999926e-01
4.638539999999999850e+02 1.956140000000000101e-01
4.633539999999999850e+02 1.953529999999999989e-01
4.628539999999999850e+02 1.950929999999999886e-01
4.623539999999999850e+02 1.948330000000000062e-01
4.618539999999999850e+02 1.945729999999999960e-01
4.613539999999999850e+02 1.943139999999999867e-01
4.608539999999999850e+02 1.940540000000000043e-01
4.603539999999999850e+02 1.937939999999999940e-01
4.598539999999999850e+02 1.935350000000000126e-01
4.593539999999999850e+02 1.932750000000000024e-01
4.588539999999999850e+02 1.930159999999999931e-01
4.583539999999999850e+02 1.927570000000000117e-01
4.578539999999999850e+02 1.924980000000000024e-01
4.573539999999999850e+02 1.922389999999999932e-01
4.568539999999999850e+02 1.919800000000000118e-01
4.563539999999999850e+02 1.917210000000000025e-01
4.558539999999999850e+02 1.914629999999999943e-01
4.553539999999999850e+02 1.912040000000000128e-01
4.548539999999999850e+02 1.909460000000000046e-01
4.543539999999999850e+02 1.906869999999999954e-01
4.538539999999999850e+02 1.904289999999999872e-01
4.533539999999999850e+02 1.901710000000000067e-01
4.528539999999999850e+02 1.899129999999999985e-01
4.523539999999999850e+02 1.896549999999999903e-01
4.518539999999999850e+02 1.893970000000000098e-01
4.513539999999999850e+02 1.891390000000000016e-01
4.508539999999999850e+02 1.888819999999999943e-01
4.503539999999999850e+02 1.886240000000000139e-01
4.498539999999999850e+02 1.883670000000000067e-01
4.493539999999999850e+02 1.881089999999999984e-01
4.488539999999999850e+02 1.878519999999999912e-01
4.483539999999999850e+02 1.875950000000000117e-01
4.478539999999999850e+02 1.873380000000000045e-01
4.473539999999999850e+02 1.870809999999999973e-01
4.468539999999999850e+02 1.868239999999999901e-01
4.463539999999999850e+02 1.865670000000000106e-01
4.458539999999999850e+02 1.863100000000000034e-01
4.453539999999999850e+02 1.860539999999999972e-01
4.448539999999999850e+02 1.857969999999999899e-01
4.443539999999999850e+02 1.855410000000000115e-01
4.438539999999999850e+02 1.852840000000000042e-01
4.433539999999999850e+02 1.850279999999999980e-01
4.428539999999999850e+02 1.847719999999999918e-01
4.423539999999999850e+02 1.845160000000000133e-01
4.418539999999999850e+02 1.842600000000000071e-01
4.413539999999999850e+02 1.840040000000000009e-01
4.408539999999999850e+02 1.837489999999999957e-01
4.403539999999999850e+02 1.834929999999999894e-01
4.398539999999999850e+02 1.832370000000000110e-01
4.393539999999999850e+02 1.829820000000000058e-01
4.388539999999999850e+02 1.827270000000000005e-01
4.383539999999999850e+02 1.824709999999999943e-01
4.378539999999999850e+02 1.822159999999999891e-01
4.373539999999999850e+02 1.819610000000000116e-01
4.368539999999999850e+02 1.817060000000000064e-01
4.363539999999999850e+02 1.814510000000000012e-01
4.358539999999999850e+02 1.811959999999999960e-01
4.353539999999999850e+02 1.809419999999999917e-01
4.348539999999999850e+02 1.806869999999999865e-01
4.343539999999999850e+02 1.804320000000000090e-01
4.338539999999999850e+02 1.801780000000000048e-01
4.333539999999999850e+02 1.799240000000000006e-01
4.328539999999999850e+02 1.796689999999999954e-01
4.323539999999999850e+02 1.794149999999999912e-01
4.318539999999999850e+02 1.791609999999999869e-01
4.313539999999999850e+02 1.789070000000000105e-01
4.308539999999999850e+02 1.786530000000000062e-01
4.303539999999999850e+02 1.783990000000000020e-01
4.298539999999999850e+02 1.781449999999999978e-01
4.293539999999999850e+02 1.778919999999999946e-01
4.288539999999999850e+02 1.776379999999999904e-01
4.283539999999999850e+02 1.773849999999999871e-01
4.278550000000000182e+02 1.771310000000000107e-01
4.273550000000000182e+02 1.768780000000000074e-01
4.268550000000000182e+02 1.766250000000000042e-01
4.263550000000000182e+02 1.763720000000000010e-01
4.258550000000000182e+02 1.761189999999999978e-01
4.253550000000000182e+02 1.758659999999999946e-01
4.248550000000000182e+02 1.756129999999999913e-01
4.243550000000000182e+02 1.753599999999999881e-01
4.238550000000000182e+02 1.751070000000000126e-01
4.233550000000000182e+02 1.748550000000000104e-01
4.228550000000000182e+02 1.746020000000000072e-01
4.223550000000000182e+02 1.743500000000000050e-01
4.218550000000000182e+02 1.740970000000000018e-01
4.213550000000000182e+02 1.738449999999999995e-01
4.208550000000000182e+02 1.735929999999999973e-01
4.203550000000000182e+02 1.733409999999999951e-01
4.198550000000000182e+02 1.730889999999999929e-01
4.193550000000000182e+02 1.728369999999999906e-01
4.188550000000000182e+02 1.725849999999999884e-01
4.183550000000000182e+02 1.723329999999999862e-01
4.178550000000000182e+02 1.720810000000000117e-01
4.173550000000000182e+02 1.718300000000000105e-01
4.168550000000000182e+02 1.715780000000000083e-01
4.163550000000000182e+02 1.713260000000000061e-01
4.158550000000000182e+02 1.710750000000000048e-01
4.153550000000000182e+02 1.708240000000000036e-01
4.148550000000000182e+02 1.705730000000000024e-01
4.143550000000000182e+02 1.703210000000000002e-01
4.140350000000000250e+02 1.701610000000000067e-01
4.138750000000000000e+02 1.700800000000000090e-01
4.137950000000000159e+02 1.700399999999999967e-01
4.137549999999999955e+02 1.700200000000000045e-01
4.137149999999999750e+02 1.700000000000000122e-01
3.160769999999999982e+02 1.220640000000000058e-01
3.160369999999999777e+02 1.220439999999999997e-01
3.159970000000000141e+02 1.220249999999999946e-01
3.159169999999999732e+02 1.219859999999999972e-01
3.157570000000000050e+02 1.219080000000000025e-01
3.154370000000000118e+02 1.217530000000000001e-01
3.149370000000000118e+02 1.215109999999999940e-01
3.144370000000000118e+02 1.212680000000000008e-01
3.139370000000000118e+02 1.210259999999999947e-01
3.134370000000000118e+02 1.207830000000000015e-01
3.129370000000000118e+02 1.205409999999999954e-01
3.124370000000000118e+02 1.202980000000000022e-01
3.119370000000000118e+02 1.200559999999999961e-01
3.114370000000000118e+02 1.198130000000000028e-01
3.109370000000000118e+02 1.195709999999999967e-01
3.104370000000000118e+02 1.193280000000000035e-01
3.099370000000000118e+02 1.190859999999999974e-01
3.094370000000000118e+02 1.188430000000000042e-01
3.089370000000000118e+02 1.186009999999999981e-01
3.084370000000000118e+02 1.183580000000000049e-01
3.079370000000000118e+02 1.181159999999999988e-01
3.074370000000000118e+02 1.178730000000000055e-01
3.069370000000000118e+02 1.176309999999999995e-01
3.064370000000000118e+02 1.173880000000000062e-01
3.059370000000000118e+02 1.171449999999999991e-01
3.054370000000000118e+02 1.169030000000000069e-01
3.049370000000000118e+02 1.166599999999999998e-01
3.044370000000000118e+02 1.164179999999999937e-01
3.039370000000000118e+02 1.161750000000000005e-01
3.034370000000000118e+02 1.159319999999999934e-01
3.029370000000000118e+02 1.156900000000000012e-01
3.024370000000000118e+02 1.154469999999999941e-01
3.019370000000000118e+02 1.152040000000000008e-01
3.014370000000000118e+02 1.149609999999999937e-01
3.009370000000000118e+02 1.147190000000000015e-01
3.004370000000000118e+02 1.144759999999999944e-01
2.999370000000000118e+02 1.142330000000000012e-01
2.994370000000000118e+02 1.139899999999999941e-01
2.989370000000000118e+02 1.137470000000000009e-01
2.984370000000000118e+02 1.135039999999999938e-01
2.979370000000000118e+02 1.132620000000000016e-01
2.974370000000000118e+02 1.130189999999999945e-01
2.969370000000000118e+02 1.127760000000000012e-01
2.964370000000000118e+02 1.125329999999999941e-01
2.959370000000000118e+02 1.122900000000000009e-01
2.954370000000000118e+02 1.120469999999999938e-01
2.949370000000000118e+02 1.118040000000000006e-01
2.944370000000000118e+02 1.115600000000000064e-01
2.939370000000000118e+02 1.113169999999999993e-01
2.934370000000000118e+02 1.110740000000000061e-01
2.929370000000000118e+02 1.108309999999999990e-01
2.924370000000000118e+02 1.105880000000000057e-01
2.919370000000000118e+02 1.103439999999999976e-01
2.914370000000000118e+02 1.101010000000000044e-01
2.909379999999999882e+02 1.098579999999999973e-01
2.904379999999999882e+02 1.096140000000000031e-01
2.899379999999999882e+02 1.093709999999999960e-01
2.894379999999999882e+02 1.091280000000000028e-01
2.889379999999999882e+02 1.088839999999999947e-01
2.884379999999999882e+02 1.086400000000000005e-01
2.879379999999999882e+02 1.083969999999999934e-01
2.874379999999999882e+02 1.081529999999999991e-01
2.869379999999999882e+02 1.079100000000000059e-01
2.864379999999999882e+02 1.076659999999999978e-01
2.859379999999999882e+02 1.074220000000000036e-01
2.854379999999999882e+02 1.071779999999999955e-01
2.849379999999999882e+02 1.069340000000000013e-01
2.844379999999999882e+02 1.066909999999999942e-01
2.839379999999999882e+02 1.064470000000000000e-01
2.834379999999999882e+02 1.062030000000000057e-01
2.829379999999999882e+02 1.059589999999999976e-01
2.824379999999999882e+02 1.057140000000000024e-01
2.819379999999999882e+02 1.054699999999999943e-01
2.814379999999999882e+02 1.052260000000000001e-01
2.809379999999999882e+02 1.049820000000000059e-01
2.804379999999999882e+02 1.047369999999999968e-01
2.799379999999999882e+02 1.044930000000000025e-01
2.794379999999999882e+02 1.042489999999999944e-01
2.789379999999999882e+02 1.040039999999999992e-01
2.784379999999999882e+02 1.037590000000000040e-01
2.779379999999999882e+02 1.035149999999999959e-01
2.774379999999999882e+02 1.032700000000000007e-01
2.769379999999999882e+02 1.030250000000000055e-01
2.764379999999999882e+02 1.027809999999999974e-01
2.759379999999999882e+02 1.025360000000000021e-01
2.754379999999999882e+02 1.022910000000000069e-01
2.749379999999999882e+02 1.020459999999999978e-01
2.744379999999999882e+02 1.018010000000000026e-01
2.739379999999999882e+02 1.015550000000000064e-01
2.734379999999999882e+02 1.013099999999999973e-01
2.729379999999999882e+02 1.010650000000000021e-01
2.724379999999999882e+02 1.008200000000000068e-01
2.719379999999999882e+02 1.005739999999999967e-01
2.714379999999999882e+02 1.003290000000000015e-01
2.709379999999999882e+02 1.000830000000000053e-01
2.704390000000000214e+02 9.983720000000000094e-02
2.699390000000000214e+02 9.959139999999999660e-02
2.694390000000000214e+02 9.934560000000000612e-02
2.689390000000000214e+02 9.909959999999999603e-02
2.684390000000000214e+02 9.885359999999999980e-02
2.679390000000000214e+02 9.860750000000000071e-02
2.674390000000000214e+02 9.836129999999999873e-02
2.669390000000000214e+02 9.811499999999999388e-02
2.664390000000000214e+02 9.786860000000000004e-02
2.659390000000000214e+02 9.762210000000000332e-02
2.654390000000000214e+02 9.737560000000000660e-02
2.649390000000000214e+02 9.712890000000000412e-02
2.644390000000000214e+02 9.688220000000000165e-02
2.639390000000000214e+02 9.663529999999999343e-02
2.634390000000000214e+02 9.638839999999999908e-02
2.629390000000000214e+02 9.614129999999999898e-02
2.624390000000000214e+02 9.589419999999999888e-02
2.619390000000000214e+02 9.564690000000000691e-02
2.614390000000000214e+02 9.539960000000000107e-02
2.609390000000000214e+02 9.515210000000000334e-02
2.604390000000000214e+02 9.490450000000000275e-02
2.599390000000000214e+02 9.465679999999999927e-02
2.594390000000000214e+02 9.440909999999999580e-02
2.589390000000000214e+02 9.416120000000000045e-02
2.584390000000000214e+02 9.391309999999999936e-02
2.579390000000000214e+02 9.366499999999999826e-02
2.574390000000000214e+02 9.341679999999999429e-02
2.569390000000000214e+02 9.316839999999999844e-02
2.564390000000000214e+02 9.291989999999999972e-02
2.559389999999999930e+02 9.267129999999999812e-02
2.554389999999999930e+02 9.242259999999999365e-02
2.549389999999999930e+02 9.217369999999999730e-02
2.544399999999999977e+02 9.192469999999999808e-02
2.539399999999999977e+02 9.167559999999999598e-02
2.534399999999999977e+02 9.142640000000000489e-02
2.529399999999999977e+02 9.117699999999999416e-02
2.524399999999999977e+02 9.092749999999999444e-02
2.519399999999999977e+02 9.067790000000000572e-02
2.514399999999999977e+02 9.042809999999999737e-02
2.509399999999999977e+02 9.017809999999999715e-02
2.504399999999999977e+02 8.992809999999999693e-02
2.499399999999999977e+02 8.967790000000000483e-02
2.494399999999999977e+02 8.942749999999999311e-02
2.489399999999999977e+02 8.917700000000000626e-02
2.484399999999999977e+02 8.892640000000000267e-02
2.479399999999999977e+02 8.867550000000000432e-02
2.474399999999999977e+02 8.842460000000000597e-02
2.469399999999999977e+02 8.817350000000000187e-02
2.464399999999999977e+02 8.792220000000000590e-02
2.459399999999999977e+02 8.767079999999999318e-02
2.454399999999999977e+02 8.741920000000000246e-02
2.449399999999999977e+02 8.716740000000000599e-02
2.444399999999999977e+02 8.691550000000000664e-02
2.439399999999999977e+02 8.666329999999999867e-02
2.434399999999999977e+02 8.641110000000000457e-02
2.429399999999999977e+02 8.615860000000000185e-02
2.424399999999999977e+02 8.590599999999999625e-02
2.419410000000000025e+02 8.565319999999999878e-02
2.414410000000000025e+02 8.540019999999999556e-02
2.409410000000000025e+02 8.514700000000000046e-02
2.404410000000000025e+02 8.489370000000000249e-02
2.399410000000000025e+02 8.464009999999999589e-02
2.394410000000000025e+02 8.438640000000000030e-02
2.389410000000000025e+02 8.413239999999999608e-02
2.384410000000000025e+02 8.387830000000000286e-02
2.379410000000000025e+02 8.362400000000000388e-02
2.374410000000000025e+02 8.336939999999999629e-02
2.369410000000000025e+02 8.311469999999999969e-02
2.364410000000000025e+02 8.285969999999999447e-02
2.359410000000000025e+02 8.260460000000000025e-02
2.354410000000000025e+02 8.234919999999999740e-02
2.349410000000000025e+02 8.209360000000000268e-02
2.344410000000000025e+02 8.183780000000000221e-02
2.339410000000000025e+02 8.158169999999999311e-02
2.334410000000000025e+02 8.132549999999999502e-02
2.329410000000000025e+02 8.106900000000000217e-02
2.324410000000000025e+02 8.081220000000000070e-02
2.319410000000000025e+02 8.055529999999999635e-02
2.314420000000000073e+02 8.029799999999999438e-02
2.309420000000000073e+02 8.004060000000000341e-02
2.304420000000000073e+02 7.978290000000000382e-02
2.299420000000000073e+02 7.952489999999999559e-02
2.294420000000000073e+02 7.926669999999999550e-02
2.289420000000000073e+02 7.900830000000000353e-02
2.284420000000000073e+02 7.874950000000000006e-02
2.279420000000000073e+02 7.849059999999999371e-02
2.274420000000000073e+02 7.823130000000000361e-02
2.269420000000000073e+02 7.797179999999999389e-02
2.264420000000000073e+02 7.771190000000000042e-02
2.259420000000000073e+02 7.745190000000000408e-02
2.254420000000000073e+02 7.719149999999999623e-02
2.249420000000000073e+02 7.693079999999999363e-02
2.244420000000000073e+02 7.666979999999999629e-02
2.239420000000000073e+02 7.640859999999999319e-02
2.234420000000000073e+02 7.614700000000000635e-02
2.229420000000000073e+02 7.588509999999999700e-02
2.224430000000000121e+02 7.562299999999999578e-02
2.219430000000000121e+02 7.536049999999999693e-02
2.214430000000000121e+02 7.509760000000000046e-02
2.209430000000000121e+02 7.483449999999999824e-02
2.204430000000000121e+02 7.457099999999999840e-02
2.199430000000000121e+02 7.430720000000000380e-02
2.183549999999999898e+02 7.346709999999999352e-02
2.178549999999999898e+02 7.320179999999999743e-02
2.173549999999999898e+02 7.293620000000000658e-02
2.168549999999999898e+02 7.267020000000000424e-02
2.163549999999999898e+02 7.240380000000000427e-02
2.158559999999999945e+02 7.213700000000000667e-02
2.153559999999999945e+02 7.186979999999999758e-02
2.148559999999999945e+02 7.160220000000000473e-02
2.143559999999999945e+02 7.133430000000000326e-02
2.138559999999999945e+02 7.106590000000000129e-02
2.133559999999999945e+02 7.079710000000000170e-02
2.128559999999999945e+02 7.052790000000000448e-02
2.123559999999999945e+02 7.025829999999999576e-02
2.118559999999999945e+02 6.998820000000000041e-02
2.113559999999999945e+02 6.971769999999999357e-02
2.108559999999999945e+02 6.944670000000000010e-02
2.103559999999999945e+02 6.917529999999999513e-02
2.098559999999999945e+02 6.890340000000000353e-02
2.093559999999999945e+02 6.863099999999999756e-02
2.088569999999999993e+02 6.835819999999999397e-02
2.083569999999999993e+02 6.808480000000000087e-02
2.078569999999999993e+02 6.781099999999999628e-02
2.073569999999999993e+02 6.753660000000000219e-02
2.068569999999999993e+02 6.726169999999999372e-02
2.063569999999999993e+02 6.698629999999999862e-02
2.058569999999999993e+02 6.671040000000000303e-02
2.053569999999999993e+02 6.643390000000000406e-02
2.048569999999999993e+02 6.615680000000000172e-02
2.043569999999999993e+02 6.587919999999999887e-02
2.038569999999999993e+02 6.560100000000000653e-02
2.033569999999999993e+02 6.532219999999999693e-02
2.028580000000000041e+02 6.504279999999999784e-02
2.023580000000000041e+02 6.476279999999999537e-02
2.018580000000000041e+02 6.448210000000000053e-02
2.013580000000000041e+02 6.420080000000000231e-02
2.008580000000000041e+02 6.391890000000000072e-02
2.003580000000000041e+02 6.363630000000000675e-02
1.998580000000000041e+02 6.335300000000000653e-02
1.993580000000000041e+02 6.306900000000000006e-02
1.988580000000000041e+02 6.278440000000000409e-02
1.983580000000000041e+02 6.249890000000000306e-02
1.978590000000000089e+02 6.221279999999999866e-02
1.973590000000000089e+02 6.192589999999999900e-02
1.968590000000000089e+02 6.163819999999999716e-02
1.963590000000000089e+02 6.134980000000000294e-02
1.958590000000000089e+02 6.106049999999999672e-02
1.953590000000000089e+02 6.077040000000000219e-02
1.948590000000000089e+02 6.047949999999999854e-02
1.943590000000000089e+02 6.018769999999999676e-02
1.938590000000000089e+02 5.989499999999999685e-02
1.933590000000000089e+02 5.960139999999999882e-02
1.928600000000000136e+02 5.930690000000000267e-02
1.923600000000000136e+02 5.901150000000000145e-02
1.918600000000000136e+02 5.871500000000000330e-02
1.913600000000000136e+02 5.841760000000000008e-02
1.908600000000000136e+02 5.811909999999999993e-02
1.903600000000000136e+02 5.781959999999999877e-02
1.898600000000000136e+02 5.751909999999999662e-02
1.893600000000000136e+02 5.721740000000000159e-02
1.888609999999999900e+02 5.691460000000000269e-02
1.883609999999999900e+02 5.661059999999999703e-02
1.878609999999999900e+02 5.630539999999999851e-02
1.873609999999999900e+02 5.599900000000000017e-02
1.868609999999999900e+02 5.569129999999999914e-02
1.863609999999999900e+02 5.538230000000000236e-02
1.858609999999999900e+02 5.507200000000000290e-02
1.853609999999999900e+02 5.476029999999999787e-02
1.848619999999999948e+02 5.444709999999999828e-02
1.843619999999999948e+02 5.413250000000000006e-02
1.838619999999999948e+02 5.381640000000000035e-02
1.833619999999999948e+02 5.349870000000000320e-02
1.828619999999999948e+02 5.317929999999999879e-02
1.823619999999999948e+02 5.285829999999999695e-02
1.818629999999999995e+02 5.253560000000000174e-02
1.813629999999999995e+02 5.221110000000000334e-02
1.808629999999999995e+02 5.188469999999999888e-02
1.803629999999999995e+02 5.155629999999999935e-02
1.798629999999999995e+02 5.122600000000000070e-02
1.793629999999999995e+02 5.089359999999999717e-02
1.788640000000000043e+02 5.055899999999999977e-02
1.783640000000000043e+02 5.022220000000000156e-02
1.778640000000000043e+02 4.988299999999999679e-02
1.773640000000000043e+02 4.954139999999999933e-02
1.768640000000000043e+02 4.919720000000000343e-02
1.763640000000000043e+02 4.885040000000000215e-02
1.758650000000000091e+02 4.850070000000000076e-02
1.753650000000000091e+02 4.814820000000000211e-02
1.748650000000000091e+02 4.779250000000000165e-02
1.743650000000000091e+02 4.743359999999999937e-02
1.738650000000000091e+02 4.707139999999999935e-02
1.733660000000000139e+02 4.670549999999999702e-02
1.728660000000000139e+02 4.633589999999999931e-02
1.723660000000000139e+02 4.596220000000000167e-02
1.718660000000000139e+02 4.558430000000000121e-02
1.713669999999999902e+02 4.520190000000000319e-02
1.708669999999999902e+02 4.481460000000000304e-02
1.703669999999999902e+02 4.442220000000000196e-02
1.698669999999999902e+02 4.402430000000000232e-02
1.693679999999999950e+02 4.362049999999999955e-02
1.688679999999999950e+02 4.321030000000000010e-02
1.683679999999999950e+02 4.279310000000000058e-02
1.678689999999999998e+02 4.236840000000000050e-02
1.673689999999999998e+02 4.193550000000000055e-02
1.668689999999999998e+02 4.149350000000000260e-02
1.663700000000000045e+02 4.104150000000000159e-02
1.658700000000000045e+02 4.057850000000000346e-02
1.653710000000000093e+02 4.010299999999999976e-02
1.648710000000000093e+02 3.961350000000000288e-02
1.643720000000000141e+02 3.908459999999999712e-02
1.638720000000000141e+02 3.855569999999999831e-02
1.633729999999999905e+02 3.800350000000000256e-02
1.628729999999999905e+02 3.742279999999999912e-02
1.623739999999999952e+02 3.680660000000000182e-02
1.618750000000000000e+02 3.614440000000000014e-02
1.613760000000000048e+02 3.541910000000000197e-02
1.608779999999999859e+02 3.459670000000000106e-02
1.604879999999999995e+02 3.383939999999999865e-02
1.602290000000000134e+02 3.323569999999999997e-02
1.600560000000000116e+02 3.275100000000000233e-02
1.599420000000000073e+02 3.235910000000000175e-02
1.598660000000000139e+02 3.204130000000000172e-02
1.598160000000000025e+02 3.177739999999999732e-02
1.597680000000000007e+02 3.142869999999999692e-02
1.597479999999999905e+02 3.047839999999999924e-02
1.605209999999999866e+02 2.822710000000000150e-02
1.610200000000000102e+02 2.757470000000000060e-02
1.615190000000000055e+02 2.706259999999999916e-02
1.620180000000000007e+02 2.663480000000000014e-02
1.625169999999999959e+02 2.626459999999999906e-02
1.630169999999999959e+02 2.593700000000000172e-02
1.635169999999999959e+02 2.562050000000000091e-02
1.640159999999999911e+02 2.535590000000000066e-02
1.645159999999999911e+02 2.511240000000000000e-02
1.650159999999999911e+02 2.488699999999999940e-02
1.655149999999999864e+02 2.467690000000000161e-02
1.660149999999999864e+02 2.448039999999999938e-02
1.665149999999999864e+02 2.429569999999999994e-02
1.670149999999999864e+02 2.412169999999999939e-02
1.675149999999999864e+02 2.395709999999999854e-02
1.680149999999999864e+02 2.380109999999999865e-02
1.685140000000000100e+02 2.365290000000000101e-02
1.690140000000000100e+02 2.351169999999999996e-02
1.695140000000000100e+02 2.337699999999999848e-02
1.700140000000000100e+02 2.324839999999999893e-02
1.705140000000000100e+02 2.312530000000000141e-02
1.710140000000000100e+02 2.300730000000000136e-02
1.715140000000000100e+02 2.289400000000000115e-02
1.720140000000000100e+02 2.278519999999999851e-02
1.725140000000000100e+02 2.268059999999999868e-02
1.730130000000000052e+02 2.257989999999999997e-02
1.735130000000000052e+02 2.248290000000000011e-02
1.740130000000000052e+02 2.238930000000000087e-02
1.745130000000000052e+02 2.229899999999999938e-02
1.750130000000000052e+02 2.221170000000000089e-02
1.755130000000000052e+02 2.212739999999999846e-02
1.760130000000000052e+02 2.204580000000000081e-02
1.765130000000000052e+02 2.196690000000000101e-02
1.770130000000000052e+02 2.189040000000000083e-02
1.775130000000000052e+02 2.181630000000000028e-02
1.780130000000000052e+02 2.174449999999999994e-02
1.785130000000000052e+02 2.167490000000000042e-02
1.790130000000000052e+02 2.160729999999999942e-02
1.795130000000000052e+02 2.154170000000000043e-02
1.800130000000000052e+02 2.147790000000000116e-02
1.805120000000000005e+02 2.141600000000000101e-02
1.810120000000000005e+02 2.135580000000000117e-02
1.815120000000000005e+02 2.129730000000000165e-02
1.820120000000000005e+02 2.124039999999999956e-02
1.825120000000000005e+02 2.118499999999999897e-02
1.830120000000000005e+02 2.113109999999999988e-02
1.835120000000000005e+02 2.107859999999999942e-02
1.840120000000000005e+02 2.102750000000000105e-02
1.845120000000000005e+02 2.097780000000000131e-02
1.850120000000000005e+02 2.092930000000000137e-02
1.855120000000000005e+02 2.088200000000000126e-02
1.860120000000000005e+02 2.083590000000000095e-02
1.865120000000000005e+02 2.079100000000000045e-02
1.870120000000000005e+02 2.074710000000000096e-02
1.875120000000000005e+02 2.070440000000000128e-02
1.880120000000000005e+02 2.066269999999999912e-02
1.885120000000000005e+02 2.062200000000000144e-02
1.890120000000000005e+02 2.058219999999999841e-02
1.895120000000000005e+02 2.054339999999999986e-02
1.900120000000000005e+02 2.050549999999999942e-02
1.905120000000000005e+02 2.046850000000000058e-02
1.910120000000000005e+02 2.043239999999999987e-02
1.915120000000000005e+02 2.039710000000000134e-02
1.920120000000000005e+02 2.036260000000000153e-02
1.925120000000000005e+02 2.032909999999999925e-02
1.930120000000000005e+02 2.029649999999999857e-02
1.933309999999999889e+02 2.027599999999999889e-02
1.934910000000000139e+02 2.026580000000000048e-02
1.935709999999999980e+02 2.026069999999999954e-02
1.936109999999999900e+02 2.025810000000000111e-02
1.936510000000000105e+02 2.025489999999999929e-02
1.936910000000000025e+02 2.025309999999999958e-02
1.937309999999999945e+02 2.025060000000000054e-02
1.938110000000000070e+02 2.024549999999999961e-02
1.939710000000000036e+02 2.023550000000000001e-02
1.942909999999999968e+02 2.021550000000000083e-02
1.947909999999999968e+02 2.018469999999999986e-02
1.952909999999999968e+02 2.015489999999999990e-02
1.957909999999999968e+02 2.012579999999999925e-02
1.962909999999999968e+02 2.009740000000000137e-02
1.967909999999999968e+02 2.006959999999999994e-02
1.972909999999999968e+02 2.004239999999999841e-02
1.977909999999999968e+02 2.001580000000000026e-02
1.982909999999999968e+02 1.998979999999999854e-02
1.987909999999999968e+02 1.996430000000000080e-02
1.992909999999999968e+02 1.993939999999999949e-02
1.997909999999999968e+02 1.991499999999999868e-02
2.002909999999999968e+02 1.989109999999999837e-02
2.007909999999999968e+02 1.986769999999999856e-02
2.012909999999999968e+02 1.984479999999999925e-02
2.017909999999999968e+02 1.982249999999999984e-02
2.022909999999999968e+02 1.980049999999999866e-02
2.027909999999999968e+02 1.977910000000000085e-02
2.032909999999999968e+02 1.975800000000000126e-02
2.037909999999999968e+02 1.973750000000000157e-02
2.042909999999999968e+02 1.971730000000000010e-02
2.047909999999999968e+02 1.969759999999999914e-02
2.052909999999999968e+02 1.967819999999999986e-02
2.057909999999999968e+02 1.965930000000000108e-02
2.062909999999999968e+02 1.964079999999999993e-02
2.067909999999999968e+02 1.962260000000000046e-02
2.072909999999999968e+02 1.960490000000000149e-02
2.077909999999999968e+02 1.958740000000000134e-02
2.082909999999999968e+02 1.957040000000000168e-02
2.087909999999999968e+02 1.955370000000000025e-02
2.092909999999999968e+02 1.953730000000000050e-02
2.097909999999999968e+02 1.952129999999999838e-02
2.102909999999999968e+02 1.950560000000000141e-02
2.107909999999999968e+02 1.949019999999999919e-02
2.112909999999999968e+02 1.947509999999999866e-02
2.117909999999999968e+02 1.946039999999999923e-02
2.122909999999999968e+02 1.944589999999999860e-02
2.127909999999999968e+02 1.943179999999999907e-02
2.132909999999999968e+02 1.941789999999999836e-02
2.137909999999999968e+02 1.940429999999999933e-02
2.142899999999999920e+02 1.939099999999999852e-02
2.147899999999999920e+02 1.937799999999999939e-02
2.152899999999999920e+02 1.936519999999999908e-02
2.157899999999999920e+02 1.935270000000000046e-02
2.162899999999999920e+02 1.934040000000000065e-02
2.167899999999999920e+02 1.932839999999999905e-02
2.172899999999999920e+02 1.931669999999999915e-02
2.177899999999999920e+02 1.930520000000000153e-02
2.182899999999999920e+02 1.929389999999999925e-02
2.187899999999999920e+02 1.928279999999999925e-02
2.192899999999999920e+02 1.927200000000000094e-02
2.197899999999999920e+02 1.926140000000000144e-02
2.202899999999999920e+02 1.925110000000000016e-02
2.207899999999999920e+02 1.924089999999999828e-02
2.212899999999999920e+02 1.923100000000000157e-02
2.217899999999999920e+02 1.922120000000000078e-02
2.222899999999999920e+02 1.921170000000000169e-02
2.227899999999999920e+02 1.920240000000000141e-02
2.232899999999999920e+02 1.919320000000000054e-02
2.237899999999999920e+02 1.918430000000000135e-02
2.242899999999999920e+02 1.917550000000000157e-02
2.247899999999999920e+02 1.916700000000000001e-02
2.252899999999999920e+02 1.915860000000000132e-02
2.257899999999999920e+02 1.915040000000000145e-02
2.262899999999999920e+02 1.914240000000000039e-02
2.267899999999999920e+02 1.913449999999999873e-02
2.272899999999999920e+02 1.912679999999999936e-02
2.277899999999999920e+02 1.911929999999999880e-02
2.282899999999999920e+02 1.911200000000000052e-02
2.287899999999999920e+02 1.910480000000000164e-02
2.292899999999999920e+02 1.909769999999999870e-02
2.297899999999999920e+02 1.909080000000000152e-02
2.302899999999999920e+02 1.908409999999999968e-02
2.307899999999999920e+02 1.907750000000000071e-02
2.312899999999999920e+02 1.907110000000000055e-02
2.317899999999999920e+02 1.906479999999999980e-02
2.322899999999999920e+02 1.905870000000000133e-02
2.327899999999999920e+02 1.905269999999999880e-02
2.332899999999999920e+02 1.904679999999999915e-02
2.337899999999999920e+02 1.904109999999999830e-02
2.342899999999999920e+02 1.903550000000000034e-02
2.347899999999999920e+02 1.903010000000000118e-02
2.352899999999999920e+02 1.902469999999999856e-02
2.357899999999999920e+02 1.901950000000000168e-02
2.362899999999999920e+02 1.901450000000000015e-02
2.367899999999999920e+02 1.900949999999999862e-02
2.372899999999999920e+02 1.900469999999999937e-02
2.377899999999999920e+02 1.899999999999999953e-02
2.382899999999999920e+02 1.899539999999999909e-02
2.387899999999999920e+02 1.899090000000000153e-02
2.392899999999999920e+02 1.898649999999999990e-02
2.397899999999999920e+02 1.898230000000000056e-02
2.402899999999999920e+02 1.897810000000000122e-02
2.407899999999999920e+02 1.897410000000000069e-02
2.412899999999999920e+02 1.897010000000000016e-02
2.417899999999999920e+02 1.896629999999999844e-02
2.422899999999999920e+02 1.896259999999999959e-02
2.427899999999999920e+02 1.895900000000000016e-02
2.432899999999999920e+02 1.895540000000000072e-02
2.437899999999999920e+02 1.895200000000000010e-02
2.442899999999999920e+02 1.894869999999999888e-02
2.447899999999999920e+02 1.894540000000000113e-02
2.452899999999999920e+02 1.894229999999999872e-02
2.457899999999999920e+02 1.893919999999999979e-02
2.462899999999999920e+02 1.893629999999999966e-02
2.467899999999999920e+02 1.893339999999999954e-02
2.472889999999999873e+02 1.893059999999999882e-02
2.477889999999999873e+02 1.892790000000000097e-02
2.482889999999999873e+02 1.892529999999999907e-02
2.487889999999999873e+02 1.892280000000000004e-02
2.492889999999999873e+02 1.892040000000000041e-02
2.497889999999999873e+02 1.891800000000000079e-02
2.502889999999999873e+02 1.891570000000000057e-02
2.507889999999999873e+02 1.891349999999999976e-02
2.512889999999999873e+02 1.891139999999999835e-02
2.517889999999999873e+02 1.890930000000000041e-02
2.522889999999999873e+02 1.890740000000000129e-02
2.527889999999999873e+02 1.890549999999999869e-02
2.532889999999999873e+02 1.890359999999999957e-02
2.537889999999999873e+02 1.890189999999999926e-02
2.542889999999999873e+02 1.890019999999999895e-02
2.547889999999999873e+02 1.889860000000000151e-02
2.552889999999999873e+02 1.889700000000000060e-02
2.557889999999999873e+02 1.889559999999999851e-02
2.562889999999999873e+02 1.889419999999999988e-02
2.567889999999999873e+02 1.889280000000000126e-02
2.572889999999999873e+02 1.889149999999999857e-02
2.577889999999999873e+02 1.889029999999999876e-02
2.582889999999999873e+02 1.888919999999999835e-02
2.587889999999999873e+02 1.888810000000000142e-02
2.592889999999999873e+02 1.888700000000000101e-02
2.597889999999999873e+02 1.888609999999999942e-02
2.602889999999999873e+02 1.888520000000000129e-02
2.607889999999999873e+02 1.888429999999999970e-02
2.612889999999999873e+02 1.888350000000000098e-02
2.617889999999999873e+02 1.888280000000000167e-02
2.622889999999999873e+02 1.888209999999999888e-02
2.627889999999999873e+02 1.888149999999999898e-02
2.632889999999999873e+02 1.888089999999999907e-02
2.637889999999999873e+02 1.888039999999999857e-02
2.642889999999999873e+02 1.887990000000000154e-02
2.647889999999999873e+02 1.887950000000000045e-02
2.652889999999999873e+02 1.887919999999999876e-02
2.657889999999999873e+02 1.887890000000000054e-02
2.662889999999999873e+02 1.887859999999999885e-02
2.667889999999999873e+02 1.887840000000000004e-02
2.672889999999999873e+02 1.887820000000000123e-02
2.677889999999999873e+02 1.887809999999999835e-02
2.682889999999999873e+02 1.887799999999999895e-02
2.687889999999999873e+02 1.887799999999999895e-02
2.692889999999999873e+02 1.887809999999999835e-02
2.697889999999999873e+02 1.887809999999999835e-02
2.702889999999999873e+02 1.887820000000000123e-02
2.707889999999999873e+02 1.887840000000000004e-02
2.712889999999999873e+02 1.887859999999999885e-02
2.717889999999999873e+02 1.887880000000000114e-02
2.722889999999999873e+02 1.887909999999999935e-02
2.727889999999999873e+02 1.887950000000000045e-02
2.732889999999999873e+02 1.887979999999999867e-02
2.737889999999999873e+02 1.888019999999999976e-02
2.742889999999999873e+02 1.888070000000000026e-02
2.747889999999999873e+02 1.888120000000000076e-02
2.752889999999999873e+02 1.888170000000000126e-02
2.757889999999999873e+02 1.888230000000000117e-02
2.762889999999999873e+02 1.888290000000000107e-02
2.767889999999999873e+02 1.888350000000000098e-02
2.772889999999999873e+02 1.888420000000000029e-02
2.777889999999999873e+02 1.888489999999999960e-02
2.782889999999999873e+02 1.888569999999999832e-02
2.787889999999999873e+02 1.888640000000000110e-02
2.792889999999999873e+02 1.888729999999999923e-02
2.797889999999999873e+02 1.888810000000000142e-02
2.802889999999999873e+02 1.888899999999999954e-02
2.807889999999999873e+02 1.888990000000000113e-02
2.812889999999999873e+02 1.889089999999999867e-02
2.817889999999999873e+02 1.889180000000000026e-02
2.822889999999999873e+02 1.889290000000000067e-02
2.827889999999999873e+02 1.889390000000000167e-02
2.832889999999999873e+02 1.889499999999999860e-02
2.837889999999999873e+02 1.889609999999999901e-02
2.842889999999999873e+02 1.889719999999999941e-02
2.847889999999999873e+02 1.889839999999999923e-02
2.852889999999999873e+02 1.889959999999999904e-02
2.857889999999999873e+02 1.890079999999999885e-02
2.862889999999999873e+02 1.890210000000000154e-02
2.867889999999999873e+02 1.890340000000000076e-02
2.872889999999999873e+02 1.890469999999999998e-02
2.877889999999999873e+02 1.890599999999999919e-02
2.882889999999999873e+02 1.890740000000000129e-02
2.887889999999999873e+02 1.890879999999999991e-02
2.892889999999999873e+02 1.891019999999999854e-02
2.897889999999999873e+02 1.891160000000000063e-02
2.902889999999999873e+02 1.891309999999999866e-02
2.907889999999999873e+02 1.891460000000000016e-02
2.912889999999999873e+02 1.891610000000000166e-02
2.912889999999999873e+02 1.891610000000000166e-02
2.913290000000000077e+02 1.891620000000000107e-02
2.913690000000000282e+02 1.891639999999999988e-02
2.914490000000000123e+02 1.891659999999999869e-02
2.916089999999999804e+02 1.891709999999999919e-02
2.919289999999999736e+02 1.891810000000000019e-02
2.924289999999999736e+02 1.891970000000000110e-02
2.929289999999999736e+02 1.892119999999999913e-02
2.934289999999999736e+02 1.892289999999999944e-02
2.939289999999999736e+02 1.892450000000000035e-02
2.944279999999999973e+02 1.892620000000000066e-02
2.949279999999999973e+02 1.892790000000000097e-02
2.954279999999999973e+02 1.892960000000000129e-02
2.959279999999999973e+02 1.893130000000000160e-02
2.964279999999999973e+02 1.893299999999999844e-02
2.969279999999999973e+02 1.893480000000000163e-02
2.974279999999999973e+02 1.893660000000000135e-02
2.979279999999999973e+02 1.893840000000000107e-02
2.984279999999999973e+02 1.894030000000000019e-02
2.989279999999999973e+02 1.894209999999999991e-02
2.994279999999999973e+02 1.894399999999999903e-02
2.999279999999999973e+02 1.894590000000000163e-02
3.004279999999999973e+02 1.894780000000000075e-02
3.009279999999999973e+02 1.894969999999999988e-02
3.014279999999999973e+02 1.895169999999999841e-02
3.019279999999999973e+02 1.895370000000000041e-02
3.024279999999999973e+02 1.895559999999999953e-02
3.029279999999999973e+02 1.895770000000000094e-02
3.034279999999999973e+02 1.895969999999999947e-02
3.039279999999999973e+02 1.896170000000000147e-02
3.044279999999999973e+02 1.896379999999999941e-02
3.049279999999999973e+02 1.896580000000000141e-02
3.054279999999999973e+02 1.896789999999999934e-02
3.059279999999999973e+02 1.897000000000000075e-02
3.064279999999999973e+02 1.897220000000000156e-02
3.069279999999999973e+02 1.897429999999999950e-02
3.074279999999999973e+02 1.897650000000000031e-02
3.079279999999999973e+02 1.897860000000000172e-02
3.084279999999999973e+02 1.898079999999999906e-02
3.089279999999999973e+02 1.898299999999999987e-02
3.094279999999999973e+02 1.898520000000000069e-02
3.099279999999999973e+02 1.898750000000000090e-02
3.104279999999999973e+02 1.898970000000000172e-02
3.109279999999999973e+02 1.899199999999999847e-02
3.114279999999999973e+02 1.899419999999999928e-02
3.119279999999999973e+02 1.899649999999999950e-02
3.124279999999999973e+02 1.899879999999999972e-02
3.129279999999999973e+02 1.900109999999999993e-02
3.134279999999999973e+02 1.900349999999999956e-02
3.139279999999999973e+02 1.900579999999999978e-02
3.144279999999999973e+02 1.900819999999999940e-02
3.149279999999999973e+02 1.901049999999999962e-02
3.154279999999999973e+02 1.901289999999999925e-02
3.159279999999999973e+02 1.901529999999999887e-02
3.164279999999999973e+02 1.901769999999999849e-02
3.169279999999999973e+02 1.902010000000000159e-02
3.174279999999999973e+02 1.902250000000000121e-02
3.179279999999999973e+02 1.902500000000000024e-02
3.184279999999999973e+02 1.902739999999999987e-02
3.189279999999999973e+02 1.902989999999999890e-02
3.194279999999999973e+02 1.903240000000000140e-02
3.199279999999999973e+02 1.903490000000000043e-02
3.204279999999999973e+02 1.903730000000000006e-02
3.209279999999999973e+02 1.903989999999999849e-02
3.214279999999999973e+02 1.904240000000000099e-02
3.219279999999999973e+02 1.904490000000000002e-02
3.224279999999999973e+02 1.904739999999999905e-02
3.229279999999999973e+02 1.905000000000000096e-02
3.234279999999999973e+02 1.905249999999999999e-02
3.239279999999999973e+02 1.905509999999999843e-02
3.244279999999999973e+02 1.905770000000000033e-02
3.249279999999999973e+02 1.906029999999999877e-02
3.254279999999999973e+02 1.906280000000000127e-02
3.259279999999999973e+02 1.906549999999999911e-02
3.264279999999999973e+02 1.906810000000000102e-02
3.269279999999999973e+02 1.907069999999999946e-02
3.274279999999999973e+02 1.907330000000000136e-02
3.279279999999999973e+02 1.907589999999999980e-02
3.284279999999999973e+02 1.907860000000000111e-02
3.289279999999999973e+02 1.908129999999999896e-02
3.294279999999999973e+02 1.908390000000000086e-02
3.299279999999999973e+02 1.908659999999999871e-02
3.304279999999999973e+02 1.908930000000000002e-02
3.309279999999999973e+02 1.909200000000000133e-02
3.314279999999999973e+02 1.909459999999999977e-02
3.319279999999999973e+02 1.909730000000000108e-02
3.324279999999999973e+02 1.910009999999999833e-02
3.329279999999999973e+02 1.910279999999999964e-02
3.334279999999999973e+02 1.910550000000000095e-02
3.339279999999999973e+02 1.910819999999999880e-02
3.344279999999999973e+02 1.911099999999999952e-02
3.349279999999999973e+02 1.911370000000000083e-02
3.354279999999999973e+02 1.911650000000000155e-02
3.359279999999999973e+02 1.911919999999999939e-02
3.364279999999999973e+02 1.912200000000000011e-02
3.369279999999999973e+02 1.912480000000000083e-02
3.374279999999999973e+02 1.912749999999999867e-02
3.379279999999999973e+02 1.913029999999999939e-02
3.384279999999999973e+02 1.913310000000000011e-02
3.389279999999999973e+02 1.913590000000000083e-02
3.394279999999999973e+02 1.913870000000000154e-02
3.399279999999999973e+02 1.914149999999999879e-02
3.404279999999999973e+02 1.914429999999999951e-02
3.409279999999999973e+02 1.914719999999999964e-02
3.414279999999999973e+02 1.915000000000000036e-02
3.419279999999999973e+02 1.915280000000000107e-02
3.424279999999999973e+02 1.915559999999999832e-02
3.429279999999999973e+02 1.915849999999999845e-02
3.434279999999999973e+02 1.916129999999999917e-02
3.439279999999999973e+02 1.916419999999999929e-02
3.444279999999999973e+02 1.916700000000000001e-02
3.449279999999999973e+02 1.916990000000000013e-02
3.454279999999999973e+02 1.917280000000000026e-02
3.459279999999999973e+02 1.917560000000000098e-02
3.464279999999999973e+02 1.917850000000000110e-02
3.469279999999999973e+02 1.918140000000000123e-02
3.474279999999999973e+02 1.918430000000000135e-02
3.479279999999999973e+02 1.918720000000000148e-02
3.484279999999999973e+02 1.919010000000000160e-02
3.489279999999999973e+02 1.919300000000000173e-02
3.494279999999999973e+02 1.919589999999999838e-02
3.499279999999999973e+02 1.919879999999999851e-02
3.504279999999999973e+02 1.920169999999999863e-02
3.509279999999999973e+02 1.920459999999999876e-02
3.514279999999999973e+02 1.920749999999999888e-02
3.519279999999999973e+02 1.921039999999999900e-02
3.524279999999999973e+02 1.921329999999999913e-02
3.529279999999999973e+02 1.921629999999999866e-02
3.534279999999999973e+02 1.921919999999999878e-02
3.539279999999999973e+02 1.922209999999999891e-02
3.544279999999999973e+02 1.922509999999999844e-02
3.549279999999999973e+02 1.922799999999999856e-02
3.554279999999999973e+02 1.923100000000000157e-02
3.559279999999999973e+02 1.923390000000000169e-02
3.564279999999999973e+02 1.923690000000000122e-02
3.569279999999999973e+02 1.923980000000000135e-02
3.574270000000000209e+02 1.924280000000000088e-02
3.579270000000000209e+02 1.924570000000000100e-02
3.584270000000000209e+02 1.924870000000000053e-02
3.589270000000000209e+02 1.925170000000000006e-02
3.594270000000000209e+02 1.925460000000000019e-02
3.599270000000000209e+02 1.925759999999999972e-02
3.604270000000000209e+02 1.926059999999999925e-02
3.609270000000000209e+02 1.926349999999999937e-02
3.614270000000000209e+02 1.926649999999999890e-02
3.619270000000000209e+02 1.926949999999999844e-02
3.624270000000000209e+02 1.927250000000000144e-02
3.629270000000000209e+02 1.927550000000000097e-02
3.634270000000000209e+02 1.927850000000000050e-02
3.639270000000000209e+02 1.928150000000000003e-02
3.644270000000000209e+02 1.928440000000000015e-02
3.649270000000000209e+02 1.928739999999999968e-02
3.654270000000000209e+02 1.929039999999999921e-02
3.659270000000000209e+02 1.929339999999999875e-02
3.664270000000000209e+02 1.929639999999999828e-02
3.669270000000000209e+02 1.929940000000000128e-02
3.674270000000000209e+02 1.930240000000000081e-02
3.679270000000000209e+02 1.930540000000000034e-02
3.684270000000000209e+02 1.930849999999999927e-02
3.689270000000000209e+02 1.931149999999999881e-02
3.694270000000000209e+02 1.931449999999999834e-02
3.699270000000000209e+02 1.931750000000000134e-02
3.704270000000000209e+02 1.932050000000000087e-02
3.709270000000000209e+02 1.932350000000000040e-02
3.714270000000000209e+02 1.932649999999999993e-02
3.719270000000000209e+02 1.932949999999999946e-02
3.724270000000000209e+02 1.933259999999999840e-02
3.729270000000000209e+02 1.933560000000000140e-02
3.734270000000000209e+02 1.933860000000000093e-02
3.739270000000000209e+02 1.934160000000000046e-02
3.744270000000000209e+02 1.934459999999999999e-02
3.749270000000000209e+02 1.934769999999999893e-02
3.754270000000000209e+02 1.935069999999999846e-02
3.759270000000000209e+02 1.935370000000000146e-02
3.764270000000000209e+02 1.935680000000000039e-02
3.769270000000000209e+02 1.935979999999999993e-02
3.774270000000000209e+02 1.936279999999999946e-02
3.779270000000000209e+02 1.936579999999999899e-02
3.784270000000000209e+02 1.936890000000000139e-02
3.789270000000000209e+02 1.937190000000000092e-02
3.794270000000000209e+02 1.937490000000000046e-02
3.799270000000000209e+02 1.937799999999999939e-02
3.804270000000000209e+02 1.938099999999999892e-02
3.809270000000000209e+02 1.938399999999999845e-02
3.814270000000000209e+02 1.938710000000000086e-02
3.819270000000000209e+02 1.939010000000000039e-02
3.824270000000000209e+02 1.939309999999999992e-02
3.829270000000000209e+02 1.939619999999999886e-02
3.834270000000000209e+02 1.939919999999999839e-02
3.839270000000000209e+02 1.940220000000000139e-02
3.844270000000000209e+02 1.940530000000000033e-02
3.849270000000000209e+02 1.940829999999999986e-02
3.854270000000000209e+02 1.941139999999999879e-02
3.859270000000000209e+02 1.941439999999999833e-02
3.864270000000000209e+02 1.941740000000000133e-02
3.869270000000000209e+02 1.942050000000000026e-02
3.874270000000000209e+02 1.942349999999999979e-02
3.879270000000000209e+02 1.942649999999999932e-02
3.884270000000000209e+02 1.942960000000000173e-02
3.889270000000000209e+02 1.943260000000000126e-02
3.889270000000000209e+02 1.943260000000000126e-02
3.889669999999999845e+02 1.943289999999999948e-02
3.890070000000000050e+02 1.943309999999999829e-02
3.890869999999999891e+02 1.943359999999999879e-02
3.892470000000000141e+02 1.943459999999999979e-02
3.895670000000000073e+02 1.943649999999999892e-02
3.900670000000000073e+02 1.943949999999999845e-02
3.905670000000000073e+02 1.944260000000000085e-02
3.910670000000000073e+02 1.944560000000000038e-02
3.915670000000000073e+02 1.944869999999999932e-02
3.920670000000000073e+02 1.945169999999999885e-02
3.925670000000000073e+02 1.945469999999999838e-02
3.930670000000000073e+02 1.945780000000000079e-02
3.935670000000000073e+02 1.946080000000000032e-02
3.940670000000000073e+02 1.946379999999999985e-02
3.945670000000000073e+02 1.946689999999999879e-02
3.950670000000000073e+02 1.946989999999999832e-02
3.955670000000000073e+02 1.947290000000000132e-02
3.960670000000000073e+02 1.947600000000000026e-02
3.965670000000000073e+02 1.947899999999999979e-02
3.970670000000000073e+02 1.948199999999999932e-02
3.975670000000000073e+02 1.948510000000000172e-02
3.980670000000000073e+02 1.948810000000000126e-02
3.985670000000000073e+02 1.949110000000000079e-02
3.990670000000000073e+02 1.949419999999999972e-02
3.995670000000000073e+02 1.949719999999999925e-02
4.000670000000000073e+02 1.950019999999999878e-02
4.005670000000000073e+02 1.950330000000000119e-02
4.010670000000000073e+02 1.950630000000000072e-02
4.015670000000000073e+02 1.950930000000000025e-02
4.020670000000000073e+02 1.951239999999999919e-02
4.025670000000000073e+02 1.951539999999999872e-02
4.030670000000000073e+02 1.951840000000000172e-02
4.035670000000000073e+02 1.952140000000000125e-02
4.040670000000000073e+02 1.952450000000000019e-02
4.045670000000000073e+02 1.952749999999999972e-02
4.050670000000000073e+02 1.953049999999999925e-02
4.055670000000000073e+02 1.953349999999999878e-02
4.060670000000000073e+02 1.953649999999999831e-02
4.065670000000000073e+02 1.953960000000000072e-02
4.070670000000000073e+02 1.954260000000000025e-02
4.075670000000000073e+02 1.954559999999999978e-02
4.080670000000000073e+02 1.954859999999999931e-02
4.085670000000000073e+02 1.955159999999999884e-02
4.090670000000000073e+02 1.955459999999999837e-02
4.095670000000000073e+02 1.955770000000000078e-02
4.100670000000000073e+02 1.956070000000000031e-02
4.105670000000000073e+02 1.956369999999999984e-02
4.110670000000000073e+02 1.956669999999999937e-02
4.115670000000000073e+02 1.956969999999999890e-02
4.120670000000000073e+02 1.957269999999999843e-02
4.125670000000000073e+02 1.957570000000000143e-02
4.130670000000000073e+02 1.957870000000000096e-02
4.135670000000000073e+02 1.958170000000000049e-02
4.140670000000000073e+02 1.958470000000000003e-02
4.145670000000000073e+02 1.958769999999999956e-02
4.150670000000000073e+02 1.959069999999999909e-02
4.155670000000000073e+02 1.959369999999999862e-02
4.160670000000000073e+02 1.959670000000000162e-02
4.165670000000000073e+02 1.959970000000000115e-02
4.170670000000000073e+02 1.960270000000000068e-02
4.175670000000000073e+02 1.960570000000000021e-02
4.180670000000000073e+02 1.960869999999999974e-02
4.185670000000000073e+02 1.961169999999999927e-02
4.190670000000000073e+02 1.961469999999999880e-02
4.195670000000000073e+02 1.961769999999999833e-02
4.200670000000000073e+02 1.962070000000000133e-02
4.205670000000000073e+02 1.962370000000000086e-02
4.210670000000000073e+02 1.962670000000000040e-02
4.215670000000000073e+02 1.962960000000000052e-02
4.220670000000000073e+02 1.963260000000000005e-02
4.225670000000000073e+02 1.963559999999999958e-02
4.230670000000000073e+02 1.963859999999999911e-02
4.235670000000000073e+02 1.964159999999999864e-02
4.240670000000000073e+02 1.964449999999999877e-02
4.245670000000000073e+02 1.964749999999999830e-02
4.250670000000000073e+02 1.965050000000000130e-02
4.255670000000000073e+02 1.965340000000000142e-02
4.260670000000000073e+02 1.965640000000000095e-02
4.265670000000000073e+02 1.965940000000000049e-02
4.270670000000000073e+02 1.966240000000000002e-02
4.275670000000000073e+02 1.966530000000000014e-02
4.280670000000000073e+02 1.966829999999999967e-02
4.285670000000000073e+02 1.967119999999999980e-02
4.290670000000000073e+02 1.967419999999999933e-02
4.295670000000000073e+02 1.967719999999999886e-02
4.300670000000000073e+02 1.968009999999999898e-02
4.305670000000000073e+02 1.968309999999999851e-02
4.310670000000000073e+02 1.968599999999999864e-02
4.315670000000000073e+02 1.968900000000000164e-02
4.320670000000000073e+02 1.969189999999999829e-02
4.325670000000000073e+02 1.969490000000000129e-02
4.330670000000000073e+02 1.969780000000000142e-02
4.335670000000000073e+02 1.970080000000000095e-02
4.340670000000000073e+02 1.970370000000000107e-02
4.345670000000000073e+02 1.970660000000000120e-02
4.350670000000000073e+02 1.970960000000000073e-02
4.355670000000000073e+02 1.971250000000000085e-02
4.360670000000000073e+02 1.971550000000000039e-02
4.365659999999999741e+02 1.971840000000000051e-02
4.370659999999999741e+02 1.972130000000000064e-02
4.375659999999999741e+02 1.972420000000000076e-02
4.380659999999999741e+02 1.972720000000000029e-02
4.385659999999999741e+02 1.973010000000000042e-02
4.390659999999999741e+02 1.973300000000000054e-02
4.395659999999999741e+02 1.973590000000000066e-02
4.400659999999999741e+02 1.973890000000000020e-02
4.405659999999999741e+02 1.974180000000000032e-02
4.410659999999999741e+02 1.974470000000000044e-02
4.415659999999999741e+02 1.974760000000000057e-02
4.420659999999999741e+02 1.975050000000000069e-02
4.425659999999999741e+02 1.975340000000000082e-02
4.430659999999999741e+02 1.975630000000000094e-02
4.435659999999999741e+02 1.975930000000000047e-02
4.440659999999999741e+02 1.976220000000000060e-02
4.445659999999999741e+02 1.976510000000000072e-02
4.450659999999999741e+02 1.976800000000000085e-02
4.455659999999999741e+02 1.977090000000000097e-02
4.460659999999999741e+02 1.977380000000000110e-02
4.465659999999999741e+02 1.977670000000000122e-02
4.470659999999999741e+02 1.977949999999999847e-02
4.475659999999999741e+02 1.978239999999999860e-02
4.480659999999999741e+02 1.978529999999999872e-02
4.485659999999999741e+02 1.978819999999999885e-02
4.490659999999999741e+02 1.979109999999999897e-02
4.495659999999999741e+02 1.979399999999999910e-02
4.500659999999999741e+02 1.979689999999999922e-02
4.505659999999999741e+02 1.979969999999999994e-02
4.510659999999999741e+02 1.980260000000000006e-02
4.515659999999999741e+02 1.980550000000000019e-02
4.520659999999999741e+02 1.980840000000000031e-02
4.525659999999999741e+02 1.981120000000000103e-02
4.530659999999999741e+02 1.981410000000000116e-02
4.535659999999999741e+02 1.981700000000000128e-02
4.540659999999999741e+02 1.981979999999999853e-02
4.545659999999999741e+02 1.982269999999999865e-02
4.550659999999999741e+02 1.982549999999999937e-02
4.555659999999999741e+02 1.982839999999999950e-02
4.560659999999999741e+02 1.983129999999999962e-02
4.565659999999999741e+02 1.983410000000000034e-02
4.570659999999999741e+02 1.983700000000000047e-02
4.575659999999999741e+02 1.983980000000000118e-02
4.580659999999999741e+02 1.984270000000000131e-02
4.585659999999999741e+02 1.984549999999999856e-02
4.590659999999999741e+02 1.984829999999999928e-02
4.595659999999999741e+02 1.985119999999999940e-02
4.600659999999999741e+02 1.985400000000000012e-02
4.605659999999999741e+02 1.985690000000000024e-02
4.610659999999999741e+02 1.985970000000000096e-02
4.615659999999999741e+02 1.986250000000000168e-02
4.620659999999999741e+02 1.986529999999999893e-02
4.625659999999999741e+02 1.986819999999999906e-02
4.630659999999999741e+02 1.987099999999999977e-02
4.635659999999999741e+02 1.987380000000000049e-02
4.640659999999999741e+02 1.987660000000000121e-02
4.645659999999999741e+02 1.987950000000000134e-02
4.650659999999999741e+02 1.988229999999999859e-02
4.655659999999999741e+02 1.988509999999999930e-02
4.660659999999999741e+02 1.988790000000000002e-02
4.665659999999999741e+02 1.989070000000000074e-02
4.670659999999999741e+02 1.989350000000000146e-02
4.675659999999999741e+02 1.989629999999999871e-02
4.680659999999999741e+02 1.989909999999999943e-02
4.685659999999999741e+02 1.990190000000000015e-02
4.690659999999999741e+02 1.990470000000000086e-02
4.695659999999999741e+02 1.990750000000000158e-02
4.700659999999999741e+02 1.991029999999999883e-02
4.705659999999999741e+02 1.991309999999999955e-02
4.710659999999999741e+02 1.991590000000000027e-02
4.715659999999999741e+02 1.991870000000000099e-02
4.720659999999999741e+02 1.992139999999999883e-02
4.725659999999999741e+02 1.992419999999999955e-02
4.730659999999999741e+02 1.992700000000000027e-02
4.735659999999999741e+02 1.992980000000000099e-02
4.740659999999999741e+02 1.993260000000000171e-02
4.745659999999999741e+02 1.993529999999999955e-02
4.750659999999999741e+02 1.993810000000000027e-02
4.755659999999999741e+02 1.994090000000000099e-02
4.760659999999999741e+02 1.994359999999999883e-02
4.765659999999999741e+02 1.994639999999999955e-02
4.770659999999999741e+02 1.994920000000000027e-02
4.775659999999999741e+02 1.995190000000000158e-02
4.780659999999999741e+02 1.995469999999999883e-02
4.785659999999999741e+02 1.995740000000000014e-02
4.790659999999999741e+02 1.996020000000000086e-02
4.795659999999999741e+02 1.996289999999999870e-02
4.800659999999999741e+02 1.996569999999999942e-02
4.805659999999999741e+02 1.996840000000000073e-02
4.810659999999999741e+02 1.997120000000000145e-02
4.815659999999999741e+02 1.997389999999999929e-02
4.820659999999999741e+02 1.997660000000000061e-02
4.825659999999999741e+02 1.997940000000000133e-02
4.830659999999999741e+02 1.998209999999999917e-02
4.835659999999999741e+02 1.998480000000000048e-02
4.840659999999999741e+02 1.998760000000000120e-02
4.845659999999999741e+02 1.999029999999999904e-02
4.850659999999999741e+02 1.999300000000000035e-02
4.855659999999999741e+02 1.999570000000000167e-02
4.860659999999999741e+02 1.999839999999999951e-02
4.865659999999999741e+02 2.000120000000000023e-02
4.865659999999999741e+02 2.000120000000000023e-02
4.866059999999999945e+02 2.000139999999999904e-02
4.866460000000000150e+02 2.000160000000000132e-02
4.867259999999999991e+02 2.000199999999999895e-02
4.868860000000000241e+02 2.000290000000000054e-02
4.872060000000000173e+02 2.000460000000000085e-02
4.877060000000000173e+02 2.000729999999999870e-02
4.882060000000000173e+02 2.001009999999999942e-02
4.887060000000000173e+02 2.001280000000000073e-02
4.892060000000000173e+02 2.001549999999999857e-02
4.897060000000000173e+02 2.001819999999999988e-02
4.902060000000000173e+02 2.002090000000000120e-02
4.907060000000000173e+02 2.002359999999999904e-02
4.912060000000000173e+02 2.002620000000000094e-02
4.917060000000000173e+02 2.002889999999999879e-02
4.922060000000000173e+02 2.003160000000000010e-02
4.927060000000000173e+02 2.003430000000000141e-02
4.932060000000000173e+02 2.003699999999999926e-02
4.937060000000000173e+02 2.003970000000000057e-02
4.942060000000000173e+02 2.004239999999999841e-02
4.947060000000000173e+02 2.004500000000000032e-02
4.952060000000000173e+02 2.004770000000000163e-02
4.957060000000000173e+02 2.005039999999999947e-02
4.962060000000000173e+02 2.005310000000000079e-02
4.967060000000000173e+02 2.005569999999999922e-02
4.972060000000000173e+02 2.005840000000000053e-02
4.977060000000000173e+02 2.006109999999999838e-02
4.982060000000000173e+02 2.006370000000000028e-02
4.987060000000000173e+02 2.006640000000000160e-02
4.992060000000000173e+02 2.006900000000000003e-02
4.997060000000000173e+02 2.007170000000000135e-02
5.002060000000000173e+02 2.007429999999999978e-02
5.007060000000000173e+02 2.007700000000000110e-02
5.012060000000000173e+02 2.007959999999999953e-02
5.017060000000000173e+02 2.008230000000000084e-02
5.022060000000000173e+02 2.008489999999999928e-02
5.027060000000000173e+02 2.008750000000000119e-02
5.032060000000000173e+02 2.009019999999999903e-02
5.037060000000000173e+02 2.009280000000000094e-02
5.042060000000000173e+02 2.009539999999999937e-02
5.047060000000000173e+02 2.009810000000000069e-02
5.052060000000000173e+02 2.010069999999999912e-02
5.057060000000000173e+02 2.010330000000000103e-02
5.062060000000000173e+02 2.010589999999999947e-02
5.067060000000000173e+02 2.010860000000000078e-02
5.072060000000000173e+02 2.011119999999999922e-02
5.077060000000000173e+02 2.011380000000000112e-02
5.082060000000000173e+02 2.011639999999999956e-02
5.087060000000000173e+02 2.011900000000000147e-02
5.092060000000000173e+02 2.012159999999999990e-02
5.097060000000000173e+02 2.012419999999999834e-02
5.102060000000000173e+02 2.012680000000000025e-02
5.107060000000000173e+02 2.012939999999999868e-02
5.112060000000000173e+02 2.013200000000000059e-02
5.117060000000000173e+02 2.013459999999999903e-02
5.122060000000000173e+02 2.013720000000000093e-02
5.127060000000000173e+02 2.013979999999999937e-02
5.132060000000000173e+02 2.014240000000000128e-02
5.137060000000000173e+02 2.014499999999999971e-02
5.142060000000000173e+02 2.014760000000000162e-02
5.147060000000000173e+02 2.015010000000000065e-02
5.152060000000000173e+02 2.015269999999999909e-02
5.157060000000000173e+02 2.015530000000000099e-02
5.162060000000000173e+02 2.015789999999999943e-02
5.167060000000000173e+02 2.016039999999999846e-02
5.172060000000000173e+02 2.016300000000000037e-02
5.177060000000000173e+02 2.016559999999999880e-02
5.182060000000000173e+02 2.016810000000000130e-02
5.187060000000000173e+02 2.017069999999999974e-02
5.192060000000000173e+02 2.017330000000000165e-02
5.197060000000000173e+02 2.017580000000000068e-02
5.202060000000000173e+02 2.017839999999999911e-02
5.207060000000000173e+02 2.018090000000000162e-02
5.212060000000000173e+02 2.018350000000000005e-02
5.217060000000000173e+02 2.018599999999999908e-02
5.222060000000000173e+02 2.018860000000000099e-02
5.227060000000000173e+02 2.019110000000000002e-02
5.232060000000000173e+02 2.019369999999999846e-02
5.237060000000000173e+02 2.019620000000000096e-02
5.242060000000000173e+02 2.019869999999999999e-02
5.247060000000000173e+02 2.020129999999999842e-02
5.252060000000000173e+02 2.020380000000000092e-02
5.257060000000000173e+02 2.020629999999999996e-02
5.262060000000000173e+02 2.020879999999999899e-02
5.267060000000000173e+02 2.021140000000000089e-02
5.272060000000000173e+02 2.021389999999999992e-02
5.277060000000000173e+02 2.021639999999999895e-02
5.282060000000000173e+02 2.021890000000000145e-02
5.287060000000000173e+02 2.022140000000000049e-02
5.292060000000000173e+02 2.022389999999999952e-02
5.297060000000000173e+02 2.022650000000000142e-02
5.302060000000000173e+02 2.022900000000000045e-02
5.307060000000000173e+02 2.023149999999999948e-02
5.312060000000000173e+02 2.023399999999999851e-02
5.317060000000000173e+02 2.023650000000000101e-02
5.322060000000000173e+02 2.023900000000000005e-02
5.327060000000000173e+02 2.024149999999999908e-02
5.332060000000000173e+02 2.024389999999999870e-02
5.337060000000000173e+02 2.024640000000000120e-02
5.342060000000000173e+02 2.024890000000000023e-02
5.347060000000000173e+02 2.025139999999999926e-02
5.352060000000000173e+02 2.025389999999999829e-02
5.357060000000000173e+02 2.025640000000000079e-02
5.362060000000000173e+02 2.025889999999999982e-02
5.367050000000000409e+02 2.026129999999999945e-02
5.372050000000000409e+02 2.026379999999999848e-02
5.377050000000000409e+02 2.026630000000000098e-02
5.382050000000000409e+02 2.026870000000000061e-02
5.387050000000000409e+02 2.027119999999999964e-02
5.392050000000000409e+02 2.027369999999999867e-02
5.397050000000000409e+02 2.027609999999999829e-02
5.402050000000000409e+02 2.027860000000000079e-02
5.407050000000000409e+02 2.028100000000000042e-02
5.412050000000000409e+02 2.028349999999999945e-02
5.417050000000000409e+02 2.028589999999999907e-02
5.422050000000000409e+02 2.028840000000000157e-02
5.427050000000000409e+02 2.029080000000000120e-02
5.432050000000000409e+02 2.029330000000000023e-02
5.437050000000000409e+02 2.029569999999999985e-02
5.442050000000000409e+02 2.029819999999999888e-02
5.447050000000000409e+02 2.030059999999999851e-02
5.452050000000000409e+02 2.030300000000000160e-02
5.457050000000000409e+02 2.030550000000000063e-02
5.462050000000000409e+02 2.030790000000000026e-02
5.467050000000000409e+02 2.031029999999999988e-02
5.472050000000000409e+02 2.031279999999999891e-02
5.477050000000000409e+02 2.031519999999999854e-02
5.482050000000000409e+02 2.031760000000000163e-02
5.487050000000000409e+02 2.032000000000000126e-02
5.492050000000000409e+02 2.032240000000000088e-02
5.497050000000000409e+02 2.032489999999999991e-02
5.502050000000000409e+02 2.032729999999999954e-02
5.507050000000000409e+02 2.032969999999999916e-02
5.512050000000000409e+02 2.033209999999999879e-02
5.517050000000000409e+02 2.033449999999999841e-02
5.522050000000000409e+02 2.033690000000000150e-02
5.527050000000000409e+02 2.033930000000000113e-02
5.532050000000000409e+02 2.034170000000000075e-02
5.537050000000000409e+02 2.034410000000000038e-02
5.542050000000000409e+02 2.034650000000000000e-02
5.547050000000000409e+02 2.034889999999999963e-02
5.552050000000000409e+02 2.035129999999999925e-02
5.557050000000000409e+02 2.035359999999999947e-02
5.562050000000000409e+02 2.035599999999999909e-02
5.567050000000000409e+02 2.035839999999999872e-02
5.572050000000000409e+02 2.036079999999999834e-02
5.577050000000000409e+02 2.036320000000000144e-02
5.582050000000000409e+02 2.036550000000000166e-02
5.587050000000000409e+02 2.036790000000000128e-02
5.592050000000000409e+02 2.037030000000000091e-02
5.597050000000000409e+02 2.037260000000000112e-02
5.602050000000000409e+02 2.037500000000000075e-02
5.607050000000000409e+02 2.037740000000000037e-02
5.612050000000000409e+02 2.037970000000000059e-02
5.617050000000000409e+02 2.038210000000000022e-02
5.622050000000000409e+02 2.038440000000000044e-02
5.627050000000000409e+02 2.038680000000000006e-02
5.632050000000000409e+02 2.038919999999999969e-02
5.637050000000000409e+02 2.039149999999999990e-02
5.642050000000000409e+02 2.039380000000000012e-02
5.647050000000000409e+02 2.039619999999999975e-02
5.652050000000000409e+02 2.039849999999999997e-02
5.657050000000000409e+02 2.040089999999999959e-02
5.662050000000000409e+02 2.040319999999999981e-02
5.667050000000000409e+02 2.040550000000000003e-02
5.672050000000000409e+02 2.040789999999999965e-02
5.677050000000000409e+02 2.041019999999999987e-02
5.682050000000000409e+02 2.041250000000000009e-02
5.687050000000000409e+02 2.041489999999999971e-02
5.692050000000000409e+02 2.041719999999999993e-02
5.697050000000000409e+02 2.041950000000000015e-02
5.702050000000000409e+02 2.042180000000000037e-02
5.707050000000000409e+02 2.042410000000000059e-02
5.712050000000000409e+02 2.042650000000000021e-02
5.717050000000000409e+02 2.042880000000000043e-02
5.722050000000000409e+02 2.043110000000000065e-02
5.727050000000000409e+02 2.043340000000000087e-02
5.732050000000000409e+02 2.043570000000000109e-02
5.737050000000000409e+02 2.043800000000000130e-02
5.742050000000000409e+02 2.044030000000000152e-02
5.747050000000000409e+02 2.044259999999999827e-02
5.752050000000000409e+02 2.044489999999999849e-02
5.757050000000000409e+02 2.044719999999999871e-02
5.762050000000000409e+02 2.044949999999999893e-02
5.767050000000000409e+02 2.045179999999999915e-02
5.772050000000000409e+02 2.045409999999999937e-02
5.777050000000000409e+02 2.045630000000000018e-02
5.782050000000000409e+02 2.045860000000000040e-02
5.787050000000000409e+02 2.046090000000000061e-02
5.792050000000000409e+02 2.046320000000000083e-02
5.797050000000000409e+02 2.046550000000000105e-02
5.802050000000000409e+02 2.046769999999999839e-02
5.807050000000000409e+02 2.046999999999999861e-02
5.812050000000000409e+02 2.047229999999999883e-02
5.817050000000000409e+02 2.047459999999999905e-02
5.822050000000000409e+02 2.047679999999999986e-02
5.827050000000000409e+02 2.047910000000000008e-02
5.832050000000000409e+02 2.048130000000000089e-02
5.837050000000000409e+02 2.048360000000000111e-02
5.842050000000000409e+02 2.048590000000000133e-02
5.842050000000000409e+02 2.048590000000000133e-02
5.842450000000000045e+02 2.048600000000000074e-02
5.842849999999999682e+02 2.048619999999999955e-02
5.843650000000000091e+02 2.048660000000000064e-02
5.845249999999999773e+02 2.048729999999999996e-02
5.848450000000000273e+02 2.048869999999999858e-02
5.853450000000000273e+02 2.049099999999999880e-02
5.858450000000000273e+02 2.049319999999999961e-02
5.863450000000000273e+02 2.049549999999999983e-02
5.868450000000000273e+02 2.049770000000000064e-02
5.873450000000000273e+02 2.050000000000000086e-02
5.878450000000000273e+02 2.050220000000000167e-02
5.883450000000000273e+02 2.050449999999999842e-02
5.888450000000000273e+02 2.050669999999999923e-02
5.893450000000000273e+02 2.050890000000000005e-02
5.898450000000000273e+02 2.051120000000000027e-02
5.903450000000000273e+02 2.051340000000000108e-02
5.908450000000000273e+02 2.051559999999999842e-02
5.913450000000000273e+02 2.051779999999999923e-02
5.918450000000000273e+02 2.052009999999999945e-02
5.923450000000000273e+02 2.052230000000000026e-02
5.928450000000000273e+02 2.052450000000000108e-02
5.933450000000000273e+02 2.052669999999999842e-02
5.938450000000000273e+02 2.052889999999999923e-02
5.943450000000000273e+02 2.053110000000000004e-02
5.948450000000000273e+02 2.053340000000000026e-02
5.953450000000000273e+02 2.053560000000000108e-02
5.958450000000000273e+02 2.053779999999999842e-02
5.963450000000000273e+02 2.053999999999999923e-02
5.968450000000000273e+02 2.054220000000000004e-02
5.973450000000000273e+02 2.054440000000000086e-02
5.978450000000000273e+02 2.054660000000000167e-02
5.983450000000000273e+02 2.054879999999999901e-02
5.988450000000000273e+02 2.055099999999999982e-02
5.993450000000000273e+02 2.055310000000000123e-02
5.998450000000000273e+02 2.055529999999999857e-02
6.003450000000000273e+02 2.055749999999999938e-02
6.008450000000000273e+02 2.055970000000000020e-02
6.013450000000000273e+02 2.056190000000000101e-02
6.018450000000000273e+02 2.056409999999999835e-02
6.023450000000000273e+02 2.056619999999999976e-02
6.028450000000000273e+02 2.056840000000000057e-02
6.033450000000000273e+02 2.057060000000000138e-02
6.038450000000000273e+02 2.057279999999999873e-02
6.043450000000000273e+02 2.057490000000000013e-02
6.048450000000000273e+02 2.057710000000000095e-02
6.053450000000000273e+02 2.057929999999999829e-02
6.058450000000000273e+02 2.058139999999999969e-02
6.063450000000000273e+02 2.058360000000000051e-02
6.068450000000000273e+02 2.058569999999999844e-02
6.073450000000000273e+02 2.058789999999999926e-02
6.078450000000000273e+02 2.059010000000000007e-02
6.083450000000000273e+02 2.059220000000000148e-02
6.088450000000000273e+02 2.059439999999999882e-02
6.093450000000000273e+02 2.059650000000000022e-02
6.098450000000000273e+02 2.059860000000000163e-02
6.103450000000000273e+02 2.060079999999999897e-02
6.108450000000000273e+02 2.060290000000000038e-02
6.113450000000000273e+02 2.060510000000000119e-02
6.118450000000000273e+02 2.060719999999999913e-02
6.123450000000000273e+02 2.060930000000000054e-02
6.128450000000000273e+02 2.061150000000000135e-02
6.133450000000000273e+02 2.061359999999999928e-02
6.138450000000000273e+02 2.061570000000000069e-02
6.143450000000000273e+02 2.061790000000000150e-02
6.148450000000000273e+02 2.061999999999999944e-02
6.153450000000000273e+02 2.062210000000000085e-02
6.158450000000000273e+02 2.062419999999999878e-02
6.163450000000000273e+02 2.062639999999999960e-02
6.168450000000000273e+02 2.062850000000000100e-02
6.173450000000000273e+02 2.063059999999999894e-02
6.178450000000000273e+02 2.063270000000000035e-02
6.183450000000000273e+02 2.063479999999999828e-02
6.188450000000000273e+02 2.063689999999999969e-02
6.193450000000000273e+02 2.063900000000000109e-02
6.198450000000000273e+02 2.064109999999999903e-02
6.203450000000000273e+02 2.064320000000000044e-02
6.208450000000000273e+02 2.064529999999999837e-02
6.213450000000000273e+02 2.064739999999999978e-02
6.218450000000000273e+02 2.064950000000000119e-02
6.223450000000000273e+02 2.065159999999999912e-02
6.228450000000000273e+02 2.065370000000000053e-02
6.233450000000000273e+02 2.065579999999999847e-02
6.238450000000000273e+02 2.065789999999999987e-02
6.243450000000000273e+02 2.066000000000000128e-02
6.248450000000000273e+02 2.066209999999999922e-02
6.253450000000000273e+02 2.066410000000000122e-02
6.258450000000000273e+02 2.066619999999999915e-02
6.263450000000000273e+02 2.066830000000000056e-02
6.268450000000000273e+02 2.067039999999999850e-02
6.273450000000000273e+02 2.067240000000000050e-02
6.278450000000000273e+02 2.067449999999999843e-02
6.283450000000000273e+02 2.067659999999999984e-02
6.288450000000000273e+02 2.067870000000000125e-02
6.293450000000000273e+02 2.068069999999999978e-02
6.298450000000000273e+02 2.068280000000000118e-02
6.303450000000000273e+02 2.068479999999999971e-02
6.308450000000000273e+02 2.068690000000000112e-02
6.313450000000000273e+02 2.068899999999999906e-02
6.318450000000000273e+02 2.069100000000000106e-02
6.323450000000000273e+02 2.069309999999999899e-02
6.328450000000000273e+02 2.069510000000000099e-02
6.333450000000000273e+02 2.069719999999999893e-02
6.338450000000000273e+02 2.069920000000000093e-02
6.343450000000000273e+02 2.070129999999999887e-02
6.348450000000000273e+02 2.070330000000000087e-02
6.353450000000000273e+02 2.070529999999999940e-02
6.358450000000000273e+02 2.070740000000000081e-02
6.363450000000000273e+02 2.070939999999999934e-02
6.368450000000000273e+02 2.071150000000000074e-02
6.373450000000000273e+02 2.071349999999999927e-02
6.378450000000000273e+02 2.071550000000000127e-02
6.383450000000000273e+02 2.071759999999999921e-02
6.388450000000000273e+02 2.071960000000000121e-02
6.393450000000000273e+02 2.072159999999999974e-02
6.398450000000000273e+02 2.072359999999999827e-02
6.403450000000000273e+02 2.072569999999999968e-02
6.408450000000000273e+02 2.072770000000000168e-02
6.413450000000000273e+02 2.072970000000000021e-02
6.418450000000000273e+02 2.073169999999999874e-02
6.423450000000000273e+02 2.073370000000000074e-02
6.428450000000000273e+02 2.073569999999999927e-02
6.433450000000000273e+02 2.073770000000000127e-02
6.438450000000000273e+02 2.073979999999999921e-02
6.443450000000000273e+02 2.074180000000000121e-02
6.448450000000000273e+02 2.074379999999999974e-02
6.453450000000000273e+02 2.074579999999999827e-02
6.458450000000000273e+02 2.074780000000000027e-02
6.463450000000000273e+02 2.074979999999999880e-02
6.468450000000000273e+02 2.075180000000000080e-02
6.473450000000000273e+02 2.075379999999999933e-02
6.478450000000000273e+02 2.075580000000000133e-02
6.483450000000000273e+02 2.075770000000000046e-02
6.488450000000000273e+02 2.075969999999999899e-02
6.493450000000000273e+02 2.076170000000000099e-02
6.498450000000000273e+02 2.076369999999999952e-02
6.503450000000000273e+02 2.076570000000000152e-02
6.508450000000000273e+02 2.076770000000000005e-02
6.513450000000000273e+02 2.076959999999999917e-02
6.518450000000000273e+02 2.077160000000000117e-02
6.523450000000000273e+02 2.077359999999999970e-02
6.528450000000000273e+02 2.077560000000000170e-02
6.533450000000000273e+02 2.077750000000000083e-02
6.538450000000000273e+02 2.077949999999999936e-02
6.543450000000000273e+02 2.078150000000000136e-02
6.548450000000000273e+02 2.078340000000000048e-02
6.553450000000000273e+02 2.078539999999999902e-02
6.558450000000000273e+02 2.078740000000000102e-02
6.563450000000000273e+02 2.078930000000000014e-02
6.568450000000000273e+02 2.079129999999999867e-02
6.573450000000000273e+02 2.079320000000000127e-02
6.578450000000000273e+02 2.079519999999999980e-02
6.583450000000000273e+02 2.079719999999999833e-02
6.588450000000000273e+02 2.079910000000000092e-02
6.593450000000000273e+02 2.080109999999999945e-02
6.598450000000000273e+02 2.080299999999999858e-02
6.603450000000000273e+02 2.080490000000000117e-02
6.608450000000000273e+02 2.080689999999999970e-02
6.613450000000000273e+02 2.080879999999999883e-02
6.618450000000000273e+02 2.081080000000000083e-02
6.623450000000000273e+02 2.081269999999999995e-02
6.628440000000000509e+02 2.081459999999999907e-02
6.633440000000000509e+02 2.081660000000000108e-02
6.638440000000000509e+02 2.081850000000000020e-02
6.643440000000000509e+02 2.082039999999999932e-02
6.648440000000000509e+02 2.082240000000000132e-02
6.653440000000000509e+02 2.082430000000000045e-02
6.658440000000000509e+02 2.082619999999999957e-02
6.663440000000000509e+02 2.082809999999999870e-02
6.668440000000000509e+02 2.083010000000000070e-02
6.673440000000000509e+02 2.083199999999999982e-02
6.678440000000000509e+02 2.083389999999999895e-02
6.683440000000000509e+02 2.083580000000000154e-02
6.688440000000000509e+02 2.083770000000000067e-02
6.693440000000000509e+02 2.083959999999999979e-02
6.698440000000000509e+02 2.084159999999999832e-02
6.703440000000000509e+02 2.084350000000000092e-02
6.708440000000000509e+02 2.084540000000000004e-02
6.713440000000000509e+02 2.084729999999999916e-02
6.718440000000000509e+02 2.084919999999999829e-02
6.723440000000000509e+02 2.085110000000000088e-02
6.728440000000000509e+02 2.085300000000000001e-02
6.733440000000000509e+02 2.085489999999999913e-02
6.738440000000000509e+02 2.085680000000000173e-02
6.743440000000000509e+02 2.085870000000000085e-02
6.748440000000000509e+02 2.086059999999999998e-02
6.753440000000000509e+02 2.086239999999999969e-02
6.758440000000000509e+02 2.086429999999999882e-02
6.763440000000000509e+02 2.086620000000000141e-02
6.768440000000000509e+02 2.086810000000000054e-02
6.773440000000000509e+02 2.086999999999999966e-02
6.778440000000000509e+02 2.087189999999999879e-02
6.783440000000000509e+02 2.087369999999999851e-02
6.788440000000000509e+02 2.087560000000000110e-02
6.793440000000000509e+02 2.087750000000000022e-02
6.798440000000000509e+02 2.087939999999999935e-02
6.803440000000000509e+02 2.088119999999999907e-02
6.808440000000000509e+02 2.088310000000000166e-02
6.813440000000000509e+02 2.088500000000000079e-02
6.818440000000000509e+02 2.088689999999999991e-02
