215.214 0 0 2 2 2
215.214 0 0 2 2 2
215.214 0 0 2 2 2
215.214 0 0 2 2 2
215.214 0 0 2 2 2
215.214 0.01 0.01 2 2 2
215.194 0.0100042 0.0100042 2 2 2
215.154 0.0100126 0.0100126 2 2 2
215.074 0.0100294 0.0100294 2 2 2
214.914 0.0100632 0.0100632 2 2 2
214.594 0.0101309 0.0101309 2 2 2
214.094 0.0102373 0.0102373 2 2 2
213.594 0.0103446 0.0103446 2 2 2
213.094 0.0104527 0.0104527 2 2 2
212.594 0.0105616 0.0105616 2 2 2
212.094 0.0106714 0.0106714 2 2 2
211.594 0.0107819 0.0107819 2 2 2
211.094 0.0108934 0.0108934 2 2 2
210.594 0.0110057 0.0110057 2 2 2
210.094 0.0111188 0.0111188 2 2 2
209.594 0.0112327 0.0112327 2 2 2
209.094 0.0113475 0.0113475 2 2 2
208.594 0.0114632 0.0114632 2 2 2
208.094 0.0115797 0.0115797 2 2 2
207.594 0.0116971 0.0116971 2 2 2
207.094 0.0118153 0.0118153 2 2 2
206.594 0.0119344 0.0119344 2 2 2
206.094 0.0120543 0.0120543 2 2 2
205.594 0.0121751 0.0121751 2 2 2
205.094 0.0122967 0.0122967 2 2 2
204.594 0.0124192 0.0124192 2 2 2
204.094 0.0125426 0.0125426 2 2 2
203.594 0.0126668 0.0126668 2 2 2
203.094 0.0127918 0.0127918 2 2 2
202.594 0.0129178 0.0129178 2 2 2
202.094 0.0130445 0.0130445 2 2 2
201.594 0.0131722 0.0131722 2 2 2
201.094 0.0133006 0.0133006 2 2 2
200.594 0.01343 0.01343 2 2 2
200.094 0.0135601 0.0135601 2 2 2
199.594 0.0136912 0.0136912 2 2 2
199.094 0.013823 0.013823 2 2 2
198.594 0.0139557 0.0139557 2 2 2
198.094 0.0140892 0.0140892 2 2 2
197.594 0.0142236 0.0142236 2 2 2
197.094 0.0143587 0.0143587 2 2 2
196.594 0.0144947 0.0144947 2 2 2
196.094 0.0146315 0.0146315 2 2 2
195.594 0.0147692 0.0147692 2 2 2
195.094 0.0149076 0.0149076 2 2 2
194.594 0.0150468 0.0150468 2 2 2
194.094 0.0151868 0.0151868 2 2 2
193.594 0.0153275 0.0153275 2 2 2
193.094 0.0154691 0.0154691 2 2 2
192.594 0.0156114 0.0156114 2 2 2
192.094 0.0157544 0.0157544 2 2 2
191.594 0.0158982 0.0158982 2 2 2
191.094 0.0160427 0.0160427 2 2 2
190.594 0.0161879 0.0161879 2 2 2
190.094 0.0163339 0.0163339 2 2 2
189.594 0.0164805 0.0164805 2 2 2
189.094 0.0166278 0.0166278 2 2 2
188.594 0.0167758 0.0167758 2 2 2
188.094 0.0169244 0.0169244 2 2 2
187.594 0.0170737 0.0170737 2 2 2
187.094 0.0172236 0.0172236 2 2 2
186.594 0.017374 0.017374 2 2 2
186.094 0.0175251 0.0175251 2 2 2
185.594 0.0176767 0.0176767 2 2 2
185.094 0.0178289 0.0178289 2 2 2
184.594 0.0179816 0.0179816 2 2 2
184.094 0.0181348 0.0181348 2 2 2
183.594 0.0182885 0.0182885 2 2 2
183.094 0.0184426 0.0184426 2 2 2
182.595 0.0185971 0.0185971 2 2 2
182.095 0.0187521 0.0187521 2 2 2
181.595 0.0189074 0.0189074 2 2 2
181.095 0.0190631 0.0190631 2 2 2
180.595 0.0192191 0.0192191 2 2 2
180.095 0.0193753 0.0193753 2 2 2
179.595 0.0195319 0.0195319 2 2 2
179.095 0.0196886 0.0196886 2 2 2
178.595 0.0198455 0.0198455 2 2 2
178.095 0.0200026 0.0200026 2 2 2
177.595 0.0201597 0.0201597 2 2 2
177.095 0.020317 0.020317 2 2 2
176.595 0.0204742 0.0204742 2 2 2
176.095 0.0206314 0.0206314 2 2 2
175.595 0.0207885 0.0207885 2 2 2
175.095 0.0209456 0.0209456 2 2 2
174.595 0.0211024 0.0211024 2 2 2
174.095 0.021259 0.021259 2 2 2
173.595 0.0214153 0.0214153 2 2 2
173.095 0.0215713 0.0215713 2 2 2
172.595 0.0217269 0.0217269 2 2 2
172.095 0.021882 0.021882 2 2 2
171.595 0.0220365 0.0220365 2 2 2
171.095 0.0221904 0.0221904 2 2 2
170.845 0.0222672 0.0222672 2 2 2
170.72 0.0223054 0.0223054 2 2 2
170.583 0.0223475 0.0223475 2 2 2
170.507 0.0223706 0.0223706 2 2 2
170.424 0.022396 0.022396 2 2 2
170.383 0.0224087 0.0224087 2 2 2
170.337 0.0224226 0.0224226 2 2 2
170.312 0.0224302 0.0224302 2 2 2
170.284 0.0224387 0.0224387 2 2 2
170.243 0.0224512 0.0224512 2 2 2
170.202 0.0224637 0.0224637 2 2 2
170.162 0.022476 0.022476 2 2 2
170.143 0.0224817 0.0224817 2 2 2
170.138 0.0224831 0.0224831 2 2 2
170.138 0.0224832 0.0224832 2 2 2
170.138 0.0224832 0.0224832 2 2 2
170.139 0.0224831 0.0224831 2 2 2
170.138 0.0224831 0.0224831 2 2 2
170.135 0.0224841 0.0224841 2 2 2
170.132 0.0224851 0.0224851 2 2 2
170.129 0.022486 0.022486 2 2 2
170.127 0.0224867 0.0224867 2 2 2
170.122 0.022488 0.022488 2 2 2
170.119 0.022489 0.022489 2 2 2
170.119 0.0224891 0.0224891 2 2 2
170.118 0.0224893 0.0224893 2 2 2
170.117 0.0224897 0.0224897 2 2 2
170.115 0.0224901 0.0224901 2 2 2
170.114 0.0224905 0.0224905 2 2 2
170.113 0.0224908 0.0224908 2 2 2
170.109 0.022492 0.022492 2 2 2
170.088 0.0224986 0.0224986 2 2 2
170.07 0.022504 0.022504 2 2 2
170.05 0.02251 0.02251 2 2 2
170.02 0.0225191 0.0225191 2 2 2
169.988 0.0225291 0.0225291 2 2 2
169.966 0.0225359 0.0225359 2 2 2
169.962 0.0225369 0.0225369 2 2 2
169.961 0.0225374 0.0225374 2 2 2
169.959 0.022538 0.022538 2 2 2
169.959 0.0225378 0.0225378 2 2 2
169.959 0.0225378 0.0225378 2 2 2
169.958 0.0225381 0.0225381 2 2 2
169.958 0.0225381 0.0225381 2 2 2
215.214 0.0225381 0.0225381 2 3 2
215.214 0.0225381 0.0225381 2 3 2
215.214 0.0225381 0.0225381 2 3 2
215.214 0.0225381 0.0225381 2 3 2
215.214 0.0225381 0.0225381 2 3 2
215.214 0.01 0.01 2 3 2
215.234 0.0099958 0.0099958 2 3 2
215.274 0.0099874 0.0099874 2 3 2
215.354 0.00997063 0.00997063 2 3 2
215.514 0.00993713 0.00993713 2 3 2
215.834 0.0098704 0.0098704 2 3 2
216.334 0.00976679 0.00976679 2 3 2
216.834 0.00966398 0.00966398 2 3 2
217.334 0.00956198 0.00956198 2 3 2
217.834 0.00946077 0.00946077 2 3 2
218.334 0.00936036 0.00936036 2 3 2
218.834 0.00926074 0.00926074 2 3 2
219.334 0.0091619 0.0091619 2 3 2
219.834 0.00906384 0.00906384 2 3 2
220.334 0.00896656 0.00896656 2 3 2
220.834 0.00887005 0.00887005 2 3 2
221.334 0.00877431 0.00877431 2 3 2
221.834 0.00867933 0.00867933 2 3 2
222.334 0.00858511 0.00858511 2 3 2
222.834 0.00849164 0.00849164 2 3 2
223.334 0.00839892 0.00839892 2 3 2
223.834 0.00830694 0.00830694 2 3 2
224.334 0.0082157 0.0082157 2 3 2
224.834 0.00812518 0.00812518 2 3 2
225.334 0.0080354 0.0080354 2 3 2
225.834 0.00794634 0.00794634 2 3 2
226.334 0.00785799 0.00785799 2 3 2
226.834 0.00777035 0.00777035 2 3 2
227.334 0.00768343 0.00768343 2 3 2
227.834 0.0075972 0.0075972 2 3 2
228.334 0.00751167 0.00751167 2 3 2
228.834 0.00742683 0.00742683 2 3 2
229.334 0.00734267 0.00734267 2 3 2
229.834 0.0072592 0.0072592 2 3 2
230.334 0.0071764 0.0071764 2 3 2
230.834 0.00709427 0.00709427 2 3 2
231.334 0.0070128 0.0070128 2 3 2
231.834 0.00693199 0.00693199 2 3 2
232.334 0.00685183 0.00685183 2 3 2
232.834 0.00677233 0.00677233 2 3 2
233.334 0.00669347 0.00669347 2 3 2
233.834 0.00661524 0.00661524 2 3 2
234.334 0.00653766 0.00653766 2 3 2
234.834 0.00646069 0.00646069 2 3 2
235.334 0.00638435 0.00638435 2 3 2
235.834 0.00630863 0.00630863 2 3 2
236.334 0.00623352 0.00623352 2 3 2
236.834 0.00615901 0.00615901 2 3 2
237.334 0.00608511 0.00608511 2 3 2
237.834 0.00601181 0.00601181 2 3 2
238.334 0.00593909 0.00593909 2 3 2
238.834 0.00586698 0.00586698 2 3 2
239.334 0.00579544 0.00579544 2 3 2
239.834 0.00572448 0.00572448 2 3 2
240.334 0.00565407 0.00565407 2 3 2
240.834 0.00558425 0.00558425 2 3 2
241.334 0.00551499 0.00551499 2 3 2
241.834 0.00544628 0.00544628 2 3 2
242.334 0.00537814 0.00537814 2 3 2
242.834 0.00531055 0.00531055 2 3 2
243.334 0.00524351 0.00524351 2 3 2
243.834 0.00517701 0.00517701 2 3 2
244.334 0.00511105 0.00511105 2 3 2
244.834 0.00504568 0.00504568 2 3 2
245.334 0.00498079 0.00498079 2 3 2
245.834 0.00491644 0.00491644 2 3 2
246.334 0.00485286 0.00485286 2 3 2
246.834 0.00478956 0.00478956 2 3 2
247.334 0.00472679 0.00472679 2 3 2
247.834 0.00466462 0.00466462 2 3 2
248.334 0.00460287 0.00460287 2 3 2
248.834 0.00454164 0.00454164 2 3 2
249.334 0.00448092 0.00448092 2 3 2
249.834 0.0044207 0.0044207 2 3 2
250.334 0.00436098 0.00436098 2 3 2
250.834 0.00430167 0.00430167 2 3 2
251.334 0.00424294 0.00424294 2 3 2
251.834 0.00418472 0.00418472 2 3 2
252.334 0.00412699 0.00412699 2 3 2
252.834 0.00406976 0.00406976 2 3 2
253.334 0.00401301 0.00401301 2 3 2
253.834 0.00395704 0.00395704 2 3 2
254.334 0.00390129 0.00390129 2 3 2
254.834 0.00384602 0.00384602 2 3 2
255.334 0.00379091 0.00379091 2 3 2
255.834 0.0037366 0.0037366 2 3 2
256.334 0.00368278 0.00368278 2 3 2
256.834 0.00362982 0.00362982 2 3 2
257.334 0.00357698 0.00357698 2 3 2
257.834 0.00352463 0.00352463 2 3 2
258.334 0.00347205 0.00347205 2 3 2
258.834 0.00342064 0.00342064 2 3 2
259.334 0.00336971 0.00336971 2 3 2
259.834 0.00331902 0.00331902 2 3 2
260.334 0.00326904 0.00326904 2 3 2
260.834 0.00321954 0.00321954 2 3 2
261.334 0.00317018 0.00317018 2 3 2
261.834 0.00312165 0.00312165 2 3 2
262.334 0.00307361 0.00307361 2 3 2
262.834 0.00302625 0.00302625 2 3 2
263.334 0.00297921 0.00297921 2 3 2
263.834 0.00293267 0.00293267 2 3 2
264.334 0.00288741 0.00288741 2 3 2
264.834 0.00284195 0.00284195 2 3 2
265.334 0.00279701 0.00279701 2 3 2
265.834 0.0027526 0.0027526 2 3 2
266.334 0.00270867 0.00270867 2 3 2
266.834 0.00266525 0.00266525 2 3 2
267.334 0.00262312 0.00262312 2 3 2
267.834 0.00258078 0.00258078 2 3 2
268.334 0.00253895 0.00253895 2 3 2
268.834 0.00249762 0.00249762 2 3 2
269.334 0.00245681 0.00245681 2 3 2
269.834 0.00241653 0.00241653 2 3 2
270.334 0.00237715 0.00237715 2 3 2
270.834 0.00233793 0.00233793 2 3 2
271.334 0.00229924 0.00229924 2 3 2
271.834 0.00226183 0.00226183 2 3 2
272.334 0.00222427 0.00222427 2 3 2
272.834 0.00218724 0.00218724 2 3 2
273.334 0.00215302 0.00215302 2 3 2
273.834 0.00211729 0.00211729 2 3 2
274.334 0.00208213 0.00208213 2 3 2
274.834 0.00205864 0.00205864 2 3 2
275.334 0.00202555 0.00202555 2 3 2
275.834 0.0019931 0.0019931 2 3 2
276.334 0.00195743 0.00195743 2 3 2
276.834 0.00192593 0.00192593 2 3 2
277.334 0.00189509 0.00189509 2 3 2
277.834 0.00191036 0.00191036 2 3 2
278.334 0.00188375 0.00188375 2 3 2
278.834 0.00185791 0.00185791 2 3 2
279.334 0.001801 0.001801 2 3 2
279.834 0.0017748 0.0017748 2 3 2
280.334 0.00174933 0.00174933 2 3 2
280.834 0.00179526 0.00179526 2 3 2
281.334 0.00177444 0.00177444 2 3 2
281.834 0.00175426 0.00175426 2 3 2
282.334 0.00172012 0.00172012 2 3 2
282.834 0.00170064 0.00170064 2 3 2
283.334 0.00168182 0.00168182 2 3 2
283.834 0.00168992 0.00168992 2 3 2
284.334 0.00167277 0.00167277 2 3 2
284.834 0.00165616 0.00165616 2 3 2
285.334 0.00163561 0.00163561 2 3 2
285.834 0.0016196 0.0016196 2 3 2
286.334 0.00160409 0.00160409 2 3 2
286.834 0.00159252 0.00159252 2 3 2
287.334 0.00157767 0.00157767 2 3 2
287.834 0.00156324 0.00156324 2 3 2
288.334 0.00149816 0.00149816 2 3 2
288.834 0.00148189 0.00148189 2 3 2
289.334 0.00146594 0.00146594 2 3 2
289.334 0.00146594 0.00146594 2 3 2
