358.845 0.142857 0.142857 2 21 3
358.885 0.142863 0.142863 2 21 3
358.925 0.14287 0.14287 2 21 3
359.005 0.142882 0.142882 2 21 3
359.165 0.142908 0.142908 2 21 3
359.485 0.142958 0.142958 2 21 3
359.985 0.143037 0.143037 2 21 3
360.485 0.143116 0.143116 2 21 3
360.985 0.143194 0.143194 2 21 3
361.485 0.143272 0.143272 2 21 3
361.985 0.143349 0.143349 2 21 3
362.485 0.143426 0.143426 2 21 3
362.985 0.143503 0.143503 2 21 3
363.485 0.14358 0.14358 2 21 3
363.985 0.143656 0.143656 2 21 3
364.485 0.143732 0.143732 2 21 3
364.985 0.143808 0.143808 2 21 3
365.485 0.143883 0.143883 2 21 3
365.985 0.143958 0.143958 2 21 3
366.485 0.144033 0.144033 2 21 3
366.985 0.144107 0.144107 2 21 3
367.485 0.144182 0.144182 2 21 3
367.985 0.144256 0.144256 2 21 3
368.485 0.144329 0.144329 2 21 3
368.985 0.144403 0.144403 2 21 3
369.485 0.144476 0.144476 2 21 3
369.985 0.144548 0.144548 2 21 3
370.485 0.144621 0.144621 2 21 3
370.985 0.144693 0.144693 2 21 3
371.485 0.144765 0.144765 2 21 3
371.985 0.144837 0.144837 2 21 3
372.485 0.144908 0.144908 2 21 3
372.985 0.144979 0.144979 2 21 3
373.485 0.14505 0.14505 2 21 3
373.985 0.14512 0.14512 2 21 3
374.485 0.145191 0.145191 2 21 3
374.985 0.145261 0.145261 2 21 3
375.485 0.14533 0.14533 2 21 3
375.985 0.1454 0.1454 2 21 3
376.485 0.145469 0.145469 2 21 3
376.985 0.145538 0.145538 2 21 3
377.485 0.145607 0.145607 2 21 3
377.985 0.145675 0.145675 2 21 3
378.485 0.145743 0.145743 2 21 3
378.985 0.145811 0.145811 2 21 3
379.485 0.145879 0.145879 2 21 3
379.985 0.145946 0.145946 2 21 3
380.485 0.146013 0.146013 2 21 3
380.985 0.14608 0.14608 2 21 3
381.485 0.146146 0.146146 2 21 3
381.985 0.146213 0.146213 2 21 3
382.485 0.146279 0.146279 2 21 3
382.985 0.146345 0.146345 2 21 3
383.485 0.14641 0.14641 2 21 3
383.985 0.146475 0.146475 2 21 3
384.485 0.146541 0.146541 2 21 3
384.985 0.146605 0.146605 2 21 3
385.485 0.14667 0.14667 2 21 3
385.985 0.146734 0.146734 2 21 3
386.485 0.146798 0.146798 2 21 3
386.985 0.146862 0.146862 2 21 3
387.485 0.146926 0.146926 2 21 3
387.985 0.146989 0.146989 2 21 3
388.485 0.147052 0.147052 2 21 3
388.985 0.147115 0.147115 2 21 3
389.485 0.147177 0.147177 2 21 3
389.985 0.14724 0.14724 2 21 3
390.485 0.147302 0.147302 2 21 3
390.985 0.147364 0.147364 2 21 3
391.485 0.147426 0.147426 2 21 3
391.985 0.147487 0.147487 2 21 3
392.485 0.147548 0.147548 2 21 3
392.985 0.147609 0.147609 2 21 3
393.485 0.14767 0.14767 2 21 3
393.985 0.14773 0.14773 2 21 3
394.485 0.147791 0.147791 2 21 3
394.985 0.147851 0.147851 2 21 3
395.485 0.14791 0.14791 2 21 3
395.985 0.14797 0.14797 2 21 3
396.485 0.148029 0.148029 2 21 3
396.985 0.148089 0.148089 2 21 3
397.485 0.148148 0.148148 2 21 3
397.985 0.148206 0.148206 2 21 3
398.485 0.148265 0.148265 2 21 3
398.985 0.148323 0.148323 2 21 3
399.485 0.148381 0.148381 2 21 3
399.985 0.148439 0.148439 2 21 3
400.485 0.148496 0.148496 2 21 3
400.985 0.148554 0.148554 2 21 3
401.485 0.148611 0.148611 2 21 3
401.985 0.148668 0.148668 2 21 3
402.485 0.148725 0.148725 2 21 3
402.985 0.148781 0.148781 2 21 3
403.485 0.148837 0.148837 2 21 3
403.985 0.148894 0.148894 2 21 3
404.485 0.148949 0.148949 2 21 3
404.985 0.149005 0.149005 2 21 3
405.485 0.149061 0.149061 2 21 3
405.985 0.149116 0.149116 2 21 3
406.485 0.149171 0.149171 2 21 3
406.985 0.149226 0.149226 2 21 3
407.485 0.14928 0.14928 2 21 3
407.985 0.149335 0.149335 2 21 3
408.485 0.149389 0.149389 2 21 3
408.985 0.149443 0.149443 2 21 3
409.485 0.149497 0.149497 2 21 3
409.985 0.149551 0.149551 2 21 3
410.485 0.149604 0.149604 2 21 3
410.985 0.149657 0.149657 2 21 3
411.485 0.14971 0.14971 2 21 3
411.985 0.149763 0.149763 2 21 3
412.485 0.149816 0.149816 2 21 3
412.985 0.149868 0.149868 2 21 3
413.485 0.149921 0.149921 2 21 3
413.985 0.149973 0.149973 2 21 3
414.485 0.150025 0.150025 2 21 3
414.985 0.150076 0.150076 2 21 3
415.485 0.150128 0.150128 2 21 3
415.985 0.150179 0.150179 2 21 3
416.485 0.15023 0.15023 2 21 3
416.985 0.150281 0.150281 2 21 3
417.485 0.150332 0.150332 2 21 3
417.985 0.150382 0.150382 2 21 3
418.485 0.150433 0.150433 2 21 3
418.985 0.150483 0.150483 2 21 3
419.485 0.150533 0.150533 2 21 3
419.985 0.150583 0.150583 2 21 3
420.485 0.150632 0.150632 2 21 3
420.985 0.150682 0.150682 2 21 3
421.485 0.150731 0.150731 2 21 3
421.985 0.15078 0.15078 2 21 3
422.485 0.150829 0.150829 2 21 3
422.985 0.150878 0.150878 2 21 3
423.485 0.150927 0.150927 2 21 3
423.985 0.150975 0.150975 2 21 3
424.485 0.151023 0.151023 2 21 3
424.985 0.151071 0.151071 2 21 3
425.485 0.151119 0.151119 2 21 3
425.985 0.151167 0.151167 2 21 3
426.485 0.151214 0.151214 2 21 3
426.985 0.151261 0.151261 2 21 3
427.485 0.151309 0.151309 2 21 3
427.985 0.151356 0.151356 2 21 3
428.485 0.151402 0.151402 2 21 3
428.985 0.151449 0.151449 2 21 3
429.485 0.151496 0.151496 2 21 3
429.985 0.151542 0.151542 2 21 3
430.485 0.151588 0.151588 2 21 3
430.985 0.151634 0.151634 2 21 3
431.485 0.15168 0.15168 2 21 3
431.985 0.151725 0.151725 2 21 3
432.485 0.151771 0.151771 2 21 3
432.985 0.151816 0.151816 2 21 3
433.485 0.151861 0.151861 2 21 3
433.985 0.151906 0.151906 2 21 3
434.485 0.151951 0.151951 2 21 3
434.985 0.151996 0.151996 2 21 3
435.485 0.15204 0.15204 2 21 3
435.985 0.152085 0.152085 2 21 3
436.485 0.152129 0.152129 2 21 3
436.985 0.152173 0.152173 2 21 3
437.485 0.152217 0.152217 2 21 3
437.985 0.15226 0.15226 2 21 3
438.485 0.152304 0.152304 2 21 3
438.985 0.152347 0.152347 2 21 3
439.485 0.152391 0.152391 2 21 3
439.985 0.152434 0.152434 2 21 3
440.485 0.152477 0.152477 2 21 3
440.985 0.152519 0.152519 2 21 3
441.485 0.152562 0.152562 2 21 3
441.985 0.152604 0.152604 2 21 3
442.485 0.152647 0.152647 2 21 3
442.985 0.152689 0.152689 2 21 3
443.485 0.152731 0.152731 2 21 3
443.985 0.152773 0.152773 2 21 3
444.485 0.152814 0.152814 2 21 3
444.985 0.152856 0.152856 2 21 3
445.485 0.152897 0.152897 2 21 3
445.985 0.152939 0.152939 2 21 3
446.485 0.15298 0.15298 2 21 3
446.985 0.153021 0.153021 2 21 3
447.485 0.153062 0.153062 2 21 3
447.985 0.153102 0.153102 2 21 3
448.485 0.153143 0.153143 2 21 3
448.985 0.153183 0.153183 2 21 3
449.485 0.153224 0.153224 2 21 3
449.985 0.153264 0.153264 2 21 3
450.485 0.153304 0.153304 2 21 3
450.985 0.153343 0.153343 2 21 3
451.485 0.153383 0.153383 2 21 3
451.985 0.153423 0.153423 2 21 3
452.485 0.153462 0.153462 2 21 3
452.985 0.153501 0.153501 2 21 3
453.485 0.15354 0.15354 2 21 3
453.985 0.153579 0.153579 2 21 3
454.485 0.153618 0.153618 2 21 3
454.985 0.153657 0.153657 2 21 3
455.485 0.153696 0.153696 2 21 3
455.985 0.153734 0.153734 2 21 3
456.485 0.153772 0.153772 2 21 3
456.485 0.153772 0.153772 2 21 3
456.525 0.153775 0.153775 2 21 3
456.565 0.153778 0.153778 2 21 3
456.645 0.153784 0.153784 2 21 3
456.805 0.153797 0.153797 2 21 3
457.125 0.153821 0.153821 2 21 3
457.625 0.153859 0.153859 2 21 3
458.125 0.153897 0.153897 2 21 3
458.625 0.153935 0.153935 2 21 3
459.125 0.153972 0.153972 2 21 3
459.625 0.15401 0.15401 2 21 3
460.125 0.154047 0.154047 2 21 3
460.625 0.154084 0.154084 2 21 3
461.125 0.154122 0.154122 2 21 3
461.625 0.154158 0.154158 2 21 3
462.125 0.154195 0.154195 2 21 3
462.625 0.154232 0.154232 2 21 3
463.125 0.154269 0.154269 2 21 3
463.625 0.154305 0.154305 2 21 3
464.125 0.154341 0.154341 2 21 3
464.625 0.154378 0.154378 2 21 3
465.125 0.154414 0.154414 2 21 3
465.625 0.15445 0.15445 2 21 3
466.125 0.154485 0.154485 2 21 3
466.625 0.154521 0.154521 2 21 3
467.125 0.154557 0.154557 2 21 3
467.625 0.154592 0.154592 2 21 3
468.125 0.154627 0.154627 2 21 3
468.625 0.154663 0.154663 2 21 3
469.125 0.154698 0.154698 2 21 3
469.625 0.154733 0.154733 2 21 3
470.125 0.154767 0.154767 2 21 3
470.625 0.154802 0.154802 2 21 3
471.125 0.154837 0.154837 2 21 3
471.625 0.154871 0.154871 2 21 3
472.125 0.154906 0.154906 2 21 3
472.625 0.15494 0.15494 2 21 3
473.125 0.154974 0.154974 2 21 3
473.625 0.155008 0.155008 2 21 3
474.125 0.155042 0.155042 2 21 3
474.625 0.155076 0.155076 2 21 3
475.125 0.155109 0.155109 2 21 3
475.625 0.155143 0.155143 2 21 3
476.125 0.155176 0.155176 2 21 3
476.625 0.155209 0.155209 2 21 3
477.125 0.155243 0.155243 2 21 3
477.625 0.155276 0.155276 2 21 3
478.125 0.155309 0.155309 2 21 3
478.625 0.155341 0.155341 2 21 3
479.125 0.155374 0.155374 2 21 3
479.625 0.155407 0.155407 2 21 3
480.125 0.155439 0.155439 2 21 3
480.625 0.155472 0.155472 2 21 3
481.125 0.155504 0.155504 2 21 3
481.625 0.155536 0.155536 2 21 3
482.125 0.155568 0.155568 2 21 3
482.625 0.1556 0.1556 2 21 3
483.125 0.155632 0.155632 2 21 3
483.625 0.155664 0.155664 2 21 3
484.125 0.155695 0.155695 2 21 3
484.625 0.155727 0.155727 2 21 3
485.125 0.155758 0.155758 2 21 3
485.625 0.15579 0.15579 2 21 3
486.125 0.155821 0.155821 2 21 3
486.625 0.155852 0.155852 2 21 3
487.125 0.155883 0.155883 2 21 3
487.625 0.155914 0.155914 2 21 3
488.125 0.155945 0.155945 2 21 3
488.625 0.155975 0.155975 2 21 3
489.125 0.156006 0.156006 2 21 3
489.625 0.156036 0.156036 2 21 3
490.125 0.156067 0.156067 2 21 3
490.625 0.156097 0.156097 2 21 3
491.125 0.156127 0.156127 2 21 3
491.625 0.156157 0.156157 2 21 3
492.125 0.156187 0.156187 2 21 3
492.625 0.156217 0.156217 2 21 3
493.125 0.156247 0.156247 2 21 3
493.625 0.156277 0.156277 2 21 3
494.125 0.156306 0.156306 2 21 3
494.625 0.156336 0.156336 2 21 3
495.125 0.156365 0.156365 2 21 3
495.625 0.156394 0.156394 2 21 3
496.125 0.156423 0.156423 2 21 3
496.625 0.156452 0.156452 2 21 3
497.125 0.156481 0.156481 2 21 3
497.625 0.15651 0.15651 2 21 3
498.125 0.156539 0.156539 2 21 3
498.625 0.156568 0.156568 2 21 3
499.125 0.156596 0.156596 2 21 3
499.625 0.156625 0.156625 2 21 3
500.125 0.156653 0.156653 2 21 3
500.625 0.156682 0.156682 2 21 3
501.125 0.15671 0.15671 2 21 3
501.625 0.156738 0.156738 2 21 3
502.125 0.156766 0.156766 2 21 3
502.625 0.156794 0.156794 2 21 3
503.125 0.156822 0.156822 2 21 3
503.625 0.156849 0.156849 2 21 3
504.125 0.156877 0.156877 2 21 3
504.625 0.156905 0.156905 2 21 3
505.125 0.156932 0.156932 2 21 3
505.625 0.156959 0.156959 2 21 3
506.125 0.156987 0.156987 2 21 3
506.625 0.157014 0.157014 2 21 3
507.125 0.157041 0.157041 2 21 3
507.625 0.157068 0.157068 2 21 3
508.125 0.157095 0.157095 2 21 3
508.625 0.157122 0.157122 2 21 3
509.125 0.157149 0.157149 2 21 3
509.625 0.157175 0.157175 2 21 3
510.125 0.157202 0.157202 2 21 3
510.625 0.157228 0.157228 2 21 3
511.125 0.157255 0.157255 2 21 3
511.625 0.157281 0.157281 2 21 3
512.125 0.157307 0.157307 2 21 3
512.625 0.157333 0.157333 2 21 3
513.125 0.157359 0.157359 2 21 3
513.625 0.157385 0.157385 2 21 3
514.125 0.157411 0.157411 2 21 3
514.625 0.157437 0.157437 2 21 3
515.125 0.157463 0.157463 2 21 3
515.625 0.157488 0.157488 2 21 3
516.125 0.157514 0.157514 2 21 3
516.625 0.157539 0.157539 2 21 3
517.125 0.157565 0.157565 2 21 3
517.625 0.15759 0.15759 2 21 3
518.125 0.157615 0.157615 2 21 3
518.625 0.15764 0.15764 2 21 3
519.125 0.157665 0.157665 2 21 3
519.625 0.15769 0.15769 2 21 3
520.125 0.157715 0.157715 2 21 3
520.625 0.15774 0.15774 2 21 3
521.125 0.157765 0.157765 2 21 3
521.625 0.157789 0.157789 2 21 3
522.125 0.157814 0.157814 2 21 3
522.625 0.157838 0.157838 2 21 3
523.125 0.157863 0.157863 2 21 3
523.625 0.157887 0.157887 2 21 3
524.125 0.157911 0.157911 2 21 3
524.625 0.157935 0.157935 2 21 3
525.125 0.157959 0.157959 2 21 3
525.625 0.157983 0.157983 2 21 3
526.125 0.158007 0.158007 2 21 3
526.625 0.158031 0.158031 2 21 3
527.125 0.158055 0.158055 2 21 3
527.625 0.158079 0.158079 2 21 3
528.125 0.158102 0.158102 2 21 3
528.625 0.158126 0.158126 2 21 3
529.125 0.158149 0.158149 2 21 3
529.625 0.158173 0.158173 2 21 3
530.125 0.158196 0.158196 2 21 3
530.625 0.158219 0.158219 2 21 3
531.125 0.158242 0.158242 2 21 3
531.625 0.158265 0.158265 2 21 3
532.125 0.158288 0.158288 2 21 3
532.625 0.158311 0.158311 2 21 3
533.125 0.158334 0.158334 2 21 3
533.625 0.158357 0.158357 2 21 3
534.125 0.15838 0.15838 2 21 3
534.625 0.158402 0.158402 2 21 3
535.125 0.158425 0.158425 2 21 3
535.625 0.158447 0.158447 2 21 3
536.125 0.15847 0.15847 2 21 3
536.625 0.158492 0.158492 2 21 3
537.125 0.158514 0.158514 2 21 3
537.625 0.158537 0.158537 2 21 3
538.125 0.158559 0.158559 2 21 3
538.625 0.158581 0.158581 2 21 3
539.125 0.158603 0.158603 2 21 3
539.625 0.158625 0.158625 2 21 3
540.125 0.158647 0.158647 2 21 3
540.625 0.158668 0.158668 2 21 3
541.125 0.15869 0.15869 2 21 3
541.625 0.158712 0.158712 2 21 3
542.125 0.158733 0.158733 2 21 3
542.625 0.158755 0.158755 2 21 3
543.125 0.158776 0.158776 2 21 3
543.625 0.158798 0.158798 2 21 3
544.125 0.158819 0.158819 2 21 3
544.625 0.15884 0.15884 2 21 3
545.125 0.158861 0.158861 2 21 3
545.625 0.158882 0.158882 2 21 3
546.125 0.158903 0.158903 2 21 3
546.625 0.158924 0.158924 2 21 3
547.125 0.158945 0.158945 2 21 3
547.625 0.158966 0.158966 2 21 3
548.125 0.158987 0.158987 2 21 3
548.625 0.159008 0.159008 2 21 3
549.125 0.159028 0.159028 2 21 3
549.625 0.159049 0.159049 2 21 3
550.125 0.159069 0.159069 2 21 3
550.625 0.15909 0.15909 2 21 3
551.125 0.15911 0.15911 2 21 3
551.625 0.15913 0.15913 2 21 3
552.125 0.159151 0.159151 2 21 3
552.625 0.159171 0.159171 2 21 3
553.125 0.159191 0.159191 2 21 3
553.625 0.159211 0.159211 2 21 3
554.125 0.159231 0.159231 2 21 3
554.125 0.159231 0.159231 2 21 3
554.165 0.159232 0.159232 2 21 3
554.205 0.159234 0.159234 2 21 3
554.285 0.159237 0.159237 2 21 3
554.445 0.159244 0.159244 2 21 3
554.765 0.159256 0.159256 2 21 3
555.265 0.159276 0.159276 2 21 3
555.765 0.159296 0.159296 2 21 3
556.265 0.159316 0.159316 2 21 3
556.765 0.159335 0.159335 2 21 3
557.265 0.159355 0.159355 2 21 3
557.765 0.159375 0.159375 2 21 3
558.265 0.159394 0.159394 2 21 3
558.765 0.159413 0.159413 2 21 3
559.265 0.159433 0.159433 2 21 3
559.765 0.159452 0.159452 2 21 3
560.265 0.159471 0.159471 2 21 3
560.765 0.15949 0.15949 2 21 3
561.265 0.15951 0.15951 2 21 3
561.765 0.159529 0.159529 2 21 3
562.265 0.159548 0.159548 2 21 3
562.765 0.159567 0.159567 2 21 3
563.265 0.159585 0.159585 2 21 3
563.765 0.159604 0.159604 2 21 3
564.265 0.159623 0.159623 2 21 3
564.765 0.159642 0.159642 2 21 3
565.265 0.15966 0.15966 2 21 3
565.765 0.159679 0.159679 2 21 3
566.265 0.159697 0.159697 2 21 3
566.765 0.159716 0.159716 2 21 3
567.265 0.159734 0.159734 2 21 3
567.765 0.159753 0.159753 2 21 3
568.265 0.159771 0.159771 2 21 3
568.765 0.159789 0.159789 2 21 3
569.265 0.159807 0.159807 2 21 3
569.765 0.159825 0.159825 2 21 3
570.265 0.159843 0.159843 2 21 3
570.765 0.159861 0.159861 2 21 3
571.265 0.159879 0.159879 2 21 3
571.765 0.159897 0.159897 2 21 3
572.265 0.159915 0.159915 2 21 3
572.765 0.159933 0.159933 2 21 3
573.265 0.159951 0.159951 2 21 3
573.765 0.159968 0.159968 2 21 3
574.265 0.159986 0.159986 2 21 3
574.765 0.160004 0.160004 2 21 3
575.265 0.160021 0.160021 2 21 3
575.765 0.160038 0.160038 2 21 3
576.265 0.160056 0.160056 2 21 3
576.765 0.160073 0.160073 2 21 3
577.265 0.160091 0.160091 2 21 3
577.765 0.160108 0.160108 2 21 3
578.265 0.160125 0.160125 2 21 3
578.765 0.160142 0.160142 2 21 3
579.265 0.160159 0.160159 2 21 3
579.765 0.160176 0.160176 2 21 3
580.265 0.160193 0.160193 2 21 3
580.765 0.16021 0.16021 2 21 3
581.265 0.160227 0.160227 2 21 3
581.765 0.160244 0.160244 2 21 3
582.265 0.160261 0.160261 2 21 3
582.765 0.160277 0.160277 2 21 3
583.265 0.160294 0.160294 2 21 3
583.765 0.160311 0.160311 2 21 3
584.265 0.160327 0.160327 2 21 3
584.765 0.160344 0.160344 2 21 3
585.265 0.16036 0.16036 2 21 3
585.765 0.160377 0.160377 2 21 3
586.265 0.160393 0.160393 2 21 3
586.765 0.160409 0.160409 2 21 3
587.265 0.160425 0.160425 2 21 3
587.765 0.160442 0.160442 2 21 3
588.265 0.160458 0.160458 2 21 3
588.765 0.160474 0.160474 2 21 3
589.265 0.16049 0.16049 2 21 3
589.765 0.160506 0.160506 2 21 3
590.265 0.160522 0.160522 2 21 3
590.765 0.160538 0.160538 2 21 3
591.265 0.160554 0.160554 2 21 3
591.765 0.16057 0.16057 2 21 3
592.265 0.160585 0.160585 2 21 3
592.765 0.160601 0.160601 2 21 3
593.265 0.160617 0.160617 2 21 3
593.765 0.160632 0.160632 2 21 3
594.265 0.160648 0.160648 2 21 3
594.765 0.160663 0.160663 2 21 3
595.265 0.160679 0.160679 2 21 3
595.765 0.160694 0.160694 2 21 3
596.265 0.16071 0.16071 2 21 3
596.765 0.160725 0.160725 2 21 3
597.265 0.16074 0.16074 2 21 3
597.765 0.160756 0.160756 2 21 3
598.265 0.160771 0.160771 2 21 3
598.765 0.160786 0.160786 2 21 3
599.265 0.160801 0.160801 2 21 3
599.765 0.160816 0.160816 2 21 3
600.265 0.160831 0.160831 2 21 3
600.765 0.160846 0.160846 2 21 3
601.265 0.160861 0.160861 2 21 3
601.765 0.160876 0.160876 2 21 3
602.265 0.160891 0.160891 2 21 3
602.765 0.160906 0.160906 2 21 3
603.265 0.16092 0.16092 2 21 3
603.765 0.160935 0.160935 2 21 3
604.265 0.16095 0.16095 2 21 3
604.765 0.160964 0.160964 2 21 3
605.265 0.160979 0.160979 2 21 3
605.765 0.160994 0.160994 2 21 3
606.265 0.161008 0.161008 2 21 3
606.765 0.161022 0.161022 2 21 3
607.265 0.161037 0.161037 2 21 3
607.765 0.161051 0.161051 2 21 3
608.265 0.161066 0.161066 2 21 3
608.765 0.16108 0.16108 2 21 3
609.265 0.161094 0.161094 2 21 3
609.765 0.161108 0.161108 2 21 3
610.265 0.161122 0.161122 2 21 3
610.765 0.161136 0.161136 2 21 3
611.265 0.161151 0.161151 2 21 3
611.765 0.161165 0.161165 2 21 3
612.265 0.161179 0.161179 2 21 3
612.765 0.161192 0.161192 2 21 3
613.265 0.161206 0.161206 2 21 3
613.765 0.16122 0.16122 2 21 3
614.265 0.161234 0.161234 2 21 3
614.765 0.161248 0.161248 2 21 3
615.265 0.161261 0.161261 2 21 3
615.765 0.161275 0.161275 2 21 3
616.265 0.161289 0.161289 2 21 3
616.765 0.161302 0.161302 2 21 3
617.265 0.161316 0.161316 2 21 3
617.765 0.161329 0.161329 2 21 3
618.265 0.161343 0.161343 2 21 3
618.765 0.161356 0.161356 2 21 3
619.265 0.16137 0.16137 2 21 3
619.765 0.161383 0.161383 2 21 3
620.265 0.161396 0.161396 2 21 3
620.765 0.16141 0.16141 2 21 3
621.265 0.161423 0.161423 2 21 3
621.765 0.161436 0.161436 2 21 3
622.265 0.161449 0.161449 2 21 3
622.765 0.161462 0.161462 2 21 3
623.265 0.161476 0.161476 2 21 3
623.765 0.161489 0.161489 2 21 3
624.265 0.161502 0.161502 2 21 3
624.765 0.161515 0.161515 2 21 3
625.265 0.161528 0.161528 2 21 3
625.765 0.16154 0.16154 2 21 3
626.265 0.161553 0.161553 2 21 3
626.765 0.161566 0.161566 2 21 3
627.265 0.161579 0.161579 2 21 3
627.765 0.161592 0.161592 2 21 3
628.265 0.161604 0.161604 2 21 3
628.765 0.161617 0.161617 2 21 3
629.265 0.16163 0.16163 2 21 3
629.765 0.161642 0.161642 2 21 3
630.265 0.161655 0.161655 2 21 3
630.765 0.161667 0.161667 2 21 3
631.265 0.16168 0.16168 2 21 3
631.765 0.161692 0.161692 2 21 3
632.265 0.161705 0.161705 2 21 3
632.765 0.161717 0.161717 2 21 3
633.265 0.161729 0.161729 2 21 3
633.765 0.161742 0.161742 2 21 3
634.265 0.161754 0.161754 2 21 3
634.765 0.161766 0.161766 2 21 3
635.265 0.161778 0.161778 2 21 3
635.765 0.16179 0.16179 2 21 3
636.265 0.161803 0.161803 2 21 3
636.765 0.161815 0.161815 2 21 3
637.265 0.161827 0.161827 2 21 3
637.765 0.161839 0.161839 2 21 3
638.265 0.161851 0.161851 2 21 3
638.765 0.161863 0.161863 2 21 3
639.265 0.161874 0.161874 2 21 3
639.765 0.161886 0.161886 2 21 3
640.265 0.161898 0.161898 2 21 3
640.765 0.16191 0.16191 2 21 3
641.265 0.161922 0.161922 2 21 3
641.765 0.161933 0.161933 2 21 3
642.265 0.161945 0.161945 2 21 3
642.765 0.161957 0.161957 2 21 3
643.265 0.161968 0.161968 2 21 3
643.765 0.16198 0.16198 2 21 3
644.265 0.161992 0.161992 2 21 3
644.765 0.162003 0.162003 2 21 3
645.265 0.162015 0.162015 2 21 3
645.765 0.162026 0.162026 2 21 3
646.265 0.162037 0.162037 2 21 3
646.765 0.162049 0.162049 2 21 3
647.265 0.16206 0.16206 2 21 3
647.765 0.162072 0.162072 2 21 3
648.265 0.162083 0.162083 2 21 3
648.765 0.162094 0.162094 2 21 3
649.265 0.162105 0.162105 2 21 3
649.765 0.162117 0.162117 2 21 3
650.265 0.162128 0.162128 2 21 3
650.765 0.162139 0.162139 2 21 3
651.265 0.16215 0.16215 2 21 3
651.765 0.162161 0.162161 2 21 3
358.845 0.142857 0.142857 2 21 3
358.805 0.142851 0.142851 2 21 3
358.765 0.142844 0.142844 2 21 3
358.685 0.142832 0.142832 2 21 3
358.525 0.142806 0.142806 2 21 3
358.205 0.142756 0.142756 2 21 3
357.705 0.142676 0.142676 2 21 3
357.205 0.142596 0.142596 2 21 3
356.705 0.142515 0.142515 2 21 3
356.205 0.142435 0.142435 2 21 3
355.705 0.142353 0.142353 2 21 3
355.205 0.142272 0.142272 2 21 3
354.705 0.14219 0.14219 2 21 3
354.205 0.142108 0.142108 2 21 3
353.705 0.142026 0.142026 2 21 3
353.205 0.141943 0.141943 2 21 3
352.705 0.14186 0.14186 2 21 3
352.205 0.141777 0.141777 2 21 3
351.705 0.141693 0.141693 2 21 3
351.205 0.141609 0.141609 2 21 3
350.705 0.141524 0.141524 2 21 3
350.205 0.14144 0.14144 2 21 3
349.705 0.141355 0.141355 2 21 3
349.205 0.141269 0.141269 2 21 3
348.705 0.141184 0.141184 2 21 3
348.205 0.141097 0.141097 2 21 3
347.705 0.141011 0.141011 2 21 3
347.205 0.140924 0.140924 2 21 3
346.705 0.140837 0.140837 2 21 3
346.205 0.14075 0.14075 2 21 3
345.705 0.140662 0.140662 2 21 3
345.205 0.140574 0.140574 2 21 3
344.705 0.140485 0.140485 2 21 3
344.205 0.140396 0.140396 2 21 3
343.705 0.140307 0.140307 2 21 3
343.205 0.140217 0.140217 2 21 3
342.705 0.140127 0.140127 2 21 3
342.205 0.140037 0.140037 2 21 3
341.705 0.139946 0.139946 2 21 3
341.205 0.139855 0.139855 2 21 3
340.705 0.139764 0.139764 2 21 3
340.205 0.139672 0.139672 2 21 3
339.705 0.13958 0.13958 2 21 3
339.205 0.139487 0.139487 2 21 3
338.705 0.139394 0.139394 2 21 3
338.205 0.139301 0.139301 2 21 3
337.705 0.139208 0.139208 2 21 3
337.205 0.139114 0.139114 2 21 3
336.705 0.139019 0.139019 2 21 3
336.205 0.138924 0.138924 2 21 3
335.705 0.138829 0.138829 2 21 3
335.205 0.138734 0.138734 2 21 3
334.705 0.138638 0.138638 2 21 3
334.205 0.138541 0.138541 2 21 3
333.705 0.138444 0.138444 2 21 3
333.205 0.138347 0.138347 2 21 3
332.705 0.13825 0.13825 2 21 3
332.205 0.138152 0.138152 2 21 3
331.705 0.138054 0.138054 2 21 3
331.205 0.137955 0.137955 2 21 3
330.705 0.137856 0.137856 2 21 3
330.205 0.137756 0.137756 2 21 3
329.705 0.137656 0.137656 2 21 3
329.205 0.137556 0.137556 2 21 3
328.705 0.137455 0.137455 2 21 3
328.205 0.137354 0.137354 2 21 3
327.705 0.137252 0.137252 2 21 3
327.205 0.13715 0.13715 2 21 3
326.705 0.137048 0.137048 2 21 3
326.205 0.136945 0.136945 2 21 3
325.705 0.136842 0.136842 2 21 3
325.205 0.136738 0.136738 2 21 3
324.705 0.136634 0.136634 2 21 3
324.205 0.13653 0.13653 2 21 3
323.705 0.136425 0.136425 2 21 3
323.205 0.136319 0.136319 2 21 3
322.705 0.136214 0.136214 2 21 3
322.205 0.136107 0.136107 2 21 3
321.705 0.136001 0.136001 2 21 3
321.205 0.135893 0.135893 2 21 3
320.705 0.135786 0.135786 2 21 3
320.205 0.135678 0.135678 2 21 3
319.705 0.135569 0.135569 2 21 3
319.205 0.135461 0.135461 2 21 3
318.705 0.135351 0.135351 2 21 3
318.205 0.135241 0.135241 2 21 3
317.705 0.135131 0.135131 2 21 3
317.205 0.135021 0.135021 2 21 3
316.705 0.134909 0.134909 2 21 3
316.205 0.134798 0.134798 2 21 3
315.705 0.134686 0.134686 2 21 3
315.205 0.134573 0.134573 2 21 3
314.705 0.13446 0.13446 2 21 3
314.205 0.134347 0.134347 2 21 3
313.705 0.134233 0.134233 2 21 3
313.205 0.134118 0.134118 2 21 3
312.705 0.134003 0.134003 2 21 3
312.205 0.133888 0.133888 2 21 3
311.705 0.133772 0.133772 2 21 3
311.205 0.133656 0.133656 2 21 3
310.705 0.133539 0.133539 2 21 3
310.205 0.133422 0.133422 2 21 3
309.705 0.133304 0.133304 2 21 3
309.205 0.133186 0.133186 2 21 3
308.705 0.133067 0.133067 2 21 3
308.205 0.132948 0.132948 2 21 3
307.705 0.132828 0.132828 2 21 3
307.205 0.132708 0.132708 2 21 3
306.705 0.132587 0.132587 2 21 3
306.205 0.132466 0.132466 2 21 3
305.705 0.132344 0.132344 2 21 3
305.205 0.132222 0.132222 2 21 3
304.705 0.132099 0.132099 2 21 3
304.205 0.131976 0.131976 2 21 3
303.705 0.131852 0.131852 2 21 3
303.205 0.131728 0.131728 2 21 3
302.705 0.131603 0.131603 2 21 3
302.205 0.131478 0.131478 2 21 3
301.705 0.131352 0.131352 2 21 3
301.205 0.131225 0.131225 2 21 3
300.705 0.131098 0.131098 2 21 3
300.205 0.130971 0.130971 2 21 3
299.705 0.130843 0.130843 2 21 3
299.205 0.130714 0.130714 2 21 3
298.705 0.130585 0.130585 2 21 3
298.205 0.130456 0.130456 2 21 3
297.705 0.130326 0.130326 2 21 3
297.205 0.130195 0.130195 2 21 3
296.705 0.130064 0.130064 2 21 3
296.205 0.129932 0.129932 2 21 3
295.705 0.1298 0.1298 2 21 3
295.205 0.129667 0.129667 2 21 3
294.705 0.129533 0.129533 2 21 3
294.205 0.129399 0.129399 2 21 3
293.705 0.129265 0.129265 2 21 3
293.205 0.129129 0.129129 2 21 3
292.705 0.128994 0.128994 2 21 3
292.205 0.128857 0.128857 2 21 3
291.705 0.128721 0.128721 2 21 3
291.205 0.128583 0.128583 2 21 3
290.705 0.128445 0.128445 2 21 3
290.205 0.128307 0.128307 2 21 3
289.705 0.128167 0.128167 2 21 3
289.205 0.128028 0.128028 2 21 3
288.705 0.127887 0.127887 2 21 3
288.205 0.127746 0.127746 2 21 3
287.705 0.127605 0.127605 2 21 3
287.205 0.127463 0.127463 2 21 3
286.705 0.12732 0.12732 2 21 3
286.205 0.127176 0.127176 2 21 3
285.705 0.127032 0.127032 2 21 3
285.205 0.126888 0.126888 2 21 3
284.705 0.126743 0.126743 2 21 3
284.205 0.126597 0.126597 2 21 3
283.705 0.126451 0.126451 2 21 3
283.205 0.126304 0.126304 2 21 3
282.705 0.126156 0.126156 2 21 3
282.205 0.126008 0.126008 2 21 3
281.705 0.125859 0.125859 2 21 3
281.205 0.125709 0.125709 2 21 3
280.705 0.125559 0.125559 2 21 3
280.205 0.125408 0.125408 2 21 3
279.705 0.125257 0.125257 2 21 3
279.205 0.125105 0.125105 2 21 3
278.705 0.124952 0.124952 2 21 3
278.205 0.124798 0.124798 2 21 3
277.705 0.124644 0.124644 2 21 3
277.205 0.12449 0.12449 2 21 3
276.705 0.124334 0.124334 2 21 3
276.205 0.124178 0.124178 2 21 3
275.705 0.124022 0.124022 2 21 3
275.205 0.123864 0.123864 2 21 3
274.705 0.123706 0.123706 2 21 3
274.205 0.123547 0.123547 2 21 3
273.705 0.123388 0.123388 2 21 3
273.205 0.123228 0.123228 2 21 3
272.705 0.123067 0.123067 2 21 3
272.205 0.122906 0.122906 2 21 3
271.705 0.122744 0.122744 2 21 3
271.205 0.122581 0.122581 2 21 3
270.705 0.122417 0.122417 2 21 3
270.205 0.122253 0.122253 2 21 3
269.705 0.122088 0.122088 2 21 3
269.205 0.121923 0.121923 2 21 3
268.705 0.121756 0.121756 2 21 3
268.205 0.121589 0.121589 2 21 3
267.705 0.121421 0.121421 2 21 3
267.205 0.121253 0.121253 2 21 3
266.705 0.121084 0.121084 2 21 3
266.205 0.120914 0.120914 2 21 3
265.705 0.120743 0.120743 2 21 3
265.205 0.120572 0.120572 2 21 3
264.705 0.1204 0.1204 2 21 3
264.205 0.120227 0.120227 2 21 3
263.705 0.120053 0.120053 2 21 3
263.205 0.119879 0.119879 2 21 3
262.705 0.119704 0.119704 2 21 3
262.205 0.119528 0.119528 2 21 3
261.705 0.119351 0.119351 2 21 3
261.205 0.119174 0.119174 2 21 3
261.205 0.119174 0.119174 2 21 3
261.165 0.119159 0.119159 2 21 3
261.125 0.119144 0.119144 2 21 3
261.045 0.119116 0.119116 2 21 3
260.885 0.119059 0.119059 2 21 3
260.565 0.118945 0.118945 2 21 3
260.065 0.118766 0.118766 2 21 3
259.565 0.118586 0.118586 2 21 3
259.065 0.118405 0.118405 2 21 3
258.565 0.118224 0.118224 2 21 3
258.065 0.118042 0.118042 2 21 3
257.565 0.117859 0.117859 2 21 3
257.065 0.117675 0.117675 2 21 3
256.565 0.11749 0.11749 2 21 3
256.065 0.117305 0.117305 2 21 3
255.565 0.117118 0.117118 2 21 3
255.065 0.116931 0.116931 2 21 3
254.565 0.116743 0.116743 2 21 3
254.065 0.116555 0.116555 2 21 3
253.565 0.116365 0.116365 2 21 3
253.065 0.116175 0.116175 2 21 3
252.565 0.115983 0.115983 2 21 3
252.065 0.115791 0.115791 2 21 3
251.565 0.115598 0.115598 2 21 3
251.065 0.115405 0.115405 2 21 3
250.565 0.11521 0.11521 2 21 3
250.065 0.115015 0.115015 2 21 3
249.565 0.114818 0.114818 2 21 3
249.065 0.114621 0.114621 2 21 3
248.565 0.114423 0.114423 2 21 3
248.065 0.114224 0.114224 2 21 3
247.565 0.114025 0.114025 2 21 3
247.065 0.113824 0.113824 2 21 3
246.565 0.113622 0.113622 2 21 3
246.065 0.11342 0.11342 2 21 3
245.565 0.113217 0.113217 2 21 3
245.065 0.113012 0.113012 2 21 3
244.565 0.112807 0.112807 2 21 3
244.065 0.112601 0.112601 2 21 3
243.565 0.112394 0.112394 2 21 3
243.065 0.112187 0.112187 2 21 3
242.565 0.111978 0.111978 2 21 3
242.065 0.111768 0.111768 2 21 3
241.565 0.111557 0.111557 2 21 3
241.065 0.111346 0.111346 2 21 3
240.565 0.111133 0.111133 2 21 3
240.065 0.11092 0.11092 2 21 3
239.565 0.110705 0.110705 2 21 3
239.065 0.11049 0.11049 2 21 3
238.565 0.110274 0.110274 2 21 3
238.065 0.110056 0.110056 2 21 3
237.565 0.109838 0.109838 2 21 3
237.065 0.109619 0.109619 2 21 3
236.565 0.109399 0.109399 2 21 3
236.065 0.109177 0.109177 2 21 3
235.565 0.108955 0.108955 2 21 3
235.065 0.108732 0.108732 2 21 3
234.565 0.108507 0.108507 2 21 3
234.065 0.108282 0.108282 2 21 3
233.565 0.108056 0.108056 2 21 3
233.065 0.107828 0.107828 2 21 3
232.565 0.1076 0.1076 2 21 3
232.065 0.107371 0.107371 2 21 3
231.565 0.10714 0.10714 2 21 3
231.065 0.106909 0.106909 2 21 3
230.565 0.106676 0.106676 2 21 3
230.065 0.106442 0.106442 2 21 3
229.565 0.106207 0.106207 2 21 3
229.065 0.105972 0.105972 2 21 3
228.565 0.105735 0.105735 2 21 3
228.065 0.105497 0.105497 2 21 3
227.565 0.105257 0.105257 2 21 3
227.065 0.105017 0.105017 2 21 3
226.565 0.104776 0.104776 2 21 3
226.065 0.104533 0.104533 2 21 3
225.565 0.10429 0.10429 2 21 3
225.065 0.104045 0.104045 2 21 3
224.565 0.103799 0.103799 2 21 3
224.065 0.103552 0.103552 2 21 3
223.565 0.103303 0.103303 2 21 3
223.065 0.103054 0.103054 2 21 3
222.565 0.102803 0.102803 2 21 3
222.065 0.102551 0.102551 2 21 3
221.565 0.102298 0.102298 2 21 3
221.065 0.102044 0.102044 2 21 3
220.565 0.101788 0.101788 2 21 3
220.065 0.101532 0.101532 2 21 3
219.565 0.101274 0.101274 2 21 3
219.065 0.101014 0.101014 2 21 3
218.565 0.100754 0.100754 2 21 3
218.065 0.100492 0.100492 2 21 3
217.565 0.100229 0.100229 2 21 3
217.065 0.0999644 0.0999644 2 21 3
216.565 0.0996986 0.0996986 2 21 3
216.065 0.0994316 0.0994316 2 21 3
215.565 0.0991632 0.0991632 2 21 3
215.065 0.0988934 0.0988934 2 21 3
214.565 0.0986223 0.0986223 2 21 3
214.065 0.0983497 0.0983497 2 21 3
213.565 0.0980758 0.0980758 2 21 3
213.065 0.0978005 0.0978005 2 21 3
212.565 0.0975238 0.0975238 2 21 3
212.065 0.0972456 0.0972456 2 21 3
211.565 0.096966 0.096966 2 21 3
211.065 0.0966849 0.0966849 2 21 3
210.565 0.0964024 0.0964024 2 21 3
210.065 0.0961183 0.0961183 2 21 3
209.565 0.0958327 0.0958327 2 21 3
209.065 0.0955456 0.0955456 2 21 3
208.565 0.095257 0.095257 2 21 3
208.065 0.0949668 0.0949668 2 21 3
207.565 0.0946749 0.0946749 2 21 3
207.065 0.0943815 0.0943815 2 21 3
206.565 0.0940865 0.0940865 2 21 3
206.065 0.0937898 0.0937898 2 21 3
205.565 0.0934914 0.0934914 2 21 3
205.065 0.0931913 0.0931913 2 21 3
204.565 0.0928896 0.0928896 2 21 3
204.066 0.092586 0.092586 2 21 3
203.566 0.0922808 0.0922808 2 21 3
203.066 0.0919737 0.0919737 2 21 3
202.566 0.0916648 0.0916648 2 21 3
202.066 0.0913541 0.0913541 2 21 3
201.566 0.0910415 0.0910415 2 21 3
201.066 0.0907269 0.0907269 2 21 3
200.566 0.0904105 0.0904105 2 21 3
200.066 0.0900921 0.0900921 2 21 3
199.566 0.0897717 0.0897717 2 21 3
199.066 0.0894492 0.0894492 2 21 3
198.566 0.0891247 0.0891247 2 21 3
198.066 0.088798 0.088798 2 21 3
197.566 0.0884692 0.0884692 2 21 3
197.066 0.0881383 0.0881383 2 21 3
196.566 0.087805 0.087805 2 21 3
196.066 0.0874695 0.0874695 2 21 3
195.566 0.0871317 0.0871317 2 21 3
195.066 0.0867915 0.0867915 2 21 3
194.566 0.0864489 0.0864489 2 21 3
194.066 0.0861037 0.0861037 2 21 3
193.566 0.085756 0.085756 2 21 3
193.066 0.0854058 0.0854058 2 21 3
192.566 0.0850528 0.0850528 2 21 3
192.066 0.0846971 0.0846971 2 21 3
191.566 0.0843386 0.0843386 2 21 3
191.066 0.0839772 0.0839772 2 21 3
190.566 0.0836128 0.0836128 2 21 3
190.066 0.0832454 0.0832454 2 21 3
189.566 0.0828749 0.0828749 2 21 3
189.066 0.0825011 0.0825011 2 21 3
188.566 0.0821239 0.0821239 2 21 3
188.066 0.0817433 0.0817433 2 21 3
187.566 0.0813592 0.0813592 2 21 3
187.066 0.0809713 0.0809713 2 21 3
186.566 0.0805796 0.0805796 2 21 3
186.066 0.080184 0.080184 2 21 3
185.566 0.0797842 0.0797842 2 21 3
185.066 0.0793802 0.0793802 2 21 3
184.566 0.0789716 0.0789716 2 21 3
184.066 0.0785584 0.0785584 2 21 3
183.566 0.0781404 0.0781404 2 21 3
183.066 0.0777172 0.0777172 2 21 3
182.566 0.0772887 0.0772887 2 21 3
182.066 0.0768545 0.0768545 2 21 3
181.566 0.0764144 0.0764144 2 21 3
181.066 0.075968 0.075968 2 21 3
180.566 0.075515 0.075515 2 21 3
180.066 0.075055 0.075055 2 21 3
179.566 0.0745874 0.0745874 2 21 3
179.066 0.0741118 0.0741118 2 21 3
178.566 0.0736277 0.0736277 2 21 3
178.066 0.0731342 0.0731342 2 21 3
177.566 0.0726307 0.0726307 2 21 3
177.066 0.0721164 0.0721164 2 21 3
176.566 0.0715902 0.0715902 2 21 3
176.066 0.0710509 0.0710509 2 21 3
175.566 0.0704971 0.0704971 2 21 3
175.066 0.0699272 0.0699272 2 21 3
174.566 0.0693392 0.0693392 2 21 3
174.066 0.0687305 0.0687305 2 21 3
173.566 0.0680981 0.0680981 2 21 3
173.066 0.0674378 0.0674378 2 21 3
172.566 0.0667444 0.0667444 2 21 3
172.067 0.0660108 0.0660108 2 21 3
171.567 0.0652265 0.0652265 2 21 3
171.067 0.0643761 0.0643761 2 21 3
170.567 0.0633298 0.0633298 2 21 3
170.067 0.0621861 0.0621861 2 21 3
169.567 0.0606888 0.0606888 2 21 3
169.318 0.0595151 0.0595151 2 21 3
169.225 0.0585576 0.0585576 2 21 3
169.213 0.0582541 0.0582541 2 21 3
169.215 0.0578942 0.0578942 2 21 3
169.216 0.0576243 0.0576243 2 21 3
169.232 0.0574777 0.0574777 2 21 3
169.245 0.0572859 0.0572859 2 21 3
169.274 0.0570695 0.0570695 2 21 3
169.317 0.0567665 0.0567665 2 21 3
169.382 0.0564168 0.0564168 2 21 3
169.479 0.0560066 0.0560066 2 21 3
169.626 0.0555217 0.0555217 2 21 3
169.626 0.0555217 0.0555217 2 21 3
169.586 0.0556443 0.0556443 2 21 3
169.546 0.055769 0.055769 2 21 3
169.466 0.0560316 0.0560316 2 21 3
169.307 0.0568198 0.0568198 2 21 3
169.247 0.0573012 0.0573012 2 21 3
169.225 0.0576111 0.0576111 2 21 3
169.217 0.0577349 0.0577349 2 21 3
169.216 0.0583054 0.0583054 2 21 3
169.223 0.0585236 0.0585236 2 21 3
169.225 0.0585972 0.0585972 2 21 3
169.233 0.0587086 0.0587086 2 21 3
169.249 0.0589453 0.0589453 2 21 3
169.283 0.0592059 0.0592059 2 21 3
169.333 0.0595625 0.0595625 2 21 3
169.409 0.0599838 0.0599838 2 21 3
169.522 0.0604914 0.0604914 2 21 3
169.693 0.0611112 0.0611112 2 21 3
169.949 0.0618753 0.0618753 2 21 3
170.333 0.0628255 0.0628255 2 21 3
170.833 0.0638671 0.0638671 2 21 3
171.333 0.064778 0.064778 2 21 3
171.833 0.0656044 0.0656044 2 21 3
172.333 0.0664311 0.0664311 2 21 3
172.833 0.0671352 0.0671352 2 21 3
173.333 0.067805 0.067805 2 21 3
173.833 0.0684469 0.0684469 2 21 3
174.333 0.0690643 0.0690643 2 21 3
174.833 0.0696602 0.0696602 2 21 3
175.333 0.0702373 0.0702373 2 21 3
175.833 0.0707975 0.0707975 2 21 3
176.333 0.0713428 0.0713428 2 21 3
176.833 0.0718746 0.0718746 2 21 3
177.333 0.072394 0.072394 2 21 3
177.832 0.0729021 0.0729021 2 21 3
178.332 0.0733999 0.0733999 2 21 3
178.832 0.0738881 0.0738881 2 21 3
179.332 0.0743675 0.0743675 2 21 3
179.832 0.0748386 0.0748386 2 21 3
180.332 0.075302 0.075302 2 21 3
180.832 0.0757581 0.0757581 2 21 3
181.332 0.0762074 0.0762074 2 21 3
181.832 0.0766504 0.0766504 2 21 3
182.332 0.0770872 0.0770872 2 21 3
182.832 0.0775183 0.0775183 2 21 3
183.332 0.0779439 0.0779439 2 21 3
183.832 0.0783642 0.0783642 2 21 3
184.332 0.0787796 0.0787796 2 21 3
184.832 0.0791903 0.0791903 2 21 3
185.332 0.0795964 0.0795964 2 21 3
185.832 0.0799981 0.0799981 2 21 3
186.332 0.0803956 0.0803956 2 21 3
186.832 0.0807891 0.0807891 2 21 3
187.332 0.0811787 0.0811787 2 21 3
187.832 0.0815646 0.0815646 2 21 3
188.332 0.0819468 0.0819468 2 21 3
188.832 0.0823255 0.0823255 2 21 3
189.332 0.0827009 0.0827009 2 21 3
189.832 0.0830729 0.0830729 2 21 3
190.332 0.0834418 0.0834418 2 21 3
190.832 0.0838075 0.0838075 2 21 3
191.332 0.0841703 0.0841703 2 21 3
191.832 0.0845301 0.0845301 2 21 3
192.332 0.0848871 0.0848871 2 21 3
192.832 0.0852414 0.0852414 2 21 3
193.332 0.0855929 0.0855929 2 21 3
193.832 0.0859418 0.0859418 2 21 3
194.332 0.0862881 0.0862881 2 21 3
194.832 0.0866319 0.0866319 2 21 3
195.332 0.0869732 0.0869732 2 21 3
195.832 0.0873121 0.0873121 2 21 3
196.332 0.0876487 0.0876487 2 21 3
196.832 0.087983 0.087983 2 21 3
197.332 0.088315 0.088315 2 21 3
197.832 0.0886448 0.0886448 2 21 3
198.332 0.0889724 0.0889724 2 21 3
198.832 0.0892979 0.0892979 2 21 3
199.332 0.0896214 0.0896214 2 21 3
199.832 0.0899427 0.0899427 2 21 3
200.332 0.0902621 0.0902621 2 21 3
200.832 0.0905794 0.0905794 2 21 3
201.332 0.0908948 0.0908948 2 21 3
201.832 0.0912083 0.0912083 2 21 3
202.332 0.0915199 0.0915199 2 21 3
202.832 0.0918297 0.0918297 2 21 3
203.332 0.0921376 0.0921376 2 21 3
203.832 0.0924437 0.0924437 2 21 3
204.332 0.0927481 0.0927481 2 21 3
204.832 0.0930506 0.0930506 2 21 3
205.332 0.0933515 0.0933515 2 21 3
205.832 0.0936507 0.0936507 2 21 3
206.332 0.0939481 0.0939481 2 21 3
206.832 0.0942439 0.0942439 2 21 3
207.332 0.0945381 0.0945381 2 21 3
207.832 0.0948307 0.0948307 2 21 3
208.332 0.0951216 0.0951216 2 21 3
208.832 0.095411 0.095411 2 21 3
209.332 0.0956989 0.0956989 2 21 3
209.832 0.0959851 0.0959851 2 21 3
210.332 0.0962699 0.0962699 2 21 3
210.832 0.0965532 0.0965532 2 21 3
211.332 0.0968349 0.0968349 2 21 3
211.832 0.0971152 0.0971152 2 21 3
212.332 0.0973941 0.0973941 2 21 3
212.832 0.0976715 0.0976715 2 21 3
213.332 0.0979474 0.0979474 2 21 3
213.832 0.098222 0.098222 2 21 3
214.332 0.0984952 0.0984952 2 21 3
214.832 0.0987669 0.0987669 2 21 3
215.332 0.0990373 0.0990373 2 21 3
215.832 0.0993064 0.0993064 2 21 3
216.332 0.0995741 0.0995741 2 21 3
216.832 0.0998404 0.0998404 2 21 3
217.332 0.100105 0.100105 2 21 3
217.832 0.100369 0.100369 2 21 3
218.332 0.100632 0.100632 2 21 3
218.832 0.100893 0.100893 2 21 3
219.332 0.101153 0.101153 2 21 3
219.832 0.101411 0.101411 2 21 3
220.332 0.101669 0.101669 2 21 3
220.832 0.101925 0.101925 2 21 3
221.332 0.10218 0.10218 2 21 3
221.832 0.102433 0.102433 2 21 3
222.332 0.102686 0.102686 2 21 3
222.832 0.102937 0.102937 2 21 3
223.332 0.103187 0.103187 2 21 3
223.832 0.103436 0.103436 2 21 3
224.332 0.103684 0.103684 2 21 3
224.832 0.10393 0.10393 2 21 3
225.332 0.104175 0.104175 2 21 3
225.832 0.10442 0.10442 2 21 3
226.332 0.104663 0.104663 2 21 3
226.832 0.104905 0.104905 2 21 3
227.332 0.105145 0.105145 2 21 3
227.832 0.105385 0.105385 2 21 3
228.332 0.105624 0.105624 2 21 3
228.832 0.105861 0.105861 2 21 3
229.332 0.106097 0.106097 2 21 3
229.832 0.106333 0.106333 2 21 3
230.332 0.106567 0.106567 2 21 3
230.832 0.1068 0.1068 2 21 3
231.332 0.107032 0.107032 2 21 3
231.832 0.107263 0.107263 2 21 3
232.332 0.107493 0.107493 2 21 3
232.832 0.107722 0.107722 2 21 3
233.332 0.10795 0.10795 2 21 3
233.832 0.108177 0.108177 2 21 3
234.332 0.108402 0.108402 2 21 3
234.832 0.108627 0.108627 2 21 3
235.332 0.108851 0.108851 2 21 3
235.832 0.109074 0.109074 2 21 3
236.332 0.109295 0.109295 2 21 3
236.832 0.109516 0.109516 2 21 3
237.332 0.109736 0.109736 2 21 3
237.832 0.109955 0.109955 2 21 3
238.332 0.110172 0.110172 2 21 3
238.832 0.110389 0.110389 2 21 3
239.332 0.110605 0.110605 2 21 3
239.832 0.11082 0.11082 2 21 3
240.332 0.111034 0.111034 2 21 3
240.832 0.111247 0.111247 2 21 3
241.332 0.111459 0.111459 2 21 3
241.832 0.11167 0.11167 2 21 3
242.332 0.11188 0.11188 2 21 3
242.832 0.112089 0.112089 2 21 3
243.332 0.112297 0.112297 2 21 3
243.832 0.112505 0.112505 2 21 3
244.332 0.112711 0.112711 2 21 3
244.832 0.112917 0.112917 2 21 3
245.332 0.113121 0.113121 2 21 3
245.832 0.113325 0.113325 2 21 3
246.332 0.113528 0.113528 2 21 3
246.832 0.11373 0.11373 2 21 3
247.332 0.113931 0.113931 2 21 3
247.832 0.114131 0.114131 2 21 3
248.332 0.11433 0.11433 2 21 3
248.832 0.114529 0.114529 2 21 3
249.332 0.114726 0.114726 2 21 3
249.832 0.114923 0.114923 2 21 3
250.332 0.115119 0.115119 2 21 3
250.832 0.115314 0.115314 2 21 3
251.332 0.115508 0.115508 2 21 3
251.832 0.115701 0.115701 2 21 3
252.332 0.115894 0.115894 2 21 3
252.832 0.116085 0.116085 2 21 3
253.332 0.116276 0.116276 2 21 3
253.832 0.116466 0.116466 2 21 3
254.332 0.116655 0.116655 2 21 3
254.832 0.116844 0.116844 2 21 3
255.332 0.117031 0.117031 2 21 3
255.832 0.117218 0.117218 2 21 3
256.332 0.117404 0.117404 2 21 3
256.832 0.117589 0.117589 2 21 3
257.332 0.117773 0.117773 2 21 3
257.832 0.117956 0.117956 2 21 3
258.332 0.118139 0.118139 2 21 3
258.832 0.118321 0.118321 2 21 3
259.332 0.118502 0.118502 2 21 3
259.832 0.118682 0.118682 2 21 3
260.332 0.118862 0.118862 2 21 3
169.626 0.0555217 0.0555217 2 21 3
169.666 0.0554083 0.0554083 2 21 3
169.706 0.0552963 0.0552963 2 21 3
169.786 0.0550811 0.0550811 2 21 3
169.945 0.0546843 0.0546843 2 21 3
170.265 0.0541093 0.0541093 2 21 3
170.745 0.0533605 0.0533605 2 21 3
171.245 0.0527203 0.0527203 2 21 3
171.744 0.0521702 0.0521702 2 21 3
172.244 0.0516198 0.0516198 2 21 3
172.744 0.0511969 0.0511969 2 21 3
173.244 0.0508086 0.0508086 2 21 3
173.744 0.0504481 0.0504481 2 21 3
174.244 0.050112 0.050112 2 21 3
174.744 0.0497971 0.0497971 2 21 3
175.244 0.0495006 0.0495006 2 21 3
175.743 0.0492206 0.0492206 2 21 3
176.243 0.048955 0.048955 2 21 3
176.743 0.0487025 0.0487025 2 21 3
177.243 0.0484617 0.0484617 2 21 3
177.743 0.0482316 0.0482316 2 21 3
178.243 0.0480112 0.0480112 2 21 3
178.743 0.0477997 0.0477997 2 21 3
179.243 0.0475965 0.0475965 2 21 3
179.743 0.0474008 0.0474008 2 21 3
180.243 0.0472121 0.0472121 2 21 3
180.743 0.04703 0.04703 2 21 3
181.243 0.046854 0.046854 2 21 3
181.743 0.0466836 0.0466836 2 21 3
182.243 0.0465187 0.0465187 2 21 3
182.743 0.0463587 0.0463587 2 21 3
183.242 0.0462036 0.0462036 2 21 3
183.742 0.0460528 0.0460528 2 21 3
184.242 0.0459064 0.0459064 2 21 3
184.742 0.0457639 0.0457639 2 21 3
185.242 0.0456252 0.0456252 2 21 3
185.742 0.0454901 0.0454901 2 21 3
186.242 0.0453585 0.0453585 2 21 3
186.742 0.0452302 0.0452302 2 21 3
187.242 0.0451049 0.0451049 2 21 3
187.742 0.0449827 0.0449827 2 21 3
188.242 0.0448633 0.0448633 2 21 3
188.742 0.0447467 0.0447467 2 21 3
189.242 0.0446326 0.0446326 2 21 3
189.742 0.0445211 0.0445211 2 21 3
190.242 0.044412 0.044412 2 21 3
190.742 0.0443052 0.0443052 2 21 3
191.242 0.0442007 0.0442007 2 21 3
191.742 0.0440983 0.0440983 2 21 3
192.242 0.043998 0.043998 2 21 3
192.742 0.0438996 0.0438996 2 21 3
193.242 0.0438032 0.0438032 2 21 3
193.741 0.0437086 0.0437086 2 21 3
194.241 0.0436159 0.0436159 2 21 3
194.741 0.0435248 0.0435248 2 21 3
195.241 0.0434355 0.0434355 2 21 3
195.741 0.0433478 0.0433478 2 21 3
196.241 0.0432616 0.0432616 2 21 3
196.741 0.043177 0.043177 2 21 3
197.241 0.0430938 0.0430938 2 21 3
197.741 0.0430121 0.0430121 2 21 3
198.241 0.0429317 0.0429317 2 21 3
198.741 0.0428527 0.0428527 2 21 3
199.241 0.0427751 0.0427751 2 21 3
199.741 0.0426986 0.0426986 2 21 3
200.241 0.0426235 0.0426235 2 21 3
200.741 0.0425495 0.0425495 2 21 3
201.241 0.0424767 0.0424767 2 21 3
201.741 0.042405 0.042405 2 21 3
202.241 0.0423344 0.0423344 2 21 3
202.741 0.042265 0.042265 2 21 3
203.241 0.0421965 0.0421965 2 21 3
203.741 0.0421291 0.0421291 2 21 3
204.241 0.0420627 0.0420627 2 21 3
204.741 0.0419972 0.0419972 2 21 3
205.241 0.0419328 0.0419328 2 21 3
205.741 0.0418692 0.0418692 2 21 3
206.24 0.0418065 0.0418065 2 21 3
206.74 0.0417447 0.0417447 2 21 3
207.24 0.0416838 0.0416838 2 21 3
207.74 0.0416237 0.0416237 2 21 3
208.24 0.0415645 0.0415645 2 21 3
208.74 0.041506 0.041506 2 21 3
209.24 0.0414483 0.0414483 2 21 3
209.74 0.0413914 0.0413914 2 21 3
210.24 0.0413352 0.0413352 2 21 3
210.74 0.0412798 0.0412798 2 21 3
211.24 0.0412251 0.0412251 2 21 3
211.74 0.0411711 0.0411711 2 21 3
212.24 0.0411178 0.0411178 2 21 3
212.74 0.0410652 0.0410652 2 21 3
213.24 0.0410132 0.0410132 2 21 3
213.74 0.0409618 0.0409618 2 21 3
214.24 0.0409111 0.0409111 2 21 3
214.74 0.040861 0.040861 2 21 3
215.24 0.0408116 0.0408116 2 21 3
215.74 0.0407627 0.0407627 2 21 3
216.24 0.0407144 0.0407144 2 21 3
216.74 0.0406667 0.0406667 2 21 3
217.24 0.0406195 0.0406195 2 21 3
217.74 0.0405729 0.0405729 2 21 3
218.24 0.0405268 0.0405268 2 21 3
218.74 0.0404813 0.0404813 2 21 3
219.24 0.0404362 0.0404362 2 21 3
219.74 0.0403917 0.0403917 2 21 3
220.24 0.0403477 0.0403477 2 21 3
220.74 0.0403042 0.0403042 2 21 3
221.239 0.0402612 0.0402612 2 21 3
221.739 0.0402186 0.0402186 2 21 3
222.239 0.0401765 0.0401765 2 21 3
222.739 0.0401349 0.0401349 2 21 3
223.239 0.0400937 0.0400937 2 21 3
223.739 0.0400529 0.0400529 2 21 3
224.239 0.0400126 0.0400126 2 21 3
224.739 0.0399728 0.0399728 2 21 3
225.239 0.0399333 0.0399333 2 21 3
225.739 0.0398942 0.0398942 2 21 3
226.239 0.0398556 0.0398556 2 21 3
226.739 0.0398174 0.0398174 2 21 3
227.239 0.0397795 0.0397795 2 21 3
227.739 0.0397421 0.0397421 2 21 3
228.239 0.039705 0.039705 2 21 3
228.739 0.0396683 0.0396683 2 21 3
229.239 0.0396319 0.0396319 2 21 3
229.739 0.0395959 0.0395959 2 21 3
230.239 0.0395603 0.0395603 2 21 3
230.739 0.039525 0.039525 2 21 3
231.239 0.0394901 0.0394901 2 21 3
231.739 0.0394555 0.0394555 2 21 3
232.239 0.0394213 0.0394213 2 21 3
232.739 0.0393874 0.0393874 2 21 3
233.239 0.0393538 0.0393538 2 21 3
233.739 0.0393205 0.0393205 2 21 3
234.239 0.0392875 0.0392875 2 21 3
234.739 0.0392549 0.0392549 2 21 3
235.239 0.0392225 0.0392225 2 21 3
235.739 0.0391905 0.0391905 2 21 3
236.239 0.0391587 0.0391587 2 21 3
236.739 0.0391273 0.0391273 2 21 3
237.239 0.0390961 0.0390961 2 21 3
237.739 0.0390652 0.0390652 2 21 3
238.238 0.0390346 0.0390346 2 21 3
238.738 0.0390043 0.0390043 2 21 3
239.238 0.0389742 0.0389742 2 21 3
239.738 0.0389444 0.0389444 2 21 3
240.238 0.0389149 0.0389149 2 21 3
240.738 0.0388857 0.0388857 2 21 3
241.238 0.0388567 0.0388567 2 21 3
241.738 0.0388279 0.0388279 2 21 3
242.238 0.0387994 0.0387994 2 21 3
242.738 0.0387712 0.0387712 2 21 3
243.238 0.0387431 0.0387431 2 21 3
243.738 0.0387154 0.0387154 2 21 3
244.238 0.0386878 0.0386878 2 21 3
244.738 0.0386606 0.0386606 2 21 3
245.238 0.0386335 0.0386335 2 21 3
245.738 0.0386067 0.0386067 2 21 3
246.238 0.03858 0.03858 2 21 3
246.738 0.0385536 0.0385536 2 21 3
247.238 0.0385275 0.0385275 2 21 3
247.738 0.0385015 0.0385015 2 21 3
248.238 0.0384758 0.0384758 2 21 3
248.738 0.0384503 0.0384503 2 21 3
249.238 0.0384249 0.0384249 2 21 3
249.738 0.0383998 0.0383998 2 21 3
250.238 0.0383749 0.0383749 2 21 3
250.738 0.0383502 0.0383502 2 21 3
251.238 0.0383257 0.0383257 2 21 3
251.738 0.0383014 0.0383014 2 21 3
252.238 0.0382772 0.0382772 2 21 3
252.738 0.0382533 0.0382533 2 21 3
253.238 0.0382295 0.0382295 2 21 3
253.738 0.038206 0.038206 2 21 3
254.238 0.0381826 0.0381826 2 21 3
254.738 0.0381594 0.0381594 2 21 3
255.238 0.0381364 0.0381364 2 21 3
255.738 0.0381136 0.0381136 2 21 3
256.238 0.0380909 0.0380909 2 21 3
256.738 0.0380684 0.0380684 2 21 3
257.237 0.0380461 0.0380461 2 21 3
257.737 0.038024 0.038024 2 21 3
258.237 0.038002 0.038002 2 21 3
258.737 0.0379802 0.0379802 2 21 3
259.237 0.0379585 0.0379585 2 21 3
259.737 0.037937 0.037937 2 21 3
260.237 0.0379157 0.0379157 2 21 3
260.737 0.0378945 0.0378945 2 21 3
261.237 0.0378735 0.0378735 2 21 3
261.737 0.0378526 0.0378526 2 21 3
262.237 0.0378319 0.0378319 2 21 3
262.737 0.0378114 0.0378114 2 21 3
263.237 0.037791 0.037791 2 21 3
263.737 0.0377707 0.0377707 2 21 3
264.237 0.0377506 0.0377506 2 21 3
264.737 0.0377306 0.0377306 2 21 3
265.237 0.0377108 0.0377108 2 21 3
265.737 0.0376911 0.0376911 2 21 3
266.237 0.0376716 0.0376716 2 21 3
266.737 0.0376522 0.0376522 2 21 3
267.237 0.0376329 0.0376329 2 21 3
267.237 0.0376329 0.0376329 2 21 3
267.277 0.0376315 0.0376315 2 21 3
267.317 0.0376299 0.0376299 2 21 3
267.397 0.0376269 0.0376269 2 21 3
267.557 0.0376207 0.0376207 2 21 3
267.877 0.0376085 0.0376085 2 21 3
268.377 0.0375895 0.0375895 2 21 3
268.877 0.0375706 0.0375706 2 21 3
269.377 0.0375519 0.0375519 2 21 3
269.877 0.0375333 0.0375333 2 21 3
270.377 0.0375149 0.0375149 2 21 3
270.877 0.0374966 0.0374966 2 21 3
271.377 0.0374784 0.0374784 2 21 3
271.877 0.0374603 0.0374603 2 21 3
272.377 0.0374424 0.0374424 2 21 3
272.877 0.0374246 0.0374246 2 21 3
273.377 0.0374069 0.0374069 2 21 3
273.877 0.0373893 0.0373893 2 21 3
274.377 0.0373718 0.0373718 2 21 3
274.877 0.0373544 0.0373544 2 21 3
275.377 0.0373372 0.0373372 2 21 3
275.877 0.0373201 0.0373201 2 21 3
276.377 0.0373031 0.0373031 2 21 3
276.877 0.0372862 0.0372862 2 21 3
277.377 0.0372694 0.0372694 2 21 3
277.876 0.0372527 0.0372527 2 21 3
278.376 0.0372362 0.0372362 2 21 3
278.876 0.0372197 0.0372197 2 21 3
279.376 0.0372034 0.0372034 2 21 3
279.876 0.0371871 0.0371871 2 21 3
280.376 0.037171 0.037171 2 21 3
280.876 0.0371549 0.0371549 2 21 3
281.376 0.037139 0.037139 2 21 3
281.876 0.0371232 0.0371232 2 21 3
282.376 0.0371074 0.0371074 2 21 3
282.876 0.0370918 0.0370918 2 21 3
283.376 0.0370763 0.0370763 2 21 3
283.876 0.0370608 0.0370608 2 21 3
284.376 0.0370455 0.0370455 2 21 3
284.876 0.0370302 0.0370302 2 21 3
285.376 0.0370151 0.0370151 2 21 3
285.876 0.037 0.037 2 21 3
286.376 0.0369851 0.0369851 2 21 3
286.876 0.0369702 0.0369702 2 21 3
287.376 0.0369554 0.0369554 2 21 3
287.876 0.0369407 0.0369407 2 21 3
288.376 0.0369261 0.0369261 2 21 3
288.876 0.0369116 0.0369116 2 21 3
289.376 0.0368972 0.0368972 2 21 3
289.876 0.0368829 0.0368829 2 21 3
290.376 0.0368686 0.0368686 2 21 3
290.876 0.0368545 0.0368545 2 21 3
291.376 0.0368404 0.0368404 2 21 3
291.876 0.0368264 0.0368264 2 21 3
292.376 0.0368125 0.0368125 2 21 3
292.876 0.0367987 0.0367987 2 21 3
293.376 0.0367849 0.0367849 2 21 3
293.876 0.0367713 0.0367713 2 21 3
294.376 0.0367577 0.0367577 2 21 3
294.876 0.0367442 0.0367442 2 21 3
295.376 0.0367308 0.0367308 2 21 3
295.876 0.0367174 0.0367174 2 21 3
296.376 0.0367042 0.0367042 2 21 3
296.876 0.036691 0.036691 2 21 3
297.376 0.0366779 0.0366779 2 21 3
297.876 0.0366648 0.0366648 2 21 3
298.376 0.0366519 0.0366519 2 21 3
298.876 0.036639 0.036639 2 21 3
299.376 0.0366262 0.0366262 2 21 3
299.876 0.0366134 0.0366134 2 21 3
300.376 0.0366008 0.0366008 2 21 3
300.876 0.0365882 0.0365882 2 21 3
301.375 0.0365756 0.0365756 2 21 3
301.875 0.0365632 0.0365632 2 21 3
302.375 0.0365508 0.0365508 2 21 3
302.875 0.0365385 0.0365385 2 21 3
303.375 0.0365263 0.0365263 2 21 3
303.875 0.0365141 0.0365141 2 21 3
304.375 0.036502 0.036502 2 21 3
304.875 0.0364899 0.0364899 2 21 3
305.375 0.036478 0.036478 2 21 3
305.875 0.0364661 0.0364661 2 21 3
306.375 0.0364542 0.0364542 2 21 3
306.875 0.0364424 0.0364424 2 21 3
307.375 0.0364307 0.0364307 2 21 3
307.875 0.0364191 0.0364191 2 21 3
308.375 0.0364075 0.0364075 2 21 3
308.875 0.036396 0.036396 2 21 3
309.375 0.0363845 0.0363845 2 21 3
309.875 0.0363731 0.0363731 2 21 3
310.375 0.0363618 0.0363618 2 21 3
310.875 0.0363505 0.0363505 2 21 3
311.375 0.0363393 0.0363393 2 21 3
311.875 0.0363282 0.0363282 2 21 3
312.375 0.0363171 0.0363171 2 21 3
312.875 0.036306 0.036306 2 21 3
313.375 0.0362951 0.0362951 2 21 3
313.875 0.0362841 0.0362841 2 21 3
314.375 0.0362733 0.0362733 2 21 3
314.875 0.0362625 0.0362625 2 21 3
315.375 0.0362517 0.0362517 2 21 3
315.875 0.036241 0.036241 2 21 3
316.375 0.0362304 0.0362304 2 21 3
316.875 0.0362198 0.0362198 2 21 3
317.375 0.0362093 0.0362093 2 21 3
317.875 0.0361988 0.0361988 2 21 3
318.375 0.0361884 0.0361884 2 21 3
318.875 0.0361781 0.0361781 2 21 3
319.375 0.0361678 0.0361678 2 21 3
319.875 0.0361575 0.0361575 2 21 3
320.375 0.0361473 0.0361473 2 21 3
320.875 0.0361372 0.0361372 2 21 3
321.375 0.0361271 0.0361271 2 21 3
321.875 0.036117 0.036117 2 21 3
322.375 0.036107 0.036107 2 21 3
322.875 0.0360971 0.0360971 2 21 3
323.375 0.0360872 0.0360872 2 21 3
323.875 0.0360774 0.0360774 2 21 3
324.375 0.0360676 0.0360676 2 21 3
324.875 0.0360578 0.0360578 2 21 3
325.375 0.0360481 0.0360481 2 21 3
325.875 0.0360385 0.0360385 2 21 3
326.375 0.0360289 0.0360289 2 21 3
326.875 0.0360193 0.0360193 2 21 3
327.374 0.0360098 0.0360098 2 21 3
327.874 0.0360004 0.0360004 2 21 3
328.374 0.035991 0.035991 2 21 3
328.874 0.0359816 0.0359816 2 21 3
329.374 0.0359723 0.0359723 2 21 3
329.874 0.035963 0.035963 2 21 3
330.374 0.0359538 0.0359538 2 21 3
330.874 0.0359446 0.0359446 2 21 3
331.374 0.0359355 0.0359355 2 21 3
331.874 0.0359264 0.0359264 2 21 3
332.374 0.0359173 0.0359173 2 21 3
332.874 0.0359083 0.0359083 2 21 3
333.374 0.0358994 0.0358994 2 21 3
333.874 0.0358905 0.0358905 2 21 3
334.374 0.0358816 0.0358816 2 21 3
334.874 0.0358728 0.0358728 2 21 3
335.374 0.035864 0.035864 2 21 3
335.874 0.0358552 0.0358552 2 21 3
336.374 0.0358465 0.0358465 2 21 3
336.874 0.0358378 0.0358378 2 21 3
337.374 0.0358292 0.0358292 2 21 3
337.874 0.0358206 0.0358206 2 21 3
338.374 0.0358121 0.0358121 2 21 3
338.874 0.0358036 0.0358036 2 21 3
339.374 0.0357951 0.0357951 2 21 3
339.874 0.0357867 0.0357867 2 21 3
340.374 0.0357783 0.0357783 2 21 3
340.874 0.03577 0.03577 2 21 3
341.374 0.0357617 0.0357617 2 21 3
341.874 0.0357534 0.0357534 2 21 3
342.374 0.0357452 0.0357452 2 21 3
342.874 0.035737 0.035737 2 21 3
343.374 0.0357288 0.0357288 2 21 3
343.874 0.0357207 0.0357207 2 21 3
344.374 0.0357127 0.0357127 2 21 3
344.874 0.0357046 0.0357046 2 21 3
345.374 0.0356966 0.0356966 2 21 3
345.874 0.0356886 0.0356886 2 21 3
346.374 0.0356807 0.0356807 2 21 3
346.874 0.0356728 0.0356728 2 21 3
347.374 0.035665 0.035665 2 21 3
347.874 0.0356571 0.0356571 2 21 3
348.374 0.0356494 0.0356494 2 21 3
348.874 0.0356416 0.0356416 2 21 3
349.374 0.0356339 0.0356339 2 21 3
349.874 0.0356262 0.0356262 2 21 3
350.374 0.0356186 0.0356186 2 21 3
350.874 0.0356109 0.0356109 2 21 3
351.374 0.0356034 0.0356034 2 21 3
351.874 0.0355958 0.0355958 2 21 3
352.374 0.0355883 0.0355883 2 21 3
352.874 0.0355808 0.0355808 2 21 3
353.374 0.0355734 0.0355734 2 21 3
353.874 0.035566 0.035566 2 21 3
354.374 0.0355586 0.0355586 2 21 3
354.874 0.0355512 0.0355512 2 21 3
355.374 0.0355439 0.0355439 2 21 3
355.874 0.0355366 0.0355366 2 21 3
356.373 0.0355294 0.0355294 2 21 3
356.873 0.0355222 0.0355222 2 21 3
357.373 0.035515 0.035515 2 21 3
357.873 0.0355078 0.0355078 2 21 3
358.373 0.0355007 0.0355007 2 21 3
358.873 0.0354936 0.0354936 2 21 3
359.373 0.0354865 0.0354865 2 21 3
359.873 0.0354795 0.0354795 2 21 3
360.373 0.0354725 0.0354725 2 21 3
360.873 0.0354655 0.0354655 2 21 3
361.373 0.0354586 0.0354586 2 21 3
361.873 0.0354517 0.0354517 2 21 3
362.373 0.0354448 0.0354448 2 21 3
362.873 0.0354379 0.0354379 2 21 3
363.373 0.0354311 0.0354311 2 21 3
363.873 0.0354243 0.0354243 2 21 3
364.373 0.0354175 0.0354175 2 21 3
364.873 0.0354108 0.0354108 2 21 3
364.873 0.0354108 0.0354108 2 21 3
364.913 0.0354103 0.0354103 2 21 3
364.953 0.0354097 0.0354097 2 21 3
365.033 0.0354087 0.0354087 2 21 3
365.193 0.0354065 0.0354065 2 21 3
365.513 0.0354022 0.0354022 2 21 3
366.013 0.0353955 0.0353955 2 21 3
366.513 0.0353889 0.0353889 2 21 3
367.013 0.0353823 0.0353823 2 21 3
367.513 0.0353757 0.0353757 2 21 3
368.013 0.0353691 0.0353691 2 21 3
368.513 0.0353626 0.0353626 2 21 3
369.013 0.0353561 0.0353561 2 21 3
369.513 0.0353496 0.0353496 2 21 3
370.013 0.0353431 0.0353431 2 21 3
370.513 0.0353367 0.0353367 2 21 3
371.013 0.0353303 0.0353303 2 21 3
371.513 0.0353239 0.0353239 2 21 3
372.013 0.0353176 0.0353176 2 21 3
372.513 0.0353112 0.0353112 2 21 3
373.013 0.0353049 0.0353049 2 21 3
373.513 0.0352987 0.0352987 2 21 3
374.013 0.0352924 0.0352924 2 21 3
374.513 0.0352862 0.0352862 2 21 3
375.013 0.03528 0.03528 2 21 3
375.513 0.0352738 0.0352738 2 21 3
376.013 0.0352677 0.0352677 2 21 3
376.513 0.0352616 0.0352616 2 21 3
377.013 0.0352555 0.0352555 2 21 3
377.513 0.0352494 0.0352494 2 21 3
378.013 0.0352434 0.0352434 2 21 3
378.513 0.0352373 0.0352373 2 21 3
379.013 0.0352313 0.0352313 2 21 3
379.513 0.0352254 0.0352254 2 21 3
380.013 0.0352194 0.0352194 2 21 3
380.513 0.0352135 0.0352135 2 21 3
381.013 0.0352076 0.0352076 2 21 3
381.513 0.0352017 0.0352017 2 21 3
382.013 0.0351958 0.0351958 2 21 3
382.513 0.03519 0.03519 2 21 3
383.013 0.0351842 0.0351842 2 21 3
383.513 0.0351784 0.0351784 2 21 3
384.013 0.0351726 0.0351726 2 21 3
384.513 0.0351669 0.0351669 2 21 3
385.013 0.0351612 0.0351612 2 21 3
385.513 0.0351555 0.0351555 2 21 3
386.013 0.0351498 0.0351498 2 21 3
386.513 0.0351442 0.0351442 2 21 3
387.013 0.0351385 0.0351385 2 21 3
387.513 0.0351329 0.0351329 2 21 3
388.012 0.0351273 0.0351273 2 21 3
388.512 0.0351218 0.0351218 2 21 3
389.012 0.0351162 0.0351162 2 21 3
389.512 0.0351107 0.0351107 2 21 3
390.012 0.0351052 0.0351052 2 21 3
390.512 0.0350997 0.0350997 2 21 3
391.012 0.0350943 0.0350943 2 21 3
391.512 0.0350888 0.0350888 2 21 3
392.012 0.0350834 0.0350834 2 21 3
392.512 0.035078 0.035078 2 21 3
393.012 0.0350726 0.0350726 2 21 3
393.512 0.0350673 0.0350673 2 21 3
394.012 0.0350619 0.0350619 2 21 3
394.512 0.0350566 0.0350566 2 21 3
395.012 0.0350513 0.0350513 2 21 3
395.512 0.0350461 0.0350461 2 21 3
396.012 0.0350408 0.0350408 2 21 3
396.512 0.0350356 0.0350356 2 21 3
397.012 0.0350304 0.0350304 2 21 3
397.512 0.0350252 0.0350252 2 21 3
398.012 0.03502 0.03502 2 21 3
398.512 0.0350148 0.0350148 2 21 3
399.012 0.0350097 0.0350097 2 21 3
399.512 0.0350046 0.0350046 2 21 3
400.012 0.0349995 0.0349995 2 21 3
400.512 0.0349944 0.0349944 2 21 3
401.012 0.0349893 0.0349893 2 21 3
401.512 0.0349843 0.0349843 2 21 3
402.012 0.0349793 0.0349793 2 21 3
402.512 0.0349743 0.0349743 2 21 3
403.012 0.0349693 0.0349693 2 21 3
403.512 0.0349643 0.0349643 2 21 3
404.012 0.0349593 0.0349593 2 21 3
404.512 0.0349544 0.0349544 2 21 3
405.012 0.0349495 0.0349495 2 21 3
405.512 0.0349446 0.0349446 2 21 3
406.012 0.0349397 0.0349397 2 21 3
406.512 0.0349349 0.0349349 2 21 3
407.012 0.03493 0.03493 2 21 3
407.512 0.0349252 0.0349252 2 21 3
408.012 0.0349204 0.0349204 2 21 3
408.512 0.0349156 0.0349156 2 21 3
409.012 0.0349108 0.0349108 2 21 3
409.512 0.0349061 0.0349061 2 21 3
410.012 0.0349013 0.0349013 2 21 3
410.512 0.0348966 0.0348966 2 21 3
411.012 0.0348919 0.0348919 2 21 3
411.512 0.0348872 0.0348872 2 21 3
412.012 0.0348825 0.0348825 2 21 3
412.512 0.0348779 0.0348779 2 21 3
413.012 0.0348733 0.0348733 2 21 3
413.512 0.0348686 0.0348686 2 21 3
414.012 0.034864 0.034864 2 21 3
414.512 0.0348594 0.0348594 2 21 3
415.012 0.0348549 0.0348549 2 21 3
415.512 0.0348503 0.0348503 2 21 3
416.012 0.0348458 0.0348458 2 21 3
416.512 0.0348413 0.0348413 2 21 3
417.012 0.0348367 0.0348367 2 21 3
417.512 0.0348323 0.0348323 2 21 3
418.012 0.0348278 0.0348278 2 21 3
418.512 0.0348233 0.0348233 2 21 3
419.012 0.0348189 0.0348189 2 21 3
419.512 0.0348144 0.0348144 2 21 3
420.012 0.03481 0.03481 2 21 3
420.512 0.0348056 0.0348056 2 21 3
421.012 0.0348012 0.0348012 2 21 3
421.512 0.0347969 0.0347969 2 21 3
422.012 0.0347925 0.0347925 2 21 3
422.512 0.0347882 0.0347882 2 21 3
423.012 0.0347839 0.0347839 2 21 3
423.511 0.0347796 0.0347796 2 21 3
424.011 0.0347753 0.0347753 2 21 3
424.511 0.034771 0.034771 2 21 3
425.011 0.0347667 0.0347667 2 21 3
425.511 0.0347625 0.0347625 2 21 3
426.011 0.0347582 0.0347582 2 21 3
426.511 0.034754 0.034754 2 21 3
427.011 0.0347498 0.0347498 2 21 3
427.511 0.0347456 0.0347456 2 21 3
428.011 0.0347415 0.0347415 2 21 3
428.511 0.0347373 0.0347373 2 21 3
429.011 0.0347331 0.0347331 2 21 3
429.511 0.034729 0.034729 2 21 3
430.011 0.0347249 0.0347249 2 21 3
430.511 0.0347208 0.0347208 2 21 3
431.011 0.0347167 0.0347167 2 21 3
431.511 0.0347126 0.0347126 2 21 3
432.011 0.0347085 0.0347085 2 21 3
432.511 0.0347045 0.0347045 2 21 3
433.011 0.0347005 0.0347005 2 21 3
433.511 0.0346964 0.0346964 2 21 3
434.011 0.0346924 0.0346924 2 21 3
434.511 0.0346884 0.0346884 2 21 3
435.011 0.0346844 0.0346844 2 21 3
435.511 0.0346805 0.0346805 2 21 3
436.011 0.0346765 0.0346765 2 21 3
436.511 0.0346726 0.0346726 2 21 3
437.011 0.0346686 0.0346686 2 21 3
437.511 0.0346647 0.0346647 2 21 3
438.011 0.0346608 0.0346608 2 21 3
438.511 0.0346569 0.0346569 2 21 3
439.011 0.034653 0.034653 2 21 3
439.511 0.0346492 0.0346492 2 21 3
440.011 0.0346453 0.0346453 2 21 3
440.511 0.0346415 0.0346415 2 21 3
441.011 0.0346377 0.0346377 2 21 3
441.511 0.0346338 0.0346338 2 21 3
442.011 0.03463 0.03463 2 21 3
442.511 0.0346262 0.0346262 2 21 3
443.011 0.0346225 0.0346225 2 21 3
443.511 0.0346187 0.0346187 2 21 3
444.011 0.0346149 0.0346149 2 21 3
444.511 0.0346112 0.0346112 2 21 3
445.011 0.0346075 0.0346075 2 21 3
445.511 0.0346038 0.0346038 2 21 3
446.011 0.0346001 0.0346001 2 21 3
446.511 0.0345964 0.0345964 2 21 3
447.011 0.0345927 0.0345927 2 21 3
447.511 0.034589 0.034589 2 21 3
448.011 0.0345853 0.0345853 2 21 3
448.511 0.0345817 0.0345817 2 21 3
449.011 0.0345781 0.0345781 2 21 3
449.511 0.0345744 0.0345744 2 21 3
450.011 0.0345708 0.0345708 2 21 3
450.511 0.0345672 0.0345672 2 21 3
451.011 0.0345636 0.0345636 2 21 3
451.511 0.0345601 0.0345601 2 21 3
452.011 0.0345565 0.0345565 2 21 3
452.511 0.0345529 0.0345529 2 21 3
453.011 0.0345494 0.0345494 2 21 3
453.511 0.0345459 0.0345459 2 21 3
454.011 0.0345423 0.0345423 2 21 3
454.511 0.0345388 0.0345388 2 21 3
455.011 0.0345353 0.0345353 2 21 3
455.511 0.0345319 0.0345319 2 21 3
456.011 0.0345284 0.0345284 2 21 3
456.511 0.0345249 0.0345249 2 21 3
457.011 0.0345215 0.0345215 2 21 3
457.511 0.034518 0.034518 2 21 3
458.011 0.0345146 0.0345146 2 21 3
458.511 0.0345112 0.0345112 2 21 3
459.011 0.0345077 0.0345077 2 21 3
459.511 0.0345043 0.0345043 2 21 3
460.011 0.034501 0.034501 2 21 3
460.511 0.0344976 0.0344976 2 21 3
461.011 0.0344942 0.0344942 2 21 3
461.511 0.0344908 0.0344908 2 21 3
462.011 0.0344875 0.0344875 2 21 3
462.51 0.0344842 0.0344842 2 21 3
462.51 0.0344842 0.0344842 2 21 3
462.55 0.0344839 0.0344839 2 21 3
462.59 0.0344836 0.0344836 2 21 3
462.67 0.0344831 0.0344831 2 21 3
462.83 0.034482 0.034482 2 21 3
463.15 0.0344799 0.0344799 2 21 3
463.65 0.0344766 0.0344766 2 21 3
464.15 0.0344733 0.0344733 2 21 3
464.65 0.03447 0.03447 2 21 3
465.15 0.0344667 0.0344667 2 21 3
465.65 0.0344634 0.0344634 2 21 3
466.15 0.0344602 0.0344602 2 21 3
466.65 0.0344569 0.0344569 2 21 3
467.15 0.0344537 0.0344537 2 21 3
467.65 0.0344504 0.0344504 2 21 3
468.15 0.0344472 0.0344472 2 21 3
468.65 0.034444 0.034444 2 21 3
469.15 0.0344408 0.0344408 2 21 3
469.65 0.0344376 0.0344376 2 21 3
470.15 0.0344344 0.0344344 2 21 3
470.65 0.0344312 0.0344312 2 21 3
471.15 0.0344281 0.0344281 2 21 3
471.65 0.0344249 0.0344249 2 21 3
472.15 0.0344217 0.0344217 2 21 3
472.65 0.0344186 0.0344186 2 21 3
473.15 0.0344155 0.0344155 2 21 3
473.65 0.0344124 0.0344124 2 21 3
474.15 0.0344092 0.0344092 2 21 3
474.65 0.0344061 0.0344061 2 21 3
475.15 0.0344031 0.0344031 2 21 3
475.65 0.0344 0.0344 2 21 3
476.15 0.0343969 0.0343969 2 21 3
476.65 0.0343938 0.0343938 2 21 3
477.15 0.0343908 0.0343908 2 21 3
477.65 0.0343877 0.0343877 2 21 3
478.15 0.0343847 0.0343847 2 21 3
478.65 0.0343817 0.0343817 2 21 3
479.15 0.0343786 0.0343786 2 21 3
479.65 0.0343756 0.0343756 2 21 3
480.15 0.0343726 0.0343726 2 21 3
480.65 0.0343696 0.0343696 2 21 3
481.15 0.0343667 0.0343667 2 21 3
481.65 0.0343637 0.0343637 2 21 3
482.15 0.0343607 0.0343607 2 21 3
482.65 0.0343578 0.0343578 2 21 3
483.15 0.0343548 0.0343548 2 21 3
483.65 0.0343519 0.0343519 2 21 3
484.15 0.0343489 0.0343489 2 21 3
484.65 0.034346 0.034346 2 21 3
485.15 0.0343431 0.0343431 2 21 3
485.65 0.0343402 0.0343402 2 21 3
486.15 0.0343373 0.0343373 2 21 3
486.65 0.0343344 0.0343344 2 21 3
487.15 0.0343315 0.0343315 2 21 3
487.65 0.0343287 0.0343287 2 21 3
488.15 0.0343258 0.0343258 2 21 3
488.65 0.0343229 0.0343229 2 21 3
489.15 0.0343201 0.0343201 2 21 3
489.65 0.0343173 0.0343173 2 21 3
490.15 0.0343144 0.0343144 2 21 3
490.65 0.0343116 0.0343116 2 21 3
491.15 0.0343088 0.0343088 2 21 3
491.65 0.034306 0.034306 2 21 3
492.15 0.0343032 0.0343032 2 21 3
492.65 0.0343004 0.0343004 2 21 3
493.15 0.0342976 0.0342976 2 21 3
493.65 0.0342948 0.0342948 2 21 3
494.15 0.0342921 0.0342921 2 21 3
494.65 0.0342893 0.0342893 2 21 3
495.15 0.0342865 0.0342865 2 21 3
495.65 0.0342838 0.0342838 2 21 3
496.15 0.0342811 0.0342811 2 21 3
496.65 0.0342783 0.0342783 2 21 3
497.15 0.0342756 0.0342756 2 21 3
497.65 0.0342729 0.0342729 2 21 3
498.15 0.0342702 0.0342702 2 21 3
498.65 0.0342675 0.0342675 2 21 3
499.15 0.0342648 0.0342648 2 21 3
499.65 0.0342621 0.0342621 2 21 3
500.15 0.0342595 0.0342595 2 21 3
500.65 0.0342568 0.0342568 2 21 3
501.15 0.0342541 0.0342541 2 21 3
501.65 0.0342515 0.0342515 2 21 3
502.15 0.0342488 0.0342488 2 21 3
502.65 0.0342462 0.0342462 2 21 3
503.15 0.0342436 0.0342436 2 21 3
503.65 0.0342409 0.0342409 2 21 3
504.15 0.0342383 0.0342383 2 21 3
504.65 0.0342357 0.0342357 2 21 3
505.15 0.0342331 0.0342331 2 21 3
505.649 0.0342305 0.0342305 2 21 3
506.149 0.0342279 0.0342279 2 21 3
506.649 0.0342254 0.0342254 2 21 3
507.149 0.0342228 0.0342228 2 21 3
507.649 0.0342202 0.0342202 2 21 3
508.149 0.0342177 0.0342177 2 21 3
508.649 0.0342151 0.0342151 2 21 3
509.149 0.0342126 0.0342126 2 21 3
509.649 0.03421 0.03421 2 21 3
510.149 0.0342075 0.0342075 2 21 3
510.649 0.034205 0.034205 2 21 3
511.149 0.0342024 0.0342024 2 21 3
511.649 0.0341999 0.0341999 2 21 3
512.149 0.0341974 0.0341974 2 21 3
512.649 0.0341949 0.0341949 2 21 3
513.149 0.0341925 0.0341925 2 21 3
513.649 0.03419 0.03419 2 21 3
514.149 0.0341875 0.0341875 2 21 3
514.649 0.034185 0.034185 2 21 3
515.149 0.0341826 0.0341826 2 21 3
515.649 0.0341801 0.0341801 2 21 3
516.149 0.0341777 0.0341777 2 21 3
516.649 0.0341752 0.0341752 2 21 3
517.149 0.0341728 0.0341728 2 21 3
517.649 0.0341703 0.0341703 2 21 3
518.149 0.0341679 0.0341679 2 21 3
518.649 0.0341655 0.0341655 2 21 3
519.149 0.0341631 0.0341631 2 21 3
519.649 0.0341607 0.0341607 2 21 3
520.149 0.0341583 0.0341583 2 21 3
520.649 0.0341559 0.0341559 2 21 3
521.149 0.0341535 0.0341535 2 21 3
521.649 0.0341511 0.0341511 2 21 3
522.149 0.0341488 0.0341488 2 21 3
522.649 0.0341464 0.0341464 2 21 3
523.149 0.034144 0.034144 2 21 3
523.649 0.0341417 0.0341417 2 21 3
524.149 0.0341393 0.0341393 2 21 3
524.649 0.034137 0.034137 2 21 3
525.149 0.0341347 0.0341347 2 21 3
525.649 0.0341323 0.0341323 2 21 3
526.149 0.03413 0.03413 2 21 3
526.649 0.0341277 0.0341277 2 21 3
527.149 0.0341254 0.0341254 2 21 3
527.649 0.0341231 0.0341231 2 21 3
528.149 0.0341208 0.0341208 2 21 3
528.649 0.0341185 0.0341185 2 21 3
529.149 0.0341162 0.0341162 2 21 3
529.649 0.0341139 0.0341139 2 21 3
530.149 0.0341117 0.0341117 2 21 3
530.649 0.0341094 0.0341094 2 21 3
531.149 0.0341071 0.0341071 2 21 3
531.649 0.0341049 0.0341049 2 21 3
532.149 0.0341026 0.0341026 2 21 3
532.649 0.0341004 0.0341004 2 21 3
533.149 0.0340981 0.0340981 2 21 3
533.649 0.0340959 0.0340959 2 21 3
534.149 0.0340937 0.0340937 2 21 3
534.649 0.0340915 0.0340915 2 21 3
535.149 0.0340893 0.0340893 2 21 3
535.649 0.034087 0.034087 2 21 3
536.149 0.0340848 0.0340848 2 21 3
536.649 0.0340826 0.0340826 2 21 3
537.149 0.0340804 0.0340804 2 21 3
537.649 0.0340783 0.0340783 2 21 3
538.149 0.0340761 0.0340761 2 21 3
538.649 0.0340739 0.0340739 2 21 3
539.149 0.0340717 0.0340717 2 21 3
539.649 0.0340696 0.0340696 2 21 3
540.149 0.0340674 0.0340674 2 21 3
540.649 0.0340653 0.0340653 2 21 3
541.149 0.0340631 0.0340631 2 21 3
541.649 0.034061 0.034061 2 21 3
542.149 0.0340588 0.0340588 2 21 3
542.649 0.0340567 0.0340567 2 21 3
543.149 0.0340546 0.0340546 2 21 3
543.649 0.0340525 0.0340525 2 21 3
544.149 0.0340503 0.0340503 2 21 3
544.649 0.0340482 0.0340482 2 21 3
545.149 0.0340461 0.0340461 2 21 3
545.649 0.034044 0.034044 2 21 3
546.149 0.0340419 0.0340419 2 21 3
546.649 0.0340398 0.0340398 2 21 3
547.149 0.0340378 0.0340378 2 21 3
547.649 0.0340357 0.0340357 2 21 3
548.149 0.0340336 0.0340336 2 21 3
548.649 0.0340315 0.0340315 2 21 3
549.149 0.0340295 0.0340295 2 21 3
549.649 0.0340274 0.0340274 2 21 3
550.149 0.0340254 0.0340254 2 21 3
550.649 0.0340233 0.0340233 2 21 3
551.149 0.0340213 0.0340213 2 21 3
551.649 0.0340192 0.0340192 2 21 3
552.149 0.0340172 0.0340172 2 21 3
552.649 0.0340152 0.0340152 2 21 3
553.149 0.0340132 0.0340132 2 21 3
553.648 0.0340111 0.0340111 2 21 3
554.148 0.0340091 0.0340091 2 21 3
554.648 0.0340071 0.0340071 2 21 3
555.148 0.0340051 0.0340051 2 21 3
555.648 0.0340031 0.0340031 2 21 3
556.148 0.0340011 0.0340011 2 21 3
556.648 0.0339991 0.0339991 2 21 3
557.148 0.0339972 0.0339972 2 21 3
557.648 0.0339952 0.0339952 2 21 3
558.148 0.0339932 0.0339932 2 21 3
558.648 0.0339912 0.0339912 2 21 3
559.148 0.0339893 0.0339893 2 21 3
559.648 0.0339873 0.0339873 2 21 3
560.148 0.0339854 0.0339854 2 21 3
560.148 0.0339854 0.0339854 2 21 3
560.188 0.0339852 0.0339852 2 21 3
560.228 0.0339851 0.0339851 2 21 3
560.308 0.0339848 0.0339848 2 21 3
560.468 0.0339841 0.0339841 2 21 3
560.788 0.0339829 0.0339829 2 21 3
561.288 0.0339809 0.0339809 2 21 3
561.788 0.033979 0.033979 2 21 3
562.288 0.0339771 0.0339771 2 21 3
562.788 0.0339751 0.0339751 2 21 3
563.288 0.0339732 0.0339732 2 21 3
563.788 0.0339713 0.0339713 2 21 3
564.288 0.0339694 0.0339694 2 21 3
564.788 0.0339675 0.0339675 2 21 3
565.288 0.0339656 0.0339656 2 21 3
565.788 0.0339637 0.0339637 2 21 3
566.288 0.0339618 0.0339618 2 21 3
566.788 0.0339599 0.0339599 2 21 3
567.288 0.033958 0.033958 2 21 3
567.788 0.0339561 0.0339561 2 21 3
568.288 0.0339542 0.0339542 2 21 3
568.788 0.0339524 0.0339524 2 21 3
569.288 0.0339505 0.0339505 2 21 3
569.788 0.0339486 0.0339486 2 21 3
570.288 0.0339468 0.0339468 2 21 3
570.788 0.0339449 0.0339449 2 21 3
571.288 0.0339431 0.0339431 2 21 3
571.788 0.0339412 0.0339412 2 21 3
572.288 0.0339394 0.0339394 2 21 3
572.788 0.0339375 0.0339375 2 21 3
573.288 0.0339357 0.0339357 2 21 3
573.788 0.0339339 0.0339339 2 21 3
574.288 0.0339321 0.0339321 2 21 3
574.788 0.0339302 0.0339302 2 21 3
575.288 0.0339284 0.0339284 2 21 3
575.788 0.0339266 0.0339266 2 21 3
576.288 0.0339248 0.0339248 2 21 3
576.788 0.033923 0.033923 2 21 3
577.288 0.0339212 0.0339212 2 21 3
577.788 0.0339194 0.0339194 2 21 3
578.288 0.0339176 0.0339176 2 21 3
578.788 0.0339158 0.0339158 2 21 3
579.288 0.0339141 0.0339141 2 21 3
579.788 0.0339123 0.0339123 2 21 3
580.288 0.0339105 0.0339105 2 21 3
580.788 0.0339087 0.0339087 2 21 3
581.288 0.033907 0.033907 2 21 3
581.788 0.0339052 0.0339052 2 21 3
582.288 0.0339035 0.0339035 2 21 3
582.788 0.0339017 0.0339017 2 21 3
583.288 0.0339 0.0339 2 21 3
583.788 0.0338982 0.0338982 2 21 3
584.288 0.0338965 0.0338965 2 21 3
584.788 0.0338947 0.0338947 2 21 3
585.288 0.033893 0.033893 2 21 3
585.788 0.0338913 0.0338913 2 21 3
586.288 0.0338896 0.0338896 2 21 3
586.788 0.0338878 0.0338878 2 21 3
587.288 0.0338861 0.0338861 2 21 3
587.788 0.0338844 0.0338844 2 21 3
588.288 0.0338827 0.0338827 2 21 3
588.788 0.033881 0.033881 2 21 3
589.288 0.0338793 0.0338793 2 21 3
589.788 0.0338776 0.0338776 2 21 3
590.288 0.0338759 0.0338759 2 21 3
590.788 0.0338742 0.0338742 2 21 3
591.288 0.0338725 0.0338725 2 21 3
591.788 0.0338709 0.0338709 2 21 3
592.288 0.0338692 0.0338692 2 21 3
592.788 0.0338675 0.0338675 2 21 3
593.288 0.0338658 0.0338658 2 21 3
593.788 0.0338642 0.0338642 2 21 3
594.288 0.0338625 0.0338625 2 21 3
594.788 0.0338608 0.0338608 2 21 3
595.288 0.0338592 0.0338592 2 21 3
595.788 0.0338575 0.0338575 2 21 3
596.288 0.0338559 0.0338559 2 21 3
596.788 0.0338543 0.0338543 2 21 3
597.288 0.0338526 0.0338526 2 21 3
597.788 0.033851 0.033851 2 21 3
598.288 0.0338494 0.0338494 2 21 3
598.788 0.0338477 0.0338477 2 21 3
599.288 0.0338461 0.0338461 2 21 3
599.788 0.0338445 0.0338445 2 21 3
600.288 0.0338429 0.0338429 2 21 3
600.788 0.0338413 0.0338413 2 21 3
601.288 0.0338396 0.0338396 2 21 3
601.788 0.033838 0.033838 2 21 3
602.288 0.0338364 0.0338364 2 21 3
602.788 0.0338348 0.0338348 2 21 3
603.288 0.0338332 0.0338332 2 21 3
603.788 0.0338317 0.0338317 2 21 3
604.288 0.0338301 0.0338301 2 21 3
604.788 0.0338285 0.0338285 2 21 3
605.288 0.0338269 0.0338269 2 21 3
605.788 0.0338253 0.0338253 2 21 3
606.287 0.0338237 0.0338237 2 21 3
606.787 0.0338222 0.0338222 2 21 3
607.287 0.0338206 0.0338206 2 21 3
607.787 0.033819 0.033819 2 21 3
608.287 0.0338175 0.0338175 2 21 3
608.787 0.0338159 0.0338159 2 21 3
609.287 0.0338144 0.0338144 2 21 3
609.787 0.0338128 0.0338128 2 21 3
610.287 0.0338113 0.0338113 2 21 3
610.787 0.0338097 0.0338097 2 21 3
611.287 0.0338082 0.0338082 2 21 3
611.787 0.0338067 0.0338067 2 21 3
612.287 0.0338051 0.0338051 2 21 3
612.787 0.0338036 0.0338036 2 21 3
613.287 0.0338021 0.0338021 2 21 3
613.787 0.0338006 0.0338006 2 21 3
614.287 0.033799 0.033799 2 21 3
614.787 0.0337975 0.0337975 2 21 3
615.287 0.033796 0.033796 2 21 3
615.787 0.0337945 0.0337945 2 21 3
616.287 0.033793 0.033793 2 21 3
616.787 0.0337915 0.0337915 2 21 3
617.287 0.03379 0.03379 2 21 3
617.787 0.0337885 0.0337885 2 21 3
618.287 0.033787 0.033787 2 21 3
618.787 0.0337855 0.0337855 2 21 3
619.287 0.033784 0.033784 2 21 3
619.787 0.0337826 0.0337826 2 21 3
620.287 0.0337811 0.0337811 2 21 3
620.787 0.0337796 0.0337796 2 21 3
621.287 0.0337781 0.0337781 2 21 3
621.787 0.0337767 0.0337767 2 21 3
622.287 0.0337752 0.0337752 2 21 3
622.787 0.0337737 0.0337737 2 21 3
623.287 0.0337723 0.0337723 2 21 3
623.787 0.0337708 0.0337708 2 21 3
624.287 0.0337694 0.0337694 2 21 3
624.787 0.0337679 0.0337679 2 21 3
625.287 0.0337665 0.0337665 2 21 3
625.787 0.033765 0.033765 2 21 3
626.287 0.0337636 0.0337636 2 21 3
626.787 0.0337621 0.0337621 2 21 3
627.287 0.0337607 0.0337607 2 21 3
627.787 0.0337593 0.0337593 2 21 3
628.287 0.0337578 0.0337578 2 21 3
628.787 0.0337564 0.0337564 2 21 3
629.287 0.033755 0.033755 2 21 3
629.787 0.0337536 0.0337536 2 21 3
630.287 0.0337522 0.0337522 2 21 3
630.787 0.0337508 0.0337508 2 21 3
631.287 0.0337493 0.0337493 2 21 3
631.787 0.0337479 0.0337479 2 21 3
632.287 0.0337465 0.0337465 2 21 3
632.787 0.0337451 0.0337451 2 21 3
633.287 0.0337437 0.0337437 2 21 3
633.787 0.0337423 0.0337423 2 21 3
634.287 0.0337409 0.0337409 2 21 3
634.787 0.0337396 0.0337396 2 21 3
635.287 0.0337382 0.0337382 2 21 3
635.787 0.0337368 0.0337368 2 21 3
636.287 0.0337354 0.0337354 2 21 3
636.787 0.033734 0.033734 2 21 3
637.287 0.0337326 0.0337326 2 21 3
637.787 0.0337313 0.0337313 2 21 3
638.287 0.0337299 0.0337299 2 21 3
638.787 0.0337285 0.0337285 2 21 3
639.287 0.0337272 0.0337272 2 21 3
639.787 0.0337258 0.0337258 2 21 3
640.287 0.0337245 0.0337245 2 21 3
640.787 0.0337231 0.0337231 2 21 3
641.287 0.0337218 0.0337218 2 21 3
641.787 0.0337204 0.0337204 2 21 3
642.287 0.0337191 0.0337191 2 21 3
642.787 0.0337177 0.0337177 2 21 3
643.287 0.0337164 0.0337164 2 21 3
643.787 0.033715 0.033715 2 21 3
644.287 0.0337137 0.0337137 2 21 3
644.787 0.0337124 0.0337124 2 21 3
645.287 0.033711 0.033711 2 21 3
645.787 0.0337097 0.0337097 2 21 3
646.287 0.0337084 0.0337084 2 21 3
646.787 0.0337071 0.0337071 2 21 3
647.287 0.0337058 0.0337058 2 21 3
647.787 0.0337044 0.0337044 2 21 3
648.287 0.0337031 0.0337031 2 21 3
648.787 0.0337018 0.0337018 2 21 3
649.287 0.0337005 0.0337005 2 21 3
649.787 0.0336992 0.0336992 2 21 3
650.287 0.0336979 0.0336979 2 21 3
650.787 0.0336966 0.0336966 2 21 3
651.287 0.0336953 0.0336953 2 21 3
651.787 0.033694 0.033694 2 21 3
652.287 0.0336927 0.0336927 2 21 3
652.787 0.0336914 0.0336914 2 21 3
653.287 0.0336901 0.0336901 2 21 3
653.787 0.0336889 0.0336889 2 21 3
654.287 0.0336876 0.0336876 2 21 3
654.787 0.0336863 0.0336863 2 21 3
655.287 0.033685 0.033685 2 21 3
655.787 0.0336838 0.0336838 2 21 3
656.287 0.0336825 0.0336825 2 21 3
656.787 0.0336812 0.0336812 2 21 3
657.287 0.0336799 0.0336799 2 21 3
657.787 0.0336787 0.0336787 2 21 3
