413.715 0.17 0.17 2 23 3
413.755 0.17002 0.17002 2 23 3
413.795 0.17004 0.17004 2 23 3
413.875 0.17008 0.17008 2 23 3
414.035 0.170161 0.170161 2 23 3
414.355 0.170321 0.170321 2 23 3
414.855 0.170573 0.170573 2 23 3
415.355 0.170824 0.170824 2 23 3
415.855 0.171075 0.171075 2 23 3
416.355 0.171326 0.171326 2 23 3
416.855 0.171578 0.171578 2 23 3
417.355 0.17183 0.17183 2 23 3
417.855 0.172081 0.172081 2 23 3
418.355 0.172333 0.172333 2 23 3
418.855 0.172585 0.172585 2 23 3
419.355 0.172837 0.172837 2 23 3
419.855 0.173089 0.173089 2 23 3
420.355 0.173341 0.173341 2 23 3
420.855 0.173593 0.173593 2 23 3
421.355 0.173845 0.173845 2 23 3
421.855 0.174097 0.174097 2 23 3
422.355 0.17435 0.17435 2 23 3
422.855 0.174602 0.174602 2 23 3
423.355 0.174855 0.174855 2 23 3
423.855 0.175107 0.175107 2 23 3
424.355 0.17536 0.17536 2 23 3
424.855 0.175613 0.175613 2 23 3
425.355 0.175866 0.175866 2 23 3
425.855 0.176119 0.176119 2 23 3
426.355 0.176372 0.176372 2 23 3
426.855 0.176625 0.176625 2 23 3
427.355 0.176878 0.176878 2 23 3
427.855 0.177131 0.177131 2 23 3
428.354 0.177385 0.177385 2 23 3
428.854 0.177638 0.177638 2 23 3
429.354 0.177892 0.177892 2 23 3
429.854 0.178145 0.178145 2 23 3
430.354 0.178399 0.178399 2 23 3
430.854 0.178653 0.178653 2 23 3
431.354 0.178907 0.178907 2 23 3
431.854 0.179161 0.179161 2 23 3
432.354 0.179415 0.179415 2 23 3
432.854 0.179669 0.179669 2 23 3
433.354 0.179924 0.179924 2 23 3
433.854 0.180178 0.180178 2 23 3
434.354 0.180432 0.180432 2 23 3
434.854 0.180687 0.180687 2 23 3
435.354 0.180942 0.180942 2 23 3
435.854 0.181196 0.181196 2 23 3
436.354 0.181451 0.181451 2 23 3
436.854 0.181706 0.181706 2 23 3
437.354 0.181961 0.181961 2 23 3
437.854 0.182216 0.182216 2 23 3
438.354 0.182471 0.182471 2 23 3
438.854 0.182727 0.182727 2 23 3
439.354 0.182982 0.182982 2 23 3
439.854 0.183237 0.183237 2 23 3
440.354 0.183493 0.183493 2 23 3
440.854 0.183749 0.183749 2 23 3
441.354 0.184004 0.184004 2 23 3
441.854 0.18426 0.18426 2 23 3
442.354 0.184516 0.184516 2 23 3
442.854 0.184772 0.184772 2 23 3
443.354 0.185028 0.185028 2 23 3
443.854 0.185284 0.185284 2 23 3
444.354 0.185541 0.185541 2 23 3
444.854 0.185797 0.185797 2 23 3
445.354 0.186054 0.186054 2 23 3
445.854 0.18631 0.18631 2 23 3
446.354 0.186567 0.186567 2 23 3
446.854 0.186824 0.186824 2 23 3
447.354 0.187081 0.187081 2 23 3
447.854 0.187338 0.187338 2 23 3
448.354 0.187595 0.187595 2 23 3
448.854 0.187852 0.187852 2 23 3
449.354 0.188109 0.188109 2 23 3
449.854 0.188367 0.188367 2 23 3
450.354 0.188624 0.188624 2 23 3
450.854 0.188882 0.188882 2 23 3
451.354 0.189139 0.189139 2 23 3
451.854 0.189397 0.189397 2 23 3
452.354 0.189655 0.189655 2 23 3
452.854 0.189913 0.189913 2 23 3
453.354 0.190171 0.190171 2 23 3
453.854 0.190429 0.190429 2 23 3
454.354 0.190687 0.190687 2 23 3
454.854 0.190946 0.190946 2 23 3
455.354 0.191204 0.191204 2 23 3
455.854 0.191463 0.191463 2 23 3
456.354 0.191721 0.191721 2 23 3
456.854 0.19198 0.19198 2 23 3
457.354 0.192239 0.192239 2 23 3
457.854 0.192498 0.192498 2 23 3
458.354 0.192757 0.192757 2 23 3
458.854 0.193016 0.193016 2 23 3
459.354 0.193275 0.193275 2 23 3
459.854 0.193535 0.193535 2 23 3
460.354 0.193794 0.193794 2 23 3
460.854 0.194054 0.194054 2 23 3
461.354 0.194314 0.194314 2 23 3
461.854 0.194573 0.194573 2 23 3
462.354 0.194833 0.194833 2 23 3
462.854 0.195093 0.195093 2 23 3
463.354 0.195353 0.195353 2 23 3
463.854 0.195614 0.195614 2 23 3
464.354 0.195874 0.195874 2 23 3
464.854 0.196134 0.196134 2 23 3
465.354 0.196395 0.196395 2 23 3
465.854 0.196656 0.196656 2 23 3
466.354 0.196916 0.196916 2 23 3
466.854 0.197177 0.197177 2 23 3
467.354 0.197438 0.197438 2 23 3
467.854 0.197699 0.197699 2 23 3
468.354 0.19796 0.19796 2 23 3
468.854 0.198222 0.198222 2 23 3
469.354 0.198483 0.198483 2 23 3
469.854 0.198745 0.198745 2 23 3
470.354 0.199006 0.199006 2 23 3
470.854 0.199268 0.199268 2 23 3
471.354 0.19953 0.19953 2 23 3
471.854 0.199792 0.199792 2 23 3
472.354 0.200054 0.200054 2 23 3
472.854 0.200316 0.200316 2 23 3
473.354 0.200578 0.200578 2 23 3
473.854 0.20084 0.20084 2 23 3
474.354 0.201103 0.201103 2 23 3
474.854 0.201365 0.201365 2 23 3
475.354 0.201628 0.201628 2 23 3
475.854 0.201891 0.201891 2 23 3
476.354 0.202154 0.202154 2 23 3
476.854 0.202417 0.202417 2 23 3
477.354 0.20268 0.20268 2 23 3
477.854 0.202943 0.202943 2 23 3
478.354 0.203207 0.203207 2 23 3
478.854 0.20347 0.20347 2 23 3
479.354 0.203734 0.203734 2 23 3
479.854 0.203997 0.203997 2 23 3
480.354 0.204261 0.204261 2 23 3
480.854 0.204525 0.204525 2 23 3
481.354 0.204789 0.204789 2 23 3
481.854 0.205053 0.205053 2 23 3
482.354 0.205318 0.205318 2 23 3
482.854 0.205582 0.205582 2 23 3
483.354 0.205846 0.205846 2 23 3
483.854 0.206111 0.206111 2 23 3
484.354 0.206376 0.206376 2 23 3
484.854 0.206641 0.206641 2 23 3
485.354 0.206906 0.206906 2 23 3
485.854 0.207171 0.207171 2 23 3
486.354 0.207436 0.207436 2 23 3
486.854 0.207701 0.207701 2 23 3
487.354 0.207967 0.207967 2 23 3
487.854 0.208232 0.208232 2 23 3
488.354 0.208498 0.208498 2 23 3
488.854 0.208764 0.208764 2 23 3
489.354 0.209029 0.209029 2 23 3
489.854 0.209295 0.209295 2 23 3
490.354 0.209562 0.209562 2 23 3
490.854 0.209828 0.209828 2 23 3
491.354 0.210094 0.210094 2 23 3
491.854 0.210361 0.210361 2 23 3
492.354 0.210627 0.210627 2 23 3
492.854 0.210894 0.210894 2 23 3
493.354 0.211161 0.211161 2 23 3
493.854 0.211428 0.211428 2 23 3
494.354 0.211695 0.211695 2 23 3
494.854 0.211962 0.211962 2 23 3
495.354 0.212229 0.212229 2 23 3
495.854 0.212497 0.212497 2 23 3
496.354 0.212764 0.212764 2 23 3
496.854 0.213032 0.213032 2 23 3
497.354 0.2133 0.2133 2 23 3
497.854 0.213568 0.213568 2 23 3
498.354 0.213836 0.213836 2 23 3
498.854 0.214104 0.214104 2 23 3
499.354 0.214372 0.214372 2 23 3
499.854 0.214641 0.214641 2 23 3
500.354 0.214909 0.214909 2 23 3
500.854 0.215178 0.215178 2 23 3
501.354 0.215447 0.215447 2 23 3
501.854 0.215716 0.215716 2 23 3
502.354 0.215985 0.215985 2 23 3
502.854 0.216254 0.216254 2 23 3
503.354 0.216523 0.216523 2 23 3
503.854 0.216792 0.216792 2 23 3
504.354 0.217062 0.217062 2 23 3
504.854 0.217332 0.217332 2 23 3
505.354 0.217601 0.217601 2 23 3
505.854 0.217871 0.217871 2 23 3
506.354 0.218141 0.218141 2 23 3
506.854 0.218411 0.218411 2 23 3
507.354 0.218682 0.218682 2 23 3
507.854 0.218952 0.218952 2 23 3
508.354 0.219223 0.219223 2 23 3
508.854 0.219493 0.219493 2 23 3
509.354 0.219764 0.219764 2 23 3
509.854 0.220035 0.220035 2 23 3
510.354 0.220306 0.220306 2 23 3
510.854 0.220577 0.220577 2 23 3
511.354 0.220848 0.220848 2 23 3
511.354 0.220848 0.220848 2 23 3
511.394 0.22087 0.22087 2 23 3
511.434 0.220892 0.220892 2 23 3
511.514 0.220935 0.220935 2 23 3
511.674 0.221022 0.221022 2 23 3
511.994 0.221196 0.221196 2 23 3
512.494 0.221467 0.221467 2 23 3
512.994 0.221739 0.221739 2 23 3
513.494 0.222011 0.222011 2 23 3
513.994 0.222283 0.222283 2 23 3
514.494 0.222555 0.222555 2 23 3
514.994 0.222827 0.222827 2 23 3
515.494 0.2231 0.2231 2 23 3
515.994 0.223372 0.223372 2 23 3
516.494 0.223645 0.223645 2 23 3
516.994 0.223917 0.223917 2 23 3
517.494 0.22419 0.22419 2 23 3
517.994 0.224463 0.224463 2 23 3
518.494 0.224736 0.224736 2 23 3
518.994 0.22501 0.22501 2 23 3
519.494 0.225283 0.225283 2 23 3
519.994 0.225557 0.225557 2 23 3
520.494 0.22583 0.22583 2 23 3
520.994 0.226104 0.226104 2 23 3
521.494 0.226378 0.226378 2 23 3
521.994 0.226652 0.226652 2 23 3
522.494 0.226926 0.226926 2 23 3
522.994 0.227201 0.227201 2 23 3
523.494 0.227475 0.227475 2 23 3
523.994 0.22775 0.22775 2 23 3
524.494 0.228024 0.228024 2 23 3
524.994 0.228299 0.228299 2 23 3
525.494 0.228574 0.228574 2 23 3
525.994 0.228849 0.228849 2 23 3
526.494 0.229125 0.229125 2 23 3
526.994 0.2294 0.2294 2 23 3
527.494 0.229675 0.229675 2 23 3
527.994 0.229951 0.229951 2 23 3
528.494 0.230227 0.230227 2 23 3
528.994 0.230503 0.230503 2 23 3
529.494 0.230779 0.230779 2 23 3
529.994 0.231055 0.231055 2 23 3
530.494 0.231332 0.231332 2 23 3
530.994 0.231608 0.231608 2 23 3
531.494 0.231885 0.231885 2 23 3
531.994 0.232161 0.232161 2 23 3
532.494 0.232438 0.232438 2 23 3
532.994 0.232715 0.232715 2 23 3
533.494 0.232993 0.232993 2 23 3
533.994 0.23327 0.23327 2 23 3
534.494 0.233547 0.233547 2 23 3
534.994 0.233825 0.233825 2 23 3
535.494 0.234103 0.234103 2 23 3
535.994 0.23438 0.23438 2 23 3
536.494 0.234658 0.234658 2 23 3
536.994 0.234937 0.234937 2 23 3
537.494 0.235215 0.235215 2 23 3
537.994 0.235493 0.235493 2 23 3
538.494 0.235772 0.235772 2 23 3
538.994 0.236051 0.236051 2 23 3
539.494 0.236329 0.236329 2 23 3
539.994 0.236608 0.236608 2 23 3
540.494 0.236888 0.236888 2 23 3
540.994 0.237167 0.237167 2 23 3
541.494 0.237446 0.237446 2 23 3
541.994 0.237726 0.237726 2 23 3
542.494 0.238006 0.238006 2 23 3
542.994 0.238285 0.238285 2 23 3
543.494 0.238565 0.238565 2 23 3
543.994 0.238845 0.238845 2 23 3
544.494 0.239126 0.239126 2 23 3
544.994 0.239406 0.239406 2 23 3
545.494 0.239687 0.239687 2 23 3
545.994 0.239967 0.239967 2 23 3
546.494 0.240248 0.240248 2 23 3
546.994 0.240529 0.240529 2 23 3
547.494 0.24081 0.24081 2 23 3
547.994 0.241092 0.241092 2 23 3
548.494 0.241373 0.241373 2 23 3
548.994 0.241655 0.241655 2 23 3
549.494 0.241936 0.241936 2 23 3
549.994 0.242218 0.242218 2 23 3
550.494 0.2425 0.2425 2 23 3
550.994 0.242782 0.242782 2 23 3
551.494 0.243065 0.243065 2 23 3
551.994 0.243347 0.243347 2 23 3
552.494 0.24363 0.24363 2 23 3
552.994 0.243912 0.243912 2 23 3
553.494 0.244195 0.244195 2 23 3
553.994 0.244478 0.244478 2 23 3
554.494 0.244762 0.244762 2 23 3
554.994 0.245045 0.245045 2 23 3
555.494 0.245328 0.245328 2 23 3
555.994 0.245612 0.245612 2 23 3
556.494 0.245896 0.245896 2 23 3
556.994 0.24618 0.24618 2 23 3
557.494 0.246464 0.246464 2 23 3
557.994 0.246748 0.246748 2 23 3
558.494 0.247032 0.247032 2 23 3
558.994 0.247317 0.247317 2 23 3
559.494 0.247602 0.247602 2 23 3
559.994 0.247886 0.247886 2 23 3
560.494 0.248171 0.248171 2 23 3
560.994 0.248456 0.248456 2 23 3
561.494 0.248742 0.248742 2 23 3
561.994 0.249027 0.249027 2 23 3
562.494 0.249313 0.249313 2 23 3
562.994 0.249598 0.249598 2 23 3
563.494 0.249884 0.249884 2 23 3
563.994 0.25017 0.25017 2 23 3
564.494 0.250457 0.250457 2 23 3
564.994 0.250743 0.250743 2 23 3
565.494 0.251029 0.251029 2 23 3
565.994 0.251316 0.251316 2 23 3
566.494 0.251603 0.251603 2 23 3
566.994 0.25189 0.25189 2 23 3
567.494 0.252177 0.252177 2 23 3
567.994 0.252464 0.252464 2 23 3
568.494 0.252752 0.252752 2 23 3
568.994 0.253039 0.253039 2 23 3
569.494 0.253327 0.253327 2 23 3
569.994 0.253615 0.253615 2 23 3
570.494 0.253903 0.253903 2 23 3
570.994 0.254191 0.254191 2 23 3
571.494 0.254479 0.254479 2 23 3
571.994 0.254768 0.254768 2 23 3
572.493 0.255057 0.255057 2 23 3
572.993 0.255345 0.255345 2 23 3
573.493 0.255634 0.255634 2 23 3
573.993 0.255923 0.255923 2 23 3
574.493 0.256213 0.256213 2 23 3
574.993 0.256502 0.256502 2 23 3
575.493 0.256792 0.256792 2 23 3
575.993 0.257082 0.257082 2 23 3
576.493 0.257371 0.257371 2 23 3
576.993 0.257662 0.257662 2 23 3
577.493 0.257952 0.257952 2 23 3
577.993 0.258242 0.258242 2 23 3
578.493 0.258533 0.258533 2 23 3
578.993 0.258823 0.258823 2 23 3
579.493 0.259114 0.259114 2 23 3
579.993 0.259405 0.259405 2 23 3
580.493 0.259697 0.259697 2 23 3
580.993 0.259988 0.259988 2 23 3
581.493 0.260279 0.260279 2 23 3
581.993 0.260571 0.260571 2 23 3
582.493 0.260863 0.260863 2 23 3
582.993 0.261155 0.261155 2 23 3
583.493 0.261447 0.261447 2 23 3
583.993 0.261739 0.261739 2 23 3
584.493 0.262032 0.262032 2 23 3
584.993 0.262324 0.262324 2 23 3
585.493 0.262617 0.262617 2 23 3
585.993 0.26291 0.26291 2 23 3
586.493 0.263203 0.263203 2 23 3
586.993 0.263497 0.263497 2 23 3
587.493 0.26379 0.26379 2 23 3
587.993 0.264084 0.264084 2 23 3
588.493 0.264378 0.264378 2 23 3
588.993 0.264671 0.264671 2 23 3
589.493 0.264966 0.264966 2 23 3
589.993 0.26526 0.26526 2 23 3
590.493 0.265554 0.265554 2 23 3
590.993 0.265849 0.265849 2 23 3
591.493 0.266144 0.266144 2 23 3
591.993 0.266439 0.266439 2 23 3
592.493 0.266734 0.266734 2 23 3
592.993 0.267029 0.267029 2 23 3
593.493 0.267324 0.267324 2 23 3
593.993 0.26762 0.26762 2 23 3
594.493 0.267916 0.267916 2 23 3
594.993 0.268212 0.268212 2 23 3
595.493 0.268508 0.268508 2 23 3
595.993 0.268804 0.268804 2 23 3
596.493 0.269101 0.269101 2 23 3
596.993 0.269397 0.269397 2 23 3
597.493 0.269694 0.269694 2 23 3
597.993 0.269991 0.269991 2 23 3
598.493 0.270288 0.270288 2 23 3
598.993 0.270585 0.270585 2 23 3
599.493 0.270883 0.270883 2 23 3
599.993 0.27118 0.27118 2 23 3
600.493 0.271478 0.271478 2 23 3
600.993 0.271776 0.271776 2 23 3
601.493 0.272074 0.272074 2 23 3
601.993 0.272373 0.272373 2 23 3
602.493 0.272671 0.272671 2 23 3
602.993 0.27297 0.27297 2 23 3
603.493 0.273268 0.273268 2 23 3
603.993 0.273567 0.273567 2 23 3
604.493 0.273867 0.273867 2 23 3
604.993 0.274166 0.274166 2 23 3
605.493 0.274465 0.274465 2 23 3
605.993 0.274765 0.274765 2 23 3
606.493 0.275065 0.275065 2 23 3
606.993 0.275365 0.275365 2 23 3
607.493 0.275665 0.275665 2 23 3
607.993 0.275966 0.275966 2 23 3
608.493 0.276266 0.276266 2 23 3
608.993 0.276567 0.276567 2 23 3
413.715 0.17 0.17 2 23 3
413.675 0.16998 0.16998 2 23 3
413.635 0.16996 0.16996 2 23 3
413.555 0.16992 0.16992 2 23 3
413.395 0.169839 0.169839 2 23 3
413.075 0.169679 0.169679 2 23 3
412.575 0.169428 0.169428 2 23 3
412.075 0.169177 0.169177 2 23 3
411.575 0.168926 0.168926 2 23 3
411.075 0.168676 0.168676 2 23 3
410.575 0.168425 0.168425 2 23 3
410.075 0.168175 0.168175 2 23 3
409.575 0.167924 0.167924 2 23 3
409.075 0.167674 0.167674 2 23 3
408.575 0.167424 0.167424 2 23 3
408.075 0.167173 0.167173 2 23 3
407.575 0.166923 0.166923 2 23 3
407.075 0.166673 0.166673 2 23 3
406.575 0.166423 0.166423 2 23 3
406.075 0.166173 0.166173 2 23 3
405.575 0.165924 0.165924 2 23 3
405.075 0.165674 0.165674 2 23 3
404.575 0.165424 0.165424 2 23 3
404.075 0.165175 0.165175 2 23 3
403.575 0.164925 0.164925 2 23 3
403.075 0.164676 0.164676 2 23 3
402.575 0.164426 0.164426 2 23 3
402.075 0.164177 0.164177 2 23 3
401.575 0.163928 0.163928 2 23 3
401.075 0.163678 0.163678 2 23 3
400.575 0.163429 0.163429 2 23 3
400.075 0.16318 0.16318 2 23 3
399.575 0.162931 0.162931 2 23 3
399.075 0.162683 0.162683 2 23 3
398.575 0.162434 0.162434 2 23 3
398.075 0.162185 0.162185 2 23 3
397.575 0.161936 0.161936 2 23 3
397.075 0.161688 0.161688 2 23 3
396.575 0.161439 0.161439 2 23 3
396.075 0.161191 0.161191 2 23 3
395.575 0.160942 0.160942 2 23 3
395.075 0.160694 0.160694 2 23 3
394.575 0.160446 0.160446 2 23 3
394.075 0.160197 0.160197 2 23 3
393.575 0.159949 0.159949 2 23 3
393.075 0.159701 0.159701 2 23 3
392.575 0.159453 0.159453 2 23 3
392.075 0.159205 0.159205 2 23 3
391.575 0.158957 0.158957 2 23 3
391.075 0.15871 0.15871 2 23 3
390.575 0.158462 0.158462 2 23 3
390.075 0.158214 0.158214 2 23 3
389.575 0.157967 0.157967 2 23 3
389.075 0.157719 0.157719 2 23 3
388.575 0.157472 0.157472 2 23 3
388.075 0.157224 0.157224 2 23 3
387.575 0.156977 0.156977 2 23 3
387.075 0.15673 0.15673 2 23 3
386.575 0.156482 0.156482 2 23 3
386.075 0.156235 0.156235 2 23 3
385.575 0.155988 0.155988 2 23 3
385.075 0.155741 0.155741 2 23 3
384.575 0.155494 0.155494 2 23 3
384.075 0.155247 0.155247 2 23 3
383.575 0.155 0.155 2 23 3
383.075 0.154753 0.154753 2 23 3
382.575 0.154507 0.154507 2 23 3
382.075 0.15426 0.15426 2 23 3
381.575 0.154013 0.154013 2 23 3
381.075 0.153767 0.153767 2 23 3
380.575 0.15352 0.15352 2 23 3
380.075 0.153274 0.153274 2 23 3
379.575 0.153027 0.153027 2 23 3
379.075 0.152781 0.152781 2 23 3
378.575 0.152535 0.152535 2 23 3
378.075 0.152288 0.152288 2 23 3
377.575 0.152042 0.152042 2 23 3
377.075 0.151796 0.151796 2 23 3
376.575 0.15155 0.15155 2 23 3
376.075 0.151304 0.151304 2 23 3
375.575 0.151058 0.151058 2 23 3
375.075 0.150812 0.150812 2 23 3
374.575 0.150566 0.150566 2 23 3
374.075 0.150321 0.150321 2 23 3
373.575 0.150075 0.150075 2 23 3
373.075 0.149829 0.149829 2 23 3
372.575 0.149584 0.149584 2 23 3
372.075 0.149338 0.149338 2 23 3
371.575 0.149092 0.149092 2 23 3
371.075 0.148847 0.148847 2 23 3
370.575 0.148601 0.148601 2 23 3
370.075 0.148356 0.148356 2 23 3
369.575 0.148111 0.148111 2 23 3
369.075 0.147865 0.147865 2 23 3
368.575 0.14762 0.14762 2 23 3
368.075 0.147375 0.147375 2 23 3
367.575 0.14713 0.14713 2 23 3
367.075 0.146885 0.146885 2 23 3
366.575 0.14664 0.14664 2 23 3
366.075 0.146395 0.146395 2 23 3
365.575 0.14615 0.14615 2 23 3
365.075 0.145905 0.145905 2 23 3
364.575 0.14566 0.14566 2 23 3
364.075 0.145415 0.145415 2 23 3
363.575 0.145171 0.145171 2 23 3
363.075 0.144926 0.144926 2 23 3
362.575 0.144681 0.144681 2 23 3
362.075 0.144437 0.144437 2 23 3
361.575 0.144192 0.144192 2 23 3
361.075 0.143947 0.143947 2 23 3
360.575 0.143703 0.143703 2 23 3
360.075 0.143459 0.143459 2 23 3
359.576 0.143214 0.143214 2 23 3
359.076 0.14297 0.14297 2 23 3
358.576 0.142725 0.142725 2 23 3
358.076 0.142481 0.142481 2 23 3
357.576 0.142237 0.142237 2 23 3
357.076 0.141993 0.141993 2 23 3
356.576 0.141749 0.141749 2 23 3
356.076 0.141504 0.141504 2 23 3
355.576 0.14126 0.14126 2 23 3
355.076 0.141016 0.141016 2 23 3
354.576 0.140772 0.140772 2 23 3
354.076 0.140528 0.140528 2 23 3
353.576 0.140284 0.140284 2 23 3
353.076 0.140041 0.140041 2 23 3
352.576 0.139797 0.139797 2 23 3
352.076 0.139553 0.139553 2 23 3
351.576 0.139309 0.139309 2 23 3
351.076 0.139065 0.139065 2 23 3
350.576 0.138822 0.138822 2 23 3
350.076 0.138578 0.138578 2 23 3
349.576 0.138334 0.138334 2 23 3
349.076 0.138091 0.138091 2 23 3
348.576 0.137847 0.137847 2 23 3
348.076 0.137604 0.137604 2 23 3
347.576 0.13736 0.13736 2 23 3
347.076 0.137117 0.137117 2 23 3
346.576 0.136873 0.136873 2 23 3
346.076 0.13663 0.13663 2 23 3
345.576 0.136386 0.136386 2 23 3
345.076 0.136143 0.136143 2 23 3
344.576 0.1359 0.1359 2 23 3
344.076 0.135656 0.135656 2 23 3
343.576 0.135413 0.135413 2 23 3
343.076 0.13517 0.13517 2 23 3
342.576 0.134927 0.134927 2 23 3
342.076 0.134683 0.134683 2 23 3
341.576 0.13444 0.13444 2 23 3
341.076 0.134197 0.134197 2 23 3
340.576 0.133954 0.133954 2 23 3
340.076 0.133711 0.133711 2 23 3
339.576 0.133468 0.133468 2 23 3
339.076 0.133225 0.133225 2 23 3
338.576 0.132982 0.132982 2 23 3
338.076 0.132739 0.132739 2 23 3
337.576 0.132496 0.132496 2 23 3
337.076 0.132253 0.132253 2 23 3
336.576 0.13201 0.13201 2 23 3
336.076 0.131767 0.131767 2 23 3
335.576 0.131524 0.131524 2 23 3
335.076 0.131282 0.131282 2 23 3
334.576 0.131039 0.131039 2 23 3
334.076 0.130796 0.130796 2 23 3
333.576 0.130553 0.130553 2 23 3
333.076 0.13031 0.13031 2 23 3
332.576 0.130068 0.130068 2 23 3
332.076 0.129825 0.129825 2 23 3
331.576 0.129582 0.129582 2 23 3
331.076 0.129339 0.129339 2 23 3
330.576 0.129097 0.129097 2 23 3
330.076 0.128854 0.128854 2 23 3
329.576 0.128611 0.128611 2 23 3
329.076 0.128369 0.128369 2 23 3
328.576 0.128126 0.128126 2 23 3
328.076 0.127884 0.127884 2 23 3
327.576 0.127641 0.127641 2 23 3
327.076 0.127398 0.127398 2 23 3
326.576 0.127156 0.127156 2 23 3
326.076 0.126913 0.126913 2 23 3
325.576 0.126671 0.126671 2 23 3
325.076 0.126428 0.126428 2 23 3
324.576 0.126186 0.126186 2 23 3
324.076 0.125943 0.125943 2 23 3
323.576 0.125701 0.125701 2 23 3
323.076 0.125458 0.125458 2 23 3
322.576 0.125216 0.125216 2 23 3
322.076 0.124973 0.124973 2 23 3
321.576 0.124731 0.124731 2 23 3
321.076 0.124488 0.124488 2 23 3
320.576 0.124246 0.124246 2 23 3
320.076 0.124003 0.124003 2 23 3
319.576 0.123761 0.123761 2 23 3
319.076 0.123518 0.123518 2 23 3
318.577 0.123276 0.123276 2 23 3
318.077 0.123033 0.123033 2 23 3
317.577 0.122791 0.122791 2 23 3
317.077 0.122548 0.122548 2 23 3
316.577 0.122306 0.122306 2 23 3
316.077 0.122064 0.122064 2 23 3
316.077 0.122064 0.122064 2 23 3
316.037 0.122044 0.122044 2 23 3
315.997 0.122025 0.122025 2 23 3
315.917 0.121986 0.121986 2 23 3
315.757 0.121908 0.121908 2 23 3
315.437 0.121753 0.121753 2 23 3
314.937 0.121511 0.121511 2 23 3
314.437 0.121268 0.121268 2 23 3
313.937 0.121026 0.121026 2 23 3
313.437 0.120783 0.120783 2 23 3
312.937 0.120541 0.120541 2 23 3
312.437 0.120298 0.120298 2 23 3
311.937 0.120056 0.120056 2 23 3
311.437 0.119813 0.119813 2 23 3
310.937 0.119571 0.119571 2 23 3
310.437 0.119328 0.119328 2 23 3
309.937 0.119086 0.119086 2 23 3
309.437 0.118843 0.118843 2 23 3
308.937 0.118601 0.118601 2 23 3
308.437 0.118358 0.118358 2 23 3
307.937 0.118116 0.118116 2 23 3
307.437 0.117873 0.117873 2 23 3
306.937 0.117631 0.117631 2 23 3
306.437 0.117388 0.117388 2 23 3
305.937 0.117145 0.117145 2 23 3
305.437 0.116903 0.116903 2 23 3
304.937 0.11666 0.11666 2 23 3
304.437 0.116418 0.116418 2 23 3
303.937 0.116175 0.116175 2 23 3
303.437 0.115932 0.115932 2 23 3
302.937 0.11569 0.11569 2 23 3
302.437 0.115447 0.115447 2 23 3
301.937 0.115204 0.115204 2 23 3
301.437 0.114961 0.114961 2 23 3
300.937 0.114719 0.114719 2 23 3
300.437 0.114476 0.114476 2 23 3
299.937 0.114233 0.114233 2 23 3
299.437 0.11399 0.11399 2 23 3
298.937 0.113747 0.113747 2 23 3
298.437 0.113504 0.113504 2 23 3
297.937 0.113262 0.113262 2 23 3
297.437 0.113019 0.113019 2 23 3
296.937 0.112776 0.112776 2 23 3
296.437 0.112533 0.112533 2 23 3
295.937 0.11229 0.11229 2 23 3
295.437 0.112047 0.112047 2 23 3
294.937 0.111804 0.111804 2 23 3
294.437 0.11156 0.11156 2 23 3
293.937 0.111317 0.111317 2 23 3
293.437 0.111074 0.111074 2 23 3
292.937 0.110831 0.110831 2 23 3
292.437 0.110588 0.110588 2 23 3
291.937 0.110344 0.110344 2 23 3
291.437 0.110101 0.110101 2 23 3
290.938 0.109858 0.109858 2 23 3
290.438 0.109614 0.109614 2 23 3
289.938 0.109371 0.109371 2 23 3
289.438 0.109128 0.109128 2 23 3
288.938 0.108884 0.108884 2 23 3
288.438 0.10864 0.10864 2 23 3
287.938 0.108397 0.108397 2 23 3
287.438 0.108153 0.108153 2 23 3
286.938 0.10791 0.10791 2 23 3
286.438 0.107666 0.107666 2 23 3
285.938 0.107422 0.107422 2 23 3
285.438 0.107178 0.107178 2 23 3
284.938 0.106934 0.106934 2 23 3
284.438 0.106691 0.106691 2 23 3
283.938 0.106447 0.106447 2 23 3
283.438 0.106203 0.106203 2 23 3
282.938 0.105959 0.105959 2 23 3
282.438 0.105714 0.105714 2 23 3
281.938 0.10547 0.10547 2 23 3
281.438 0.105226 0.105226 2 23 3
280.938 0.104982 0.104982 2 23 3
280.438 0.104737 0.104737 2 23 3
279.938 0.104493 0.104493 2 23 3
279.438 0.104249 0.104249 2 23 3
278.938 0.104004 0.104004 2 23 3
278.438 0.103759 0.103759 2 23 3
277.938 0.103515 0.103515 2 23 3
277.438 0.10327 0.10327 2 23 3
276.938 0.103025 0.103025 2 23 3
276.438 0.102781 0.102781 2 23 3
275.938 0.102536 0.102536 2 23 3
275.438 0.102291 0.102291 2 23 3
274.938 0.102046 0.102046 2 23 3
274.438 0.101801 0.101801 2 23 3
273.938 0.101555 0.101555 2 23 3
273.438 0.10131 0.10131 2 23 3
272.938 0.101065 0.101065 2 23 3
272.438 0.10082 0.10082 2 23 3
271.938 0.100574 0.100574 2 23 3
271.438 0.100329 0.100329 2 23 3
270.938 0.100083 0.100083 2 23 3
270.439 0.0998372 0.0998372 2 23 3
269.939 0.0995914 0.0995914 2 23 3
269.439 0.0993456 0.0993456 2 23 3
268.939 0.0990996 0.0990996 2 23 3
268.439 0.0988536 0.0988536 2 23 3
267.939 0.0986075 0.0986075 2 23 3
267.439 0.0983613 0.0983613 2 23 3
266.939 0.098115 0.098115 2 23 3
266.439 0.0978686 0.0978686 2 23 3
265.939 0.0976221 0.0976221 2 23 3
265.439 0.0973756 0.0973756 2 23 3
264.939 0.0971289 0.0971289 2 23 3
264.439 0.0968822 0.0968822 2 23 3
263.939 0.0966353 0.0966353 2 23 3
263.439 0.0963884 0.0963884 2 23 3
262.939 0.0961413 0.0961413 2 23 3
262.439 0.0958942 0.0958942 2 23 3
261.939 0.0956469 0.0956469 2 23 3
261.439 0.0953996 0.0953996 2 23 3
260.939 0.0951521 0.0951521 2 23 3
260.439 0.0949045 0.0949045 2 23 3
259.939 0.0946568 0.0946568 2 23 3
259.439 0.0944091 0.0944091 2 23 3
258.939 0.0941612 0.0941612 2 23 3
258.439 0.0939131 0.0939131 2 23 3
257.939 0.093665 0.093665 2 23 3
257.439 0.0934168 0.0934168 2 23 3
256.939 0.0931684 0.0931684 2 23 3
256.439 0.0929199 0.0929199 2 23 3
255.939 0.0926713 0.0926713 2 23 3
255.439 0.0924226 0.0924226 2 23 3
254.939 0.0921737 0.0921737 2 23 3
254.44 0.0919247 0.0919247 2 23 3
253.94 0.0916756 0.0916756 2 23 3
253.44 0.0914264 0.0914264 2 23 3
252.94 0.091177 0.091177 2 23 3
252.44 0.0909275 0.0909275 2 23 3
251.94 0.0906779 0.0906779 2 23 3
251.44 0.0904281 0.0904281 2 23 3
250.94 0.0901781 0.0901781 2 23 3
250.44 0.0899281 0.0899281 2 23 3
249.94 0.0896779 0.0896779 2 23 3
249.44 0.0894275 0.0894275 2 23 3
248.94 0.089177 0.089177 2 23 3
248.44 0.0889264 0.0889264 2 23 3
247.94 0.0886755 0.0886755 2 23 3
247.44 0.0884246 0.0884246 2 23 3
246.94 0.0881735 0.0881735 2 23 3
246.44 0.0879222 0.0879222 2 23 3
245.94 0.0876708 0.0876708 2 23 3
245.44 0.0874192 0.0874192 2 23 3
244.94 0.0871674 0.0871674 2 23 3
244.44 0.0869155 0.0869155 2 23 3
243.94 0.0866633 0.0866633 2 23 3
243.44 0.0864111 0.0864111 2 23 3
242.94 0.0861586 0.0861586 2 23 3
242.44 0.085906 0.085906 2 23 3
241.941 0.0856532 0.0856532 2 23 3
241.441 0.0854002 0.0854002 2 23 3
240.941 0.085147 0.085147 2 23 3
240.441 0.0848937 0.0848937 2 23 3
239.941 0.0846401 0.0846401 2 23 3
239.441 0.0843864 0.0843864 2 23 3
238.941 0.0841324 0.0841324 2 23 3
238.441 0.0838783 0.0838783 2 23 3
237.941 0.083624 0.083624 2 23 3
237.441 0.0833694 0.0833694 2 23 3
236.941 0.0831147 0.0831147 2 23 3
236.441 0.0828597 0.0828597 2 23 3
235.941 0.0826046 0.0826046 2 23 3
235.441 0.0823492 0.0823492 2 23 3
234.941 0.0820936 0.0820936 2 23 3
234.441 0.0818378 0.0818378 2 23 3
233.941 0.0815817 0.0815817 2 23 3
233.441 0.0813255 0.0813255 2 23 3
232.941 0.081069 0.081069 2 23 3
232.441 0.0808122 0.0808122 2 23 3
231.941 0.0805553 0.0805553 2 23 3
231.442 0.080298 0.080298 2 23 3
230.942 0.0800406 0.0800406 2 23 3
230.442 0.0797829 0.0797829 2 23 3
229.942 0.0795249 0.0795249 2 23 3
229.442 0.0792667 0.0792667 2 23 3
228.942 0.0790083 0.0790083 2 23 3
228.442 0.0787495 0.0787495 2 23 3
227.942 0.0784906 0.0784906 2 23 3
227.442 0.0782313 0.0782313 2 23 3
226.942 0.0779718 0.0779718 2 23 3
226.442 0.0777119 0.0777119 2 23 3
225.942 0.0774519 0.0774519 2 23 3
225.442 0.0771915 0.0771915 2 23 3
224.942 0.0769308 0.0769308 2 23 3
224.442 0.0766698 0.0766698 2 23 3
223.942 0.0764086 0.0764086 2 23 3
223.442 0.076147 0.076147 2 23 3
222.942 0.0758851 0.0758851 2 23 3
222.443 0.075623 0.075623 2 23 3
221.943 0.0753605 0.0753605 2 23 3
221.443 0.0750976 0.0750976 2 23 3
220.943 0.0748345 0.0748345 2 23 3
220.443 0.074571 0.074571 2 23 3
219.943 0.0743072 0.0743072 2 23 3
219.443 0.074043 0.074043 2 23 3
218.943 0.0737785 0.0737785 2 23 3
218.443 0.0735137 0.0735137 2 23 3
218.443 0.0735137 0.0735137 2 23 3
218.403 0.0734921 0.0734921 2 23 3
218.363 0.0734709 0.0734709 2 23 3
218.283 0.0734285 0.0734285 2 23 3
218.123 0.0733436 0.0733436 2 23 3
217.803 0.0731739 0.0731739 2 23 3
217.303 0.0729084 0.0729084 2 23 3
216.803 0.0726424 0.0726424 2 23 3
216.303 0.0723759 0.0723759 2 23 3
215.803 0.0721091 0.0721091 2 23 3
215.303 0.0718419 0.0718419 2 23 3
214.804 0.0715743 0.0715743 2 23 3
214.304 0.0713063 0.0713063 2 23 3
213.804 0.0710379 0.0710379 2 23 3
213.304 0.070769 0.070769 2 23 3
212.804 0.0704998 0.0704998 2 23 3
212.304 0.0702301 0.0702301 2 23 3
211.804 0.06996 0.06996 2 23 3
211.304 0.0696894 0.0696894 2 23 3
210.804 0.0694184 0.0694184 2 23 3
210.304 0.0691469 0.0691469 2 23 3
209.804 0.068875 0.068875 2 23 3
209.304 0.0686026 0.0686026 2 23 3
208.804 0.0683296 0.0683296 2 23 3
208.304 0.0680562 0.0680562 2 23 3
207.805 0.0677823 0.0677823 2 23 3
207.305 0.0675079 0.0675079 2 23 3
206.805 0.067233 0.067233 2 23 3
206.305 0.0669575 0.0669575 2 23 3
205.805 0.0666815 0.0666815 2 23 3
205.305 0.066405 0.066405 2 23 3
204.805 0.0661278 0.0661278 2 23 3
204.305 0.0658502 0.0658502 2 23 3
203.805 0.0655719 0.0655719 2 23 3
203.305 0.065293 0.065293 2 23 3
202.805 0.0650136 0.0650136 2 23 3
202.306 0.0647335 0.0647335 2 23 3
201.806 0.0644528 0.0644528 2 23 3
201.306 0.0641714 0.0641714 2 23 3
200.806 0.0638894 0.0638894 2 23 3
200.306 0.0636067 0.0636067 2 23 3
199.806 0.0633234 0.0633234 2 23 3
199.306 0.0630393 0.0630393 2 23 3
198.806 0.0627546 0.0627546 2 23 3
198.306 0.0624691 0.0624691 2 23 3
197.806 0.0621829 0.0621829 2 23 3
197.306 0.0618959 0.0618959 2 23 3
196.807 0.0616081 0.0616081 2 23 3
196.307 0.0613196 0.0613196 2 23 3
195.807 0.0610302 0.0610302 2 23 3
195.307 0.0607401 0.0607401 2 23 3
194.807 0.060449 0.060449 2 23 3
194.307 0.0601572 0.0601572 2 23 3
193.807 0.0598644 0.0598644 2 23 3
193.307 0.0595707 0.0595707 2 23 3
192.807 0.0592761 0.0592761 2 23 3
192.308 0.0589805 0.0589805 2 23 3
191.808 0.058684 0.058684 2 23 3
191.308 0.0583865 0.0583865 2 23 3
190.808 0.0580879 0.0580879 2 23 3
190.308 0.0577883 0.0577883 2 23 3
189.808 0.0574876 0.0574876 2 23 3
189.308 0.0571858 0.0571858 2 23 3
188.808 0.0568828 0.0568828 2 23 3
188.309 0.0565787 0.0565787 2 23 3
187.809 0.0562734 0.0562734 2 23 3
187.309 0.0559669 0.0559669 2 23 3
186.809 0.0556591 0.0556591 2 23 3
186.309 0.0553499 0.0553499 2 23 3
185.809 0.0550395 0.0550395 2 23 3
185.309 0.0547276 0.0547276 2 23 3
184.809 0.0544143 0.0544143 2 23 3
184.31 0.0540995 0.0540995 2 23 3
183.81 0.0537832 0.0537832 2 23 3
183.31 0.0534653 0.0534653 2 23 3
182.81 0.0531458 0.0531458 2 23 3
182.31 0.0528246 0.0528246 2 23 3
181.81 0.0525017 0.0525017 2 23 3
181.311 0.052177 0.052177 2 23 3
180.811 0.0518504 0.0518504 2 23 3
180.311 0.0515218 0.0515218 2 23 3
179.811 0.0511913 0.0511913 2 23 3
179.311 0.0508586 0.0508586 2 23 3
178.811 0.0505238 0.0505238 2 23 3
178.312 0.0501867 0.0501867 2 23 3
177.812 0.0498473 0.0498473 2 23 3
177.312 0.0495054 0.0495054 2 23 3
176.812 0.0491609 0.0491609 2 23 3
176.312 0.0488138 0.0488138 2 23 3
175.813 0.0484638 0.0484638 2 23 3
175.313 0.0481109 0.0481109 2 23 3
174.813 0.0477549 0.0477549 2 23 3
174.313 0.0473956 0.0473956 2 23 3
173.813 0.047033 0.047033 2 23 3
173.314 0.0466667 0.0466667 2 23 3
172.814 0.0462966 0.0462966 2 23 3
172.314 0.0459225 0.0459225 2 23 3
171.814 0.045544 0.045544 2 23 3
171.315 0.0451611 0.0451611 2 23 3
170.815 0.0447732 0.0447732 2 23 3
170.315 0.0443802 0.0443802 2 23 3
169.815 0.0439816 0.0439816 2 23 3
169.316 0.043577 0.043577 2 23 3
168.816 0.0431659 0.0431659 2 23 3
168.316 0.0427478 0.0427478 2 23 3
167.817 0.042322 0.042322 2 23 3
167.317 0.0418879 0.0418879 2 23 3
166.817 0.0414446 0.0414446 2 23 3
166.318 0.0409911 0.0409911 2 23 3
165.818 0.0405262 0.0405262 2 23 3
165.319 0.0400485 0.0400485 2 23 3
164.819 0.0395564 0.0395564 2 23 3
164.319 0.0390475 0.0390475 2 23 3
163.82 0.0385193 0.0385193 2 23 3
163.321 0.0379443 0.0379443 2 23 3
162.821 0.0373602 0.0373602 2 23 3
162.322 0.0367396 0.0367396 2 23 3
161.823 0.0360712 0.0360712 2 23 3
161.324 0.0353366 0.0353366 2 23 3
160.826 0.0345013 0.0345013 2 23 3
160.328 0.0334851 0.0334851 2 23 3
159.834 0.0318832 0.0318832 2 23 3
159.774 0.0315061 0.0315061 2 23 3
159.737 0.0309471 0.0309471 2 23 3
159.738 0.0306951 0.0306951 2 23 3
159.74 0.0304516 0.0304516 2 23 3
159.774 0.03024 0.03024 2 23 3
159.801 0.0300529 0.0300529 2 23 3
159.841 0.0298395 0.0298395 2 23 3
159.904 0.029585 0.029585 2 23 3
159.998 0.029283 0.029283 2 23 3
160.14 0.0289253 0.0289253 2 23 3
160.354 0.0285019 0.0285019 2 23 3
160.676 0.0280026 0.0280026 2 23 3
161.159 0.0274175 0.0274175 2 23 3
161.658 0.0269344 0.0269344 2 23 3
162.158 0.0265256 0.0265256 2 23 3
162.657 0.0261689 0.0261689 2 23 3
163.157 0.0258514 0.0258514 2 23 3
163.656 0.0255649 0.0255649 2 23 3
164.156 0.0253034 0.0253034 2 23 3
164.656 0.025042 0.025042 2 23 3
165.156 0.0248222 0.0248222 2 23 3
165.655 0.0246171 0.0246171 2 23 3
166.155 0.0244247 0.0244247 2 23 3
166.655 0.0242436 0.0242436 2 23 3
167.155 0.0240727 0.0240727 2 23 3
167.655 0.0239109 0.0239109 2 23 3
168.155 0.0237574 0.0237574 2 23 3
168.654 0.0236114 0.0236114 2 23 3
169.154 0.0234723 0.0234723 2 23 3
169.654 0.0233395 0.0233395 2 23 3
170.154 0.0232125 0.0232125 2 23 3
170.654 0.023091 0.023091 2 23 3
171.154 0.0229744 0.0229744 2 23 3
171.654 0.0228625 0.0228625 2 23 3
172.154 0.022755 0.022755 2 23 3
172.654 0.0226516 0.0226516 2 23 3
173.153 0.0225519 0.0225519 2 23 3
173.653 0.0224559 0.0224559 2 23 3
174.153 0.0223633 0.0223633 2 23 3
174.653 0.0222739 0.0222739 2 23 3
175.153 0.0221875 0.0221875 2 23 3
175.653 0.022104 0.022104 2 23 3
176.153 0.0220232 0.0220232 2 23 3
176.653 0.021945 0.021945 2 23 3
177.153 0.0218692 0.0218692 2 23 3
177.653 0.0217958 0.0217958 2 23 3
178.153 0.0217246 0.0217246 2 23 3
178.653 0.0216555 0.0216555 2 23 3
179.153 0.0215885 0.0215885 2 23 3
179.653 0.0215235 0.0215235 2 23 3
180.153 0.0214603 0.0214603 2 23 3
180.652 0.0213988 0.0213988 2 23 3
181.152 0.0213391 0.0213391 2 23 3
181.652 0.0212811 0.0212811 2 23 3
182.152 0.0212246 0.0212246 2 23 3
182.652 0.0211697 0.0211697 2 23 3
183.152 0.0211162 0.0211162 2 23 3
183.652 0.0210641 0.0210641 2 23 3
184.152 0.0210134 0.0210134 2 23 3
184.652 0.020964 0.020964 2 23 3
185.152 0.0209158 0.0209158 2 23 3
185.652 0.0208689 0.0208689 2 23 3
186.152 0.0208231 0.0208231 2 23 3
186.652 0.0207785 0.0207785 2 23 3
187.152 0.020735 0.020735 2 23 3
187.652 0.0206925 0.0206925 2 23 3
188.152 0.0206511 0.0206511 2 23 3
188.652 0.0206107 0.0206107 2 23 3
189.152 0.0205712 0.0205712 2 23 3
189.652 0.0205327 0.0205327 2 23 3
190.152 0.020495 0.020495 2 23 3
190.652 0.0204583 0.0204583 2 23 3
191.152 0.0204224 0.0204224 2 23 3
191.652 0.0203873 0.0203873 2 23 3
192.152 0.0203531 0.0203531 2 23 3
192.652 0.0203196 0.0203196 2 23 3
193.151 0.0202869 0.0202869 2 23 3
193.651 0.0202549 0.0202549 2 23 3
193.651 0.0202549 0.0202549 2 23 3
193.611 0.0202581 0.0202581 2 23 3
193.571 0.0202607 0.0202607 2 23 3
193.491 0.0202658 0.0202658 2 23 3
193.331 0.020276 0.020276 2 23 3
193.012 0.0202965 0.0202965 2 23 3
192.512 0.0203291 0.0203291 2 23 3
192.012 0.0203626 0.0203626 2 23 3
191.512 0.0203971 0.0203971 2 23 3
191.012 0.0204324 0.0204324 2 23 3
190.512 0.0204685 0.0204685 2 23 3
190.012 0.0205055 0.0205055 2 23 3
189.512 0.0205434 0.0205434 2 23 3
189.012 0.0205822 0.0205822 2 23 3
188.512 0.020622 0.020622 2 23 3
188.012 0.0206627 0.0206627 2 23 3
187.512 0.0207044 0.0207044 2 23 3
187.012 0.0207471 0.0207471 2 23 3
186.512 0.020791 0.020791 2 23 3
186.012 0.0208359 0.0208359 2 23 3
185.512 0.020882 0.020882 2 23 3
185.012 0.0209293 0.0209293 2 23 3
184.512 0.0209778 0.0209778 2 23 3
184.012 0.0210275 0.0210275 2 23 3
183.512 0.0210786 0.0210786 2 23 3
183.012 0.0211311 0.0211311 2 23 3
182.512 0.021185 0.021185 2 23 3
182.012 0.0212404 0.0212404 2 23 3
181.512 0.0212973 0.0212973 2 23 3
181.012 0.0213558 0.0213558 2 23 3
180.512 0.021416 0.021416 2 23 3
180.013 0.0214779 0.0214779 2 23 3
179.513 0.0215417 0.0215417 2 23 3
179.013 0.0216073 0.0216073 2 23 3
178.513 0.0216749 0.0216749 2 23 3
178.013 0.0217445 0.0217445 2 23 3
177.513 0.0218163 0.0218163 2 23 3
177.013 0.0218904 0.0218904 2 23 3
176.513 0.0219669 0.0219669 2 23 3
176.013 0.0220458 0.0220458 2 23 3
175.513 0.0221274 0.0221274 2 23 3
175.013 0.0222117 0.0222117 2 23 3
174.513 0.022299 0.022299 2 23 3
174.013 0.0223893 0.0223893 2 23 3
173.513 0.0224829 0.0224829 2 23 3
173.013 0.0225799 0.0225799 2 23 3
172.514 0.0226806 0.0226806 2 23 3
172.014 0.0227852 0.0227852 2 23 3
171.514 0.022894 0.022894 2 23 3
171.014 0.0230073 0.0230073 2 23 3
170.514 0.0231253 0.0231253 2 23 3
170.014 0.0232484 0.0232484 2 23 3
169.514 0.023377 0.023377 2 23 3
169.014 0.0235117 0.0235117 2 23 3
168.514 0.0236529 0.0236529 2 23 3
168.015 0.0238011 0.0238011 2 23 3
167.515 0.0239571 0.0239571 2 23 3
167.015 0.0241217 0.0241217 2 23 3
166.515 0.0242957 0.0242957 2 23 3
166.015 0.0244804 0.0244804 2 23 3
165.515 0.0246769 0.0246769 2 23 3
165.016 0.024887 0.024887 2 23 3
164.516 0.0251124 0.0251124 2 23 3
164.016 0.0253559 0.0253559 2 23 3
163.517 0.0256205 0.0256205 2 23 3
163.017 0.025937 0.025937 2 23 3
162.517 0.0262646 0.0262646 2 23 3
162.018 0.0266348 0.0266348 2 23 3
161.519 0.0270626 0.0270626 2 23 3
161.02 0.0275747 0.0275747 2 23 3
160.521 0.0282271 0.0282271 2 23 3
160.024 0.0292123 0.0292123 2 23 3
159.78 0.0301905 0.0301905 2 23 3
159.748 0.0304784 0.0304784 2 23 3
159.768 0.0314287 0.0314287 2 23 3
159.816 0.0317774 0.0317774 2 23 3
159.866 0.0320413 0.0320413 2 23 3
159.942 0.0323591 0.0323591 2 23 3
160.056 0.032751 0.032751 2 23 3
160.229 0.0332357 0.0332357 2 23 3
160.488 0.0338394 0.0338394 2 23 3
160.878 0.0345967 0.0345967 2 23 3
161.376 0.0354191 0.0354191 2 23 3
161.875 0.0361444 0.0361444 2 23 3
162.374 0.0368066 0.0368066 2 23 3
162.873 0.0374228 0.0374228 2 23 3
163.373 0.0380035 0.0380035 2 23 3
163.872 0.0385557 0.0385557 2 23 3
164.372 0.0390846 0.0390846 2 23 3
164.871 0.0396135 0.0396135 2 23 3
165.371 0.040103 0.040103 2 23 3
165.87 0.0405785 0.0405785 2 23 3
166.37 0.0410415 0.0410415 2 23 3
166.869 0.0414935 0.0414935 2 23 3
167.369 0.0419355 0.0419355 2 23 3
167.869 0.0423684 0.0423684 2 23 3
168.368 0.0427931 0.0427931 2 23 3
168.868 0.0432103 0.0432103 2 23 3
169.368 0.0436205 0.0436205 2 23 3
169.867 0.0440243 0.0440243 2 23 3
170.367 0.0444222 0.0444222 2 23 3
170.867 0.0448146 0.0448146 2 23 3
171.367 0.0452019 0.0452019 2 23 3
171.866 0.0455843 0.0455843 2 23 3
172.366 0.0459622 0.0459622 2 23 3
172.866 0.0463359 0.0463359 2 23 3
173.366 0.0467055 0.0467055 2 23 3
173.865 0.0470714 0.0470714 2 23 3
174.365 0.0474336 0.0474336 2 23 3
174.865 0.0477925 0.0477925 2 23 3
175.365 0.0481482 0.0481482 2 23 3
175.865 0.0485007 0.0485007 2 23 3
176.364 0.0488504 0.0488504 2 23 3
176.864 0.0491972 0.0491972 2 23 3
177.364 0.0495414 0.0495414 2 23 3
177.864 0.049883 0.049883 2 23 3
178.364 0.0502222 0.0502222 2 23 3
178.864 0.050559 0.050559 2 23 3
179.363 0.0508936 0.0508936 2 23 3
179.863 0.051226 0.051226 2 23 3
180.363 0.0515563 0.0515563 2 23 3
180.863 0.0518847 0.0518847 2 23 3
181.363 0.0522111 0.0522111 2 23 3
181.863 0.0525356 0.0525356 2 23 3
182.362 0.0528583 0.0528583 2 23 3
182.862 0.0531793 0.0531793 2 23 3
183.362 0.0534987 0.0534987 2 23 3
183.862 0.0538164 0.0538164 2 23 3
184.362 0.0541325 0.0541325 2 23 3
184.862 0.0544471 0.0544471 2 23 3
185.361 0.0547603 0.0547603 2 23 3
185.861 0.055072 0.055072 2 23 3
186.361 0.0553823 0.0553823 2 23 3
186.861 0.0556913 0.0556913 2 23 3
187.361 0.055999 0.055999 2 23 3
187.861 0.0563054 0.0563054 2 23 3
188.361 0.0566106 0.0566106 2 23 3
188.861 0.0569146 0.0569146 2 23 3
189.36 0.0572174 0.0572174 2 23 3
189.86 0.0575191 0.0575191 2 23 3
190.36 0.0578196 0.0578196 2 23 3
190.86 0.0581191 0.0581191 2 23 3
191.36 0.0584176 0.0584176 2 23 3
191.86 0.058715 0.058715 2 23 3
192.36 0.0590115 0.0590115 2 23 3
192.86 0.0593069 0.0593069 2 23 3
193.359 0.0596014 0.0596014 2 23 3
193.859 0.059895 0.059895 2 23 3
194.359 0.0601877 0.0601877 2 23 3
194.859 0.0604795 0.0604795 2 23 3
195.359 0.0607704 0.0607704 2 23 3
195.859 0.0610605 0.0610605 2 23 3
196.359 0.0613498 0.0613498 2 23 3
196.859 0.0616382 0.0616382 2 23 3
197.359 0.0619259 0.0619259 2 23 3
197.859 0.0622128 0.0622128 2 23 3
198.358 0.0624989 0.0624989 2 23 3
198.858 0.0627844 0.0627844 2 23 3
199.358 0.063069 0.063069 2 23 3
199.858 0.063353 0.063353 2 23 3
200.358 0.0636363 0.0636363 2 23 3
200.858 0.0639189 0.0639189 2 23 3
201.358 0.0642008 0.0642008 2 23 3
201.858 0.0644821 0.0644821 2 23 3
202.358 0.0647628 0.0647628 2 23 3
202.858 0.0650428 0.0650428 2 23 3
203.357 0.0653222 0.0653222 2 23 3
203.857 0.065601 0.065601 2 23 3
204.357 0.0658792 0.0658792 2 23 3
204.857 0.0661568 0.0661568 2 23 3
205.357 0.0664339 0.0664339 2 23 3
205.857 0.0667104 0.0667104 2 23 3
206.357 0.0669863 0.0669863 2 23 3
206.857 0.0672617 0.0672617 2 23 3
207.357 0.0675366 0.0675366 2 23 3
207.857 0.067811 0.067811 2 23 3
208.357 0.0680848 0.0680848 2 23 3
208.857 0.0683582 0.0683582 2 23 3
209.356 0.068631 0.068631 2 23 3
209.856 0.0689034 0.0689034 2 23 3
210.356 0.0691753 0.0691753 2 23 3
210.856 0.0694467 0.0694467 2 23 3
211.356 0.0697177 0.0697177 2 23 3
211.856 0.0699882 0.0699882 2 23 3
212.356 0.0702583 0.0702583 2 23 3
212.856 0.0705279 0.0705279 2 23 3
213.356 0.0707971 0.0707971 2 23 3
213.856 0.0710659 0.0710659 2 23 3
214.356 0.0713343 0.0713343 2 23 3
214.856 0.0716022 0.0716022 2 23 3
215.356 0.0718698 0.0718698 2 23 3
215.856 0.072137 0.072137 2 23 3
216.355 0.0724038 0.0724038 2 23 3
216.855 0.0726702 0.0726702 2 23 3
217.355 0.0729362 0.0729362 2 23 3
217.855 0.0732018 0.0732018 2 23 3
218.355 0.0734671 0.0734671 2 23 3
218.855 0.073732 0.073732 2 23 3
219.355 0.0739966 0.0739966 2 23 3
219.855 0.0742608 0.0742608 2 23 3
193.651 0.0202549 0.0202549 2 23 3
193.691 0.0202531 0.0202531 2 23 3
193.731 0.0202506 0.0202506 2 23 3
193.811 0.0202455 0.0202455 2 23 3
193.971 0.0202355 0.0202355 2 23 3
194.291 0.0202155 0.0202155 2 23 3
194.791 0.0201847 0.0201847 2 23 3
195.291 0.0201549 0.0201549 2 23 3
195.791 0.0201258 0.0201258 2 23 3
196.291 0.0200974 0.0200974 2 23 3
196.791 0.0200696 0.0200696 2 23 3
197.291 0.0200424 0.0200424 2 23 3
197.791 0.0200158 0.0200158 2 23 3
198.291 0.0199898 0.0199898 2 23 3
198.791 0.0199643 0.0199643 2 23 3
199.291 0.0199394 0.0199394 2 23 3
199.791 0.019915 0.019915 2 23 3
200.291 0.0198911 0.0198911 2 23 3
200.791 0.0198677 0.0198677 2 23 3
201.291 0.0198448 0.0198448 2 23 3
201.791 0.0198225 0.0198225 2 23 3
202.291 0.0198005 0.0198005 2 23 3
202.791 0.0197791 0.0197791 2 23 3
203.291 0.019758 0.019758 2 23 3
203.791 0.0197375 0.0197375 2 23 3
204.291 0.0197173 0.0197173 2 23 3
204.791 0.0196976 0.0196976 2 23 3
205.291 0.0196782 0.0196782 2 23 3
205.791 0.0196593 0.0196593 2 23 3
206.291 0.0196408 0.0196408 2 23 3
206.791 0.0196226 0.0196226 2 23 3
207.291 0.0196049 0.0196049 2 23 3
207.791 0.0195874 0.0195874 2 23 3
208.291 0.0195704 0.0195704 2 23 3
208.791 0.0195537 0.0195537 2 23 3
209.291 0.0195373 0.0195373 2 23 3
209.791 0.0195213 0.0195213 2 23 3
210.291 0.0195056 0.0195056 2 23 3
210.791 0.0194902 0.0194902 2 23 3
211.291 0.0194751 0.0194751 2 23 3
211.791 0.0194604 0.0194604 2 23 3
212.291 0.0194459 0.0194459 2 23 3
212.791 0.0194318 0.0194318 2 23 3
213.291 0.0194179 0.0194179 2 23 3
213.791 0.0194043 0.0194043 2 23 3
214.29 0.019391 0.019391 2 23 3
214.79 0.019378 0.019378 2 23 3
215.29 0.0193652 0.0193652 2 23 3
215.79 0.0193527 0.0193527 2 23 3
216.29 0.0193404 0.0193404 2 23 3
216.79 0.0193284 0.0193284 2 23 3
217.29 0.0193167 0.0193167 2 23 3
217.79 0.0193052 0.0193052 2 23 3
218.29 0.0192939 0.0192939 2 23 3
218.79 0.0192828 0.0192828 2 23 3
219.29 0.019272 0.019272 2 23 3
219.79 0.0192614 0.0192614 2 23 3
220.29 0.0192511 0.0192511 2 23 3
220.79 0.0192409 0.0192409 2 23 3
221.29 0.019231 0.019231 2 23 3
221.79 0.0192212 0.0192212 2 23 3
222.29 0.0192117 0.0192117 2 23 3
222.79 0.0192024 0.0192024 2 23 3
223.29 0.0191932 0.0191932 2 23 3
223.79 0.0191843 0.0191843 2 23 3
224.29 0.0191755 0.0191755 2 23 3
224.79 0.019167 0.019167 2 23 3
225.29 0.0191586 0.0191586 2 23 3
225.79 0.0191504 0.0191504 2 23 3
226.29 0.0191424 0.0191424 2 23 3
226.79 0.0191345 0.0191345 2 23 3
227.29 0.0191268 0.0191268 2 23 3
227.79 0.0191193 0.0191193 2 23 3
228.29 0.019112 0.019112 2 23 3
228.79 0.0191048 0.0191048 2 23 3
229.29 0.0190977 0.0190977 2 23 3
229.79 0.0190908 0.0190908 2 23 3
230.29 0.0190841 0.0190841 2 23 3
230.79 0.0190775 0.0190775 2 23 3
231.29 0.0190711 0.0190711 2 23 3
231.79 0.0190648 0.0190648 2 23 3
232.29 0.0190587 0.0190587 2 23 3
232.79 0.0190527 0.0190527 2 23 3
233.29 0.0190468 0.0190468 2 23 3
233.79 0.0190411 0.0190411 2 23 3
234.29 0.0190355 0.0190355 2 23 3
234.79 0.0190301 0.0190301 2 23 3
235.29 0.0190247 0.0190247 2 23 3
235.79 0.0190195 0.0190195 2 23 3
236.29 0.0190145 0.0190145 2 23 3
236.79 0.0190095 0.0190095 2 23 3
237.29 0.0190047 0.0190047 2 23 3
237.79 0.019 0.019 2 23 3
238.29 0.0189954 0.0189954 2 23 3
238.79 0.0189909 0.0189909 2 23 3
239.29 0.0189865 0.0189865 2 23 3
239.79 0.0189823 0.0189823 2 23 3
240.29 0.0189781 0.0189781 2 23 3
240.79 0.0189741 0.0189741 2 23 3
241.29 0.0189701 0.0189701 2 23 3
241.79 0.0189663 0.0189663 2 23 3
242.29 0.0189626 0.0189626 2 23 3
242.79 0.018959 0.018959 2 23 3
243.29 0.0189554 0.0189554 2 23 3
243.79 0.018952 0.018952 2 23 3
244.29 0.0189487 0.0189487 2 23 3
244.79 0.0189454 0.0189454 2 23 3
245.29 0.0189423 0.0189423 2 23 3
245.79 0.0189392 0.0189392 2 23 3
246.29 0.0189363 0.0189363 2 23 3
246.79 0.0189334 0.0189334 2 23 3
247.289 0.0189306 0.0189306 2 23 3
247.789 0.0189279 0.0189279 2 23 3
248.289 0.0189253 0.0189253 2 23 3
248.789 0.0189228 0.0189228 2 23 3
249.289 0.0189204 0.0189204 2 23 3
249.789 0.018918 0.018918 2 23 3
250.289 0.0189157 0.0189157 2 23 3
250.789 0.0189135 0.0189135 2 23 3
251.289 0.0189114 0.0189114 2 23 3
251.789 0.0189093 0.0189093 2 23 3
252.289 0.0189074 0.0189074 2 23 3
252.789 0.0189055 0.0189055 2 23 3
253.289 0.0189036 0.0189036 2 23 3
253.789 0.0189019 0.0189019 2 23 3
254.289 0.0189002 0.0189002 2 23 3
254.789 0.0188986 0.0188986 2 23 3
255.289 0.018897 0.018897 2 23 3
255.789 0.0188956 0.0188956 2 23 3
256.289 0.0188942 0.0188942 2 23 3
256.789 0.0188928 0.0188928 2 23 3
257.289 0.0188915 0.0188915 2 23 3
257.789 0.0188903 0.0188903 2 23 3
258.289 0.0188892 0.0188892 2 23 3
258.789 0.0188881 0.0188881 2 23 3
259.289 0.018887 0.018887 2 23 3
259.789 0.0188861 0.0188861 2 23 3
260.289 0.0188852 0.0188852 2 23 3
260.789 0.0188843 0.0188843 2 23 3
261.289 0.0188835 0.0188835 2 23 3
261.789 0.0188828 0.0188828 2 23 3
262.289 0.0188821 0.0188821 2 23 3
262.789 0.0188815 0.0188815 2 23 3
263.289 0.0188809 0.0188809 2 23 3
263.789 0.0188804 0.0188804 2 23 3
264.289 0.0188799 0.0188799 2 23 3
264.789 0.0188795 0.0188795 2 23 3
265.289 0.0188792 0.0188792 2 23 3
265.789 0.0188789 0.0188789 2 23 3
266.289 0.0188786 0.0188786 2 23 3
266.789 0.0188784 0.0188784 2 23 3
267.289 0.0188782 0.0188782 2 23 3
267.789 0.0188781 0.0188781 2 23 3
268.289 0.018878 0.018878 2 23 3
268.789 0.018878 0.018878 2 23 3
269.289 0.0188781 0.0188781 2 23 3
269.789 0.0188781 0.0188781 2 23 3
270.289 0.0188782 0.0188782 2 23 3
270.789 0.0188784 0.0188784 2 23 3
271.289 0.0188786 0.0188786 2 23 3
271.789 0.0188788 0.0188788 2 23 3
272.289 0.0188791 0.0188791 2 23 3
272.789 0.0188795 0.0188795 2 23 3
273.289 0.0188798 0.0188798 2 23 3
273.789 0.0188802 0.0188802 2 23 3
274.289 0.0188807 0.0188807 2 23 3
274.789 0.0188812 0.0188812 2 23 3
275.289 0.0188817 0.0188817 2 23 3
275.789 0.0188823 0.0188823 2 23 3
276.289 0.0188829 0.0188829 2 23 3
276.789 0.0188835 0.0188835 2 23 3
277.289 0.0188842 0.0188842 2 23 3
277.789 0.0188849 0.0188849 2 23 3
278.289 0.0188857 0.0188857 2 23 3
278.789 0.0188864 0.0188864 2 23 3
279.289 0.0188873 0.0188873 2 23 3
279.789 0.0188881 0.0188881 2 23 3
280.289 0.018889 0.018889 2 23 3
280.789 0.0188899 0.0188899 2 23 3
281.289 0.0188909 0.0188909 2 23 3
281.789 0.0188918 0.0188918 2 23 3
282.289 0.0188929 0.0188929 2 23 3
282.789 0.0188939 0.0188939 2 23 3
283.289 0.018895 0.018895 2 23 3
283.789 0.0188961 0.0188961 2 23 3
284.289 0.0188972 0.0188972 2 23 3
284.789 0.0188984 0.0188984 2 23 3
285.289 0.0188996 0.0188996 2 23 3
285.789 0.0189008 0.0189008 2 23 3
286.289 0.0189021 0.0189021 2 23 3
286.789 0.0189034 0.0189034 2 23 3
287.289 0.0189047 0.0189047 2 23 3
287.789 0.018906 0.018906 2 23 3
288.289 0.0189074 0.0189074 2 23 3
288.789 0.0189088 0.0189088 2 23 3
289.289 0.0189102 0.0189102 2 23 3
289.789 0.0189116 0.0189116 2 23 3
290.289 0.0189131 0.0189131 2 23 3
290.789 0.0189146 0.0189146 2 23 3
291.289 0.0189161 0.0189161 2 23 3
291.289 0.0189161 0.0189161 2 23 3
291.329 0.0189162 0.0189162 2 23 3
291.369 0.0189164 0.0189164 2 23 3
291.449 0.0189166 0.0189166 2 23 3
291.609 0.0189171 0.0189171 2 23 3
291.929 0.0189181 0.0189181 2 23 3
292.429 0.0189197 0.0189197 2 23 3
292.929 0.0189212 0.0189212 2 23 3
293.429 0.0189229 0.0189229 2 23 3
293.929 0.0189245 0.0189245 2 23 3
294.428 0.0189262 0.0189262 2 23 3
294.928 0.0189279 0.0189279 2 23 3
295.428 0.0189296 0.0189296 2 23 3
295.928 0.0189313 0.0189313 2 23 3
296.428 0.018933 0.018933 2 23 3
296.928 0.0189348 0.0189348 2 23 3
297.428 0.0189366 0.0189366 2 23 3
297.928 0.0189384 0.0189384 2 23 3
298.428 0.0189403 0.0189403 2 23 3
298.928 0.0189421 0.0189421 2 23 3
299.428 0.018944 0.018944 2 23 3
299.928 0.0189459 0.0189459 2 23 3
300.428 0.0189478 0.0189478 2 23 3
300.928 0.0189497 0.0189497 2 23 3
301.428 0.0189517 0.0189517 2 23 3
301.928 0.0189537 0.0189537 2 23 3
302.428 0.0189556 0.0189556 2 23 3
302.928 0.0189577 0.0189577 2 23 3
303.428 0.0189597 0.0189597 2 23 3
303.928 0.0189617 0.0189617 2 23 3
304.428 0.0189638 0.0189638 2 23 3
304.928 0.0189658 0.0189658 2 23 3
305.428 0.0189679 0.0189679 2 23 3
305.928 0.01897 0.01897 2 23 3
306.428 0.0189722 0.0189722 2 23 3
306.928 0.0189743 0.0189743 2 23 3
307.428 0.0189765 0.0189765 2 23 3
307.928 0.0189786 0.0189786 2 23 3
308.428 0.0189808 0.0189808 2 23 3
308.928 0.018983 0.018983 2 23 3
309.428 0.0189852 0.0189852 2 23 3
309.928 0.0189875 0.0189875 2 23 3
310.428 0.0189897 0.0189897 2 23 3
310.928 0.018992 0.018992 2 23 3
311.428 0.0189942 0.0189942 2 23 3
311.928 0.0189965 0.0189965 2 23 3
312.428 0.0189988 0.0189988 2 23 3
312.928 0.0190011 0.0190011 2 23 3
313.428 0.0190035 0.0190035 2 23 3
313.928 0.0190058 0.0190058 2 23 3
314.428 0.0190082 0.0190082 2 23 3
314.928 0.0190105 0.0190105 2 23 3
315.428 0.0190129 0.0190129 2 23 3
315.928 0.0190153 0.0190153 2 23 3
316.428 0.0190177 0.0190177 2 23 3
316.928 0.0190201 0.0190201 2 23 3
317.428 0.0190225 0.0190225 2 23 3
317.928 0.019025 0.019025 2 23 3
318.428 0.0190274 0.0190274 2 23 3
318.928 0.0190299 0.0190299 2 23 3
319.428 0.0190324 0.0190324 2 23 3
319.928 0.0190349 0.0190349 2 23 3
320.428 0.0190373 0.0190373 2 23 3
320.928 0.0190399 0.0190399 2 23 3
321.428 0.0190424 0.0190424 2 23 3
321.928 0.0190449 0.0190449 2 23 3
322.428 0.0190474 0.0190474 2 23 3
322.928 0.01905 0.01905 2 23 3
323.428 0.0190525 0.0190525 2 23 3
323.928 0.0190551 0.0190551 2 23 3
324.428 0.0190577 0.0190577 2 23 3
324.928 0.0190603 0.0190603 2 23 3
325.428 0.0190628 0.0190628 2 23 3
325.928 0.0190655 0.0190655 2 23 3
326.428 0.0190681 0.0190681 2 23 3
326.928 0.0190707 0.0190707 2 23 3
327.428 0.0190733 0.0190733 2 23 3
327.928 0.0190759 0.0190759 2 23 3
328.428 0.0190786 0.0190786 2 23 3
328.928 0.0190813 0.0190813 2 23 3
329.428 0.0190839 0.0190839 2 23 3
329.928 0.0190866 0.0190866 2 23 3
330.428 0.0190893 0.0190893 2 23 3
330.928 0.019092 0.019092 2 23 3
331.428 0.0190946 0.0190946 2 23 3
331.928 0.0190973 0.0190973 2 23 3
332.428 0.0191001 0.0191001 2 23 3
332.928 0.0191028 0.0191028 2 23 3
333.428 0.0191055 0.0191055 2 23 3
333.928 0.0191082 0.0191082 2 23 3
334.428 0.019111 0.019111 2 23 3
334.928 0.0191137 0.0191137 2 23 3
335.428 0.0191165 0.0191165 2 23 3
335.928 0.0191192 0.0191192 2 23 3
336.428 0.019122 0.019122 2 23 3
336.928 0.0191248 0.0191248 2 23 3
337.428 0.0191275 0.0191275 2 23 3
337.928 0.0191303 0.0191303 2 23 3
338.428 0.0191331 0.0191331 2 23 3
338.928 0.0191359 0.0191359 2 23 3
339.428 0.0191387 0.0191387 2 23 3
339.928 0.0191415 0.0191415 2 23 3
340.428 0.0191443 0.0191443 2 23 3
340.928 0.0191472 0.0191472 2 23 3
341.428 0.01915 0.01915 2 23 3
341.928 0.0191528 0.0191528 2 23 3
342.428 0.0191556 0.0191556 2 23 3
342.928 0.0191585 0.0191585 2 23 3
343.428 0.0191613 0.0191613 2 23 3
343.928 0.0191642 0.0191642 2 23 3
344.428 0.019167 0.019167 2 23 3
344.928 0.0191699 0.0191699 2 23 3
345.428 0.0191728 0.0191728 2 23 3
345.928 0.0191756 0.0191756 2 23 3
346.428 0.0191785 0.0191785 2 23 3
346.928 0.0191814 0.0191814 2 23 3
347.428 0.0191843 0.0191843 2 23 3
347.928 0.0191872 0.0191872 2 23 3
348.428 0.0191901 0.0191901 2 23 3
348.928 0.019193 0.019193 2 23 3
349.428 0.0191959 0.0191959 2 23 3
349.928 0.0191988 0.0191988 2 23 3
350.428 0.0192017 0.0192017 2 23 3
350.928 0.0192046 0.0192046 2 23 3
351.428 0.0192075 0.0192075 2 23 3
351.928 0.0192104 0.0192104 2 23 3
352.428 0.0192133 0.0192133 2 23 3
352.928 0.0192163 0.0192163 2 23 3
353.428 0.0192192 0.0192192 2 23 3
353.928 0.0192221 0.0192221 2 23 3
354.428 0.0192251 0.0192251 2 23 3
354.928 0.019228 0.019228 2 23 3
355.428 0.019231 0.019231 2 23 3
355.928 0.0192339 0.0192339 2 23 3
356.428 0.0192369 0.0192369 2 23 3
356.928 0.0192398 0.0192398 2 23 3
357.427 0.0192428 0.0192428 2 23 3
357.927 0.0192457 0.0192457 2 23 3
358.427 0.0192487 0.0192487 2 23 3
358.927 0.0192517 0.0192517 2 23 3
359.427 0.0192546 0.0192546 2 23 3
359.927 0.0192576 0.0192576 2 23 3
360.427 0.0192606 0.0192606 2 23 3
360.927 0.0192635 0.0192635 2 23 3
361.427 0.0192665 0.0192665 2 23 3
361.927 0.0192695 0.0192695 2 23 3
362.427 0.0192725 0.0192725 2 23 3
362.927 0.0192755 0.0192755 2 23 3
363.427 0.0192785 0.0192785 2 23 3
363.927 0.0192815 0.0192815 2 23 3
364.427 0.0192844 0.0192844 2 23 3
364.927 0.0192874 0.0192874 2 23 3
365.427 0.0192904 0.0192904 2 23 3
365.927 0.0192934 0.0192934 2 23 3
366.427 0.0192964 0.0192964 2 23 3
366.927 0.0192994 0.0192994 2 23 3
367.427 0.0193024 0.0193024 2 23 3
367.927 0.0193054 0.0193054 2 23 3
368.427 0.0193085 0.0193085 2 23 3
368.927 0.0193115 0.0193115 2 23 3
369.427 0.0193145 0.0193145 2 23 3
369.927 0.0193175 0.0193175 2 23 3
370.427 0.0193205 0.0193205 2 23 3
370.927 0.0193235 0.0193235 2 23 3
371.427 0.0193265 0.0193265 2 23 3
371.927 0.0193295 0.0193295 2 23 3
372.427 0.0193326 0.0193326 2 23 3
372.927 0.0193356 0.0193356 2 23 3
373.427 0.0193386 0.0193386 2 23 3
373.927 0.0193416 0.0193416 2 23 3
374.427 0.0193446 0.0193446 2 23 3
374.927 0.0193477 0.0193477 2 23 3
375.427 0.0193507 0.0193507 2 23 3
375.927 0.0193537 0.0193537 2 23 3
376.427 0.0193568 0.0193568 2 23 3
376.927 0.0193598 0.0193598 2 23 3
377.427 0.0193628 0.0193628 2 23 3
377.927 0.0193658 0.0193658 2 23 3
378.427 0.0193689 0.0193689 2 23 3
378.927 0.0193719 0.0193719 2 23 3
379.427 0.0193749 0.0193749 2 23 3
379.927 0.019378 0.019378 2 23 3
380.427 0.019381 0.019381 2 23 3
380.927 0.019384 0.019384 2 23 3
381.427 0.0193871 0.0193871 2 23 3
381.927 0.0193901 0.0193901 2 23 3
382.427 0.0193931 0.0193931 2 23 3
382.927 0.0193962 0.0193962 2 23 3
383.427 0.0193992 0.0193992 2 23 3
383.927 0.0194022 0.0194022 2 23 3
384.427 0.0194053 0.0194053 2 23 3
384.927 0.0194083 0.0194083 2 23 3
385.427 0.0194114 0.0194114 2 23 3
385.927 0.0194144 0.0194144 2 23 3
386.427 0.0194174 0.0194174 2 23 3
386.927 0.0194205 0.0194205 2 23 3
387.427 0.0194235 0.0194235 2 23 3
387.927 0.0194265 0.0194265 2 23 3
388.427 0.0194296 0.0194296 2 23 3
388.927 0.0194326 0.0194326 2 23 3
388.927 0.0194326 0.0194326 2 23 3
388.967 0.0194329 0.0194329 2 23 3
389.007 0.0194331 0.0194331 2 23 3
389.087 0.0194336 0.0194336 2 23 3
389.247 0.0194346 0.0194346 2 23 3
389.567 0.0194365 0.0194365 2 23 3
390.067 0.0194395 0.0194395 2 23 3
390.567 0.0194426 0.0194426 2 23 3
391.067 0.0194456 0.0194456 2 23 3
391.567 0.0194487 0.0194487 2 23 3
392.067 0.0194517 0.0194517 2 23 3
392.567 0.0194547 0.0194547 2 23 3
393.067 0.0194578 0.0194578 2 23 3
393.567 0.0194608 0.0194608 2 23 3
394.067 0.0194638 0.0194638 2 23 3
394.567 0.0194669 0.0194669 2 23 3
395.067 0.0194699 0.0194699 2 23 3
395.567 0.0194729 0.0194729 2 23 3
396.067 0.019476 0.019476 2 23 3
396.567 0.019479 0.019479 2 23 3
397.067 0.019482 0.019482 2 23 3
397.567 0.0194851 0.0194851 2 23 3
398.067 0.0194881 0.0194881 2 23 3
398.567 0.0194911 0.0194911 2 23 3
399.067 0.0194942 0.0194942 2 23 3
399.567 0.0194972 0.0194972 2 23 3
400.067 0.0195002 0.0195002 2 23 3
400.567 0.0195033 0.0195033 2 23 3
401.067 0.0195063 0.0195063 2 23 3
401.567 0.0195093 0.0195093 2 23 3
402.067 0.0195124 0.0195124 2 23 3
402.567 0.0195154 0.0195154 2 23 3
403.067 0.0195184 0.0195184 2 23 3
403.567 0.0195214 0.0195214 2 23 3
404.067 0.0195245 0.0195245 2 23 3
404.567 0.0195275 0.0195275 2 23 3
405.067 0.0195305 0.0195305 2 23 3
405.567 0.0195335 0.0195335 2 23 3
406.067 0.0195365 0.0195365 2 23 3
406.567 0.0195396 0.0195396 2 23 3
407.067 0.0195426 0.0195426 2 23 3
407.567 0.0195456 0.0195456 2 23 3
408.067 0.0195486 0.0195486 2 23 3
408.567 0.0195516 0.0195516 2 23 3
409.067 0.0195546 0.0195546 2 23 3
409.567 0.0195577 0.0195577 2 23 3
410.067 0.0195607 0.0195607 2 23 3
410.567 0.0195637 0.0195637 2 23 3
411.067 0.0195667 0.0195667 2 23 3
411.567 0.0195697 0.0195697 2 23 3
412.067 0.0195727 0.0195727 2 23 3
412.567 0.0195757 0.0195757 2 23 3
413.067 0.0195787 0.0195787 2 23 3
413.567 0.0195817 0.0195817 2 23 3
414.067 0.0195847 0.0195847 2 23 3
414.567 0.0195877 0.0195877 2 23 3
415.067 0.0195907 0.0195907 2 23 3
415.567 0.0195937 0.0195937 2 23 3
416.067 0.0195967 0.0195967 2 23 3
416.567 0.0195997 0.0195997 2 23 3
417.067 0.0196027 0.0196027 2 23 3
417.567 0.0196057 0.0196057 2 23 3
418.067 0.0196087 0.0196087 2 23 3
418.567 0.0196117 0.0196117 2 23 3
419.067 0.0196147 0.0196147 2 23 3
419.567 0.0196177 0.0196177 2 23 3
420.067 0.0196207 0.0196207 2 23 3
420.567 0.0196237 0.0196237 2 23 3
421.067 0.0196267 0.0196267 2 23 3
421.567 0.0196296 0.0196296 2 23 3
422.067 0.0196326 0.0196326 2 23 3
422.567 0.0196356 0.0196356 2 23 3
423.067 0.0196386 0.0196386 2 23 3
423.567 0.0196416 0.0196416 2 23 3
424.067 0.0196445 0.0196445 2 23 3
424.567 0.0196475 0.0196475 2 23 3
425.067 0.0196505 0.0196505 2 23 3
425.567 0.0196534 0.0196534 2 23 3
426.067 0.0196564 0.0196564 2 23 3
426.567 0.0196594 0.0196594 2 23 3
427.067 0.0196624 0.0196624 2 23 3
427.567 0.0196653 0.0196653 2 23 3
428.067 0.0196683 0.0196683 2 23 3
428.567 0.0196712 0.0196712 2 23 3
429.067 0.0196742 0.0196742 2 23 3
429.567 0.0196772 0.0196772 2 23 3
430.067 0.0196801 0.0196801 2 23 3
430.567 0.0196831 0.0196831 2 23 3
431.067 0.019686 0.019686 2 23 3
431.567 0.019689 0.019689 2 23 3
432.067 0.0196919 0.0196919 2 23 3
432.567 0.0196949 0.0196949 2 23 3
433.067 0.0196978 0.0196978 2 23 3
433.567 0.0197008 0.0197008 2 23 3
434.067 0.0197037 0.0197037 2 23 3
434.567 0.0197066 0.0197066 2 23 3
435.067 0.0197096 0.0197096 2 23 3
435.567 0.0197125 0.0197125 2 23 3
436.067 0.0197155 0.0197155 2 23 3
436.566 0.0197184 0.0197184 2 23 3
437.066 0.0197213 0.0197213 2 23 3
437.566 0.0197242 0.0197242 2 23 3
438.066 0.0197272 0.0197272 2 23 3
438.566 0.0197301 0.0197301 2 23 3
439.066 0.019733 0.019733 2 23 3
439.566 0.0197359 0.0197359 2 23 3
440.066 0.0197389 0.0197389 2 23 3
440.566 0.0197418 0.0197418 2 23 3
441.066 0.0197447 0.0197447 2 23 3
441.566 0.0197476 0.0197476 2 23 3
442.066 0.0197505 0.0197505 2 23 3
442.566 0.0197534 0.0197534 2 23 3
443.066 0.0197563 0.0197563 2 23 3
443.566 0.0197593 0.0197593 2 23 3
444.066 0.0197622 0.0197622 2 23 3
444.566 0.0197651 0.0197651 2 23 3
445.066 0.019768 0.019768 2 23 3
445.566 0.0197709 0.0197709 2 23 3
446.066 0.0197738 0.0197738 2 23 3
446.566 0.0197767 0.0197767 2 23 3
447.066 0.0197795 0.0197795 2 23 3
447.566 0.0197824 0.0197824 2 23 3
448.066 0.0197853 0.0197853 2 23 3
448.566 0.0197882 0.0197882 2 23 3
449.066 0.0197911 0.0197911 2 23 3
449.566 0.019794 0.019794 2 23 3
450.066 0.0197969 0.0197969 2 23 3
450.566 0.0197997 0.0197997 2 23 3
451.066 0.0198026 0.0198026 2 23 3
451.566 0.0198055 0.0198055 2 23 3
452.066 0.0198084 0.0198084 2 23 3
452.566 0.0198112 0.0198112 2 23 3
453.066 0.0198141 0.0198141 2 23 3
453.566 0.019817 0.019817 2 23 3
454.066 0.0198198 0.0198198 2 23 3
454.566 0.0198227 0.0198227 2 23 3
455.066 0.0198255 0.0198255 2 23 3
455.566 0.0198284 0.0198284 2 23 3
456.066 0.0198313 0.0198313 2 23 3
456.566 0.0198341 0.0198341 2 23 3
457.066 0.019837 0.019837 2 23 3
457.566 0.0198398 0.0198398 2 23 3
458.066 0.0198427 0.0198427 2 23 3
458.566 0.0198455 0.0198455 2 23 3
459.066 0.0198483 0.0198483 2 23 3
459.566 0.0198512 0.0198512 2 23 3
460.066 0.019854 0.019854 2 23 3
460.566 0.0198569 0.0198569 2 23 3
461.066 0.0198597 0.0198597 2 23 3
461.566 0.0198625 0.0198625 2 23 3
462.066 0.0198653 0.0198653 2 23 3
462.566 0.0198682 0.0198682 2 23 3
463.066 0.019871 0.019871 2 23 3
463.566 0.0198738 0.0198738 2 23 3
464.066 0.0198766 0.0198766 2 23 3
464.566 0.0198795 0.0198795 2 23 3
465.066 0.0198823 0.0198823 2 23 3
465.566 0.0198851 0.0198851 2 23 3
466.066 0.0198879 0.0198879 2 23 3
466.566 0.0198907 0.0198907 2 23 3
467.066 0.0198935 0.0198935 2 23 3
467.566 0.0198963 0.0198963 2 23 3
468.066 0.0198991 0.0198991 2 23 3
468.566 0.0199019 0.0199019 2 23 3
469.066 0.0199047 0.0199047 2 23 3
469.566 0.0199075 0.0199075 2 23 3
470.066 0.0199103 0.0199103 2 23 3
470.566 0.0199131 0.0199131 2 23 3
471.066 0.0199159 0.0199159 2 23 3
471.566 0.0199187 0.0199187 2 23 3
472.066 0.0199214 0.0199214 2 23 3
472.566 0.0199242 0.0199242 2 23 3
473.066 0.019927 0.019927 2 23 3
473.566 0.0199298 0.0199298 2 23 3
474.066 0.0199326 0.0199326 2 23 3
474.566 0.0199353 0.0199353 2 23 3
475.066 0.0199381 0.0199381 2 23 3
475.566 0.0199409 0.0199409 2 23 3
476.066 0.0199436 0.0199436 2 23 3
476.566 0.0199464 0.0199464 2 23 3
477.066 0.0199492 0.0199492 2 23 3
477.566 0.0199519 0.0199519 2 23 3
478.066 0.0199547 0.0199547 2 23 3
478.566 0.0199574 0.0199574 2 23 3
479.066 0.0199602 0.0199602 2 23 3
479.566 0.0199629 0.0199629 2 23 3
480.066 0.0199657 0.0199657 2 23 3
480.566 0.0199684 0.0199684 2 23 3
481.066 0.0199712 0.0199712 2 23 3
481.566 0.0199739 0.0199739 2 23 3
482.066 0.0199766 0.0199766 2 23 3
482.566 0.0199794 0.0199794 2 23 3
483.066 0.0199821 0.0199821 2 23 3
483.566 0.0199848 0.0199848 2 23 3
484.066 0.0199876 0.0199876 2 23 3
484.566 0.0199903 0.0199903 2 23 3
485.066 0.019993 0.019993 2 23 3
485.566 0.0199957 0.0199957 2 23 3
486.066 0.0199984 0.0199984 2 23 3
486.566 0.0200012 0.0200012 2 23 3
486.566 0.0200012 0.0200012 2 23 3
486.606 0.0200014 0.0200014 2 23 3
486.646 0.0200016 0.0200016 2 23 3
486.726 0.020002 0.020002 2 23 3
486.886 0.0200029 0.0200029 2 23 3
487.206 0.0200046 0.0200046 2 23 3
487.706 0.0200073 0.0200073 2 23 3
488.206 0.0200101 0.0200101 2 23 3
488.706 0.0200128 0.0200128 2 23 3
489.206 0.0200155 0.0200155 2 23 3
489.706 0.0200182 0.0200182 2 23 3
490.206 0.0200209 0.0200209 2 23 3
490.706 0.0200236 0.0200236 2 23 3
491.206 0.0200262 0.0200262 2 23 3
491.706 0.0200289 0.0200289 2 23 3
492.206 0.0200316 0.0200316 2 23 3
492.706 0.0200343 0.0200343 2 23 3
493.206 0.020037 0.020037 2 23 3
493.706 0.0200397 0.0200397 2 23 3
494.206 0.0200424 0.0200424 2 23 3
494.706 0.020045 0.020045 2 23 3
495.206 0.0200477 0.0200477 2 23 3
495.706 0.0200504 0.0200504 2 23 3
496.206 0.0200531 0.0200531 2 23 3
496.706 0.0200557 0.0200557 2 23 3
497.206 0.0200584 0.0200584 2 23 3
497.706 0.0200611 0.0200611 2 23 3
498.206 0.0200637 0.0200637 2 23 3
498.706 0.0200664 0.0200664 2 23 3
499.206 0.020069 0.020069 2 23 3
499.706 0.0200717 0.0200717 2 23 3
500.206 0.0200743 0.0200743 2 23 3
500.706 0.020077 0.020077 2 23 3
501.206 0.0200796 0.0200796 2 23 3
501.706 0.0200823 0.0200823 2 23 3
502.206 0.0200849 0.0200849 2 23 3
502.706 0.0200875 0.0200875 2 23 3
503.206 0.0200902 0.0200902 2 23 3
503.706 0.0200928 0.0200928 2 23 3
504.206 0.0200954 0.0200954 2 23 3
504.706 0.0200981 0.0200981 2 23 3
505.206 0.0201007 0.0201007 2 23 3
505.706 0.0201033 0.0201033 2 23 3
506.206 0.0201059 0.0201059 2 23 3
506.706 0.0201086 0.0201086 2 23 3
507.206 0.0201112 0.0201112 2 23 3
507.706 0.0201138 0.0201138 2 23 3
508.206 0.0201164 0.0201164 2 23 3
508.706 0.020119 0.020119 2 23 3
509.206 0.0201216 0.0201216 2 23 3
509.706 0.0201242 0.0201242 2 23 3
510.206 0.0201268 0.0201268 2 23 3
510.706 0.0201294 0.0201294 2 23 3
511.206 0.020132 0.020132 2 23 3
511.706 0.0201346 0.0201346 2 23 3
512.206 0.0201372 0.0201372 2 23 3
512.706 0.0201398 0.0201398 2 23 3
513.206 0.0201424 0.0201424 2 23 3
513.706 0.020145 0.020145 2 23 3
514.206 0.0201476 0.0201476 2 23 3
514.706 0.0201501 0.0201501 2 23 3
515.206 0.0201527 0.0201527 2 23 3
515.706 0.0201553 0.0201553 2 23 3
516.206 0.0201579 0.0201579 2 23 3
516.706 0.0201604 0.0201604 2 23 3
517.206 0.020163 0.020163 2 23 3
517.706 0.0201656 0.0201656 2 23 3
518.206 0.0201681 0.0201681 2 23 3
518.706 0.0201707 0.0201707 2 23 3
519.206 0.0201733 0.0201733 2 23 3
519.706 0.0201758 0.0201758 2 23 3
520.206 0.0201784 0.0201784 2 23 3
520.706 0.0201809 0.0201809 2 23 3
521.206 0.0201835 0.0201835 2 23 3
521.706 0.020186 0.020186 2 23 3
522.206 0.0201886 0.0201886 2 23 3
522.706 0.0201911 0.0201911 2 23 3
523.206 0.0201937 0.0201937 2 23 3
523.706 0.0201962 0.0201962 2 23 3
524.206 0.0201987 0.0201987 2 23 3
524.706 0.0202013 0.0202013 2 23 3
525.206 0.0202038 0.0202038 2 23 3
525.706 0.0202063 0.0202063 2 23 3
526.206 0.0202088 0.0202088 2 23 3
526.706 0.0202114 0.0202114 2 23 3
527.206 0.0202139 0.0202139 2 23 3
527.706 0.0202164 0.0202164 2 23 3
528.206 0.0202189 0.0202189 2 23 3
528.706 0.0202214 0.0202214 2 23 3
529.206 0.0202239 0.0202239 2 23 3
529.706 0.0202265 0.0202265 2 23 3
530.206 0.020229 0.020229 2 23 3
530.706 0.0202315 0.0202315 2 23 3
531.206 0.020234 0.020234 2 23 3
531.706 0.0202365 0.0202365 2 23 3
532.206 0.020239 0.020239 2 23 3
532.706 0.0202415 0.0202415 2 23 3
533.206 0.0202439 0.0202439 2 23 3
533.706 0.0202464 0.0202464 2 23 3
534.206 0.0202489 0.0202489 2 23 3
534.706 0.0202514 0.0202514 2 23 3
535.206 0.0202539 0.0202539 2 23 3
535.706 0.0202564 0.0202564 2 23 3
536.206 0.0202589 0.0202589 2 23 3
536.705 0.0202613 0.0202613 2 23 3
537.205 0.0202638 0.0202638 2 23 3
537.705 0.0202663 0.0202663 2 23 3
538.205 0.0202687 0.0202687 2 23 3
538.705 0.0202712 0.0202712 2 23 3
539.205 0.0202737 0.0202737 2 23 3
539.705 0.0202761 0.0202761 2 23 3
540.205 0.0202786 0.0202786 2 23 3
540.705 0.020281 0.020281 2 23 3
541.205 0.0202835 0.0202835 2 23 3
541.705 0.0202859 0.0202859 2 23 3
542.205 0.0202884 0.0202884 2 23 3
542.705 0.0202908 0.0202908 2 23 3
543.205 0.0202933 0.0202933 2 23 3
543.705 0.0202957 0.0202957 2 23 3
544.205 0.0202982 0.0202982 2 23 3
544.705 0.0203006 0.0203006 2 23 3
545.205 0.020303 0.020303 2 23 3
545.705 0.0203055 0.0203055 2 23 3
546.205 0.0203079 0.0203079 2 23 3
546.705 0.0203103 0.0203103 2 23 3
547.205 0.0203128 0.0203128 2 23 3
547.705 0.0203152 0.0203152 2 23 3
548.205 0.0203176 0.0203176 2 23 3
548.705 0.02032 0.02032 2 23 3
549.205 0.0203224 0.0203224 2 23 3
549.705 0.0203249 0.0203249 2 23 3
550.205 0.0203273 0.0203273 2 23 3
550.705 0.0203297 0.0203297 2 23 3
551.205 0.0203321 0.0203321 2 23 3
551.705 0.0203345 0.0203345 2 23 3
552.205 0.0203369 0.0203369 2 23 3
552.705 0.0203393 0.0203393 2 23 3
553.205 0.0203417 0.0203417 2 23 3
553.705 0.0203441 0.0203441 2 23 3
554.205 0.0203465 0.0203465 2 23 3
554.705 0.0203489 0.0203489 2 23 3
555.205 0.0203513 0.0203513 2 23 3
555.705 0.0203536 0.0203536 2 23 3
556.205 0.020356 0.020356 2 23 3
556.705 0.0203584 0.0203584 2 23 3
557.205 0.0203608 0.0203608 2 23 3
557.705 0.0203632 0.0203632 2 23 3
558.205 0.0203655 0.0203655 2 23 3
558.705 0.0203679 0.0203679 2 23 3
559.205 0.0203703 0.0203703 2 23 3
559.705 0.0203726 0.0203726 2 23 3
560.205 0.020375 0.020375 2 23 3
560.705 0.0203774 0.0203774 2 23 3
561.205 0.0203797 0.0203797 2 23 3
561.705 0.0203821 0.0203821 2 23 3
562.205 0.0203844 0.0203844 2 23 3
562.705 0.0203868 0.0203868 2 23 3
563.205 0.0203892 0.0203892 2 23 3
563.705 0.0203915 0.0203915 2 23 3
564.205 0.0203938 0.0203938 2 23 3
564.705 0.0203962 0.0203962 2 23 3
565.205 0.0203985 0.0203985 2 23 3
565.705 0.0204009 0.0204009 2 23 3
566.205 0.0204032 0.0204032 2 23 3
566.705 0.0204055 0.0204055 2 23 3
567.205 0.0204079 0.0204079 2 23 3
567.705 0.0204102 0.0204102 2 23 3
568.205 0.0204125 0.0204125 2 23 3
568.705 0.0204149 0.0204149 2 23 3
569.205 0.0204172 0.0204172 2 23 3
569.705 0.0204195 0.0204195 2 23 3
570.205 0.0204218 0.0204218 2 23 3
570.705 0.0204241 0.0204241 2 23 3
571.205 0.0204265 0.0204265 2 23 3
571.705 0.0204288 0.0204288 2 23 3
572.205 0.0204311 0.0204311 2 23 3
572.705 0.0204334 0.0204334 2 23 3
573.205 0.0204357 0.0204357 2 23 3
573.705 0.020438 0.020438 2 23 3
574.205 0.0204403 0.0204403 2 23 3
574.705 0.0204426 0.0204426 2 23 3
575.205 0.0204449 0.0204449 2 23 3
575.705 0.0204472 0.0204472 2 23 3
576.205 0.0204495 0.0204495 2 23 3
576.705 0.0204518 0.0204518 2 23 3
577.205 0.0204541 0.0204541 2 23 3
577.705 0.0204563 0.0204563 2 23 3
578.205 0.0204586 0.0204586 2 23 3
578.705 0.0204609 0.0204609 2 23 3
579.205 0.0204632 0.0204632 2 23 3
579.705 0.0204655 0.0204655 2 23 3
580.205 0.0204677 0.0204677 2 23 3
580.705 0.02047 0.02047 2 23 3
581.205 0.0204723 0.0204723 2 23 3
581.705 0.0204746 0.0204746 2 23 3
582.205 0.0204768 0.0204768 2 23 3
582.705 0.0204791 0.0204791 2 23 3
583.205 0.0204813 0.0204813 2 23 3
583.705 0.0204836 0.0204836 2 23 3
584.205 0.0204859 0.0204859 2 23 3
584.205 0.0204859 0.0204859 2 23 3
584.245 0.020486 0.020486 2 23 3
584.285 0.0204862 0.0204862 2 23 3
584.365 0.0204866 0.0204866 2 23 3
584.525 0.0204873 0.0204873 2 23 3
584.845 0.0204887 0.0204887 2 23 3
585.345 0.020491 0.020491 2 23 3
585.845 0.0204932 0.0204932 2 23 3
586.345 0.0204955 0.0204955 2 23 3
586.845 0.0204977 0.0204977 2 23 3
587.345 0.0205 0.0205 2 23 3
587.845 0.0205022 0.0205022 2 23 3
588.345 0.0205045 0.0205045 2 23 3
588.845 0.0205067 0.0205067 2 23 3
589.345 0.0205089 0.0205089 2 23 3
589.845 0.0205112 0.0205112 2 23 3
590.345 0.0205134 0.0205134 2 23 3
590.845 0.0205156 0.0205156 2 23 3
591.345 0.0205178 0.0205178 2 23 3
591.845 0.0205201 0.0205201 2 23 3
592.345 0.0205223 0.0205223 2 23 3
592.845 0.0205245 0.0205245 2 23 3
593.345 0.0205267 0.0205267 2 23 3
593.845 0.0205289 0.0205289 2 23 3
594.345 0.0205311 0.0205311 2 23 3
594.845 0.0205334 0.0205334 2 23 3
595.345 0.0205356 0.0205356 2 23 3
595.845 0.0205378 0.0205378 2 23 3
596.345 0.02054 0.02054 2 23 3
596.845 0.0205422 0.0205422 2 23 3
597.345 0.0205444 0.0205444 2 23 3
597.845 0.0205466 0.0205466 2 23 3
598.345 0.0205488 0.0205488 2 23 3
598.845 0.020551 0.020551 2 23 3
599.345 0.0205531 0.0205531 2 23 3
599.845 0.0205553 0.0205553 2 23 3
600.345 0.0205575 0.0205575 2 23 3
600.845 0.0205597 0.0205597 2 23 3
601.345 0.0205619 0.0205619 2 23 3
601.845 0.0205641 0.0205641 2 23 3
602.345 0.0205662 0.0205662 2 23 3
602.845 0.0205684 0.0205684 2 23 3
603.345 0.0205706 0.0205706 2 23 3
603.845 0.0205728 0.0205728 2 23 3
604.345 0.0205749 0.0205749 2 23 3
604.845 0.0205771 0.0205771 2 23 3
605.345 0.0205793 0.0205793 2 23 3
605.845 0.0205814 0.0205814 2 23 3
606.345 0.0205836 0.0205836 2 23 3
606.845 0.0205857 0.0205857 2 23 3
607.345 0.0205879 0.0205879 2 23 3
607.845 0.0205901 0.0205901 2 23 3
608.345 0.0205922 0.0205922 2 23 3
608.845 0.0205944 0.0205944 2 23 3
609.345 0.0205965 0.0205965 2 23 3
609.845 0.0205986 0.0205986 2 23 3
610.345 0.0206008 0.0206008 2 23 3
610.845 0.0206029 0.0206029 2 23 3
611.345 0.0206051 0.0206051 2 23 3
611.845 0.0206072 0.0206072 2 23 3
612.345 0.0206093 0.0206093 2 23 3
612.845 0.0206115 0.0206115 2 23 3
613.345 0.0206136 0.0206136 2 23 3
613.845 0.0206157 0.0206157 2 23 3
614.345 0.0206179 0.0206179 2 23 3
614.845 0.02062 0.02062 2 23 3
615.345 0.0206221 0.0206221 2 23 3
615.845 0.0206242 0.0206242 2 23 3
616.345 0.0206264 0.0206264 2 23 3
616.845 0.0206285 0.0206285 2 23 3
617.345 0.0206306 0.0206306 2 23 3
617.845 0.0206327 0.0206327 2 23 3
618.345 0.0206348 0.0206348 2 23 3
618.845 0.0206369 0.0206369 2 23 3
619.345 0.020639 0.020639 2 23 3
619.845 0.0206411 0.0206411 2 23 3
620.345 0.0206432 0.0206432 2 23 3
620.845 0.0206453 0.0206453 2 23 3
621.345 0.0206474 0.0206474 2 23 3
621.845 0.0206495 0.0206495 2 23 3
622.345 0.0206516 0.0206516 2 23 3
622.845 0.0206537 0.0206537 2 23 3
623.345 0.0206558 0.0206558 2 23 3
623.845 0.0206579 0.0206579 2 23 3
624.345 0.02066 0.02066 2 23 3
624.845 0.0206621 0.0206621 2 23 3
625.345 0.0206641 0.0206641 2 23 3
625.845 0.0206662 0.0206662 2 23 3
626.345 0.0206683 0.0206683 2 23 3
626.845 0.0206704 0.0206704 2 23 3
627.345 0.0206724 0.0206724 2 23 3
627.845 0.0206745 0.0206745 2 23 3
628.345 0.0206766 0.0206766 2 23 3
628.845 0.0206787 0.0206787 2 23 3
629.345 0.0206807 0.0206807 2 23 3
629.845 0.0206828 0.0206828 2 23 3
630.345 0.0206848 0.0206848 2 23 3
630.845 0.0206869 0.0206869 2 23 3
631.345 0.020689 0.020689 2 23 3
631.845 0.020691 0.020691 2 23 3
632.345 0.0206931 0.0206931 2 23 3
632.845 0.0206951 0.0206951 2 23 3
633.345 0.0206972 0.0206972 2 23 3
633.845 0.0206992 0.0206992 2 23 3
634.345 0.0207013 0.0207013 2 23 3
634.845 0.0207033 0.0207033 2 23 3
635.345 0.0207053 0.0207053 2 23 3
635.845 0.0207074 0.0207074 2 23 3
636.345 0.0207094 0.0207094 2 23 3
636.845 0.0207115 0.0207115 2 23 3
637.345 0.0207135 0.0207135 2 23 3
637.845 0.0207155 0.0207155 2 23 3
638.345 0.0207176 0.0207176 2 23 3
638.845 0.0207196 0.0207196 2 23 3
639.345 0.0207216 0.0207216 2 23 3
639.845 0.0207236 0.0207236 2 23 3
640.345 0.0207257 0.0207257 2 23 3
640.845 0.0207277 0.0207277 2 23 3
641.345 0.0207297 0.0207297 2 23 3
641.845 0.0207317 0.0207317 2 23 3
642.345 0.0207337 0.0207337 2 23 3
642.845 0.0207357 0.0207357 2 23 3
643.345 0.0207377 0.0207377 2 23 3
643.845 0.0207398 0.0207398 2 23 3
644.345 0.0207418 0.0207418 2 23 3
644.845 0.0207438 0.0207438 2 23 3
645.345 0.0207458 0.0207458 2 23 3
645.845 0.0207478 0.0207478 2 23 3
646.345 0.0207498 0.0207498 2 23 3
646.845 0.0207518 0.0207518 2 23 3
647.345 0.0207538 0.0207538 2 23 3
647.845 0.0207558 0.0207558 2 23 3
648.345 0.0207577 0.0207577 2 23 3
648.845 0.0207597 0.0207597 2 23 3
649.345 0.0207617 0.0207617 2 23 3
649.845 0.0207637 0.0207637 2 23 3
650.345 0.0207657 0.0207657 2 23 3
650.845 0.0207677 0.0207677 2 23 3
651.345 0.0207696 0.0207696 2 23 3
651.845 0.0207716 0.0207716 2 23 3
652.345 0.0207736 0.0207736 2 23 3
652.845 0.0207756 0.0207756 2 23 3
653.345 0.0207775 0.0207775 2 23 3
653.845 0.0207795 0.0207795 2 23 3
654.345 0.0207815 0.0207815 2 23 3
654.845 0.0207834 0.0207834 2 23 3
655.345 0.0207854 0.0207854 2 23 3
655.845 0.0207874 0.0207874 2 23 3
656.345 0.0207893 0.0207893 2 23 3
656.845 0.0207913 0.0207913 2 23 3
657.345 0.0207932 0.0207932 2 23 3
657.845 0.0207952 0.0207952 2 23 3
658.345 0.0207972 0.0207972 2 23 3
658.845 0.0207991 0.0207991 2 23 3
659.345 0.0208011 0.0208011 2 23 3
659.845 0.020803 0.020803 2 23 3
660.345 0.0208049 0.0208049 2 23 3
660.845 0.0208069 0.0208069 2 23 3
661.345 0.0208088 0.0208088 2 23 3
661.845 0.0208108 0.0208108 2 23 3
662.345 0.0208127 0.0208127 2 23 3
662.844 0.0208146 0.0208146 2 23 3
663.344 0.0208166 0.0208166 2 23 3
663.844 0.0208185 0.0208185 2 23 3
664.344 0.0208204 0.0208204 2 23 3
664.844 0.0208224 0.0208224 2 23 3
665.344 0.0208243 0.0208243 2 23 3
665.844 0.0208262 0.0208262 2 23 3
666.344 0.0208281 0.0208281 2 23 3
666.844 0.0208301 0.0208301 2 23 3
667.344 0.020832 0.020832 2 23 3
667.844 0.0208339 0.0208339 2 23 3
668.344 0.0208358 0.0208358 2 23 3
668.844 0.0208377 0.0208377 2 23 3
669.344 0.0208396 0.0208396 2 23 3
669.844 0.0208416 0.0208416 2 23 3
670.344 0.0208435 0.0208435 2 23 3
670.844 0.0208454 0.0208454 2 23 3
671.344 0.0208473 0.0208473 2 23 3
671.844 0.0208492 0.0208492 2 23 3
672.344 0.0208511 0.0208511 2 23 3
672.844 0.020853 0.020853 2 23 3
673.344 0.0208549 0.0208549 2 23 3
673.844 0.0208568 0.0208568 2 23 3
674.344 0.0208587 0.0208587 2 23 3
674.844 0.0208606 0.0208606 2 23 3
675.344 0.0208624 0.0208624 2 23 3
675.844 0.0208643 0.0208643 2 23 3
676.344 0.0208662 0.0208662 2 23 3
676.844 0.0208681 0.0208681 2 23 3
677.344 0.02087 0.02087 2 23 3
677.844 0.0208719 0.0208719 2 23 3
678.344 0.0208737 0.0208737 2 23 3
678.844 0.0208756 0.0208756 2 23 3
679.344 0.0208775 0.0208775 2 23 3
679.844 0.0208794 0.0208794 2 23 3
680.344 0.0208812 0.0208812 2 23 3
680.844 0.0208831 0.0208831 2 23 3
681.344 0.020885 0.020885 2 23 3
681.844 0.0208869 0.0208869 2 23 3
