358.845 0.01 0.01 2 12 3
358.885 0.00999942 0.00999942 2 12 3
358.925 0.00999885 0.00999885 2 12 3
359.005 0.00999769 0.00999769 2 12 3
359.165 0.00999539 0.00999539 2 12 3
359.485 0.0099908 0.0099908 2 12 3
359.985 0.00998364 0.00998364 2 12 3
360.485 0.00997653 0.00997653 2 12 3
360.985 0.00996946 0.00996946 2 12 3
361.485 0.00996242 0.00996242 2 12 3
361.985 0.00995541 0.00995541 2 12 3
362.485 0.00994844 0.00994844 2 12 3
362.985 0.0099415 0.0099415 2 12 3
363.485 0.00993459 0.00993459 2 12 3
363.985 0.00992772 0.00992772 2 12 3
364.485 0.00992088 0.00992088 2 12 3
364.985 0.00991407 0.00991407 2 12 3
365.485 0.00990729 0.00990729 2 12 3
365.985 0.00990054 0.00990054 2 12 3
366.485 0.00989383 0.00989383 2 12 3
366.985 0.00988714 0.00988714 2 12 3
367.485 0.00988049 0.00988049 2 12 3
367.985 0.00987387 0.00987387 2 12 3
368.485 0.00986728 0.00986728 2 12 3
368.985 0.00986072 0.00986072 2 12 3
369.485 0.00985419 0.00985419 2 12 3
369.985 0.00984769 0.00984769 2 12 3
370.485 0.00984122 0.00984122 2 12 3
370.985 0.00983478 0.00983478 2 12 3
371.485 0.00982836 0.00982836 2 12 3
371.985 0.00982198 0.00982198 2 12 3
372.485 0.00981563 0.00981563 2 12 3
372.985 0.00980931 0.00980931 2 12 3
373.485 0.00980301 0.00980301 2 12 3
373.985 0.00979675 0.00979675 2 12 3
374.485 0.00979051 0.00979051 2 12 3
374.985 0.00978431 0.00978431 2 12 3
375.485 0.00977813 0.00977813 2 12 3
375.985 0.00977197 0.00977197 2 12 3
376.485 0.00976585 0.00976585 2 12 3
376.985 0.00975975 0.00975975 2 12 3
377.485 0.00975369 0.00975369 2 12 3
377.985 0.00974764 0.00974764 2 12 3
378.485 0.00974163 0.00974163 2 12 3
378.985 0.00973564 0.00973564 2 12 3
379.485 0.00972969 0.00972969 2 12 3
379.985 0.00972375 0.00972375 2 12 3
380.485 0.00971785 0.00971785 2 12 3
380.985 0.00971197 0.00971197 2 12 3
381.485 0.00970611 0.00970611 2 12 3
381.985 0.00970029 0.00970029 2 12 3
382.485 0.00969449 0.00969449 2 12 3
382.985 0.00968871 0.00968871 2 12 3
383.485 0.00968296 0.00968296 2 12 3
383.985 0.00967724 0.00967724 2 12 3
384.485 0.00967154 0.00967154 2 12 3
384.985 0.00966587 0.00966587 2 12 3
385.485 0.00966022 0.00966022 2 12 3
385.985 0.0096546 0.0096546 2 12 3
386.485 0.009649 0.009649 2 12 3
386.985 0.00964343 0.00964343 2 12 3
387.485 0.00963788 0.00963788 2 12 3
387.985 0.00963236 0.00963236 2 12 3
388.485 0.00962686 0.00962686 2 12 3
388.985 0.00962138 0.00962138 2 12 3
389.485 0.00961593 0.00961593 2 12 3
389.985 0.0096105 0.0096105 2 12 3
390.485 0.0096051 0.0096051 2 12 3
390.985 0.00959972 0.00959972 2 12 3
391.485 0.00959436 0.00959436 2 12 3
391.985 0.00958903 0.00958903 2 12 3
392.485 0.00958372 0.00958372 2 12 3
392.985 0.00957844 0.00957844 2 12 3
393.485 0.00957317 0.00957317 2 12 3
393.985 0.00956793 0.00956793 2 12 3
394.485 0.00956271 0.00956271 2 12 3
394.985 0.00955752 0.00955752 2 12 3
395.485 0.00955235 0.00955235 2 12 3
395.985 0.0095472 0.0095472 2 12 3
396.485 0.00954207 0.00954207 2 12 3
396.985 0.00953696 0.00953696 2 12 3
397.485 0.00953188 0.00953188 2 12 3
397.985 0.00952682 0.00952682 2 12 3
398.485 0.00952178 0.00952178 2 12 3
398.985 0.00951676 0.00951676 2 12 3
399.485 0.00951176 0.00951176 2 12 3
399.985 0.00950679 0.00950679 2 12 3
400.485 0.00950183 0.00950183 2 12 3
400.985 0.0094969 0.0094969 2 12 3
401.485 0.00949199 0.00949199 2 12 3
401.985 0.0094871 0.0094871 2 12 3
402.485 0.00948223 0.00948223 2 12 3
402.985 0.00947738 0.00947738 2 12 3
403.485 0.00947255 0.00947255 2 12 3
403.985 0.00946774 0.00946774 2 12 3
404.485 0.00946295 0.00946295 2 12 3
404.985 0.00945819 0.00945819 2 12 3
405.485 0.00945344 0.00945344 2 12 3
405.985 0.00944871 0.00944871 2 12 3
406.485 0.009444 0.009444 2 12 3
406.985 0.00943932 0.00943932 2 12 3
407.485 0.00943465 0.00943465 2 12 3
407.985 0.00943 0.00943 2 12 3
408.485 0.00942537 0.00942537 2 12 3
408.985 0.00942076 0.00942076 2 12 3
409.485 0.00941617 0.00941617 2 12 3
409.985 0.0094116 0.0094116 2 12 3
410.485 0.00940705 0.00940705 2 12 3
410.985 0.00940252 0.00940252 2 12 3
411.485 0.009398 0.009398 2 12 3
411.985 0.00939351 0.00939351 2 12 3
412.485 0.00938903 0.00938903 2 12 3
412.985 0.00938458 0.00938458 2 12 3
413.485 0.00938014 0.00938014 2 12 3
413.985 0.00937572 0.00937572 2 12 3
414.485 0.00937131 0.00937131 2 12 3
414.985 0.00936693 0.00936693 2 12 3
415.485 0.00936256 0.00936256 2 12 3
415.985 0.00935822 0.00935822 2 12 3
416.485 0.00935389 0.00935389 2 12 3
416.985 0.00934957 0.00934957 2 12 3
417.485 0.00934528 0.00934528 2 12 3
417.985 0.009341 0.009341 2 12 3
418.485 0.00933674 0.00933674 2 12 3
418.985 0.0093325 0.0093325 2 12 3
419.485 0.00932828 0.00932828 2 12 3
419.985 0.00932407 0.00932407 2 12 3
420.485 0.00931988 0.00931988 2 12 3
420.985 0.00931571 0.00931571 2 12 3
421.485 0.00931155 0.00931155 2 12 3
421.985 0.00930741 0.00930741 2 12 3
422.485 0.00930329 0.00930329 2 12 3
422.985 0.00929919 0.00929919 2 12 3
423.485 0.0092951 0.0092951 2 12 3
423.985 0.00929103 0.00929103 2 12 3
424.485 0.00928697 0.00928697 2 12 3
424.985 0.00928293 0.00928293 2 12 3
425.485 0.00927891 0.00927891 2 12 3
425.985 0.00927491 0.00927491 2 12 3
426.485 0.00927092 0.00927092 2 12 3
426.985 0.00926694 0.00926694 2 12 3
427.485 0.00926298 0.00926298 2 12 3
427.985 0.00925904 0.00925904 2 12 3
428.485 0.00925512 0.00925512 2 12 3
428.985 0.00925121 0.00925121 2 12 3
429.485 0.00924731 0.00924731 2 12 3
429.985 0.00924343 0.00924343 2 12 3
430.485 0.00923957 0.00923957 2 12 3
430.985 0.00923572 0.00923572 2 12 3
431.485 0.00923189 0.00923189 2 12 3
431.985 0.00922807 0.00922807 2 12 3
432.485 0.00922427 0.00922427 2 12 3
432.985 0.00922048 0.00922048 2 12 3
433.485 0.00921671 0.00921671 2 12 3
433.985 0.00921295 0.00921295 2 12 3
434.485 0.00920921 0.00920921 2 12 3
434.985 0.00920548 0.00920548 2 12 3
435.485 0.00920177 0.00920177 2 12 3
435.985 0.00919807 0.00919807 2 12 3
436.485 0.00919439 0.00919439 2 12 3
436.985 0.00919072 0.00919072 2 12 3
437.485 0.00918706 0.00918706 2 12 3
437.985 0.00918343 0.00918343 2 12 3
438.485 0.0091798 0.0091798 2 12 3
438.985 0.00917619 0.00917619 2 12 3
439.485 0.00917259 0.00917259 2 12 3
439.985 0.00916901 0.00916901 2 12 3
440.485 0.00916544 0.00916544 2 12 3
440.985 0.00916188 0.00916188 2 12 3
441.485 0.00915834 0.00915834 2 12 3
441.985 0.00915482 0.00915482 2 12 3
442.485 0.0091513 0.0091513 2 12 3
442.985 0.0091478 0.0091478 2 12 3
443.485 0.00914432 0.00914432 2 12 3
443.985 0.00914084 0.00914084 2 12 3
444.485 0.00913739 0.00913739 2 12 3
444.985 0.00913394 0.00913394 2 12 3
445.485 0.00913051 0.00913051 2 12 3
445.985 0.00912709 0.00912709 2 12 3
446.485 0.00912368 0.00912368 2 12 3
446.985 0.00912029 0.00912029 2 12 3
447.485 0.00911691 0.00911691 2 12 3
447.985 0.00911354 0.00911354 2 12 3
448.485 0.00911019 0.00911019 2 12 3
448.985 0.00910685 0.00910685 2 12 3
449.485 0.00910352 0.00910352 2 12 3
449.985 0.00910021 0.00910021 2 12 3
450.485 0.00909691 0.00909691 2 12 3
450.985 0.00909362 0.00909362 2 12 3
451.485 0.00909034 0.00909034 2 12 3
451.985 0.00908708 0.00908708 2 12 3
452.485 0.00908382 0.00908382 2 12 3
452.985 0.00908058 0.00908058 2 12 3
453.485 0.00907736 0.00907736 2 12 3
453.985 0.00907414 0.00907414 2 12 3
454.485 0.00907094 0.00907094 2 12 3
454.985 0.00906775 0.00906775 2 12 3
455.485 0.00906457 0.00906457 2 12 3
455.985 0.00906141 0.00906141 2 12 3
456.485 0.00905825 0.00905825 2 12 3
456.485 0.00905825 0.00905825 2 12 3
456.525 0.00905801 0.00905801 2 12 3
456.565 0.00905776 0.00905776 2 12 3
456.645 0.00905726 0.00905726 2 12 3
456.805 0.00905625 0.00905625 2 12 3
457.125 0.00905424 0.00905424 2 12 3
457.625 0.00905111 0.00905111 2 12 3
458.125 0.00904799 0.00904799 2 12 3
458.625 0.00904489 0.00904489 2 12 3
459.125 0.0090418 0.0090418 2 12 3
459.625 0.00903872 0.00903872 2 12 3
460.125 0.00903565 0.00903565 2 12 3
460.625 0.00903259 0.00903259 2 12 3
461.125 0.00902955 0.00902955 2 12 3
461.625 0.00902651 0.00902651 2 12 3
462.125 0.00902349 0.00902349 2 12 3
462.625 0.00902048 0.00902048 2 12 3
463.125 0.00901748 0.00901748 2 12 3
463.625 0.00901449 0.00901449 2 12 3
464.125 0.00901151 0.00901151 2 12 3
464.625 0.00900855 0.00900855 2 12 3
465.125 0.00900559 0.00900559 2 12 3
465.625 0.00900265 0.00900265 2 12 3
466.125 0.00899972 0.00899972 2 12 3
466.625 0.00899679 0.00899679 2 12 3
467.125 0.00899388 0.00899388 2 12 3
467.625 0.00899098 0.00899098 2 12 3
468.125 0.00898809 0.00898809 2 12 3
468.625 0.00898521 0.00898521 2 12 3
469.125 0.00898235 0.00898235 2 12 3
469.625 0.00897949 0.00897949 2 12 3
470.125 0.00897664 0.00897664 2 12 3
470.625 0.0089738 0.0089738 2 12 3
471.125 0.00897098 0.00897098 2 12 3
471.625 0.00896816 0.00896816 2 12 3
472.125 0.00896536 0.00896536 2 12 3
472.625 0.00896256 0.00896256 2 12 3
473.125 0.00895978 0.00895978 2 12 3
473.625 0.008957 0.008957 2 12 3
474.125 0.00895424 0.00895424 2 12 3
474.625 0.00895148 0.00895148 2 12 3
475.125 0.00894874 0.00894874 2 12 3
475.625 0.00894601 0.00894601 2 12 3
476.125 0.00894328 0.00894328 2 12 3
476.625 0.00894057 0.00894057 2 12 3
477.125 0.00893786 0.00893786 2 12 3
477.625 0.00893517 0.00893517 2 12 3
478.125 0.00893248 0.00893248 2 12 3
478.625 0.00892981 0.00892981 2 12 3
479.125 0.00892714 0.00892714 2 12 3
479.625 0.00892449 0.00892449 2 12 3
480.125 0.00892184 0.00892184 2 12 3
480.625 0.00891921 0.00891921 2 12 3
481.125 0.00891658 0.00891658 2 12 3
481.625 0.00891396 0.00891396 2 12 3
482.125 0.00891136 0.00891136 2 12 3
482.625 0.00890876 0.00890876 2 12 3
483.125 0.00890617 0.00890617 2 12 3
483.625 0.00890359 0.00890359 2 12 3
484.125 0.00890102 0.00890102 2 12 3
484.625 0.00889846 0.00889846 2 12 3
485.125 0.00889591 0.00889591 2 12 3
485.625 0.00889337 0.00889337 2 12 3
486.125 0.00889083 0.00889083 2 12 3
486.625 0.00888831 0.00888831 2 12 3
487.125 0.00888579 0.00888579 2 12 3
487.625 0.00888329 0.00888329 2 12 3
488.125 0.00888079 0.00888079 2 12 3
488.625 0.0088783 0.0088783 2 12 3
489.125 0.00887582 0.00887582 2 12 3
489.625 0.00887335 0.00887335 2 12 3
490.125 0.00887089 0.00887089 2 12 3
490.625 0.00886844 0.00886844 2 12 3
491.125 0.00886599 0.00886599 2 12 3
491.625 0.00886356 0.00886356 2 12 3
492.125 0.00886113 0.00886113 2 12 3
492.625 0.00885871 0.00885871 2 12 3
493.125 0.0088563 0.0088563 2 12 3
493.625 0.0088539 0.0088539 2 12 3
494.125 0.00885151 0.00885151 2 12 3
494.625 0.00884913 0.00884913 2 12 3
495.125 0.00884675 0.00884675 2 12 3
495.625 0.00884438 0.00884438 2 12 3
496.125 0.00884202 0.00884202 2 12 3
496.625 0.00883967 0.00883967 2 12 3
497.125 0.00883733 0.00883733 2 12 3
497.625 0.008835 0.008835 2 12 3
498.125 0.00883267 0.00883267 2 12 3
498.625 0.00883035 0.00883035 2 12 3
499.125 0.00882804 0.00882804 2 12 3
499.625 0.00882574 0.00882574 2 12 3
500.125 0.00882345 0.00882345 2 12 3
500.625 0.00882116 0.00882116 2 12 3
501.125 0.00881889 0.00881889 2 12 3
501.625 0.00881662 0.00881662 2 12 3
502.125 0.00881436 0.00881436 2 12 3
502.625 0.0088121 0.0088121 2 12 3
503.125 0.00880986 0.00880986 2 12 3
503.625 0.00880762 0.00880762 2 12 3
504.125 0.00880539 0.00880539 2 12 3
504.625 0.00880317 0.00880317 2 12 3
505.125 0.00880095 0.00880095 2 12 3
505.625 0.00879874 0.00879874 2 12 3
506.125 0.00879655 0.00879655 2 12 3
506.625 0.00879435 0.00879435 2 12 3
507.125 0.00879217 0.00879217 2 12 3
507.625 0.00878999 0.00878999 2 12 3
508.125 0.00878782 0.00878782 2 12 3
508.625 0.00878566 0.00878566 2 12 3
509.125 0.00878351 0.00878351 2 12 3
509.625 0.00878136 0.00878136 2 12 3
510.125 0.00877922 0.00877922 2 12 3
510.625 0.00877709 0.00877709 2 12 3
511.125 0.00877497 0.00877497 2 12 3
511.625 0.00877285 0.00877285 2 12 3
512.125 0.00877074 0.00877074 2 12 3
512.625 0.00876864 0.00876864 2 12 3
513.125 0.00876654 0.00876654 2 12 3
513.625 0.00876446 0.00876446 2 12 3
514.125 0.00876237 0.00876237 2 12 3
514.625 0.0087603 0.0087603 2 12 3
515.125 0.00875823 0.00875823 2 12 3
515.625 0.00875617 0.00875617 2 12 3
516.125 0.00875412 0.00875412 2 12 3
516.625 0.00875208 0.00875208 2 12 3
517.125 0.00875004 0.00875004 2 12 3
517.625 0.00874801 0.00874801 2 12 3
518.125 0.00874598 0.00874598 2 12 3
518.625 0.00874396 0.00874396 2 12 3
519.125 0.00874195 0.00874195 2 12 3
519.625 0.00873995 0.00873995 2 12 3
520.125 0.00873795 0.00873795 2 12 3
520.625 0.00873596 0.00873596 2 12 3
521.125 0.00873398 0.00873398 2 12 3
521.625 0.008732 0.008732 2 12 3
522.125 0.00873003 0.00873003 2 12 3
522.625 0.00872806 0.00872806 2 12 3
523.125 0.00872611 0.00872611 2 12 3
523.625 0.00872416 0.00872416 2 12 3
524.125 0.00872221 0.00872221 2 12 3
524.625 0.00872027 0.00872027 2 12 3
525.125 0.00871834 0.00871834 2 12 3
525.625 0.00871642 0.00871642 2 12 3
526.125 0.0087145 0.0087145 2 12 3
526.625 0.00871259 0.00871259 2 12 3
527.125 0.00871068 0.00871068 2 12 3
527.625 0.00870879 0.00870879 2 12 3
528.125 0.00870689 0.00870689 2 12 3
528.625 0.00870501 0.00870501 2 12 3
529.125 0.00870313 0.00870313 2 12 3
529.625 0.00870125 0.00870125 2 12 3
530.125 0.00869939 0.00869939 2 12 3
530.625 0.00869753 0.00869753 2 12 3
531.125 0.00869567 0.00869567 2 12 3
531.625 0.00869382 0.00869382 2 12 3
532.125 0.00869198 0.00869198 2 12 3
532.625 0.00869014 0.00869014 2 12 3
533.125 0.00868831 0.00868831 2 12 3
533.625 0.00868649 0.00868649 2 12 3
534.125 0.00868467 0.00868467 2 12 3
534.625 0.00868286 0.00868286 2 12 3
535.125 0.00868105 0.00868105 2 12 3
535.625 0.00867925 0.00867925 2 12 3
536.125 0.00867746 0.00867746 2 12 3
536.625 0.00867567 0.00867567 2 12 3
537.125 0.00867389 0.00867389 2 12 3
537.625 0.00867211 0.00867211 2 12 3
538.125 0.00867034 0.00867034 2 12 3
538.625 0.00866858 0.00866858 2 12 3
539.125 0.00866682 0.00866682 2 12 3
539.625 0.00866507 0.00866507 2 12 3
540.125 0.00866332 0.00866332 2 12 3
540.625 0.00866158 0.00866158 2 12 3
541.125 0.00865984 0.00865984 2 12 3
541.625 0.00865811 0.00865811 2 12 3
542.125 0.00865639 0.00865639 2 12 3
542.625 0.00865467 0.00865467 2 12 3
543.125 0.00865296 0.00865296 2 12 3
543.625 0.00865125 0.00865125 2 12 3
544.125 0.00864955 0.00864955 2 12 3
544.625 0.00864785 0.00864785 2 12 3
545.125 0.00864616 0.00864616 2 12 3
545.625 0.00864448 0.00864448 2 12 3
546.125 0.0086428 0.0086428 2 12 3
546.625 0.00864112 0.00864112 2 12 3
547.125 0.00863945 0.00863945 2 12 3
547.625 0.00863779 0.00863779 2 12 3
548.125 0.00863613 0.00863613 2 12 3
548.625 0.00863448 0.00863448 2 12 3
549.125 0.00863283 0.00863283 2 12 3
549.625 0.00863119 0.00863119 2 12 3
550.125 0.00862955 0.00862955 2 12 3
550.625 0.00862792 0.00862792 2 12 3
551.125 0.0086263 0.0086263 2 12 3
551.625 0.00862468 0.00862468 2 12 3
552.125 0.00862306 0.00862306 2 12 3
552.625 0.00862145 0.00862145 2 12 3
553.125 0.00861984 0.00861984 2 12 3
553.625 0.00861825 0.00861825 2 12 3
554.125 0.00861665 0.00861665 2 12 3
554.125 0.00861665 0.00861665 2 12 3
554.165 0.00861653 0.00861653 2 12 3
554.205 0.0086164 0.0086164 2 12 3
554.285 0.00861615 0.00861615 2 12 3
554.445 0.00861564 0.00861564 2 12 3
554.765 0.00861462 0.00861462 2 12 3
555.265 0.00861303 0.00861303 2 12 3
555.765 0.00861146 0.00861146 2 12 3
556.265 0.00860988 0.00860988 2 12 3
556.765 0.00860832 0.00860832 2 12 3
557.265 0.00860675 0.00860675 2 12 3
557.765 0.0086052 0.0086052 2 12 3
558.265 0.00860364 0.00860364 2 12 3
558.765 0.00860209 0.00860209 2 12 3
559.265 0.00860055 0.00860055 2 12 3
559.765 0.00859901 0.00859901 2 12 3
560.265 0.00859748 0.00859748 2 12 3
560.765 0.00859595 0.00859595 2 12 3
561.265 0.00859443 0.00859443 2 12 3
561.765 0.00859291 0.00859291 2 12 3
562.265 0.0085914 0.0085914 2 12 3
562.765 0.00858989 0.00858989 2 12 3
563.265 0.00858839 0.00858839 2 12 3
563.765 0.00858689 0.00858689 2 12 3
564.265 0.00858539 0.00858539 2 12 3
564.765 0.0085839 0.0085839 2 12 3
565.265 0.00858242 0.00858242 2 12 3
565.765 0.00858094 0.00858094 2 12 3
566.265 0.00857946 0.00857946 2 12 3
566.765 0.00857799 0.00857799 2 12 3
567.265 0.00857653 0.00857653 2 12 3
567.765 0.00857506 0.00857506 2 12 3
568.265 0.00857361 0.00857361 2 12 3
568.765 0.00857216 0.00857216 2 12 3
569.265 0.00857071 0.00857071 2 12 3
569.765 0.00856927 0.00856927 2 12 3
570.265 0.00856783 0.00856783 2 12 3
570.765 0.00856639 0.00856639 2 12 3
571.265 0.00856496 0.00856496 2 12 3
571.765 0.00856354 0.00856354 2 12 3
572.265 0.00856212 0.00856212 2 12 3
572.765 0.0085607 0.0085607 2 12 3
573.265 0.00855929 0.00855929 2 12 3
573.765 0.00855788 0.00855788 2 12 3
574.265 0.00855648 0.00855648 2 12 3
574.765 0.00855508 0.00855508 2 12 3
575.265 0.00855369 0.00855369 2 12 3
575.765 0.0085523 0.0085523 2 12 3
576.265 0.00855091 0.00855091 2 12 3
576.765 0.00854953 0.00854953 2 12 3
577.265 0.00854816 0.00854816 2 12 3
577.765 0.00854678 0.00854678 2 12 3
578.265 0.00854542 0.00854542 2 12 3
578.765 0.00854405 0.00854405 2 12 3
579.265 0.00854269 0.00854269 2 12 3
579.765 0.00854134 0.00854134 2 12 3
580.265 0.00853999 0.00853999 2 12 3
580.765 0.00853864 0.00853864 2 12 3
581.265 0.0085373 0.0085373 2 12 3
581.765 0.00853596 0.00853596 2 12 3
582.265 0.00853463 0.00853463 2 12 3
582.765 0.0085333 0.0085333 2 12 3
583.265 0.00853197 0.00853197 2 12 3
583.765 0.00853065 0.00853065 2 12 3
584.265 0.00852933 0.00852933 2 12 3
584.765 0.00852802 0.00852802 2 12 3
585.265 0.00852671 0.00852671 2 12 3
585.765 0.0085254 0.0085254 2 12 3
586.265 0.0085241 0.0085241 2 12 3
586.765 0.0085228 0.0085228 2 12 3
587.265 0.00852151 0.00852151 2 12 3
587.765 0.00852022 0.00852022 2 12 3
588.265 0.00851893 0.00851893 2 12 3
588.765 0.00851765 0.00851765 2 12 3
589.265 0.00851637 0.00851637 2 12 3
589.765 0.0085151 0.0085151 2 12 3
590.265 0.00851383 0.00851383 2 12 3
590.765 0.00851256 0.00851256 2 12 3
591.265 0.0085113 0.0085113 2 12 3
591.765 0.00851004 0.00851004 2 12 3
592.265 0.00850879 0.00850879 2 12 3
592.765 0.00850754 0.00850754 2 12 3
593.265 0.00850629 0.00850629 2 12 3
593.765 0.00850505 0.00850505 2 12 3
594.265 0.00850381 0.00850381 2 12 3
594.765 0.00850258 0.00850258 2 12 3
595.265 0.00850134 0.00850134 2 12 3
595.765 0.00850012 0.00850012 2 12 3
596.265 0.00849889 0.00849889 2 12 3
596.765 0.00849767 0.00849767 2 12 3
597.265 0.00849646 0.00849646 2 12 3
597.765 0.00849524 0.00849524 2 12 3
598.265 0.00849403 0.00849403 2 12 3
598.765 0.00849283 0.00849283 2 12 3
599.265 0.00849163 0.00849163 2 12 3
599.765 0.00849043 0.00849043 2 12 3
600.265 0.00848923 0.00848923 2 12 3
600.765 0.00848804 0.00848804 2 12 3
601.265 0.00848686 0.00848686 2 12 3
601.765 0.00848567 0.00848567 2 12 3
602.265 0.00848449 0.00848449 2 12 3
602.765 0.00848332 0.00848332 2 12 3
603.265 0.00848214 0.00848214 2 12 3
603.765 0.00848097 0.00848097 2 12 3
604.265 0.00847981 0.00847981 2 12 3
604.765 0.00847865 0.00847865 2 12 3
605.265 0.00847749 0.00847749 2 12 3
605.765 0.00847633 0.00847633 2 12 3
606.265 0.00847518 0.00847518 2 12 3
606.765 0.00847403 0.00847403 2 12 3
607.265 0.00847289 0.00847289 2 12 3
607.765 0.00847175 0.00847175 2 12 3
608.265 0.00847061 0.00847061 2 12 3
608.765 0.00846947 0.00846947 2 12 3
609.265 0.00846834 0.00846834 2 12 3
609.765 0.00846721 0.00846721 2 12 3
610.265 0.00846609 0.00846609 2 12 3
610.765 0.00846497 0.00846497 2 12 3
611.265 0.00846385 0.00846385 2 12 3
611.765 0.00846274 0.00846274 2 12 3
612.265 0.00846163 0.00846163 2 12 3
612.765 0.00846052 0.00846052 2 12 3
613.265 0.00845941 0.00845941 2 12 3
613.765 0.00845831 0.00845831 2 12 3
614.265 0.00845722 0.00845722 2 12 3
614.765 0.00845612 0.00845612 2 12 3
615.265 0.00845503 0.00845503 2 12 3
615.765 0.00845394 0.00845394 2 12 3
616.265 0.00845286 0.00845286 2 12 3
616.765 0.00845178 0.00845178 2 12 3
617.265 0.0084507 0.0084507 2 12 3
617.765 0.00844962 0.00844962 2 12 3
618.265 0.00844855 0.00844855 2 12 3
618.765 0.00844748 0.00844748 2 12 3
619.265 0.00844642 0.00844642 2 12 3
619.765 0.00844535 0.00844535 2 12 3
620.265 0.00844429 0.00844429 2 12 3
620.765 0.00844324 0.00844324 2 12 3
621.265 0.00844219 0.00844219 2 12 3
621.765 0.00844114 0.00844114 2 12 3
622.265 0.00844009 0.00844009 2 12 3
622.765 0.00843905 0.00843905 2 12 3
623.265 0.00843801 0.00843801 2 12 3
623.765 0.00843697 0.00843697 2 12 3
624.265 0.00843593 0.00843593 2 12 3
624.765 0.0084349 0.0084349 2 12 3
625.265 0.00843387 0.00843387 2 12 3
625.765 0.00843285 0.00843285 2 12 3
626.265 0.00843183 0.00843183 2 12 3
626.765 0.00843081 0.00843081 2 12 3
627.265 0.00842979 0.00842979 2 12 3
627.765 0.00842878 0.00842878 2 12 3
628.265 0.00842777 0.00842777 2 12 3
628.765 0.00842676 0.00842676 2 12 3
629.265 0.00842576 0.00842576 2 12 3
629.765 0.00842476 0.00842476 2 12 3
630.265 0.00842376 0.00842376 2 12 3
630.765 0.00842276 0.00842276 2 12 3
631.265 0.00842177 0.00842177 2 12 3
631.765 0.00842078 0.00842078 2 12 3
632.265 0.00841979 0.00841979 2 12 3
632.765 0.00841881 0.00841881 2 12 3
633.265 0.00841783 0.00841783 2 12 3
633.765 0.00841685 0.00841685 2 12 3
634.265 0.00841587 0.00841587 2 12 3
634.765 0.0084149 0.0084149 2 12 3
635.265 0.00841393 0.00841393 2 12 3
635.765 0.00841297 0.00841297 2 12 3
636.265 0.008412 0.008412 2 12 3
636.765 0.00841104 0.00841104 2 12 3
637.265 0.00841008 0.00841008 2 12 3
637.765 0.00840913 0.00840913 2 12 3
638.265 0.00840817 0.00840817 2 12 3
638.765 0.00840722 0.00840722 2 12 3
639.265 0.00840628 0.00840628 2 12 3
639.765 0.00840533 0.00840533 2 12 3
640.265 0.00840439 0.00840439 2 12 3
640.765 0.00840345 0.00840345 2 12 3
641.265 0.00840252 0.00840252 2 12 3
641.765 0.00840158 0.00840158 2 12 3
642.265 0.00840065 0.00840065 2 12 3
642.765 0.00839972 0.00839972 2 12 3
643.265 0.0083988 0.0083988 2 12 3
643.765 0.00839787 0.00839787 2 12 3
644.265 0.00839695 0.00839695 2 12 3
644.765 0.00839604 0.00839604 2 12 3
645.265 0.00839512 0.00839512 2 12 3
645.765 0.00839421 0.00839421 2 12 3
646.265 0.0083933 0.0083933 2 12 3
646.765 0.00839239 0.00839239 2 12 3
647.265 0.00839149 0.00839149 2 12 3
647.765 0.00839059 0.00839059 2 12 3
648.265 0.00838969 0.00838969 2 12 3
648.765 0.00838879 0.00838879 2 12 3
649.265 0.0083879 0.0083879 2 12 3
649.765 0.00838701 0.00838701 2 12 3
650.265 0.00838612 0.00838612 2 12 3
650.765 0.00838523 0.00838523 2 12 3
651.265 0.00838435 0.00838435 2 12 3
651.765 0.00838347 0.00838347 2 12 3
381.485 0.00970611 0.00970611 2 12 3
381.445 0.00970661 0.00970661 2 12 3
381.405 0.00970708 0.00970708 2 12 3
381.325 0.00970801 0.00970801 2 12 3
381.165 0.00970988 0.00970988 2 12 3
380.845 0.00971363 0.00971363 2 12 3
380.345 0.0097195 0.0097195 2 12 3
379.845 0.00972541 0.00972541 2 12 3
379.345 0.00973135 0.00973135 2 12 3
378.845 0.00973732 0.00973732 2 12 3
378.345 0.00974331 0.00974331 2 12 3
377.845 0.00974933 0.00974933 2 12 3
377.345 0.00975538 0.00975538 2 12 3
376.845 0.00976146 0.00976146 2 12 3
376.345 0.00976756 0.00976756 2 12 3
375.845 0.00977369 0.00977369 2 12 3
375.345 0.00977985 0.00977985 2 12 3
374.845 0.00978604 0.00978604 2 12 3
374.345 0.00979226 0.00979226 2 12 3
373.845 0.0097985 0.0097985 2 12 3
373.345 0.00980477 0.00980477 2 12 3
372.845 0.00981108 0.00981108 2 12 3
372.345 0.00981741 0.00981741 2 12 3
371.845 0.00982377 0.00982377 2 12 3
371.345 0.00983016 0.00983016 2 12 3
370.845 0.00983658 0.00983658 2 12 3
370.345 0.00984302 0.00984302 2 12 3
369.845 0.0098495 0.0098495 2 12 3
369.345 0.00985601 0.00985601 2 12 3
368.845 0.00986255 0.00986255 2 12 3
368.345 0.00986912 0.00986912 2 12 3
367.845 0.00987572 0.00987572 2 12 3
367.345 0.00988235 0.00988235 2 12 3
366.845 0.00988901 0.00988901 2 12 3
366.345 0.0098957 0.0098957 2 12 3
365.845 0.00990243 0.00990243 2 12 3
365.345 0.00990918 0.00990918 2 12 3
364.845 0.00991597 0.00991597 2 12 3
364.345 0.00992279 0.00992279 2 12 3
363.845 0.00992964 0.00992964 2 12 3
363.345 0.00993653 0.00993653 2 12 3
362.845 0.00994344 0.00994344 2 12 3
362.345 0.00995039 0.00995039 2 12 3
361.845 0.00995737 0.00995737 2 12 3
361.345 0.00996439 0.00996439 2 12 3
360.845 0.00997143 0.00997143 2 12 3
360.345 0.00997852 0.00997852 2 12 3
359.845 0.00998563 0.00998563 2 12 3
359.345 0.00999278 0.00999278 2 12 3
358.845 0.00999996 0.00999996 2 12 3
358.345 0.0100072 0.0100072 2 12 3
357.845 0.0100144 0.0100144 2 12 3
357.345 0.0100217 0.0100217 2 12 3
356.845 0.010029 0.010029 2 12 3
356.345 0.0100364 0.0100364 2 12 3
355.845 0.0100438 0.0100438 2 12 3
355.345 0.0100512 0.0100512 2 12 3
354.845 0.0100587 0.0100587 2 12 3
354.345 0.0100662 0.0100662 2 12 3
353.845 0.0100737 0.0100737 2 12 3
353.345 0.0100813 0.0100813 2 12 3
352.845 0.0100889 0.0100889 2 12 3
352.345 0.0100965 0.0100965 2 12 3
351.845 0.0101042 0.0101042 2 12 3
351.345 0.010112 0.010112 2 12 3
350.845 0.0101197 0.0101197 2 12 3
350.345 0.0101275 0.0101275 2 12 3
349.845 0.0101353 0.0101353 2 12 3
349.345 0.0101432 0.0101432 2 12 3
348.845 0.0101511 0.0101511 2 12 3
348.345 0.0101591 0.0101591 2 12 3
347.845 0.0101671 0.0101671 2 12 3
347.345 0.0101751 0.0101751 2 12 3
346.845 0.0101832 0.0101832 2 12 3
346.345 0.0101913 0.0101913 2 12 3
345.845 0.0101994 0.0101994 2 12 3
345.345 0.0102076 0.0102076 2 12 3
344.845 0.0102158 0.0102158 2 12 3
344.345 0.0102241 0.0102241 2 12 3
343.845 0.0102324 0.0102324 2 12 3
343.345 0.0102408 0.0102408 2 12 3
342.845 0.0102492 0.0102492 2 12 3
342.345 0.0102576 0.0102576 2 12 3
341.845 0.0102661 0.0102661 2 12 3
341.345 0.0102746 0.0102746 2 12 3
340.845 0.0102832 0.0102832 2 12 3
340.345 0.0102918 0.0102918 2 12 3
339.845 0.0103004 0.0103004 2 12 3
339.345 0.0103091 0.0103091 2 12 3
338.845 0.0103179 0.0103179 2 12 3
338.345 0.0103267 0.0103267 2 12 3
337.845 0.0103355 0.0103355 2 12 3
337.345 0.0103444 0.0103444 2 12 3
336.845 0.0103533 0.0103533 2 12 3
336.345 0.0103622 0.0103622 2 12 3
335.845 0.0103713 0.0103713 2 12 3
335.345 0.0103803 0.0103803 2 12 3
334.845 0.0103894 0.0103894 2 12 3
334.345 0.0103986 0.0103986 2 12 3
333.845 0.0104078 0.0104078 2 12 3
333.345 0.010417 0.010417 2 12 3
332.845 0.0104263 0.0104263 2 12 3
332.345 0.0104356 0.0104356 2 12 3
331.845 0.010445 0.010445 2 12 3
331.345 0.0104544 0.0104544 2 12 3
330.845 0.0104639 0.0104639 2 12 3
330.345 0.0104735 0.0104735 2 12 3
329.845 0.0104831 0.0104831 2 12 3
329.345 0.0104927 0.0104927 2 12 3
328.845 0.0105024 0.0105024 2 12 3
328.345 0.0105121 0.0105121 2 12 3
327.845 0.0105219 0.0105219 2 12 3
327.345 0.0105317 0.0105317 2 12 3
326.845 0.0105416 0.0105416 2 12 3
326.345 0.0105515 0.0105515 2 12 3
325.845 0.0105615 0.0105615 2 12 3
325.345 0.0105716 0.0105716 2 12 3
324.845 0.0105817 0.0105817 2 12 3
324.345 0.0105918 0.0105918 2 12 3
323.845 0.010602 0.010602 2 12 3
323.345 0.0106123 0.0106123 2 12 3
322.845 0.0106226 0.0106226 2 12 3
322.345 0.010633 0.010633 2 12 3
321.845 0.0106434 0.0106434 2 12 3
321.345 0.0106539 0.0106539 2 12 3
320.845 0.0106644 0.0106644 2 12 3
320.345 0.010675 0.010675 2 12 3
319.845 0.0106857 0.0106857 2 12 3
319.345 0.0106964 0.0106964 2 12 3
318.845 0.0107071 0.0107071 2 12 3
318.345 0.010718 0.010718 2 12 3
317.845 0.0107288 0.0107288 2 12 3
317.345 0.0107398 0.0107398 2 12 3
316.845 0.0107508 0.0107508 2 12 3
316.345 0.0107618 0.0107618 2 12 3
315.845 0.010773 0.010773 2 12 3
315.345 0.0107841 0.0107841 2 12 3
314.845 0.0107954 0.0107954 2 12 3
314.345 0.0108067 0.0108067 2 12 3
313.845 0.010818 0.010818 2 12 3
313.345 0.0108295 0.0108295 2 12 3
312.845 0.010841 0.010841 2 12 3
312.345 0.0108525 0.0108525 2 12 3
311.845 0.0108641 0.0108641 2 12 3
311.345 0.0108758 0.0108758 2 12 3
310.845 0.0108876 0.0108876 2 12 3
310.345 0.0108994 0.0108994 2 12 3
309.845 0.0109112 0.0109112 2 12 3
309.345 0.0109232 0.0109232 2 12 3
308.845 0.0109352 0.0109352 2 12 3
308.345 0.0109473 0.0109473 2 12 3
307.845 0.0109594 0.0109594 2 12 3
307.345 0.0109716 0.0109716 2 12 3
306.845 0.0109839 0.0109839 2 12 3
306.345 0.0109963 0.0109963 2 12 3
305.845 0.0110087 0.0110087 2 12 3
305.345 0.0110212 0.0110212 2 12 3
304.845 0.0110337 0.0110337 2 12 3
304.345 0.0110464 0.0110464 2 12 3
303.845 0.0110591 0.0110591 2 12 3
303.345 0.0110718 0.0110718 2 12 3
302.845 0.0110847 0.0110847 2 12 3
302.345 0.0110976 0.0110976 2 12 3
301.845 0.0111106 0.0111106 2 12 3
301.345 0.0111237 0.0111237 2 12 3
300.845 0.0111368 0.0111368 2 12 3
300.345 0.01115 0.01115 2 12 3
299.845 0.0111633 0.0111633 2 12 3
299.345 0.0111767 0.0111767 2 12 3
298.845 0.0111902 0.0111902 2 12 3
298.345 0.0112037 0.0112037 2 12 3
297.845 0.0112173 0.0112173 2 12 3
297.345 0.011231 0.011231 2 12 3
296.845 0.0112447 0.0112447 2 12 3
296.345 0.0112586 0.0112586 2 12 3
295.845 0.0112725 0.0112725 2 12 3
295.345 0.0112865 0.0112865 2 12 3
294.845 0.0113006 0.0113006 2 12 3
294.345 0.0113148 0.0113148 2 12 3
293.845 0.0113291 0.0113291 2 12 3
293.345 0.0113434 0.0113434 2 12 3
292.845 0.0113578 0.0113578 2 12 3
292.345 0.0113723 0.0113723 2 12 3
291.845 0.0113869 0.0113869 2 12 3
291.345 0.0114016 0.0114016 2 12 3
290.845 0.0114164 0.0114164 2 12 3
290.345 0.0114313 0.0114313 2 12 3
289.845 0.0114462 0.0114462 2 12 3
289.345 0.0114613 0.0114613 2 12 3
288.845 0.0114764 0.0114764 2 12 3
288.345 0.0114916 0.0114916 2 12 3
287.845 0.0115069 0.0115069 2 12 3
287.345 0.0115223 0.0115223 2 12 3
286.845 0.0115378 0.0115378 2 12 3
286.345 0.0115534 0.0115534 2 12 3
285.845 0.0115691 0.0115691 2 12 3
285.345 0.0115849 0.0115849 2 12 3
284.845 0.0116008 0.0116008 2 12 3
284.345 0.0116168 0.0116168 2 12 3
283.845 0.0116328 0.0116328 2 12 3
283.845 0.0116328 0.0116328 2 12 3
283.805 0.0116342 0.0116342 2 12 3
283.765 0.0116355 0.0116355 2 12 3
283.685 0.0116381 0.0116381 2 12 3
283.525 0.0116433 0.0116433 2 12 3
283.205 0.0116536 0.0116536 2 12 3
282.705 0.0116699 0.0116699 2 12 3
282.205 0.0116863 0.0116863 2 12 3
281.705 0.0117028 0.0117028 2 12 3
281.205 0.0117194 0.0117194 2 12 3
280.705 0.0117361 0.0117361 2 12 3
280.205 0.0117529 0.0117529 2 12 3
279.705 0.0117698 0.0117698 2 12 3
279.205 0.0117869 0.0117869 2 12 3
278.705 0.011804 0.011804 2 12 3
278.205 0.0118212 0.0118212 2 12 3
277.705 0.0118386 0.0118386 2 12 3
277.205 0.0118561 0.0118561 2 12 3
276.705 0.0118736 0.0118736 2 12 3
276.205 0.0118913 0.0118913 2 12 3
275.705 0.0119091 0.0119091 2 12 3
275.205 0.011927 0.011927 2 12 3
274.705 0.011945 0.011945 2 12 3
274.205 0.0119632 0.0119632 2 12 3
273.705 0.0119814 0.0119814 2 12 3
273.205 0.0119998 0.0119998 2 12 3
272.705 0.0120183 0.0120183 2 12 3
272.205 0.0120369 0.0120369 2 12 3
271.705 0.0120556 0.0120556 2 12 3
271.205 0.0120745 0.0120745 2 12 3
270.705 0.0120934 0.0120934 2 12 3
270.205 0.0121125 0.0121125 2 12 3
269.705 0.0121318 0.0121318 2 12 3
269.205 0.0121511 0.0121511 2 12 3
268.705 0.0121706 0.0121706 2 12 3
268.205 0.0121902 0.0121902 2 12 3
267.705 0.0122099 0.0122099 2 12 3
267.205 0.0122298 0.0122298 2 12 3
266.705 0.0122498 0.0122498 2 12 3
266.205 0.0122699 0.0122699 2 12 3
265.705 0.0122902 0.0122902 2 12 3
265.205 0.0123106 0.0123106 2 12 3
264.705 0.0123311 0.0123311 2 12 3
264.205 0.0123518 0.0123518 2 12 3
263.705 0.0123726 0.0123726 2 12 3
263.205 0.0123935 0.0123935 2 12 3
262.705 0.0124146 0.0124146 2 12 3
262.205 0.0124358 0.0124358 2 12 3
261.705 0.0124572 0.0124572 2 12 3
261.205 0.0124787 0.0124787 2 12 3
260.705 0.0125004 0.0125004 2 12 3
260.205 0.0125222 0.0125222 2 12 3
259.705 0.0125442 0.0125442 2 12 3
259.205 0.0125663 0.0125663 2 12 3
258.705 0.0125886 0.0125886 2 12 3
258.205 0.012611 0.012611 2 12 3
257.705 0.0126336 0.0126336 2 12 3
257.205 0.0126563 0.0126563 2 12 3
256.705 0.0126792 0.0126792 2 12 3
256.205 0.0127023 0.0127023 2 12 3
255.705 0.0127255 0.0127255 2 12 3
255.205 0.0127489 0.0127489 2 12 3
254.705 0.0127724 0.0127724 2 12 3
254.206 0.0127961 0.0127961 2 12 3
253.706 0.01282 0.01282 2 12 3
253.206 0.012844 0.012844 2 12 3
252.706 0.0128683 0.0128683 2 12 3
252.206 0.0128926 0.0128926 2 12 3
251.706 0.0129172 0.0129172 2 12 3
251.206 0.012942 0.012942 2 12 3
250.706 0.0129669 0.0129669 2 12 3
250.206 0.012992 0.012992 2 12 3
249.706 0.0130172 0.0130172 2 12 3
249.206 0.0130427 0.0130427 2 12 3
248.706 0.0130684 0.0130684 2 12 3
248.206 0.0130942 0.0130942 2 12 3
247.706 0.0131202 0.0131202 2 12 3
247.206 0.0131464 0.0131464 2 12 3
246.706 0.0131728 0.0131728 2 12 3
246.206 0.0131995 0.0131995 2 12 3
245.706 0.0132263 0.0132263 2 12 3
245.206 0.0132533 0.0132533 2 12 3
244.706 0.0132805 0.0132805 2 12 3
244.206 0.0133079 0.0133079 2 12 3
243.706 0.0133355 0.0133355 2 12 3
243.206 0.0133633 0.0133633 2 12 3
242.706 0.0133913 0.0133913 2 12 3
242.206 0.0134195 0.0134195 2 12 3
241.706 0.013448 0.013448 2 12 3
241.206 0.0134767 0.0134767 2 12 3
240.706 0.0135056 0.0135056 2 12 3
240.206 0.0135347 0.0135347 2 12 3
239.706 0.013564 0.013564 2 12 3
239.206 0.0135936 0.0135936 2 12 3
238.706 0.0136233 0.0136233 2 12 3
238.206 0.0136534 0.0136534 2 12 3
237.706 0.0136836 0.0136836 2 12 3
237.206 0.0137141 0.0137141 2 12 3
236.706 0.0137448 0.0137448 2 12 3
236.206 0.0137758 0.0137758 2 12 3
235.706 0.013807 0.013807 2 12 3
235.206 0.0138385 0.0138385 2 12 3
234.706 0.0138702 0.0138702 2 12 3
234.206 0.0139021 0.0139021 2 12 3
233.706 0.0139343 0.0139343 2 12 3
233.206 0.0139668 0.0139668 2 12 3
232.706 0.0139996 0.0139996 2 12 3
232.206 0.0140326 0.0140326 2 12 3
231.706 0.0140658 0.0140658 2 12 3
231.206 0.0140994 0.0140994 2 12 3
230.706 0.0141332 0.0141332 2 12 3
230.206 0.0141673 0.0141673 2 12 3
229.706 0.0142016 0.0142016 2 12 3
229.206 0.0142363 0.0142363 2 12 3
228.706 0.0142712 0.0142712 2 12 3
228.206 0.0143065 0.0143065 2 12 3
227.706 0.014342 0.014342 2 12 3
227.206 0.0143778 0.0143778 2 12 3
226.706 0.0144139 0.0144139 2 12 3
226.206 0.0144504 0.0144504 2 12 3
225.706 0.0144871 0.0144871 2 12 3
225.206 0.0145241 0.0145241 2 12 3
224.706 0.0145615 0.0145615 2 12 3
224.206 0.0145992 0.0145992 2 12 3
223.706 0.0146372 0.0146372 2 12 3
223.206 0.0146755 0.0146755 2 12 3
222.706 0.0147142 0.0147142 2 12 3
222.206 0.0147532 0.0147532 2 12 3
221.706 0.0147926 0.0147926 2 12 3
221.206 0.0148323 0.0148323 2 12 3
220.706 0.0148723 0.0148723 2 12 3
220.206 0.0149127 0.0149127 2 12 3
219.706 0.0149535 0.0149535 2 12 3
219.206 0.0149946 0.0149946 2 12 3
218.706 0.0150361 0.0150361 2 12 3
218.206 0.015078 0.015078 2 12 3
217.706 0.0151202 0.0151202 2 12 3
217.206 0.0151629 0.0151629 2 12 3
216.706 0.0152059 0.0152059 2 12 3
216.206 0.0152493 0.0152493 2 12 3
215.706 0.0152931 0.0152931 2 12 3
215.206 0.0153374 0.0153374 2 12 3
214.706 0.015382 0.015382 2 12 3
214.206 0.0154271 0.0154271 2 12 3
213.706 0.0154725 0.0154725 2 12 3
213.206 0.0155184 0.0155184 2 12 3
212.706 0.0155648 0.0155648 2 12 3
212.206 0.0156116 0.0156116 2 12 3
211.706 0.0156588 0.0156588 2 12 3
211.206 0.0157065 0.0157065 2 12 3
210.706 0.0157547 0.0157547 2 12 3
210.206 0.0158033 0.0158033 2 12 3
209.706 0.0158524 0.0158524 2 12 3
209.206 0.015902 0.015902 2 12 3
208.706 0.0159521 0.0159521 2 12 3
208.206 0.0160027 0.0160027 2 12 3
207.706 0.0160537 0.0160537 2 12 3
207.206 0.0161053 0.0161053 2 12 3
206.706 0.0161575 0.0161575 2 12 3
206.206 0.0162101 0.0162101 2 12 3
205.707 0.0162633 0.0162633 2 12 3
205.207 0.016317 0.016317 2 12 3
204.707 0.0163713 0.0163713 2 12 3
204.207 0.0164262 0.0164262 2 12 3
203.707 0.0164816 0.0164816 2 12 3
203.207 0.0165377 0.0165377 2 12 3
202.707 0.0165943 0.0165943 2 12 3
202.207 0.0166515 0.0166515 2 12 3
201.707 0.0167094 0.0167094 2 12 3
201.207 0.0167678 0.0167678 2 12 3
200.707 0.016827 0.016827 2 12 3
200.207 0.0168867 0.0168867 2 12 3
199.707 0.0169471 0.0169471 2 12 3
199.207 0.0170082 0.0170082 2 12 3
198.707 0.01707 0.01707 2 12 3
198.207 0.0171325 0.0171325 2 12 3
197.707 0.0171957 0.0171957 2 12 3
197.207 0.0172596 0.0172596 2 12 3
196.707 0.0173242 0.0173242 2 12 3
196.207 0.0173896 0.0173896 2 12 3
195.707 0.0174558 0.0174558 2 12 3
195.207 0.0175227 0.0175227 2 12 3
194.707 0.0175905 0.0175905 2 12 3
194.207 0.017659 0.017659 2 12 3
193.707 0.0177284 0.0177284 2 12 3
193.207 0.0177987 0.0177987 2 12 3
192.707 0.0178698 0.0178698 2 12 3
192.207 0.0179417 0.0179417 2 12 3
191.707 0.0180146 0.0180146 2 12 3
191.207 0.0180884 0.0180884 2 12 3
190.707 0.0181632 0.0181632 2 12 3
190.207 0.0182389 0.0182389 2 12 3
189.707 0.0183156 0.0183156 2 12 3
189.207 0.0183933 0.0183933 2 12 3
188.707 0.018472 0.018472 2 12 3
188.207 0.0185518 0.0185518 2 12 3
187.708 0.0186327 0.0186327 2 12 3
187.208 0.0187146 0.0187146 2 12 3
186.708 0.0187977 0.0187977 2 12 3
186.208 0.018882 0.018882 2 12 3
186.208 0.018882 0.018882 2 12 3
186.168 0.01889 0.01889 2 12 3
186.128 0.0188968 0.0188968 2 12 3
186.048 0.0189104 0.0189104 2 12 3
185.888 0.0189376 0.0189376 2 12 3
185.568 0.0189924 0.0189924 2 12 3
185.068 0.0190788 0.0190788 2 12 3
184.568 0.0191669 0.0191669 2 12 3
184.068 0.0192565 0.0192565 2 12 3
183.568 0.0193474 0.0193474 2 12 3
183.068 0.0194397 0.0194397 2 12 3
182.568 0.0195333 0.0195333 2 12 3
182.068 0.0196285 0.0196285 2 12 3
181.568 0.0197251 0.0197251 2 12 3
181.068 0.0198232 0.0198232 2 12 3
180.568 0.019923 0.019923 2 12 3
180.068 0.0200243 0.0200243 2 12 3
179.568 0.0201273 0.0201273 2 12 3
179.068 0.0202321 0.0202321 2 12 3
178.568 0.0203387 0.0203387 2 12 3
178.068 0.0204471 0.0204471 2 12 3
177.569 0.0205574 0.0205574 2 12 3
177.069 0.0206697 0.0206697 2 12 3
176.569 0.020784 0.020784 2 12 3
176.069 0.0209005 0.0209005 2 12 3
175.569 0.0210192 0.0210192 2 12 3
175.069 0.0211402 0.0211402 2 12 3
174.569 0.0212636 0.0212636 2 12 3
174.069 0.0213894 0.0213894 2 12 3
173.569 0.0215179 0.0215179 2 12 3
173.069 0.0216491 0.0216491 2 12 3
172.569 0.021783 0.021783 2 12 3
172.069 0.02192 0.02192 2 12 3
171.569 0.02206 0.02206 2 12 3
171.07 0.0222034 0.0222034 2 12 3
170.57 0.0223501 0.0223501 2 12 3
170.07 0.0225004 0.0225004 2 12 3
169.57 0.0226546 0.0226546 2 12 3
169.07 0.0228127 0.0228127 2 12 3
168.57 0.0229752 0.0229752 2 12 3
168.07 0.0231421 0.0231421 2 12 3
167.57 0.0233139 0.0233139 2 12 3
167.071 0.0234909 0.0234909 2 12 3
166.571 0.0236734 0.0236734 2 12 3
166.071 0.0238619 0.0238619 2 12 3
165.571 0.0240568 0.0240568 2 12 3
165.071 0.0242587 0.0242587 2 12 3
164.571 0.0244682 0.0244682 2 12 3
164.071 0.0246861 0.0246861 2 12 3
163.572 0.0249132 0.0249132 2 12 3
163.072 0.0251507 0.0251507 2 12 3
162.572 0.0253996 0.0253996 2 12 3
162.072 0.0256616 0.0256616 2 12 3
161.573 0.0259386 0.0259386 2 12 3
161.073 0.026251 0.026251 2 12 3
160.573 0.0265694 0.0265694 2 12 3
160.074 0.0269141 0.0269141 2 12 3
159.574 0.027292 0.027292 2 12 3
159.075 0.0277135 0.0277135 2 12 3
158.576 0.028197 0.028197 2 12 3
158.077 0.0287782 0.0287782 2 12 3
157.578 0.02955 0.02955 2 12 3
157.33 0.0301318 0.0301318 2 12 3
157.238 0.0304682 0.0304682 2 12 3
157.171 0.0308709 0.0308709 2 12 3
157.153 0.0310759 0.0310759 2 12 3
157.155 0.031388 0.031388 2 12 3
157.167 0.0315473 0.0315473 2 12 3
157.181 0.0316657 0.0316657 2 12 3
157.201 0.0317977 0.0317977 2 12 3
157.233 0.0319564 0.0319564 2 12 3
157.281 0.0321464 0.0321464 2 12 3
157.354 0.0323749 0.0323749 2 12 3
157.463 0.0326512 0.0326512 2 12 3
157.628 0.0329861 0.0329861 2 12 3
157.875 0.033393 0.033393 2 12 3
158.246 0.0338875 0.0338875 2 12 3
158.745 0.0344311 0.0344311 2 12 3
159.245 0.0348906 0.0348906 2 12 3
159.745 0.0352962 0.0352962 2 12 3
160.245 0.0356624 0.0356624 2 12 3
160.744 0.0359983 0.0359983 2 12 3
161.244 0.0363097 0.0363097 2 12 3
161.744 0.036601 0.036601 2 12 3
162.244 0.0368753 0.0368753 2 12 3
162.744 0.0371496 0.0371496 2 12 3
163.244 0.0373946 0.0373946 2 12 3
163.744 0.0376287 0.0376287 2 12 3
164.244 0.037853 0.037853 2 12 3
164.744 0.0380685 0.0380685 2 12 3
165.244 0.0382759 0.0382759 2 12 3
165.744 0.038476 0.038476 2 12 3
166.244 0.0386694 0.0386694 2 12 3
166.744 0.0388565 0.0388565 2 12 3
167.244 0.0390379 0.0390379 2 12 3
167.744 0.0392138 0.0392138 2 12 3
168.244 0.0393848 0.0393848 2 12 3
168.744 0.039551 0.039551 2 12 3
169.244 0.0397128 0.0397128 2 12 3
169.743 0.0398705 0.0398705 2 12 3
170.243 0.0400243 0.0400243 2 12 3
170.743 0.0401743 0.0401743 2 12 3
171.243 0.0403208 0.0403208 2 12 3
171.743 0.0404639 0.0404639 2 12 3
172.243 0.0406039 0.0406039 2 12 3
172.743 0.0407409 0.0407409 2 12 3
173.243 0.0408749 0.0408749 2 12 3
173.743 0.0410062 0.0410062 2 12 3
174.243 0.0411348 0.0411348 2 12 3
174.743 0.0412609 0.0412609 2 12 3
175.243 0.0413845 0.0413845 2 12 3
175.743 0.0415058 0.0415058 2 12 3
176.243 0.0416249 0.0416249 2 12 3
176.743 0.0417418 0.0417418 2 12 3
177.243 0.0418566 0.0418566 2 12 3
177.743 0.0419694 0.0419694 2 12 3
178.243 0.0420802 0.0420802 2 12 3
178.743 0.0421892 0.0421892 2 12 3
179.243 0.0422964 0.0422964 2 12 3
179.743 0.0424018 0.0424018 2 12 3
180.243 0.0425055 0.0425055 2 12 3
180.743 0.0426075 0.0426075 2 12 3
181.243 0.042708 0.042708 2 12 3
181.743 0.0428069 0.0428069 2 12 3
182.243 0.0429043 0.0429043 2 12 3
182.743 0.0430003 0.0430003 2 12 3
183.243 0.0430948 0.0430948 2 12 3
183.743 0.0431879 0.0431879 2 12 3
184.243 0.0432798 0.0432798 2 12 3
184.743 0.0433703 0.0433703 2 12 3
185.243 0.0434595 0.0434595 2 12 3
185.743 0.0435475 0.0435475 2 12 3
186.243 0.0436343 0.0436343 2 12 3
186.743 0.0437199 0.0437199 2 12 3
187.243 0.0438044 0.0438044 2 12 3
187.743 0.0438878 0.0438878 2 12 3
188.243 0.04397 0.04397 2 12 3
188.743 0.0440512 0.0440512 2 12 3
189.243 0.0441314 0.0441314 2 12 3
189.743 0.0442106 0.0442106 2 12 3
190.243 0.0442887 0.0442887 2 12 3
190.743 0.0443659 0.0443659 2 12 3
191.243 0.0444422 0.0444422 2 12 3
191.743 0.0445175 0.0445175 2 12 3
192.243 0.0445919 0.0445919 2 12 3
192.743 0.0446654 0.0446654 2 12 3
193.243 0.044738 0.044738 2 12 3
193.743 0.0448098 0.0448098 2 12 3
194.243 0.0448808 0.0448808 2 12 3
194.743 0.0449509 0.0449509 2 12 3
195.243 0.0450203 0.0450203 2 12 3
195.743 0.0450889 0.0450889 2 12 3
196.243 0.0451566 0.0451566 2 12 3
196.743 0.0452237 0.0452237 2 12 3
197.243 0.04529 0.04529 2 12 3
197.743 0.0453555 0.0453555 2 12 3
198.243 0.0454204 0.0454204 2 12 3
198.743 0.0454846 0.0454846 2 12 3
199.243 0.045548 0.045548 2 12 3
199.743 0.0456108 0.0456108 2 12 3
200.243 0.045673 0.045673 2 12 3
200.743 0.0457345 0.0457345 2 12 3
201.243 0.0457953 0.0457953 2 12 3
201.743 0.0458556 0.0458556 2 12 3
202.243 0.0459152 0.0459152 2 12 3
202.743 0.0459742 0.0459742 2 12 3
203.243 0.0460326 0.0460326 2 12 3
203.743 0.0460904 0.0460904 2 12 3
204.243 0.0461477 0.0461477 2 12 3
204.743 0.0462043 0.0462043 2 12 3
205.243 0.0462605 0.0462605 2 12 3
205.743 0.046316 0.046316 2 12 3
206.243 0.0463711 0.0463711 2 12 3
206.743 0.0464256 0.0464256 2 12 3
207.243 0.0464796 0.0464796 2 12 3
207.743 0.0465331 0.0465331 2 12 3
208.243 0.046586 0.046586 2 12 3
208.743 0.0466385 0.0466385 2 12 3
209.243 0.0466905 0.0466905 2 12 3
209.743 0.046742 0.046742 2 12 3
210.243 0.0467931 0.0467931 2 12 3
210.743 0.0468436 0.0468436 2 12 3
211.243 0.0468937 0.0468937 2 12 3
211.743 0.0469434 0.0469434 2 12 3
212.243 0.0469926 0.0469926 2 12 3
212.743 0.0470413 0.0470413 2 12 3
213.243 0.0470897 0.0470897 2 12 3
213.743 0.0471376 0.0471376 2 12 3
214.243 0.0471851 0.0471851 2 12 3
214.743 0.0472321 0.0472321 2 12 3
215.243 0.0472788 0.0472788 2 12 3
215.743 0.047325 0.047325 2 12 3
216.243 0.0473709 0.0473709 2 12 3
216.743 0.0474163 0.0474163 2 12 3
217.243 0.0474614 0.0474614 2 12 3
217.743 0.0475061 0.0475061 2 12 3
218.243 0.0475504 0.0475504 2 12 3
218.743 0.0475943 0.0475943 2 12 3
219.243 0.0476379 0.0476379 2 12 3
219.743 0.0476811 0.0476811 2 12 3
219.743 0.0476811 0.0476811 2 12 3
219.703 0.0476773 0.0476773 2 12 3
219.663 0.0476739 0.0476739 2 12 3
219.583 0.047667 0.047667 2 12 3
219.423 0.0476532 0.0476532 2 12 3
219.103 0.0476255 0.0476255 2 12 3
218.603 0.047582 0.047582 2 12 3
218.103 0.047538 0.047538 2 12 3
217.603 0.0474936 0.0474936 2 12 3
217.103 0.0474488 0.0474488 2 12 3
216.603 0.0474036 0.0474036 2 12 3
216.103 0.0473581 0.0473581 2 12 3
215.603 0.0473121 0.0473121 2 12 3
215.103 0.0472657 0.0472657 2 12 3
214.603 0.047219 0.047219 2 12 3
214.103 0.0471718 0.0471718 2 12 3
213.603 0.0471242 0.0471242 2 12 3
213.103 0.0470762 0.0470762 2 12 3
212.603 0.0470277 0.0470277 2 12 3
212.103 0.0469788 0.0469788 2 12 3
211.603 0.0469295 0.0469295 2 12 3
211.103 0.0468797 0.0468797 2 12 3
210.603 0.0468295 0.0468295 2 12 3
210.103 0.0467788 0.0467788 2 12 3
209.603 0.0467276 0.0467276 2 12 3
209.103 0.046676 0.046676 2 12 3
208.603 0.0466239 0.0466239 2 12 3
208.103 0.0465713 0.0465713 2 12 3
207.603 0.0465181 0.0465181 2 12 3
207.103 0.0464645 0.0464645 2 12 3
206.603 0.0464104 0.0464104 2 12 3
206.103 0.0463557 0.0463557 2 12 3
205.603 0.0463005 0.0463005 2 12 3
205.103 0.0462448 0.0462448 2 12 3
204.603 0.0461885 0.0461885 2 12 3
204.103 0.0461317 0.0461317 2 12 3
203.603 0.0460742 0.0460742 2 12 3
203.103 0.0460163 0.0460163 2 12 3
202.603 0.0459577 0.0459577 2 12 3
202.103 0.0458985 0.0458985 2 12 3
201.603 0.0458387 0.0458387 2 12 3
201.103 0.0457783 0.0457783 2 12 3
200.603 0.0457173 0.0457173 2 12 3
200.103 0.0456556 0.0456556 2 12 3
199.603 0.0455933 0.0455933 2 12 3
199.103 0.0455303 0.0455303 2 12 3
198.603 0.0454666 0.0454666 2 12 3
198.103 0.0454023 0.0454023 2 12 3
197.603 0.0453372 0.0453372 2 12 3
197.103 0.0452715 0.0452715 2 12 3
196.603 0.045205 0.045205 2 12 3
196.103 0.0451377 0.0451377 2 12 3
195.603 0.0450697 0.0450697 2 12 3
195.103 0.0450009 0.0450009 2 12 3
194.603 0.0449314 0.0449314 2 12 3
194.103 0.044861 0.044861 2 12 3
193.603 0.0447898 0.0447898 2 12 3
193.103 0.0447178 0.0447178 2 12 3
192.603 0.0446449 0.0446449 2 12 3
192.103 0.0445711 0.0445711 2 12 3
191.603 0.0444964 0.0444964 2 12 3
191.103 0.0444209 0.0444209 2 12 3
190.603 0.0443444 0.0443444 2 12 3
190.103 0.0442669 0.0442669 2 12 3
189.603 0.0441885 0.0441885 2 12 3
189.103 0.044109 0.044109 2 12 3
188.603 0.0440286 0.0440286 2 12 3
188.103 0.0439471 0.0439471 2 12 3
187.603 0.0438645 0.0438645 2 12 3
187.103 0.0437808 0.0437808 2 12 3
186.603 0.043696 0.043696 2 12 3
186.103 0.0436101 0.0436101 2 12 3
185.603 0.0435229 0.0435229 2 12 3
185.103 0.0434346 0.0434346 2 12 3
184.603 0.043345 0.043345 2 12 3
184.103 0.0432541 0.0432541 2 12 3
183.603 0.0431619 0.0431619 2 12 3
183.103 0.0430684 0.0430684 2 12 3
182.603 0.0429734 0.0429734 2 12 3
182.103 0.0428771 0.0428771 2 12 3
181.603 0.0427793 0.0427793 2 12 3
181.103 0.0426799 0.0426799 2 12 3
180.603 0.042579 0.042579 2 12 3
180.103 0.0424765 0.0424765 2 12 3
179.603 0.0423723 0.0423723 2 12 3
179.103 0.0422664 0.0422664 2 12 3
178.603 0.0421588 0.0421588 2 12 3
178.103 0.0420493 0.0420493 2 12 3
177.603 0.0419379 0.0419379 2 12 3
177.103 0.0418245 0.0418245 2 12 3
176.603 0.0417091 0.0417091 2 12 3
176.103 0.0415916 0.0415916 2 12 3
175.603 0.0414719 0.0414719 2 12 3
175.103 0.04135 0.04135 2 12 3
174.603 0.0412256 0.0412256 2 12 3
174.103 0.0410988 0.0410988 2 12 3
173.603 0.0409695 0.0409695 2 12 3
173.103 0.0408374 0.0408374 2 12 3
172.603 0.0407025 0.0407025 2 12 3
172.103 0.0405647 0.0405647 2 12 3
171.603 0.0404239 0.0404239 2 12 3
171.103 0.0402798 0.0402798 2 12 3
170.603 0.0401323 0.0401323 2 12 3
170.103 0.0399812 0.0399812 2 12 3
169.603 0.0398263 0.0398263 2 12 3
169.104 0.0396675 0.0396675 2 12 3
168.604 0.0395044 0.0395044 2 12 3
168.104 0.0393368 0.0393368 2 12 3
167.604 0.0391644 0.0391644 2 12 3
167.104 0.0389868 0.0389868 2 12 3
166.604 0.0388038 0.0388038 2 12 3
166.104 0.0386148 0.0386148 2 12 3
165.604 0.0384195 0.0384195 2 12 3
165.104 0.0382172 0.0382172 2 12 3
164.604 0.0380073 0.0380073 2 12 3
164.104 0.0377891 0.0377891 2 12 3
163.604 0.0375618 0.0375618 2 12 3
163.104 0.0373243 0.0373243 2 12 3
162.604 0.0370753 0.0370753 2 12 3
162.104 0.0368133 0.0368133 2 12 3
161.604 0.0365365 0.0365365 2 12 3
161.104 0.0362247 0.0362247 2 12 3
160.604 0.0359069 0.0359069 2 12 3
160.105 0.0355631 0.0355631 2 12 3
159.605 0.0351867 0.0351867 2 12 3
159.105 0.0347673 0.0347673 2 12 3
158.605 0.0342873 0.0342873 2 12 3
158.106 0.0337125 0.0337125 2 12 3
157.607 0.0329551 0.0329551 2 12 3
157.358 0.0323976 0.0323976 2 12 3
157.174 0.0316206 0.0316206 2 12 3
157.153 0.0313262 0.0313262 2 12 3
157.156 0.0310436 0.0310436 2 12 3
157.168 0.0308929 0.0308929 2 12 3
157.182 0.0307806 0.0307806 2 12 3
157.202 0.0306519 0.0306519 2 12 3
157.233 0.0304974 0.0304974 2 12 3
157.28 0.0303113 0.0303113 2 12 3
157.35 0.0300864 0.0300864 2 12 3
157.457 0.0298148 0.0298148 2 12 3
157.618 0.0294845 0.0294845 2 12 3
157.859 0.0290828 0.0290828 2 12 3
158.221 0.0285947 0.0285947 2 12 3
158.721 0.0280468 0.0280468 2 12 3
159.22 0.027585 0.027585 2 12 3
159.719 0.0271781 0.0271781 2 12 3
160.219 0.0268109 0.0268109 2 12 3
160.718 0.0264745 0.0264745 2 12 3
161.218 0.0261627 0.0261627 2 12 3
161.718 0.0258712 0.0258712 2 12 3
162.218 0.0255969 0.0255969 2 12 3
162.717 0.0253227 0.0253227 2 12 3
163.217 0.0250778 0.0250778 2 12 3
163.717 0.024844 0.024844 2 12 3
164.217 0.02462 0.02462 2 12 3
164.716 0.024405 0.024405 2 12 3
165.216 0.024198 0.024198 2 12 3
165.716 0.0239983 0.0239983 2 12 3
166.216 0.0238055 0.0238055 2 12 3
166.716 0.0236189 0.0236189 2 12 3
167.216 0.0234382 0.0234382 2 12 3
167.715 0.0232628 0.0232628 2 12 3
168.215 0.0230925 0.0230925 2 12 3
168.715 0.022927 0.022927 2 12 3
169.215 0.0227659 0.0227659 2 12 3
169.715 0.022609 0.022609 2 12 3
170.215 0.022456 0.022456 2 12 3
170.715 0.0223067 0.0223067 2 12 3
171.215 0.0221611 0.0221611 2 12 3
171.715 0.0220187 0.0220187 2 12 3
172.214 0.0218796 0.0218796 2 12 3
172.714 0.0217436 0.0217436 2 12 3
173.214 0.0216104 0.0216104 2 12 3
173.714 0.0214801 0.0214801 2 12 3
174.214 0.0213524 0.0213524 2 12 3
174.714 0.0212273 0.0212273 2 12 3
175.214 0.0211046 0.0211046 2 12 3
175.714 0.0209843 0.0209843 2 12 3
176.214 0.0208663 0.0208663 2 12 3
176.714 0.0207505 0.0207505 2 12 3
177.214 0.0206367 0.0206367 2 12 3
177.714 0.020525 0.020525 2 12 3
178.214 0.0204153 0.0204153 2 12 3
178.714 0.0203074 0.0203074 2 12 3
179.213 0.0202014 0.0202014 2 12 3
179.713 0.0200971 0.0200971 2 12 3
180.213 0.0199946 0.0199946 2 12 3
180.713 0.0198937 0.0198937 2 12 3
181.213 0.0197945 0.0197945 2 12 3
181.713 0.0196968 0.0196968 2 12 3
182.213 0.0196006 0.0196006 2 12 3
182.713 0.0195059 0.0195059 2 12 3
183.213 0.0194127 0.0194127 2 12 3
183.713 0.0193208 0.0193208 2 12 3
184.213 0.0192303 0.0192303 2 12 3
184.713 0.0191411 0.0191411 2 12 3
185.213 0.0190532 0.0190532 2 12 3
185.713 0.0189665 0.0189665 2 12 3
186.213 0.0188811 0.0188811 2 12 3
186.713 0.0187968 0.0187968 2 12 3
219.743 0.0476811 0.0476811 2 12 3
219.783 0.0476842 0.0476842 2 12 3
219.823 0.0476877 0.0476877 2 12 3
219.903 0.0476945 0.0476945 2 12 3
220.063 0.0477083 0.0477083 2 12 3
220.383 0.0477357 0.0477357 2 12 3
220.883 0.0477783 0.0477783 2 12 3
221.383 0.0478204 0.0478204 2 12 3
221.883 0.0478621 0.0478621 2 12 3
222.383 0.0479035 0.0479035 2 12 3
222.883 0.0479445 0.0479445 2 12 3
223.383 0.0479852 0.0479852 2 12 3
223.883 0.0480256 0.0480256 2 12 3
224.383 0.0480657 0.0480657 2 12 3
224.883 0.0481055 0.0481055 2 12 3
225.383 0.0481449 0.0481449 2 12 3
225.883 0.048184 0.048184 2 12 3
226.383 0.0482228 0.0482228 2 12 3
226.883 0.0482614 0.0482614 2 12 3
227.383 0.0482996 0.0482996 2 12 3
227.883 0.0483375 0.0483375 2 12 3
228.383 0.0483752 0.0483752 2 12 3
228.883 0.0484125 0.0484125 2 12 3
229.383 0.0484496 0.0484496 2 12 3
229.883 0.0484864 0.0484864 2 12 3
230.383 0.0485229 0.0485229 2 12 3
230.883 0.0485591 0.0485591 2 12 3
231.383 0.0485951 0.0485951 2 12 3
231.883 0.0486308 0.0486308 2 12 3
232.383 0.0486662 0.0486662 2 12 3
232.883 0.0487014 0.0487014 2 12 3
233.383 0.0487363 0.0487363 2 12 3
233.883 0.048771 0.048771 2 12 3
234.383 0.0488054 0.0488054 2 12 3
234.883 0.0488395 0.0488395 2 12 3
235.383 0.0488735 0.0488735 2 12 3
235.883 0.0489071 0.0489071 2 12 3
236.383 0.0489405 0.0489405 2 12 3
236.883 0.0489737 0.0489737 2 12 3
237.383 0.0490067 0.0490067 2 12 3
237.883 0.0490394 0.0490394 2 12 3
238.383 0.0490719 0.0490719 2 12 3
238.883 0.0491041 0.0491041 2 12 3
239.383 0.0491362 0.0491362 2 12 3
239.883 0.049168 0.049168 2 12 3
240.383 0.0491996 0.0491996 2 12 3
240.883 0.0492309 0.0492309 2 12 3
241.383 0.0492621 0.0492621 2 12 3
241.883 0.049293 0.049293 2 12 3
242.383 0.0493237 0.0493237 2 12 3
242.883 0.0493542 0.0493542 2 12 3
243.383 0.0493845 0.0493845 2 12 3
243.883 0.0494146 0.0494146 2 12 3
244.383 0.0494445 0.0494445 2 12 3
244.883 0.0494742 0.0494742 2 12 3
245.383 0.0495037 0.0495037 2 12 3
245.883 0.049533 0.049533 2 12 3
246.383 0.0495621 0.0495621 2 12 3
246.883 0.049591 0.049591 2 12 3
247.383 0.0496198 0.0496198 2 12 3
247.883 0.0496483 0.0496483 2 12 3
248.383 0.0496766 0.0496766 2 12 3
248.883 0.0497048 0.0497048 2 12 3
249.383 0.0497328 0.0497328 2 12 3
249.883 0.0497606 0.0497606 2 12 3
250.383 0.0497882 0.0497882 2 12 3
250.883 0.0498156 0.0498156 2 12 3
251.383 0.0498429 0.0498429 2 12 3
251.883 0.0498699 0.0498699 2 12 3
252.383 0.0498969 0.0498969 2 12 3
252.883 0.0499236 0.0499236 2 12 3
253.383 0.0499502 0.0499502 2 12 3
253.883 0.0499766 0.0499766 2 12 3
254.383 0.0500028 0.0500028 2 12 3
254.883 0.0500288 0.0500288 2 12 3
255.383 0.0500548 0.0500548 2 12 3
255.883 0.0500805 0.0500805 2 12 3
256.383 0.0501061 0.0501061 2 12 3
256.883 0.0501315 0.0501315 2 12 3
257.383 0.0501568 0.0501568 2 12 3
257.883 0.0501819 0.0501819 2 12 3
258.383 0.0502068 0.0502068 2 12 3
258.883 0.0502316 0.0502316 2 12 3
259.383 0.0502563 0.0502563 2 12 3
259.883 0.0502808 0.0502808 2 12 3
260.383 0.0503051 0.0503051 2 12 3
260.883 0.0503293 0.0503293 2 12 3
261.383 0.0503534 0.0503534 2 12 3
261.883 0.0503773 0.0503773 2 12 3
262.383 0.0504011 0.0504011 2 12 3
262.883 0.0504247 0.0504247 2 12 3
263.383 0.0504482 0.0504482 2 12 3
263.883 0.0504715 0.0504715 2 12 3
264.383 0.0504947 0.0504947 2 12 3
264.883 0.0505178 0.0505178 2 12 3
265.383 0.0505407 0.0505407 2 12 3
265.883 0.0505635 0.0505635 2 12 3
266.383 0.0505862 0.0505862 2 12 3
266.883 0.0506087 0.0506087 2 12 3
267.383 0.0506311 0.0506311 2 12 3
267.883 0.0506534 0.0506534 2 12 3
268.383 0.0506755 0.0506755 2 12 3
268.883 0.0506975 0.0506975 2 12 3
269.383 0.0507194 0.0507194 2 12 3
269.883 0.0507412 0.0507412 2 12 3
270.383 0.0507628 0.0507628 2 12 3
270.883 0.0507843 0.0507843 2 12 3
271.383 0.0508057 0.0508057 2 12 3
271.883 0.0508269 0.0508269 2 12 3
272.383 0.0508481 0.0508481 2 12 3
272.883 0.0508691 0.0508691 2 12 3
273.383 0.05089 0.05089 2 12 3
273.883 0.0509108 0.0509108 2 12 3
274.383 0.0509315 0.0509315 2 12 3
274.883 0.050952 0.050952 2 12 3
275.383 0.0509725 0.0509725 2 12 3
275.883 0.0509928 0.0509928 2 12 3
276.383 0.051013 0.051013 2 12 3
276.883 0.0510331 0.0510331 2 12 3
277.383 0.0510531 0.0510531 2 12 3
277.883 0.051073 0.051073 2 12 3
278.383 0.0510928 0.0510928 2 12 3
278.883 0.0511124 0.0511124 2 12 3
279.383 0.051132 0.051132 2 12 3
279.883 0.0511515 0.0511515 2 12 3
280.383 0.0511708 0.0511708 2 12 3
280.883 0.05119 0.05119 2 12 3
281.383 0.0512092 0.0512092 2 12 3
281.883 0.0512282 0.0512282 2 12 3
282.383 0.0512471 0.0512471 2 12 3
282.883 0.051266 0.051266 2 12 3
283.383 0.0512847 0.0512847 2 12 3
283.883 0.0513033 0.0513033 2 12 3
284.383 0.0513219 0.0513219 2 12 3
284.883 0.0513403 0.0513403 2 12 3
285.383 0.0513586 0.0513586 2 12 3
285.883 0.0513769 0.0513769 2 12 3
286.383 0.051395 0.051395 2 12 3
286.883 0.051413 0.051413 2 12 3
287.383 0.051431 0.051431 2 12 3
287.883 0.0514488 0.0514488 2 12 3
288.383 0.0514666 0.0514666 2 12 3
288.883 0.0514843 0.0514843 2 12 3
289.383 0.0515019 0.0515019 2 12 3
289.883 0.0515193 0.0515193 2 12 3
290.383 0.0515367 0.0515367 2 12 3
290.883 0.0515541 0.0515541 2 12 3
291.383 0.0515713 0.0515713 2 12 3
291.883 0.0515884 0.0515884 2 12 3
292.383 0.0516054 0.0516054 2 12 3
292.883 0.0516224 0.0516224 2 12 3
293.383 0.0516393 0.0516393 2 12 3
293.883 0.0516561 0.0516561 2 12 3
294.383 0.0516728 0.0516728 2 12 3
294.883 0.0516894 0.0516894 2 12 3
295.383 0.0517059 0.0517059 2 12 3
295.883 0.0517223 0.0517223 2 12 3
296.383 0.0517387 0.0517387 2 12 3
296.883 0.051755 0.051755 2 12 3
297.383 0.0517712 0.0517712 2 12 3
297.883 0.0517873 0.0517873 2 12 3
298.383 0.0518034 0.0518034 2 12 3
298.883 0.0518193 0.0518193 2 12 3
299.383 0.0518352 0.0518352 2 12 3
299.883 0.051851 0.051851 2 12 3
300.383 0.0518667 0.0518667 2 12 3
300.883 0.0518824 0.0518824 2 12 3
301.383 0.0518979 0.0518979 2 12 3
301.883 0.0519134 0.0519134 2 12 3
302.383 0.0519289 0.0519289 2 12 3
302.883 0.0519442 0.0519442 2 12 3
303.383 0.0519595 0.0519595 2 12 3
303.883 0.0519747 0.0519747 2 12 3
304.383 0.0519898 0.0519898 2 12 3
304.883 0.0520048 0.0520048 2 12 3
305.383 0.0520198 0.0520198 2 12 3
305.883 0.0520347 0.0520347 2 12 3
306.383 0.0520495 0.0520495 2 12 3
306.883 0.0520643 0.0520643 2 12 3
307.383 0.052079 0.052079 2 12 3
307.883 0.0520936 0.0520936 2 12 3
308.383 0.0521082 0.0521082 2 12 3
308.883 0.0521226 0.0521226 2 12 3
309.383 0.0521371 0.0521371 2 12 3
309.883 0.0521514 0.0521514 2 12 3
310.383 0.0521657 0.0521657 2 12 3
310.883 0.0521799 0.0521799 2 12 3
311.383 0.052194 0.052194 2 12 3
311.883 0.0522081 0.0522081 2 12 3
312.383 0.0522221 0.0522221 2 12 3
312.883 0.0522361 0.0522361 2 12 3
313.383 0.0522499 0.0522499 2 12 3
313.883 0.0522638 0.0522638 2 12 3
314.383 0.0522775 0.0522775 2 12 3
314.883 0.0522912 0.0522912 2 12 3
315.383 0.0523048 0.0523048 2 12 3
315.883 0.0523184 0.0523184 2 12 3
316.383 0.0523319 0.0523319 2 12 3
316.883 0.0523453 0.0523453 2 12 3
317.383 0.0523587 0.0523587 2 12 3
317.383 0.0523587 0.0523587 2 12 3
317.423 0.0523597 0.0523597 2 12 3
317.463 0.0523608 0.0523608 2 12 3
317.543 0.0523629 0.0523629 2 12 3
317.703 0.0523672 0.0523672 2 12 3
318.023 0.0523757 0.0523757 2 12 3
318.523 0.052389 0.052389 2 12 3
319.023 0.0524022 0.0524022 2 12 3
319.523 0.0524153 0.0524153 2 12 3
320.023 0.0524283 0.0524283 2 12 3
320.523 0.0524413 0.0524413 2 12 3
321.023 0.0524543 0.0524543 2 12 3
321.523 0.0524672 0.0524672 2 12 3
322.023 0.05248 0.05248 2 12 3
322.523 0.0524927 0.0524927 2 12 3
323.023 0.0525055 0.0525055 2 12 3
323.523 0.0525181 0.0525181 2 12 3
324.023 0.0525307 0.0525307 2 12 3
324.523 0.0525432 0.0525432 2 12 3
325.023 0.0525557 0.0525557 2 12 3
325.523 0.0525682 0.0525682 2 12 3
326.023 0.0525805 0.0525805 2 12 3
326.523 0.0525929 0.0525929 2 12 3
327.023 0.0526051 0.0526051 2 12 3
327.522 0.0526173 0.0526173 2 12 3
328.022 0.0526295 0.0526295 2 12 3
328.522 0.0526416 0.0526416 2 12 3
329.022 0.0526536 0.0526536 2 12 3
329.522 0.0526656 0.0526656 2 12 3
330.022 0.0526776 0.0526776 2 12 3
330.522 0.0526895 0.0526895 2 12 3
331.022 0.0527013 0.0527013 2 12 3
331.522 0.0527131 0.0527131 2 12 3
332.022 0.0527249 0.0527249 2 12 3
332.522 0.0527366 0.0527366 2 12 3
333.022 0.0527482 0.0527482 2 12 3
333.522 0.0527598 0.0527598 2 12 3
334.022 0.0527713 0.0527713 2 12 3
334.522 0.0527828 0.0527828 2 12 3
335.022 0.0527943 0.0527943 2 12 3
335.522 0.0528057 0.0528057 2 12 3
336.022 0.052817 0.052817 2 12 3
336.522 0.0528283 0.0528283 2 12 3
337.022 0.0528395 0.0528395 2 12 3
337.522 0.0528507 0.0528507 2 12 3
338.022 0.0528619 0.0528619 2 12 3
338.522 0.052873 0.052873 2 12 3
339.022 0.0528841 0.0528841 2 12 3
339.522 0.0528951 0.0528951 2 12 3
340.022 0.052906 0.052906 2 12 3
340.522 0.052917 0.052917 2 12 3
341.022 0.0529278 0.0529278 2 12 3
341.522 0.0529387 0.0529387 2 12 3
342.022 0.0529495 0.0529495 2 12 3
342.522 0.0529602 0.0529602 2 12 3
343.022 0.0529709 0.0529709 2 12 3
343.522 0.0529816 0.0529816 2 12 3
344.022 0.0529922 0.0529922 2 12 3
344.522 0.0530027 0.0530027 2 12 3
345.022 0.0530132 0.0530132 2 12 3
345.522 0.0530237 0.0530237 2 12 3
346.022 0.0530342 0.0530342 2 12 3
346.522 0.0530446 0.0530446 2 12 3
347.022 0.0530549 0.0530549 2 12 3
347.522 0.0530652 0.0530652 2 12 3
348.022 0.0530755 0.0530755 2 12 3
348.522 0.0530857 0.0530857 2 12 3
349.022 0.0530959 0.0530959 2 12 3
349.522 0.053106 0.053106 2 12 3
350.022 0.0531161 0.0531161 2 12 3
350.522 0.0531262 0.0531262 2 12 3
351.022 0.0531362 0.0531362 2 12 3
351.522 0.0531462 0.0531462 2 12 3
352.022 0.0531561 0.0531561 2 12 3
352.522 0.053166 0.053166 2 12 3
353.022 0.0531759 0.0531759 2 12 3
353.522 0.0531857 0.0531857 2 12 3
354.022 0.0531955 0.0531955 2 12 3
354.522 0.0532052 0.0532052 2 12 3
355.022 0.0532149 0.0532149 2 12 3
355.522 0.0532246 0.0532246 2 12 3
356.022 0.0532342 0.0532342 2 12 3
356.522 0.0532438 0.0532438 2 12 3
357.022 0.0532533 0.0532533 2 12 3
357.522 0.0532629 0.0532629 2 12 3
358.022 0.0532723 0.0532723 2 12 3
358.522 0.0532818 0.0532818 2 12 3
359.022 0.0532912 0.0532912 2 12 3
359.522 0.0533005 0.0533005 2 12 3
360.022 0.0533099 0.0533099 2 12 3
360.522 0.0533192 0.0533192 2 12 3
361.022 0.0533284 0.0533284 2 12 3
361.522 0.0533376 0.0533376 2 12 3
362.022 0.0533468 0.0533468 2 12 3
362.522 0.053356 0.053356 2 12 3
363.022 0.0533651 0.0533651 2 12 3
363.522 0.0533741 0.0533741 2 12 3
364.022 0.0533832 0.0533832 2 12 3
364.522 0.0533922 0.0533922 2 12 3
365.022 0.0534012 0.0534012 2 12 3
365.522 0.0534101 0.0534101 2 12 3
366.022 0.053419 0.053419 2 12 3
366.522 0.0534279 0.0534279 2 12 3
367.022 0.0534367 0.0534367 2 12 3
367.522 0.0534455 0.0534455 2 12 3
368.022 0.0534543 0.0534543 2 12 3
368.522 0.053463 0.053463 2 12 3
369.022 0.0534717 0.0534717 2 12 3
369.522 0.0534804 0.0534804 2 12 3
370.022 0.053489 0.053489 2 12 3
370.522 0.0534976 0.0534976 2 12 3
371.022 0.0535062 0.0535062 2 12 3
371.522 0.0535148 0.0535148 2 12 3
372.022 0.0535233 0.0535233 2 12 3
372.522 0.0535317 0.0535317 2 12 3
373.022 0.0535402 0.0535402 2 12 3
373.522 0.0535486 0.0535486 2 12 3
374.022 0.053557 0.053557 2 12 3
374.522 0.0535653 0.0535653 2 12 3
375.022 0.0535736 0.0535736 2 12 3
375.522 0.0535819 0.0535819 2 12 3
376.022 0.0535902 0.0535902 2 12 3
376.522 0.0535984 0.0535984 2 12 3
377.022 0.0536066 0.0536066 2 12 3
377.522 0.0536148 0.0536148 2 12 3
378.022 0.0536229 0.0536229 2 12 3
378.522 0.053631 0.053631 2 12 3
379.022 0.0536391 0.0536391 2 12 3
379.522 0.0536472 0.0536472 2 12 3
380.022 0.0536552 0.0536552 2 12 3
380.522 0.0536632 0.0536632 2 12 3
381.022 0.0536711 0.0536711 2 12 3
381.522 0.053679 0.053679 2 12 3
382.022 0.0536869 0.0536869 2 12 3
382.522 0.0536948 0.0536948 2 12 3
383.022 0.0537027 0.0537027 2 12 3
383.522 0.0537105 0.0537105 2 12 3
384.022 0.0537183 0.0537183 2 12 3
384.522 0.053726 0.053726 2 12 3
385.022 0.0537338 0.0537338 2 12 3
385.522 0.0537415 0.0537415 2 12 3
386.022 0.0537491 0.0537491 2 12 3
386.522 0.0537568 0.0537568 2 12 3
387.022 0.0537644 0.0537644 2 12 3
387.522 0.053772 0.053772 2 12 3
388.022 0.0537796 0.0537796 2 12 3
388.522 0.0537871 0.0537871 2 12 3
389.022 0.0537946 0.0537946 2 12 3
389.522 0.0538021 0.0538021 2 12 3
390.022 0.0538096 0.0538096 2 12 3
390.522 0.053817 0.053817 2 12 3
391.022 0.0538244 0.0538244 2 12 3
391.522 0.0538318 0.0538318 2 12 3
392.022 0.0538391 0.0538391 2 12 3
392.522 0.0538465 0.0538465 2 12 3
393.022 0.0538538 0.0538538 2 12 3
393.522 0.0538611 0.0538611 2 12 3
394.022 0.0538683 0.0538683 2 12 3
394.522 0.0538755 0.0538755 2 12 3
395.022 0.0538827 0.0538827 2 12 3
395.522 0.0538899 0.0538899 2 12 3
396.022 0.0538971 0.0538971 2 12 3
396.522 0.0539042 0.0539042 2 12 3
397.022 0.0539113 0.0539113 2 12 3
397.522 0.0539184 0.0539184 2 12 3
398.022 0.0539254 0.0539254 2 12 3
398.522 0.0539325 0.0539325 2 12 3
399.022 0.0539395 0.0539395 2 12 3
399.522 0.0539464 0.0539464 2 12 3
400.022 0.0539534 0.0539534 2 12 3
400.522 0.0539603 0.0539603 2 12 3
401.022 0.0539672 0.0539672 2 12 3
401.522 0.0539741 0.0539741 2 12 3
402.022 0.053981 0.053981 2 12 3
402.522 0.0539878 0.0539878 2 12 3
403.022 0.0539946 0.0539946 2 12 3
403.522 0.0540014 0.0540014 2 12 3
404.022 0.0540082 0.0540082 2 12 3
404.522 0.0540149 0.0540149 2 12 3
405.022 0.0540217 0.0540217 2 12 3
405.522 0.0540284 0.0540284 2 12 3
406.022 0.054035 0.054035 2 12 3
406.522 0.0540417 0.0540417 2 12 3
407.022 0.0540483 0.0540483 2 12 3
407.522 0.0540549 0.0540549 2 12 3
408.022 0.0540615 0.0540615 2 12 3
408.522 0.0540681 0.0540681 2 12 3
409.022 0.0540746 0.0540746 2 12 3
409.522 0.0540811 0.0540811 2 12 3
410.022 0.0540876 0.0540876 2 12 3
410.522 0.0540941 0.0540941 2 12 3
411.022 0.0541006 0.0541006 2 12 3
411.522 0.054107 0.054107 2 12 3
412.022 0.0541134 0.0541134 2 12 3
412.522 0.0541198 0.0541198 2 12 3
413.022 0.0541262 0.0541262 2 12 3
413.522 0.0541325 0.0541325 2 12 3
414.022 0.0541389 0.0541389 2 12 3
414.522 0.0541452 0.0541452 2 12 3
415.022 0.0541514 0.0541514 2 12 3
415.022 0.0541514 0.0541514 2 12 3
415.062 0.0541519 0.0541519 2 12 3
415.102 0.0541524 0.0541524 2 12 3
415.182 0.0541534 0.0541534 2 12 3
415.342 0.0541554 0.0541554 2 12 3
415.662 0.0541594 0.0541594 2 12 3
416.162 0.0541657 0.0541657 2 12 3
416.662 0.0541719 0.0541719 2 12 3
417.162 0.0541781 0.0541781 2 12 3
417.662 0.0541843 0.0541843 2 12 3
418.162 0.0541905 0.0541905 2 12 3
418.662 0.0541966 0.0541966 2 12 3
419.162 0.0542027 0.0542027 2 12 3
419.662 0.0542088 0.0542088 2 12 3
420.162 0.0542149 0.0542149 2 12 3
420.662 0.0542209 0.0542209 2 12 3
421.162 0.054227 0.054227 2 12 3
421.662 0.054233 0.054233 2 12 3
422.162 0.054239 0.054239 2 12 3
422.662 0.054245 0.054245 2 12 3
423.162 0.0542509 0.0542509 2 12 3
423.662 0.0542569 0.0542569 2 12 3
424.162 0.0542628 0.0542628 2 12 3
424.662 0.0542687 0.0542687 2 12 3
425.162 0.0542746 0.0542746 2 12 3
425.662 0.0542805 0.0542805 2 12 3
426.162 0.0542863 0.0542863 2 12 3
426.662 0.0542921 0.0542921 2 12 3
427.162 0.0542979 0.0542979 2 12 3
427.662 0.0543037 0.0543037 2 12 3
428.162 0.0543095 0.0543095 2 12 3
428.662 0.0543153 0.0543153 2 12 3
429.162 0.054321 0.054321 2 12 3
429.662 0.0543267 0.0543267 2 12 3
430.162 0.0543324 0.0543324 2 12 3
430.662 0.0543381 0.0543381 2 12 3
431.162 0.0543438 0.0543438 2 12 3
431.662 0.0543494 0.0543494 2 12 3
432.162 0.054355 0.054355 2 12 3
432.662 0.0543606 0.0543606 2 12 3
433.162 0.0543662 0.0543662 2 12 3
433.662 0.0543718 0.0543718 2 12 3
434.162 0.0543774 0.0543774 2 12 3
434.662 0.0543829 0.0543829 2 12 3
435.162 0.0543884 0.0543884 2 12 3
435.662 0.0543939 0.0543939 2 12 3
436.162 0.0543994 0.0543994 2 12 3
436.662 0.0544049 0.0544049 2 12 3
437.162 0.0544103 0.0544103 2 12 3
437.662 0.0544158 0.0544158 2 12 3
438.162 0.0544212 0.0544212 2 12 3
438.662 0.0544266 0.0544266 2 12 3
439.162 0.054432 0.054432 2 12 3
439.662 0.0544374 0.0544374 2 12 3
440.162 0.0544427 0.0544427 2 12 3
440.662 0.0544481 0.0544481 2 12 3
441.162 0.0544534 0.0544534 2 12 3
441.662 0.0544587 0.0544587 2 12 3
442.162 0.054464 0.054464 2 12 3
442.662 0.0544692 0.0544692 2 12 3
443.162 0.0544745 0.0544745 2 12 3
443.662 0.0544797 0.0544797 2 12 3
444.162 0.054485 0.054485 2 12 3
444.662 0.0544902 0.0544902 2 12 3
445.162 0.0544954 0.0544954 2 12 3
445.662 0.0545005 0.0545005 2 12 3
446.162 0.0545057 0.0545057 2 12 3
446.662 0.0545108 0.0545108 2 12 3
447.162 0.054516 0.054516 2 12 3
447.662 0.0545211 0.0545211 2 12 3
448.162 0.0545262 0.0545262 2 12 3
448.662 0.0545313 0.0545313 2 12 3
449.162 0.0545363 0.0545363 2 12 3
449.662 0.0545414 0.0545414 2 12 3
450.162 0.0545464 0.0545464 2 12 3
450.662 0.0545515 0.0545515 2 12 3
451.162 0.0545565 0.0545565 2 12 3
451.662 0.0545615 0.0545615 2 12 3
452.162 0.0545664 0.0545664 2 12 3
452.662 0.0545714 0.0545714 2 12 3
453.162 0.0545763 0.0545763 2 12 3
453.662 0.0545813 0.0545813 2 12 3
454.162 0.0545862 0.0545862 2 12 3
454.662 0.0545911 0.0545911 2 12 3
455.162 0.054596 0.054596 2 12 3
455.662 0.0546009 0.0546009 2 12 3
456.162 0.0546057 0.0546057 2 12 3
456.662 0.0546106 0.0546106 2 12 3
457.162 0.0546154 0.0546154 2 12 3
457.662 0.0546202 0.0546202 2 12 3
458.162 0.054625 0.054625 2 12 3
458.662 0.0546298 0.0546298 2 12 3
459.162 0.0546346 0.0546346 2 12 3
459.662 0.0546393 0.0546393 2 12 3
460.162 0.0546441 0.0546441 2 12 3
460.662 0.0546488 0.0546488 2 12 3
461.162 0.0546535 0.0546535 2 12 3
461.662 0.0546582 0.0546582 2 12 3
462.162 0.0546629 0.0546629 2 12 3
462.662 0.0546676 0.0546676 2 12 3
463.162 0.0546723 0.0546723 2 12 3
463.662 0.0546769 0.0546769 2 12 3
464.162 0.0546816 0.0546816 2 12 3
464.662 0.0546862 0.0546862 2 12 3
465.162 0.0546908 0.0546908 2 12 3
465.662 0.0546954 0.0546954 2 12 3
466.162 0.0547 0.0547 2 12 3
466.662 0.0547045 0.0547045 2 12 3
467.162 0.0547091 0.0547091 2 12 3
467.662 0.0547136 0.0547136 2 12 3
468.162 0.0547182 0.0547182 2 12 3
468.662 0.0547227 0.0547227 2 12 3
469.162 0.0547272 0.0547272 2 12 3
469.662 0.0547317 0.0547317 2 12 3
470.162 0.0547362 0.0547362 2 12 3
470.662 0.0547406 0.0547406 2 12 3
471.162 0.0547451 0.0547451 2 12 3
471.662 0.0547495 0.0547495 2 12 3
472.162 0.0547539 0.0547539 2 12 3
472.662 0.0547584 0.0547584 2 12 3
473.162 0.0547628 0.0547628 2 12 3
473.662 0.0547672 0.0547672 2 12 3
474.162 0.0547715 0.0547715 2 12 3
474.662 0.0547759 0.0547759 2 12 3
475.162 0.0547803 0.0547803 2 12 3
475.662 0.0547846 0.0547846 2 12 3
476.162 0.0547889 0.0547889 2 12 3
476.662 0.0547932 0.0547932 2 12 3
477.162 0.0547975 0.0547975 2 12 3
477.662 0.0548018 0.0548018 2 12 3
478.162 0.0548061 0.0548061 2 12 3
478.662 0.0548104 0.0548104 2 12 3
479.162 0.0548146 0.0548146 2 12 3
479.662 0.0548189 0.0548189 2 12 3
480.162 0.0548231 0.0548231 2 12 3
480.662 0.0548273 0.0548273 2 12 3
481.162 0.0548315 0.0548315 2 12 3
481.662 0.0548357 0.0548357 2 12 3
482.162 0.0548399 0.0548399 2 12 3
482.662 0.0548441 0.0548441 2 12 3
483.162 0.0548483 0.0548483 2 12 3
483.662 0.0548524 0.0548524 2 12 3
484.162 0.0548565 0.0548565 2 12 3
484.662 0.0548607 0.0548607 2 12 3
485.162 0.0548648 0.0548648 2 12 3
485.662 0.0548689 0.0548689 2 12 3
486.162 0.054873 0.054873 2 12 3
486.662 0.0548771 0.0548771 2 12 3
487.162 0.0548811 0.0548811 2 12 3
487.662 0.0548852 0.0548852 2 12 3
488.162 0.0548892 0.0548892 2 12 3
488.662 0.0548933 0.0548933 2 12 3
489.162 0.0548973 0.0548973 2 12 3
489.662 0.0549013 0.0549013 2 12 3
490.162 0.0549053 0.0549053 2 12 3
490.662 0.0549093 0.0549093 2 12 3
491.162 0.0549133 0.0549133 2 12 3
491.662 0.0549173 0.0549173 2 12 3
492.162 0.0549212 0.0549212 2 12 3
492.662 0.0549252 0.0549252 2 12 3
493.162 0.0549291 0.0549291 2 12 3
493.662 0.054933 0.054933 2 12 3
494.161 0.054937 0.054937 2 12 3
494.661 0.0549409 0.0549409 2 12 3
495.161 0.0549448 0.0549448 2 12 3
495.661 0.0549487 0.0549487 2 12 3
496.161 0.0549525 0.0549525 2 12 3
496.661 0.0549564 0.0549564 2 12 3
497.161 0.0549603 0.0549603 2 12 3
497.661 0.0549641 0.0549641 2 12 3
498.161 0.0549679 0.0549679 2 12 3
498.661 0.0549718 0.0549718 2 12 3
499.161 0.0549756 0.0549756 2 12 3
499.661 0.0549794 0.0549794 2 12 3
500.161 0.0549832 0.0549832 2 12 3
500.661 0.0549869 0.0549869 2 12 3
501.161 0.0549907 0.0549907 2 12 3
501.661 0.0549945 0.0549945 2 12 3
502.161 0.0549982 0.0549982 2 12 3
502.661 0.055002 0.055002 2 12 3
503.161 0.0550057 0.0550057 2 12 3
503.661 0.0550094 0.0550094 2 12 3
504.161 0.0550131 0.0550131 2 12 3
504.661 0.0550168 0.0550168 2 12 3
505.161 0.0550205 0.0550205 2 12 3
505.661 0.0550242 0.0550242 2 12 3
506.161 0.0550279 0.0550279 2 12 3
506.661 0.0550316 0.0550316 2 12 3
507.161 0.0550352 0.0550352 2 12 3
507.661 0.0550389 0.0550389 2 12 3
508.161 0.0550425 0.0550425 2 12 3
508.661 0.0550461 0.0550461 2 12 3
509.161 0.0550497 0.0550497 2 12 3
509.661 0.0550533 0.0550533 2 12 3
510.161 0.0550569 0.0550569 2 12 3
510.661 0.0550605 0.0550605 2 12 3
511.161 0.0550641 0.0550641 2 12 3
511.661 0.0550677 0.0550677 2 12 3
512.161 0.0550712 0.0550712 2 12 3
512.661 0.0550748 0.0550748 2 12 3
512.661 0.0550748 0.0550748 2 12 3
512.701 0.0550751 0.0550751 2 12 3
512.741 0.0550753 0.0550753 2 12 3
512.821 0.0550759 0.0550759 2 12 3
512.981 0.055077 0.055077 2 12 3
513.301 0.0550793 0.0550793 2 12 3
513.801 0.0550828 0.0550828 2 12 3
514.301 0.0550864 0.0550864 2 12 3
514.801 0.0550899 0.0550899 2 12 3
515.301 0.0550934 0.0550934 2 12 3
515.801 0.0550969 0.0550969 2 12 3
516.301 0.0551003 0.0551003 2 12 3
516.801 0.0551038 0.0551038 2 12 3
517.301 0.0551073 0.0551073 2 12 3
517.801 0.0551107 0.0551107 2 12 3
518.301 0.0551142 0.0551142 2 12 3
518.801 0.0551176 0.0551176 2 12 3
519.301 0.0551211 0.0551211 2 12 3
519.801 0.0551245 0.0551245 2 12 3
520.301 0.0551279 0.0551279 2 12 3
520.801 0.0551313 0.0551313 2 12 3
521.301 0.0551347 0.0551347 2 12 3
521.801 0.0551381 0.0551381 2 12 3
522.301 0.0551415 0.0551415 2 12 3
522.801 0.0551448 0.0551448 2 12 3
523.301 0.0551482 0.0551482 2 12 3
523.801 0.0551515 0.0551515 2 12 3
524.301 0.0551549 0.0551549 2 12 3
524.801 0.0551582 0.0551582 2 12 3
525.301 0.0551615 0.0551615 2 12 3
525.801 0.0551649 0.0551649 2 12 3
526.301 0.0551682 0.0551682 2 12 3
526.801 0.0551715 0.0551715 2 12 3
527.301 0.0551748 0.0551748 2 12 3
527.801 0.0551781 0.0551781 2 12 3
528.301 0.0551813 0.0551813 2 12 3
528.801 0.0551846 0.0551846 2 12 3
529.301 0.0551879 0.0551879 2 12 3
529.801 0.0551911 0.0551911 2 12 3
530.301 0.0551944 0.0551944 2 12 3
530.801 0.0551976 0.0551976 2 12 3
531.301 0.0552008 0.0552008 2 12 3
531.801 0.055204 0.055204 2 12 3
532.301 0.0552073 0.0552073 2 12 3
532.801 0.0552105 0.0552105 2 12 3
533.301 0.0552136 0.0552136 2 12 3
533.801 0.0552168 0.0552168 2 12 3
534.301 0.05522 0.05522 2 12 3
534.801 0.0552232 0.0552232 2 12 3
535.301 0.0552264 0.0552264 2 12 3
535.801 0.0552295 0.0552295 2 12 3
536.301 0.0552327 0.0552327 2 12 3
536.801 0.0552358 0.0552358 2 12 3
537.301 0.0552389 0.0552389 2 12 3
537.801 0.0552421 0.0552421 2 12 3
538.301 0.0552452 0.0552452 2 12 3
538.801 0.0552483 0.0552483 2 12 3
539.301 0.0552514 0.0552514 2 12 3
539.801 0.0552545 0.0552545 2 12 3
540.301 0.0552576 0.0552576 2 12 3
540.801 0.0552606 0.0552606 2 12 3
541.301 0.0552637 0.0552637 2 12 3
541.801 0.0552668 0.0552668 2 12 3
542.301 0.0552698 0.0552698 2 12 3
542.801 0.0552729 0.0552729 2 12 3
543.301 0.0552759 0.0552759 2 12 3
543.801 0.055279 0.055279 2 12 3
544.301 0.055282 0.055282 2 12 3
544.801 0.055285 0.055285 2 12 3
545.301 0.055288 0.055288 2 12 3
545.801 0.055291 0.055291 2 12 3
546.301 0.055294 0.055294 2 12 3
546.801 0.055297 0.055297 2 12 3
547.301 0.0553 0.0553 2 12 3
547.801 0.055303 0.055303 2 12 3
548.301 0.0553059 0.0553059 2 12 3
548.801 0.0553089 0.0553089 2 12 3
549.301 0.0553118 0.0553118 2 12 3
549.801 0.0553148 0.0553148 2 12 3
550.301 0.0553177 0.0553177 2 12 3
550.801 0.0553207 0.0553207 2 12 3
551.301 0.0553236 0.0553236 2 12 3
551.801 0.0553265 0.0553265 2 12 3
552.301 0.0553294 0.0553294 2 12 3
552.801 0.0553323 0.0553323 2 12 3
553.301 0.0553352 0.0553352 2 12 3
553.801 0.0553381 0.0553381 2 12 3
554.301 0.055341 0.055341 2 12 3
554.801 0.0553439 0.0553439 2 12 3
555.301 0.0553467 0.0553467 2 12 3
555.801 0.0553496 0.0553496 2 12 3
556.301 0.0553524 0.0553524 2 12 3
556.801 0.0553553 0.0553553 2 12 3
557.301 0.0553581 0.0553581 2 12 3
557.801 0.055361 0.055361 2 12 3
558.301 0.0553638 0.0553638 2 12 3
558.801 0.0553666 0.0553666 2 12 3
559.301 0.0553694 0.0553694 2 12 3
559.801 0.0553722 0.0553722 2 12 3
560.301 0.0553751 0.0553751 2 12 3
560.801 0.0553778 0.0553778 2 12 3
561.301 0.0553806 0.0553806 2 12 3
561.801 0.0553834 0.0553834 2 12 3
562.301 0.0553862 0.0553862 2 12 3
562.801 0.055389 0.055389 2 12 3
563.301 0.0553917 0.0553917 2 12 3
563.801 0.0553945 0.0553945 2 12 3
564.301 0.0553972 0.0553972 2 12 3
564.801 0.0554 0.0554 2 12 3
565.301 0.0554027 0.0554027 2 12 3
565.801 0.0554054 0.0554054 2 12 3
566.301 0.0554082 0.0554082 2 12 3
566.801 0.0554109 0.0554109 2 12 3
567.301 0.0554136 0.0554136 2 12 3
567.801 0.0554163 0.0554163 2 12 3
568.301 0.055419 0.055419 2 12 3
568.801 0.0554217 0.0554217 2 12 3
569.301 0.0554244 0.0554244 2 12 3
569.801 0.0554271 0.0554271 2 12 3
570.301 0.0554297 0.0554297 2 12 3
570.801 0.0554324 0.0554324 2 12 3
571.301 0.0554351 0.0554351 2 12 3
571.801 0.0554377 0.0554377 2 12 3
572.301 0.0554404 0.0554404 2 12 3
572.801 0.055443 0.055443 2 12 3
573.301 0.0554456 0.0554456 2 12 3
573.801 0.0554483 0.0554483 2 12 3
574.301 0.0554509 0.0554509 2 12 3
574.801 0.0554535 0.0554535 2 12 3
575.301 0.0554561 0.0554561 2 12 3
575.801 0.0554587 0.0554587 2 12 3
576.301 0.0554613 0.0554613 2 12 3
576.801 0.0554639 0.0554639 2 12 3
577.301 0.0554665 0.0554665 2 12 3
577.801 0.0554691 0.0554691 2 12 3
578.301 0.0554717 0.0554717 2 12 3
578.801 0.0554742 0.0554742 2 12 3
579.301 0.0554768 0.0554768 2 12 3
579.801 0.0554794 0.0554794 2 12 3
580.301 0.0554819 0.0554819 2 12 3
580.801 0.0554845 0.0554845 2 12 3
581.301 0.055487 0.055487 2 12 3
581.801 0.0554895 0.0554895 2 12 3
582.301 0.0554921 0.0554921 2 12 3
582.801 0.0554946 0.0554946 2 12 3
583.301 0.0554971 0.0554971 2 12 3
583.801 0.0554996 0.0554996 2 12 3
584.301 0.0555021 0.0555021 2 12 3
584.801 0.0555046 0.0555046 2 12 3
585.301 0.0555071 0.0555071 2 12 3
585.801 0.0555096 0.0555096 2 12 3
586.301 0.0555121 0.0555121 2 12 3
586.801 0.0555146 0.0555146 2 12 3
587.301 0.0555171 0.0555171 2 12 3
587.801 0.0555195 0.0555195 2 12 3
588.301 0.055522 0.055522 2 12 3
588.801 0.0555244 0.0555244 2 12 3
589.301 0.0555269 0.0555269 2 12 3
589.801 0.0555293 0.0555293 2 12 3
590.301 0.0555318 0.0555318 2 12 3
590.801 0.0555342 0.0555342 2 12 3
591.301 0.0555366 0.0555366 2 12 3
591.801 0.0555391 0.0555391 2 12 3
592.301 0.0555415 0.0555415 2 12 3
592.801 0.0555439 0.0555439 2 12 3
593.301 0.0555463 0.0555463 2 12 3
593.801 0.0555487 0.0555487 2 12 3
594.301 0.0555511 0.0555511 2 12 3
594.801 0.0555535 0.0555535 2 12 3
595.301 0.0555559 0.0555559 2 12 3
595.801 0.0555583 0.0555583 2 12 3
596.301 0.0555606 0.0555606 2 12 3
596.801 0.055563 0.055563 2 12 3
597.301 0.0555654 0.0555654 2 12 3
597.801 0.0555677 0.0555677 2 12 3
598.301 0.0555701 0.0555701 2 12 3
598.801 0.0555724 0.0555724 2 12 3
599.301 0.0555748 0.0555748 2 12 3
599.801 0.0555771 0.0555771 2 12 3
600.301 0.0555795 0.0555795 2 12 3
600.801 0.0555818 0.0555818 2 12 3
601.301 0.0555841 0.0555841 2 12 3
601.801 0.0555864 0.0555864 2 12 3
602.301 0.0555887 0.0555887 2 12 3
602.801 0.055591 0.055591 2 12 3
603.301 0.0555934 0.0555934 2 12 3
603.801 0.0555956 0.0555956 2 12 3
604.301 0.0555979 0.0555979 2 12 3
604.801 0.0556002 0.0556002 2 12 3
605.301 0.0556025 0.0556025 2 12 3
605.801 0.0556048 0.0556048 2 12 3
606.301 0.0556071 0.0556071 2 12 3
606.801 0.0556093 0.0556093 2 12 3
607.301 0.0556116 0.0556116 2 12 3
607.801 0.0556139 0.0556139 2 12 3
608.301 0.0556161 0.0556161 2 12 3
608.801 0.0556184 0.0556184 2 12 3
609.301 0.0556206 0.0556206 2 12 3
609.801 0.0556228 0.0556228 2 12 3
610.301 0.0556251 0.0556251 2 12 3
