100 0.285714 0.285714 2 1 0
100.04 0.285714 0.285714 1 1 0
100.08 0.285714 0.285714 1 1 0
100.16 0.285714 0.285714 1 1 0
100.32 0.285714 0.285714 1 1 0
100.64 0.285714 0.285714 1 1 0
101.14 0.285714 0.285714 1 1 0
101.64 0.285714 0.285714 1 1 0
102.14 0.285714 0.285714 1 1 0
102.64 0.285714 0.285714 1 1 0
103.14 0.285714 0.285714 1 1 0
103.64 0.285714 0.285714 1 1 0
104.14 0.285714 0.285714 1 1 0
104.64 0.285714 0.285714 1 1 0
105.14 0.285714 0.285714 1 1 0
105.64 0.285714 0.285714 1 1 0
106.14 0.285714 0.285714 1 1 0
106.64 0.285714 0.285714 1 1 0
107.14 0.285714 0.285714 1 1 0
107.64 0.285714 0.285714 1 1 0
108.14 0.285714 0.285714 1 1 0
108.64 0.285714 0.285714 1 1 0
109.14 0.285714 0.285714 1 1 0
109.64 0.285714 0.285714 1 1 0
110.14 0.285714 0.285714 1 1 0
110.64 0.285714 0.285714 1 1 0
111.14 0.285714 0.285714 1 1 0
111.64 0.285714 0.285714 1 1 0
112.14 0.285714 0.285714 1 1 0
112.64 0.285714 0.285714 1 1 0
113.14 0.285714 0.285714 1 1 0
113.64 0.285714 0.285714 1 1 0
114.14 0.285714 0.285714 1 1 0
114.64 0.285714 0.285714 1 1 0
115.14 0.285714 0.285714 1 1 0
115.64 0.285714 0.285714 1 1 0
116.14 0.285714 0.285714 1 1 0
116.64 0.285714 0.285714 1 1 0
117.14 0.285714 0.285714 1 1 0
117.64 0.285714 0.285714 1 1 0
118.14 0.285714 0.285714 1 1 0
118.64 0.285714 0.285714 1 1 0
119.14 0.285714 0.285714 1 1 0
119.64 0.285714 0.285714 1 1 0
120.14 0.285714 0.285714 1 1 0
120.64 0.285714 0.285714 1 1 0
121.14 0.285714 0.285714 1 1 0
121.64 0.285714 0.285714 1 1 0
122.14 0.285714 0.285714 1 1 0
122.64 0.285714 0.285714 1 1 0
123.14 0.285714 0.285714 1 1 0
123.64 0.285714 0.285714 1 1 0
124.14 0.285714 0.285714 1 1 0
124.64 0.285714 0.285714 1 1 0
125.14 0.285714 0.285714 1 1 0
125.64 0.285714 0.285714 1 1 0
126.14 0.285714 0.285714 1 1 0
126.64 0.285714 0.285714 1 1 0
127.14 0.285714 0.285714 1 1 0
127.64 0.285714 0.285714 1 1 0
128.14 0.285714 0.285714 1 1 0
128.64 0.285714 0.285714 1 1 0
129.14 0.285714 0.285714 1 1 0
129.64 0.285714 0.285714 1 1 0
130.14 0.285714 0.285714 1 1 0
130.64 0.285714 0.285714 1 1 0
131.14 0.285714 0.285714 1 1 0
131.64 0.285714 0.285714 1 1 0
132.14 0.285714 0.285714 1 1 0
132.64 0.285714 0.285714 1 1 0
133.14 0.285714 0.285714 1 1 0
133.64 0.285714 0.285714 1 1 0
134.14 0.285714 0.285714 1 1 0
134.64 0.285714 0.285714 1 1 0
135.14 0.285714 0.285714 1 1 0
135.64 0.285714 0.285714 1 1 0
136.14 0.285714 0.285714 1 1 0
136.64 0.285714 0.285714 1 1 0
137.14 0.285714 0.285714 1 1 0
137.64 0.285714 0.285714 1 1 0
138.14 0.285714 0.285714 1 1 0
138.64 0.285714 0.285714 1 1 0
139.14 0.285714 0.285714 1 1 0
139.64 0.285714 0.285714 1 1 0
140.14 0.285714 0.285714 1 1 0
140.64 0.285714 0.285714 1 1 0
141.14 0.285714 0.285714 1 1 0
141.64 0.285714 0.285714 1 1 0
142.14 0.285714 0.285714 1 1 0
142.64 0.285714 0.285714 1 1 0
143.14 0.285714 0.285714 1 1 0
143.64 0.285714 0.285714 1 1 0
144.14 0.285714 0.285714 1 1 0
144.64 0.285714 0.285714 1 1 0
145.14 0.285714 0.285714 1 1 0
145.64 0.285714 0.285714 1 1 0
146.14 0.285714 0.285714 1 1 0
146.64 0.285714 0.285714 1 1 0
147.14 0.285714 0.285714 1 1 0
147.64 0.285714 0.285714 1 1 0
148.14 0.285714 0.285714 1 1 0
148.64 0.285714 0.285714 1 1 0
149.14 0.285714 0.285714 1 1 0
149.64 0.285714 0.285714 1 1 0
150.14 0.285714 0.285714 1 1 0
150.64 0.285714 0.285714 1 1 0
151.14 0.285714 0.285714 1 1 0
151.64 0.285714 0.285714 1 1 0
152.14 0.285714 0.285714 1 1 0
152.64 0.285714 0.285714 1 1 0
153.14 0.285714 0.285714 1 1 0
153.64 0.285714 0.285714 1 1 0
154.14 0.285714 0.285714 1 1 0
154.64 0.285714 0.285714 1 1 0
155.14 0.285714 0.285714 1 1 0
155.64 0.285714 0.285714 1 1 0
156.14 0.285714 0.285714 1 1 0
156.64 0.285714 0.285714 1 1 0
157.14 0.285714 0.285714 1 1 0
157.64 0.285714 0.285714 1 1 0
158.14 0.285714 0.285714 1 1 0
158.64 0.285714 0.285714 1 1 0
159.14 0.285714 0.285714 1 1 0
159.64 0.285714 0.285714 1 1 0
160.14 0.285714 0.285714 1 1 0
160.64 0.285714 0.285714 1 1 0
161.14 0.285714 0.285714 1 1 0
161.64 0.285714 0.285714 1 1 0
162.14 0.285714 0.285714 1 1 0
162.64 0.285714 0.285714 1 1 0
163.14 0.285714 0.285714 1 1 0
163.64 0.285714 0.285714 1 1 0
164.14 0.285714 0.285714 1 1 0
164.64 0.285714 0.285714 1 1 0
165.14 0.285714 0.285714 1 1 0
165.64 0.285714 0.285714 1 1 0
166.14 0.285714 0.285714 1 1 0
166.64 0.285714 0.285714 1 1 0
167.14 0.285714 0.285714 1 1 0
167.64 0.285714 0.285714 1 1 0
168.14 0.285714 0.285714 1 1 0
168.64 0.285714 0.285714 1 1 0
169.14 0.285714 0.285714 1 1 0
169.64 0.285714 0.285714 1 1 0
170.14 0.285714 0.285714 1 1 0
170.64 0.285714 0.285714 1 1 0
171.14 0.285714 0.285714 1 1 0
171.64 0.285714 0.285714 1 1 0
172.14 0.285714 0.285714 1 1 0
172.64 0.285714 0.285714 1 1 0
173.14 0.285714 0.285714 1 1 0
173.64 0.285714 0.285714 1 1 0
174.14 0.285714 0.285714 1 1 0
174.64 0.285714 0.285714 1 1 0
175.14 0.285714 0.285714 1 1 0
175.64 0.285714 0.285714 1 1 0
176.14 0.285714 0.285714 1 1 0
176.64 0.285714 0.285714 1 1 0
177.14 0.285714 0.285714 1 1 0
177.64 0.285714 0.285714 1 1 0
178.14 0.285714 0.285714 1 1 0
178.64 0.285714 0.285714 1 1 0
179.14 0.285714 0.285714 1 1 0
179.64 0.285714 0.285714 1 1 0
180.14 0.285714 0.285714 1 1 0
180.64 0.285714 0.285714 1 1 0
181.14 0.285714 0.285714 1 1 0
181.64 0.285714 0.285714 1 1 0
182.14 0.285714 0.285714 1 1 0
182.64 0.285714 0.285714 1 1 0
183.14 0.285714 0.285714 1 1 0
183.64 0.285714 0.285714 1 1 0
184.14 0.285714 0.285714 1 1 0
184.64 0.285714 0.285714 1 1 0
185.14 0.285714 0.285714 1 1 0
185.64 0.285714 0.285714 1 1 0
186.14 0.285714 0.285714 1 1 0
186.64 0.285714 0.285714 1 1 0
187.14 0.285714 0.285714 1 1 0
187.64 0.285714 0.285714 1 1 0
188.14 0.285714 0.285714 1 1 0
188.64 0.285714 0.285714 1 1 0
189.14 0.285714 0.285714 1 1 0
189.64 0.285714 0.285714 1 1 0
190.14 0.285714 0.285714 1 1 0
190.64 0.285714 0.285714 1 1 0
191.14 0.285714 0.285714 1 1 0
191.64 0.285714 0.285714 1 1 0
192.14 0.285714 0.285714 1 1 0
192.64 0.285714 0.285714 1 1 0
193.14 0.285714 0.285714 1 1 0
193.64 0.285714 0.285714 1 1 0
194.14 0.285714 0.285714 1 1 0
194.64 0.285714 0.285714 1 1 0
195.14 0.285714 0.285714 1 1 0
195.64 0.285714 0.285714 1 1 0
196.14 0.285714 0.285714 1 1 0
196.64 0.285714 0.285714 1 1 0
197.14 0.285714 0.285714 1 1 0
197.64 0.285714 0.285714 1 1 0
197.64 0.285714 0.285714 2 1 0
197.68 0.285714 0.285714 1 1 0
197.72 0.285714 0.285714 1 1 0
197.8 0.285714 0.285714 1 1 0
197.96 0.285714 0.285714 1 1 0
198.28 0.285714 0.285714 1 1 0
198.78 0.285714 0.285714 1 1 0
199.28 0.285714 0.285714 1 1 0
199.78 0.285714 0.285714 1 1 0
200.28 0.285714 0.285714 1 1 0
200.78 0.285714 0.285714 1 1 0
201.28 0.285714 0.285714 1 1 0
201.78 0.285714 0.285714 1 1 0
202.28 0.285714 0.285714 1 1 0
202.78 0.285714 0.285714 1 1 0
203.28 0.285714 0.285714 1 1 0
203.78 0.285714 0.285714 1 1 0
204.28 0.285714 0.285714 1 1 0
204.78 0.285714 0.285714 1 1 0
205.28 0.285714 0.285714 1 1 0
205.78 0.285714 0.285714 1 1 0
206.28 0.285714 0.285714 1 1 0
206.78 0.285714 0.285714 1 1 0
207.28 0.285714 0.285714 1 1 0
207.78 0.285714 0.285714 1 1 0
208.28 0.285714 0.285714 1 1 0
208.78 0.285714 0.285714 1 1 0
209.28 0.285714 0.285714 1 1 0
209.78 0.285714 0.285714 1 1 0
210.28 0.285714 0.285714 1 1 0
210.78 0.285714 0.285714 1 1 0
211.28 0.285714 0.285714 1 1 0
211.78 0.285714 0.285714 1 1 0
212.28 0.285714 0.285714 1 1 0
212.78 0.285714 0.285714 1 1 0
213.28 0.285714 0.285714 1 1 0
213.78 0.285714 0.285714 1 1 0
214.28 0.285714 0.285714 1 1 0
214.78 0.285714 0.285714 1 1 0
215.28 0.285714 0.285714 1 1 0
215.78 0.285714 0.285714 1 1 0
216.28 0.285714 0.285714 1 1 0
216.78 0.285714 0.285714 1 1 0
217.28 0.285714 0.285714 1 1 0
217.78 0.285714 0.285714 1 1 0
218.28 0.285714 0.285714 1 1 0
218.78 0.285714 0.285714 1 1 0
219.28 0.285714 0.285714 1 1 0
219.78 0.285714 0.285714 1 1 0
220.28 0.285714 0.285714 1 1 0
220.78 0.285714 0.285714 1 1 0
221.28 0.285714 0.285714 1 1 0
221.78 0.285714 0.285714 1 1 0
222.28 0.285714 0.285714 1 1 0
222.78 0.285714 0.285714 1 1 0
223.28 0.285714 0.285714 1 1 0
223.78 0.285714 0.285714 1 1 0
224.28 0.285714 0.285714 1 1 0
224.78 0.285714 0.285714 1 1 0
225.28 0.285714 0.285714 1 1 0
225.78 0.285714 0.285714 1 1 0
226.28 0.285714 0.285714 1 1 0
226.78 0.285714 0.285714 1 1 0
227.28 0.285714 0.285714 1 1 0
227.78 0.285714 0.285714 1 1 0
228.28 0.285714 0.285714 1 1 0
228.78 0.285714 0.285714 1 1 0
229.28 0.285714 0.285714 1 1 0
229.78 0.285714 0.285714 1 1 0
230.28 0.285714 0.285714 1 1 0
230.78 0.285714 0.285714 1 1 0
231.28 0.285714 0.285714 1 1 0
231.78 0.285714 0.285714 1 1 0
232.28 0.285714 0.285714 1 1 0
232.78 0.285714 0.285714 1 1 0
233.28 0.285714 0.285714 1 1 0
233.78 0.285714 0.285714 1 1 0
234.28 0.285714 0.285714 1 1 0
234.78 0.285714 0.285714 1 1 0
235.28 0.285714 0.285714 1 1 0
235.78 0.285714 0.285714 1 1 0
236.28 0.285714 0.285714 1 1 0
236.78 0.285714 0.285714 1 1 0
237.28 0.285714 0.285714 1 1 0
237.78 0.285714 0.285714 1 1 0
238.28 0.285714 0.285714 1 1 0
238.78 0.285714 0.285714 1 1 0
239.28 0.285714 0.285714 1 1 0
239.78 0.285714 0.285714 1 1 0
240.28 0.285714 0.285714 1 1 0
240.78 0.285714 0.285714 1 1 0
241.28 0.285714 0.285714 1 1 0
241.78 0.285714 0.285714 1 1 0
242.28 0.285714 0.285714 1 1 0
242.78 0.285714 0.285714 1 1 0
243.28 0.285714 0.285714 1 1 0
243.78 0.285714 0.285714 1 1 0
244.28 0.285714 0.285714 1 1 0
244.78 0.285714 0.285714 1 1 0
245.28 0.285714 0.285714 1 1 0
245.78 0.285714 0.285714 1 1 0
246.28 0.285714 0.285714 1 1 0
246.78 0.285714 0.285714 1 1 0
247.28 0.285714 0.285714 1 1 0
247.78 0.285714 0.285714 1 1 0
248.28 0.285714 0.285714 1 1 0
248.78 0.285714 0.285714 1 1 0
249.28 0.285714 0.285714 1 1 0
249.78 0.285714 0.285714 1 1 0
250.28 0.285714 0.285714 1 1 0
250.78 0.285714 0.285714 1 1 0
251.28 0.285714 0.285714 1 1 0
251.78 0.285714 0.285714 1 1 0
252.28 0.285714 0.285714 1 1 0
252.78 0.285714 0.285714 1 1 0
253.28 0.285714 0.285714 1 1 0
253.78 0.285714 0.285714 1 1 0
254.28 0.285714 0.285714 1 1 0
254.78 0.285714 0.285714 1 1 0
255.28 0.285714 0.285714 1 1 0
255.78 0.285714 0.285714 1 1 0
256.28 0.285714 0.285714 1 1 0
256.78 0.285714 0.285714 1 1 0
257.28 0.285714 0.285714 1 1 0
257.78 0.285714 0.285714 1 1 0
258.28 0.285714 0.285714 1 1 0
258.78 0.285714 0.285714 1 1 0
259.28 0.285714 0.285714 1 1 0
259.78 0.285714 0.285714 1 1 0
260.28 0.285714 0.285714 1 1 0
260.78 0.285714 0.285714 1 1 0
261.28 0.285714 0.285714 1 1 0
261.78 0.285714 0.285714 1 1 0
262.28 0.285714 0.285714 1 1 0
262.78 0.285714 0.285714 1 1 0
263.28 0.285714 0.285714 1 1 0
263.78 0.285714 0.285714 1 1 0
264.28 0.285714 0.285714 1 1 0
264.78 0.285714 0.285714 1 1 0
265.28 0.285714 0.285714 1 1 0
265.78 0.285714 0.285714 1 1 0
266.28 0.285714 0.285714 1 1 0
266.78 0.285714 0.285714 1 1 0
267.28 0.285714 0.285714 1 1 0
267.78 0.285714 0.285714 1 1 0
268.28 0.285714 0.285714 1 1 0
268.78 0.285714 0.285714 1 1 0
269.28 0.285714 0.285714 1 1 0
269.78 0.285714 0.285714 1 1 0
270.28 0.285714 0.285714 1 1 0
270.78 0.285714 0.285714 1 1 0
271.28 0.285714 0.285714 1 1 0
271.78 0.285714 0.285714 1 1 0
272.28 0.285714 0.285714 1 1 0
272.78 0.285714 0.285714 1 1 0
273.28 0.285714 0.285714 1 1 0
273.78 0.285714 0.285714 1 1 0
274.28 0.285714 0.285714 1 1 0
274.78 0.285714 0.285714 1 1 0
275.28 0.285714 0.285714 1 1 0
275.78 0.285714 0.285714 1 1 0
276.28 0.285714 0.285714 1 1 0
276.78 0.285714 0.285714 1 1 0
277.28 0.285714 0.285714 1 1 0
277.78 0.285714 0.285714 1 1 0
278.28 0.285714 0.285714 1 1 0
278.78 0.285714 0.285714 1 1 0
279.28 0.285714 0.285714 1 1 0
279.78 0.285714 0.285714 1 1 0
280.28 0.285714 0.285714 1 1 0
280.78 0.285714 0.285714 1 1 0
281.28 0.285714 0.285714 1 1 0
281.78 0.285714 0.285714 1 1 0
282.28 0.285714 0.285714 1 1 0
282.78 0.285714 0.285714 1 1 0
283.28 0.285714 0.285714 1 1 0
283.78 0.285714 0.285714 1 1 0
284.28 0.285714 0.285714 1 1 0
284.78 0.285714 0.285714 1 1 0
285.28 0.285714 0.285714 1 1 0
285.78 0.285714 0.285714 1 1 0
286.28 0.285714 0.285714 1 1 0
286.78 0.285714 0.285714 1 1 0
287.28 0.285714 0.285714 1 1 0
287.78 0.285714 0.285714 1 1 0
288.28 0.285714 0.285714 1 1 0
288.78 0.285714 0.285714 1 1 0
289.28 0.285714 0.285714 1 1 0
289.78 0.285714 0.285714 1 1 0
290.28 0.285714 0.285714 1 1 0
290.78 0.285714 0.285714 1 1 0
291.28 0.285714 0.285714 1 1 0
291.78 0.285714 0.285714 1 1 0
292.28 0.285714 0.285714 1 1 0
292.78 0.285714 0.285714 1 1 0
293.28 0.285714 0.285714 1 1 0
293.78 0.285714 0.285714 1 1 0
294.28 0.285714 0.285714 1 1 0
294.78 0.285714 0.285714 1 1 0
295.28 0.285714 0.285714 1 1 0
295.28 0.285714 0.285714 2 1 0
295.32 0.285714 0.285714 1 1 0
295.36 0.285714 0.285714 1 1 0
295.44 0.285714 0.285714 1 1 0
295.6 0.285714 0.285714 1 1 0
295.92 0.285714 0.285714 1 1 0
296.42 0.285714 0.285714 1 1 0
296.92 0.285714 0.285714 1 1 0
297.42 0.285714 0.285714 1 1 0
297.92 0.285714 0.285714 1 1 0
298.42 0.285714 0.285714 1 1 0
298.92 0.285714 0.285714 1 1 0
299.42 0.285714 0.285714 1 1 0
299.92 0.285714 0.285714 1 1 0
300.42 0.285714 0.285714 1 1 0
300.92 0.285714 0.285714 1 1 0
301.42 0.285714 0.285714 1 1 0
301.92 0.285714 0.285714 1 1 0
302.42 0.285714 0.285714 1 1 0
302.92 0.285714 0.285714 1 1 0
303.42 0.285714 0.285714 1 1 0
303.92 0.285714 0.285714 1 1 0
304.42 0.285714 0.285714 1 1 0
304.92 0.285714 0.285714 1 1 0
305.42 0.285714 0.285714 1 1 0
305.92 0.285714 0.285714 1 1 0
306.42 0.285714 0.285714 1 1 0
306.92 0.285714 0.285714 1 1 0
307.42 0.285714 0.285714 1 1 0
307.92 0.285714 0.285714 1 1 0
308.42 0.285714 0.285714 1 1 0
308.92 0.285714 0.285714 1 1 0
309.42 0.285714 0.285714 1 1 0
309.92 0.285714 0.285714 1 1 0
310.42 0.285714 0.285714 1 1 0
310.92 0.285714 0.285714 1 1 0
311.42 0.285714 0.285714 1 1 0
311.92 0.285714 0.285714 1 1 0
312.42 0.285714 0.285714 1 1 0
312.92 0.285714 0.285714 1 1 0
313.42 0.285714 0.285714 1 1 0
313.92 0.285714 0.285714 1 1 0
314.42 0.285714 0.285714 1 1 0
314.92 0.285714 0.285714 1 1 0
315.42 0.285714 0.285714 1 1 0
315.92 0.285714 0.285714 1 1 0
316.42 0.285714 0.285714 1 1 0
316.92 0.285714 0.285714 1 1 0
317.42 0.285714 0.285714 1 1 0
317.92 0.285714 0.285714 1 1 0
318.42 0.285714 0.285714 1 1 0
318.92 0.285714 0.285714 1 1 0
319.42 0.285714 0.285714 1 1 0
319.92 0.285714 0.285714 1 1 0
320.42 0.285714 0.285714 1 1 0
320.92 0.285714 0.285714 1 1 0
321.42 0.285714 0.285714 1 1 0
321.92 0.285714 0.285714 1 1 0
322.42 0.285714 0.285714 1 1 0
322.92 0.285714 0.285714 1 1 0
323.42 0.285714 0.285714 1 1 0
323.92 0.285714 0.285714 1 1 0
324.42 0.285714 0.285714 1 1 0
324.92 0.285714 0.285714 1 1 0
325.42 0.285714 0.285714 1 1 0
325.92 0.285714 0.285714 1 1 0
326.42 0.285714 0.285714 1 1 0
326.92 0.285714 0.285714 1 1 0
327.42 0.285714 0.285714 1 1 0
327.92 0.285714 0.285714 1 1 0
328.42 0.285714 0.285714 1 1 0
328.92 0.285714 0.285714 1 1 0
329.42 0.285714 0.285714 1 1 0
329.92 0.285714 0.285714 1 1 0
330.42 0.285714 0.285714 1 1 0
330.92 0.285714 0.285714 1 1 0
331.42 0.285714 0.285714 1 1 0
331.92 0.285714 0.285714 1 1 0
332.42 0.285714 0.285714 1 1 0
332.92 0.285714 0.285714 1 1 0
333.42 0.285714 0.285714 1 1 0
333.92 0.285714 0.285714 1 1 0
334.42 0.285714 0.285714 1 1 0
334.92 0.285714 0.285714 1 1 0
335.42 0.285714 0.285714 1 1 0
335.92 0.285714 0.285714 1 1 0
336.42 0.285714 0.285714 1 1 0
336.92 0.285714 0.285714 1 1 0
337.42 0.285714 0.285714 1 1 0
337.92 0.285714 0.285714 1 1 0
338.42 0.285714 0.285714 1 1 0
338.92 0.285714 0.285714 1 1 0
339.42 0.285714 0.285714 1 1 0
339.92 0.285714 0.285714 1 1 0
340.42 0.285714 0.285714 1 1 0
340.92 0.285714 0.285714 1 1 0
341.42 0.285714 0.285714 1 1 0
341.92 0.285714 0.285714 1 1 0
342.42 0.285714 0.285714 1 1 0
342.92 0.285714 0.285714 1 1 0
343.42 0.285714 0.285714 1 1 0
343.92 0.285714 0.285714 1 1 0
344.42 0.285714 0.285714 1 1 0
344.92 0.285714 0.285714 1 1 0
345.42 0.285714 0.285714 1 1 0
345.92 0.285714 0.285714 1 1 0
346.42 0.285714 0.285714 1 1 0
346.92 0.285714 0.285714 1 1 0
347.42 0.285714 0.285714 1 1 0
347.92 0.285714 0.285714 1 1 0
348.42 0.285714 0.285714 1 1 0
348.92 0.285714 0.285714 1 1 0
349.42 0.285714 0.285714 1 1 0
349.92 0.285714 0.285714 1 1 0
350.42 0.285714 0.285714 1 1 0
350.92 0.285714 0.285714 1 1 0
351.42 0.285714 0.285714 1 1 0
351.92 0.285714 0.285714 1 1 0
352.42 0.285714 0.285714 1 1 0
352.92 0.285714 0.285714 1 1 0
353.42 0.285714 0.285714 1 1 0
353.92 0.285714 0.285714 1 1 0
354.42 0.285714 0.285714 1 1 0
354.92 0.285714 0.285714 1 1 0
355.42 0.285714 0.285714 1 1 0
355.92 0.285714 0.285714 1 1 0
356.42 0.285714 0.285714 1 1 0
356.92 0.285714 0.285714 1 1 0
357.42 0.285714 0.285714 1 1 0
357.92 0.285714 0.285714 1 1 0
358.42 0.285714 0.285714 1 1 0
358.92 0.285714 0.285714 1 1 0
359.42 0.285714 0.285714 1 1 0
359.92 0.285714 0.285714 1 1 0
360.42 0.285714 0.285714 1 1 0
360.92 0.285714 0.285714 1 1 0
361.42 0.285714 0.285714 1 1 0
361.92 0.285714 0.285714 1 1 0
362.42 0.285714 0.285714 1 1 0
362.92 0.285714 0.285714 1 1 0
363.42 0.285714 0.285714 1 1 0
363.92 0.285714 0.285714 1 1 0
364.42 0.285714 0.285714 1 1 0
364.92 0.285714 0.285714 1 1 0
365.42 0.285714 0.285714 1 1 0
365.92 0.285714 0.285714 1 1 0
366.42 0.285714 0.285714 1 1 0
366.92 0.285714 0.285714 1 1 0
367.42 0.285714 0.285714 1 1 0
367.92 0.285714 0.285714 1 1 0
368.42 0.285714 0.285714 1 1 0
368.92 0.285714 0.285714 1 1 0
369.42 0.285714 0.285714 1 1 0
369.92 0.285714 0.285714 1 1 0
370.42 0.285714 0.285714 1 1 0
370.92 0.285714 0.285714 1 1 0
371.42 0.285714 0.285714 1 1 0
371.92 0.285714 0.285714 1 1 0
372.42 0.285714 0.285714 1 1 0
372.92 0.285714 0.285714 1 1 0
373.42 0.285714 0.285714 1 1 0
373.92 0.285714 0.285714 1 1 0
374.42 0.285714 0.285714 1 1 0
374.92 0.285714 0.285714 1 1 0
375.42 0.285714 0.285714 1 1 0
375.92 0.285714 0.285714 1 1 0
376.42 0.285714 0.285714 1 1 0
376.92 0.285714 0.285714 1 1 0
377.42 0.285714 0.285714 1 1 0
377.92 0.285714 0.285714 1 1 0
378.42 0.285714 0.285714 1 1 0
378.92 0.285714 0.285714 1 1 0
379.42 0.285714 0.285714 1 1 0
379.92 0.285714 0.285714 1 1 0
380.42 0.285714 0.285714 1 1 0
380.92 0.285714 0.285714 1 1 0
381.42 0.285714 0.285714 1 1 0
381.92 0.285714 0.285714 1 1 0
382.42 0.285714 0.285714 1 1 0
382.92 0.285714 0.285714 1 1 0
383.42 0.285714 0.285714 1 1 0
383.92 0.285714 0.285714 1 1 0
384.42 0.285714 0.285714 1 1 0
384.92 0.285714 0.285714 1 1 0
385.42 0.285714 0.285714 1 1 0
385.92 0.285714 0.285714 1 1 0
386.42 0.285714 0.285714 1 1 0
386.92 0.285714 0.285714 1 1 0
387.42 0.285714 0.285714 1 1 0
387.92 0.285714 0.285714 1 1 0
388.42 0.285714 0.285714 1 1 0
388.92 0.285714 0.285714 1 1 0
389.42 0.285714 0.285714 1 1 0
389.92 0.285714 0.285714 1 1 0
390.42 0.285714 0.285714 1 1 0
390.92 0.285714 0.285714 1 1 0
391.42 0.285714 0.285714 1 1 0
391.92 0.285714 0.285714 1 1 0
392.42 0.285714 0.285714 1 1 0
392.92 0.285714 0.285714 1 1 0
392.92 0.285714 0.285714 2 1 0
392.96 0.285714 0.285714 1 1 0
393 0.285714 0.285714 1 1 0
393.08 0.285714 0.285714 1 1 0
393.24 0.285714 0.285714 1 1 0
393.56 0.285714 0.285714 1 1 0
394.06 0.285714 0.285714 1 1 0
394.56 0.285714 0.285714 1 1 0
395.06 0.285714 0.285714 1 1 0
395.56 0.285714 0.285714 1 1 0
396.06 0.285714 0.285714 1 1 0
396.56 0.285714 0.285714 1 1 0
397.06 0.285714 0.285714 1 1 0
397.56 0.285714 0.285714 1 1 0
398.06 0.285714 0.285714 1 1 0
398.56 0.285714 0.285714 1 1 0
399.06 0.285714 0.285714 1 1 0
399.56 0.285714 0.285714 1 1 0
400.06 0.285714 0.285714 1 1 0
400.56 0.285714 0.285714 1 1 0
401.06 0.285714 0.285714 1 1 0
401.56 0.285714 0.285714 1 1 0
402.06 0.285714 0.285714 1 1 0
402.56 0.285714 0.285714 1 1 0
403.06 0.285714 0.285714 1 1 0
403.56 0.285714 0.285714 1 1 0
404.06 0.285714 0.285714 1 1 0
404.56 0.285714 0.285714 1 1 0
405.06 0.285714 0.285714 1 1 0
405.56 0.285714 0.285714 1 1 0
406.06 0.285714 0.285714 1 1 0
406.56 0.285714 0.285714 1 1 0
407.06 0.285714 0.285714 1 1 0
407.56 0.285714 0.285714 1 1 0
408.06 0.285714 0.285714 1 1 0
408.56 0.285714 0.285714 1 1 0
409.06 0.285714 0.285714 1 1 0
409.56 0.285714 0.285714 1 1 0
410.06 0.285714 0.285714 1 1 0
410.56 0.285714 0.285714 1 1 0
411.06 0.285714 0.285714 1 1 0
411.56 0.285714 0.285714 1 1 0
412.06 0.285714 0.285714 1 1 0
412.56 0.285714 0.285714 1 1 0
413.06 0.285714 0.285714 1 1 0
413.56 0.285714 0.285714 1 1 0
414.06 0.285714 0.285714 1 1 0
414.56 0.285714 0.285714 1 1 0
415.06 0.285714 0.285714 1 1 0
415.56 0.285714 0.285714 1 1 0
416.06 0.285714 0.285714 1 1 0
416.56 0.285714 0.285714 1 1 0
417.06 0.285714 0.285714 1 1 0
417.56 0.285714 0.285714 1 1 0
418.06 0.285714 0.285714 1 1 0
418.56 0.285714 0.285714 1 1 0
419.06 0.285714 0.285714 1 1 0
419.56 0.285714 0.285714 1 1 0
420.06 0.285714 0.285714 1 1 0
420.56 0.285714 0.285714 1 1 0
421.06 0.285714 0.285714 1 1 0
421.56 0.285714 0.285714 1 1 0
422.06 0.285714 0.285714 1 1 0
422.56 0.285714 0.285714 1 1 0
423.06 0.285714 0.285714 1 1 0
423.56 0.285714 0.285714 1 1 0
424.06 0.285714 0.285714 1 1 0
424.56 0.285714 0.285714 1 1 0
425.06 0.285714 0.285714 1 1 0
425.56 0.285714 0.285714 1 1 0
426.06 0.285714 0.285714 1 1 0
426.56 0.285714 0.285714 1 1 0
427.06 0.285714 0.285714 1 1 0
427.56 0.285714 0.285714 1 1 0
428.06 0.285714 0.285714 1 1 0
428.56 0.285714 0.285714 1 1 0
429.06 0.285714 0.285714 1 1 0
429.56 0.285714 0.285714 1 1 0
430.06 0.285714 0.285714 1 1 0
430.56 0.285714 0.285714 1 1 0
431.06 0.285714 0.285714 1 1 0
431.56 0.285714 0.285714 1 1 0
432.06 0.285714 0.285714 1 1 0
432.56 0.285714 0.285714 1 1 0
433.06 0.285714 0.285714 1 1 0
433.56 0.285714 0.285714 1 1 0
434.06 0.285714 0.285714 1 1 0
434.56 0.285714 0.285714 1 1 0
435.06 0.285714 0.285714 1 1 0
435.56 0.285714 0.285714 1 1 0
436.06 0.285714 0.285714 1 1 0
436.56 0.285714 0.285714 1 1 0
437.06 0.285714 0.285714 1 1 0
437.56 0.285714 0.285714 1 1 0
438.06 0.285714 0.285714 1 1 0
438.56 0.285714 0.285714 1 1 0
439.06 0.285714 0.285714 1 1 0
439.56 0.285714 0.285714 1 1 0
440.06 0.285714 0.285714 1 1 0
440.56 0.285714 0.285714 1 1 0
441.06 0.285714 0.285714 1 1 0
441.56 0.285714 0.285714 1 1 0
442.06 0.285714 0.285714 1 1 0
442.56 0.285714 0.285714 1 1 0
443.06 0.285714 0.285714 1 1 0
443.56 0.285714 0.285714 1 1 0
444.06 0.285714 0.285714 1 1 0
444.56 0.285714 0.285714 1 1 0
445.06 0.285714 0.285714 1 1 0
445.56 0.285714 0.285714 1 1 0
446.06 0.285714 0.285714 1 1 0
446.56 0.285714 0.285714 1 1 0
447.06 0.285714 0.285714 1 1 0
447.56 0.285714 0.285714 1 1 0
448.06 0.285714 0.285714 1 1 0
448.56 0.285714 0.285714 1 1 0
449.06 0.285714 0.285714 1 1 0
449.56 0.285714 0.285714 1 1 0
450.06 0.285714 0.285714 1 1 0
450.56 0.285714 0.285714 1 1 0
451.06 0.285714 0.285714 1 1 0
451.56 0.285714 0.285714 1 1 0
452.06 0.285714 0.285714 1 1 0
452.56 0.285714 0.285714 1 1 0
453.06 0.285714 0.285714 1 1 0
453.56 0.285714 0.285714 1 1 0
454.06 0.285714 0.285714 1 1 0
454.56 0.285714 0.285714 1 1 0
455.06 0.285714 0.285714 1 1 0
455.56 0.285714 0.285714 1 1 0
456.06 0.285714 0.285714 1 1 0
456.56 0.285714 0.285714 1 1 0
457.06 0.285714 0.285714 1 1 0
457.56 0.285714 0.285714 1 1 0
458.06 0.285714 0.285714 1 1 0
458.56 0.285714 0.285714 1 1 0
459.06 0.285714 0.285714 1 1 0
459.56 0.285714 0.285714 1 1 0
460.06 0.285714 0.285714 1 1 0
460.56 0.285714 0.285714 1 1 0
461.06 0.285714 0.285714 1 1 0
461.56 0.285714 0.285714 1 1 0
462.06 0.285714 0.285714 1 1 0
462.56 0.285714 0.285714 1 1 0
463.06 0.285714 0.285714 1 1 0
463.56 0.285714 0.285714 1 1 0
464.06 0.285714 0.285714 1 1 0
464.56 0.285714 0.285714 1 1 0
465.06 0.285714 0.285714 1 1 0
465.56 0.285714 0.285714 1 1 0
466.06 0.285714 0.285714 1 1 0
466.56 0.285714 0.285714 1 1 0
467.06 0.285714 0.285714 1 1 0
467.56 0.285714 0.285714 1 1 0
468.06 0.285714 0.285714 1 1 0
468.56 0.285714 0.285714 1 1 0
469.06 0.285714 0.285714 1 1 0
469.56 0.285714 0.285714 1 1 0
470.06 0.285714 0.285714 1 1 0
470.56 0.285714 0.285714 1 1 0
471.06 0.285714 0.285714 1 1 0
471.56 0.285714 0.285714 1 1 0
472.06 0.285714 0.285714 1 1 0
472.56 0.285714 0.285714 1 1 0
473.06 0.285714 0.285714 1 1 0
473.56 0.285714 0.285714 1 1 0
474.06 0.285714 0.285714 1 1 0
474.56 0.285714 0.285714 1 1 0
475.06 0.285714 0.285714 1 1 0
475.56 0.285714 0.285714 1 1 0
476.06 0.285714 0.285714 1 1 0
476.56 0.285714 0.285714 1 1 0
477.06 0.285714 0.285714 1 1 0
477.56 0.285714 0.285714 1 1 0
478.06 0.285714 0.285714 1 1 0
478.56 0.285714 0.285714 1 1 0
479.06 0.285714 0.285714 1 1 0
479.56 0.285714 0.285714 1 1 0
480.06 0.285714 0.285714 1 1 0
480.56 0.285714 0.285714 1 1 0
481.06 0.285714 0.285714 1 1 0
481.56 0.285714 0.285714 1 1 0
482.06 0.285714 0.285714 1 1 0
482.56 0.285714 0.285714 1 1 0
483.06 0.285714 0.285714 1 1 0
483.56 0.285714 0.285714 1 1 0
484.06 0.285714 0.285714 1 1 0
484.56 0.285714 0.285714 1 1 0
485.06 0.285714 0.285714 1 1 0
485.56 0.285714 0.285714 1 1 0
486.06 0.285714 0.285714 1 1 0
486.56 0.285714 0.285714 1 1 0
487.06 0.285714 0.285714 1 1 0
487.56 0.285714 0.285714 1 1 0
488.06 0.285714 0.285714 1 1 0
488.56 0.285714 0.285714 1 1 0
489.06 0.285714 0.285714 1 1 0
489.56 0.285714 0.285714 1 1 0
490.06 0.285714 0.285714 1 1 0
490.56 0.285714 0.285714 1 1 0
490.56 0.285714 0.285714 2 1 0
490.6 0.285714 0.285714 1 1 0
490.64 0.285714 0.285714 1 1 0
490.72 0.285714 0.285714 1 1 0
490.88 0.285714 0.285714 1 1 0
491.2 0.285714 0.285714 1 1 0
491.7 0.285714 0.285714 1 1 0
492.2 0.285714 0.285714 1 1 0
492.7 0.285714 0.285714 1 1 0
493.2 0.285714 0.285714 1 1 0
493.7 0.285714 0.285714 1 1 0
494.2 0.285714 0.285714 1 1 0
494.7 0.285714 0.285714 1 1 0
495.2 0.285714 0.285714 1 1 0
495.7 0.285714 0.285714 1 1 0
496.2 0.285714 0.285714 1 1 0
496.7 0.285714 0.285714 1 1 0
497.2 0.285714 0.285714 1 1 0
497.7 0.285714 0.285714 1 1 0
498.2 0.285714 0.285714 1 1 0
498.7 0.285714 0.285714 1 1 0
499.2 0.285714 0.285714 1 1 0
499.7 0.285714 0.285714 1 1 0
500.2 0.285714 0.285714 1 1 0
500.7 0.285714 0.285714 1 1 0
501.2 0.285714 0.285714 1 1 0
501.7 0.285714 0.285714 1 1 0
502.2 0.285714 0.285714 1 1 0
502.7 0.285714 0.285714 1 1 0
503.2 0.285714 0.285714 1 1 0
503.7 0.285714 0.285714 1 1 0
504.2 0.285714 0.285714 1 1 0
504.7 0.285714 0.285714 1 1 0
505.2 0.285714 0.285714 1 1 0
505.7 0.285714 0.285714 1 1 0
506.2 0.285714 0.285714 1 1 0
506.7 0.285714 0.285714 1 1 0
507.2 0.285714 0.285714 1 1 0
507.7 0.285714 0.285714 1 1 0
508.2 0.285714 0.285714 1 1 0
508.7 0.285714 0.285714 1 1 0
509.2 0.285714 0.285714 1 1 0
509.7 0.285714 0.285714 1 1 0
510.2 0.285714 0.285714 1 1 0
510.7 0.285714 0.285714 1 1 0
511.2 0.285714 0.285714 1 1 0
511.7 0.285714 0.285714 1 1 0
512.2 0.285714 0.285714 1 1 0
512.7 0.285714 0.285714 1 1 0
513.2 0.285714 0.285714 1 1 0
513.7 0.285714 0.285714 1 1 0
514.2 0.285714 0.285714 1 1 0
514.7 0.285714 0.285714 1 1 0
515.2 0.285714 0.285714 1 1 0
515.7 0.285714 0.285714 1 1 0
516.2 0.285714 0.285714 1 1 0
516.7 0.285714 0.285714 1 1 0
517.2 0.285714 0.285714 1 1 0
517.7 0.285714 0.285714 1 1 0
518.2 0.285714 0.285714 1 1 0
518.7 0.285714 0.285714 1 1 0
519.2 0.285714 0.285714 1 1 0
519.7 0.285714 0.285714 1 1 0
520.2 0.285714 0.285714 1 1 0
520.7 0.285714 0.285714 1 1 0
521.2 0.285714 0.285714 1 1 0
521.7 0.285714 0.285714 1 1 0
522.2 0.285714 0.285714 1 1 0
522.7 0.285714 0.285714 1 1 0
523.2 0.285714 0.285714 1 1 0
523.7 0.285714 0.285714 1 1 0
524.2 0.285714 0.285714 1 1 0
524.7 0.285714 0.285714 1 1 0
525.2 0.285714 0.285714 1 1 0
525.7 0.285714 0.285714 1 1 0
526.2 0.285714 0.285714 1 1 0
526.7 0.285714 0.285714 1 1 0
527.2 0.285714 0.285714 1 1 0
527.7 0.285714 0.285714 1 1 0
528.2 0.285714 0.285714 1 1 0
528.7 0.285714 0.285714 1 1 0
529.2 0.285714 0.285714 1 1 0
529.7 0.285714 0.285714 1 1 0
530.2 0.285714 0.285714 1 1 0
530.7 0.285714 0.285714 1 1 0
531.2 0.285714 0.285714 1 1 0
531.7 0.285714 0.285714 1 1 0
532.2 0.285714 0.285714 1 1 0
532.7 0.285714 0.285714 1 1 0
533.2 0.285714 0.285714 1 1 0
533.7 0.285714 0.285714 1 1 0
534.2 0.285714 0.285714 1 1 0
534.7 0.285714 0.285714 1 1 0
535.2 0.285714 0.285714 1 1 0
535.7 0.285714 0.285714 1 1 0
536.2 0.285714 0.285714 1 1 0
536.7 0.285714 0.285714 1 1 0
537.2 0.285714 0.285714 1 1 0
537.7 0.285714 0.285714 1 1 0
538.2 0.285714 0.285714 1 1 0
538.7 0.285714 0.285714 1 1 0
539.2 0.285714 0.285714 1 1 0
539.7 0.285714 0.285714 1 1 0
540.2 0.285714 0.285714 1 1 0
540.7 0.285714 0.285714 1 1 0
541.2 0.285714 0.285714 1 1 0
541.7 0.285714 0.285714 1 1 0
542.2 0.285714 0.285714 1 1 0
542.7 0.285714 0.285714 1 1 0
543.2 0.285714 0.285714 1 1 0
543.7 0.285714 0.285714 1 1 0
544.2 0.285714 0.285714 1 1 0
544.7 0.285714 0.285714 1 1 0
545.2 0.285714 0.285714 1 1 0
545.7 0.285714 0.285714 1 1 0
546.2 0.285714 0.285714 1 1 0
546.7 0.285714 0.285714 1 1 0
547.2 0.285714 0.285714 1 1 0
547.7 0.285714 0.285714 1 1 0
548.2 0.285714 0.285714 1 1 0
548.7 0.285714 0.285714 1 1 0
549.2 0.285714 0.285714 1 1 0
549.7 0.285714 0.285714 1 1 0
550.2 0.285714 0.285714 1 1 0
550.7 0.285714 0.285714 1 1 0
551.2 0.285714 0.285714 1 1 0
551.7 0.285714 0.285714 1 1 0
552.2 0.285714 0.285714 1 1 0
552.7 0.285714 0.285714 1 1 0
553.2 0.285714 0.285714 1 1 0
553.7 0.285714 0.285714 1 1 0
554.2 0.285714 0.285714 1 1 0
554.7 0.285714 0.285714 1 1 0
555.2 0.285714 0.285714 1 1 0
555.7 0.285714 0.285714 1 1 0
556.2 0.285714 0.285714 1 1 0
556.7 0.285714 0.285714 1 1 0
557.2 0.285714 0.285714 1 1 0
557.7 0.285714 0.285714 1 1 0
558.2 0.285714 0.285714 1 1 0
558.7 0.285714 0.285714 1 1 0
559.2 0.285714 0.285714 1 1 0
559.7 0.285714 0.285714 1 1 0
560.2 0.285714 0.285714 1 1 0
560.7 0.285714 0.285714 1 1 0
561.2 0.285714 0.285714 1 1 0
561.7 0.285714 0.285714 1 1 0
562.2 0.285714 0.285714 1 1 0
562.7 0.285714 0.285714 1 1 0
563.2 0.285714 0.285714 1 1 0
563.7 0.285714 0.285714 1 1 0
564.2 0.285714 0.285714 1 1 0
564.7 0.285714 0.285714 1 1 0
565.2 0.285714 0.285714 1 1 0
565.7 0.285714 0.285714 1 1 0
566.2 0.285714 0.285714 1 1 0
566.7 0.285714 0.285714 1 1 0
567.2 0.285714 0.285714 1 1 0
567.7 0.285714 0.285714 1 1 0
568.2 0.285714 0.285714 1 1 0
568.7 0.285714 0.285714 1 1 0
569.2 0.285714 0.285714 1 1 0
569.7 0.285714 0.285714 1 1 0
570.2 0.285714 0.285714 1 1 0
570.7 0.285714 0.285714 1 1 0
571.2 0.285714 0.285714 1 1 0
571.7 0.285714 0.285714 1 1 0
572.2 0.285714 0.285714 1 1 0
572.7 0.285714 0.285714 1 1 0
573.2 0.285714 0.285714 1 1 0
573.7 0.285714 0.285714 1 1 0
574.2 0.285714 0.285714 1 1 0
574.7 0.285714 0.285714 1 1 0
575.2 0.285714 0.285714 1 1 0
575.7 0.285714 0.285714 1 1 0
576.2 0.285714 0.285714 1 1 0
576.7 0.285714 0.285714 1 1 0
577.2 0.285714 0.285714 1 1 0
577.7 0.285714 0.285714 1 1 0
578.2 0.285714 0.285714 1 1 0
578.7 0.285714 0.285714 1 1 0
579.2 0.285714 0.285714 1 1 0
579.7 0.285714 0.285714 1 1 0
580.2 0.285714 0.285714 1 1 0
580.7 0.285714 0.285714 1 1 0
581.2 0.285714 0.285714 1 1 0
581.7 0.285714 0.285714 1 1 0
582.2 0.285714 0.285714 1 1 0
582.7 0.285714 0.285714 1 1 0
583.2 0.285714 0.285714 1 1 0
583.7 0.285714 0.285714 1 1 0
584.2 0.285714 0.285714 1 1 0
584.7 0.285714 0.285714 1 1 0
585.2 0.285714 0.285714 1 1 0
585.7 0.285714 0.285714 1 1 0
586.2 0.285714 0.285714 1 1 0
586.7 0.285714 0.285714 1 1 0
587.2 0.285714 0.285714 1 1 0
587.7 0.285714 0.285714 1 1 0
588.2 0.285714 0.285714 1 1 0
588.2 0.285714 0.285714 2 1 0
588.24 0.285714 0.285714 1 1 0
588.28 0.285714 0.285714 1 1 0
588.36 0.285714 0.285714 1 1 0
588.52 0.285714 0.285714 1 1 0
588.84 0.285714 0.285714 1 1 0
589.34 0.285714 0.285714 1 1 0
589.84 0.285714 0.285714 1 1 0
590.34 0.285714 0.285714 1 1 0
590.84 0.285714 0.285714 1 1 0
591.34 0.285714 0.285714 1 1 0
591.84 0.285714 0.285714 1 1 0
592.34 0.285714 0.285714 1 1 0
592.84 0.285714 0.285714 1 1 0
593.34 0.285714 0.285714 1 1 0
593.84 0.285714 0.285714 1 1 0
594.34 0.285714 0.285714 1 1 0
594.84 0.285714 0.285714 1 1 0
595.34 0.285714 0.285714 1 1 0
595.84 0.285714 0.285714 1 1 0
596.34 0.285714 0.285714 1 1 0
596.84 0.285714 0.285714 1 1 0
597.34 0.285714 0.285714 1 1 0
597.84 0.285714 0.285714 1 1 0
598.34 0.285714 0.285714 1 1 0
598.84 0.285714 0.285714 1 1 0
599.34 0.285714 0.285714 1 1 0
599.84 0.285714 0.285714 1 1 0
600.34 0.285714 0.285714 1 1 0
600.84 0.285714 0.285714 1 1 0
601.34 0.285714 0.285714 1 1 0
601.84 0.285714 0.285714 1 1 0
602.34 0.285714 0.285714 1 1 0
602.84 0.285714 0.285714 1 1 0
603.34 0.285714 0.285714 1 1 0
603.84 0.285714 0.285714 1 1 0
604.34 0.285714 0.285714 1 1 0
604.84 0.285714 0.285714 1 1 0
605.34 0.285714 0.285714 1 1 0
605.84 0.285714 0.285714 1 1 0
606.34 0.285714 0.285714 1 1 0
606.84 0.285714 0.285714 1 1 0
607.34 0.285714 0.285714 1 1 0
607.84 0.285714 0.285714 1 1 0
608.34 0.285714 0.285714 1 1 0
608.84 0.285714 0.285714 1 1 0
609.34 0.285714 0.285714 1 1 0
609.84 0.285714 0.285714 1 1 0
610.34 0.285714 0.285714 1 1 0
610.84 0.285714 0.285714 1 1 0
611.34 0.285714 0.285714 1 1 0
611.84 0.285714 0.285714 1 1 0
612.34 0.285714 0.285714 1 1 0
612.84 0.285714 0.285714 1 1 0
613.34 0.285714 0.285714 1 1 0
613.84 0.285714 0.285714 1 1 0
614.34 0.285714 0.285714 1 1 0
614.84 0.285714 0.285714 1 1 0
615.34 0.285714 0.285714 1 1 0
615.84 0.285714 0.285714 1 1 0
616.34 0.285714 0.285714 1 1 0
616.84 0.285714 0.285714 1 1 0
617.34 0.285714 0.285714 1 1 0
617.84 0.285714 0.285714 1 1 0
618.34 0.285714 0.285714 1 1 0
618.84 0.285714 0.285714 1 1 0
619.34 0.285714 0.285714 1 1 0
619.84 0.285714 0.285714 1 1 0
620.34 0.285714 0.285714 1 1 0
620.84 0.285714 0.285714 1 1 0
621.34 0.285714 0.285714 1 1 0
621.84 0.285714 0.285714 1 1 0
622.34 0.285714 0.285714 1 1 0
622.84 0.285714 0.285714 1 1 0
623.34 0.285714 0.285714 1 1 0
623.84 0.285714 0.285714 1 1 0
624.34 0.285714 0.285714 1 1 0
624.84 0.285714 0.285714 1 1 0
625.34 0.285714 0.285714 1 1 0
625.84 0.285714 0.285714 1 1 0
626.34 0.285714 0.285714 1 1 0
626.84 0.285714 0.285714 1 1 0
627.34 0.285714 0.285714 1 1 0
627.84 0.285714 0.285714 1 1 0
628.34 0.285714 0.285714 1 1 0
628.84 0.285714 0.285714 1 1 0
629.34 0.285714 0.285714 1 1 0
629.84 0.285714 0.285714 1 1 0
630.34 0.285714 0.285714 1 1 0
630.84 0.285714 0.285714 1 1 0
631.34 0.285714 0.285714 1 1 0
631.84 0.285714 0.285714 1 1 0
632.34 0.285714 0.285714 1 1 0
632.84 0.285714 0.285714 1 1 0
633.34 0.285714 0.285714 1 1 0
633.84 0.285714 0.285714 1 1 0
634.34 0.285714 0.285714 1 1 0
634.84 0.285714 0.285714 1 1 0
635.34 0.285714 0.285714 1 1 0
635.84 0.285714 0.285714 1 1 0
636.34 0.285714 0.285714 1 1 0
636.84 0.285714 0.285714 1 1 0
637.34 0.285714 0.285714 1 1 0
637.84 0.285714 0.285714 1 1 0
638.34 0.285714 0.285714 1 1 0
638.84 0.285714 0.285714 1 1 0
639.34 0.285714 0.285714 1 1 0
639.84 0.285714 0.285714 1 1 0
640.34 0.285714 0.285714 1 1 0
640.84 0.285714 0.285714 1 1 0
641.34 0.285714 0.285714 1 1 0
641.84 0.285714 0.285714 1 1 0
642.34 0.285714 0.285714 1 1 0
642.84 0.285714 0.285714 1 1 0
643.34 0.285714 0.285714 1 1 0
643.84 0.285714 0.285714 1 1 0
644.34 0.285714 0.285714 1 1 0
644.84 0.285714 0.285714 1 1 0
645.34 0.285714 0.285714 1 1 0
645.84 0.285714 0.285714 1 1 0
646.34 0.285714 0.285714 1 1 0
646.84 0.285714 0.285714 1 1 0
647.34 0.285714 0.285714 1 1 0
647.84 0.285714 0.285714 1 1 0
648.34 0.285714 0.285714 1 1 0
648.84 0.285714 0.285714 1 1 0
649.34 0.285714 0.285714 1 1 0
649.84 0.285714 0.285714 1 1 0
650.34 0.285714 0.285714 1 1 0
650.84 0.285714 0.285714 1 1 0
651.34 0.285714 0.285714 1 1 0
651.84 0.285714 0.285714 1 1 0
652.34 0.285714 0.285714 1 1 0
652.84 0.285714 0.285714 1 1 0
653.34 0.285714 0.285714 1 1 0
653.84 0.285714 0.285714 1 1 0
654.34 0.285714 0.285714 1 1 0
654.84 0.285714 0.285714 1 1 0
655.34 0.285714 0.285714 1 1 0
655.84 0.285714 0.285714 1 1 0
656.34 0.285714 0.285714 1 1 0
656.84 0.285714 0.285714 1 1 0
657.34 0.285714 0.285714 1 1 0
657.84 0.285714 0.285714 1 1 0
658.34 0.285714 0.285714 1 1 0
658.84 0.285714 0.285714 1 1 0
659.34 0.285714 0.285714 1 1 0
659.84 0.285714 0.285714 1 1 0
660.34 0.285714 0.285714 1 1 0
660.84 0.285714 0.285714 1 1 0
661.34 0.285714 0.285714 1 1 0
661.84 0.285714 0.285714 1 1 0
662.34 0.285714 0.285714 1 1 0
662.84 0.285714 0.285714 1 1 0
663.34 0.285714 0.285714 1 1 0
663.84 0.285714 0.285714 1 1 0
664.34 0.285714 0.285714 1 1 0
664.84 0.285714 0.285714 1 1 0
665.34 0.285714 0.285714 1 1 0
665.84 0.285714 0.285714 1 1 0
666.34 0.285714 0.285714 1 1 0
666.84 0.285714 0.285714 1 1 0
667.34 0.285714 0.285714 1 1 0
667.84 0.285714 0.285714 1 1 0
668.34 0.285714 0.285714 1 1 0
668.84 0.285714 0.285714 1 1 0
669.34 0.285714 0.285714 1 1 0
669.84 0.285714 0.285714 1 1 0
670.34 0.285714 0.285714 1 1 0
670.84 0.285714 0.285714 1 1 0
671.34 0.285714 0.285714 1 1 0
671.84 0.285714 0.285714 1 1 0
672.34 0.285714 0.285714 1 1 0
672.84 0.285714 0.285714 1 1 0
673.34 0.285714 0.285714 1 1 0
673.84 0.285714 0.285714 1 1 0
674.34 0.285714 0.285714 1 1 0
674.84 0.285714 0.285714 1 1 0
675.34 0.285714 0.285714 1 1 0
675.84 0.285714 0.285714 1 1 0
676.34 0.285714 0.285714 1 1 0
676.84 0.285714 0.285714 1 1 0
677.34 0.285714 0.285714 1 1 0
677.84 0.285714 0.285714 1 1 0
678.34 0.285714 0.285714 1 1 0
678.84 0.285714 0.285714 1 1 0
679.34 0.285714 0.285714 1 1 0
679.84 0.285714 0.285714 1 1 0
680.34 0.285714 0.285714 1 1 0
680.84 0.285714 0.285714 1 1 0
681.34 0.285714 0.285714 1 1 0
681.84 0.285714 0.285714 1 1 0
682.34 0.285714 0.285714 1 1 0
682.84 0.285714 0.285714 1 1 0
683.34 0.285714 0.285714 1 1 0
683.84 0.285714 0.285714 1 1 0
684.34 0.285714 0.285714 1 1 0
684.84 0.285714 0.285714 1 1 0
685.34 0.285714 0.285714 1 1 0
685.84 0.285714 0.285714 1 1 0
100 0.285714 0.285714 2 1 0
99.96 0.285714 0.285714 1 1 0
99.92 0.285714 0.285714 1 1 0
99.84 0.285714 0.285714 1 1 0
99.68 0.285714 0.285714 1 1 0
99.36 0.285714 0.285714 1 1 0
98.86 0.285714 0.285714 1 1 0
98.36 0.285714 0.285714 1 1 0
97.86 0.285714 0.285714 1 1 0
97.36 0.285714 0.285714 1 1 0
96.86 0.285714 0.285714 1 1 0
96.36 0.285714 0.285714 1 1 0
95.86 0.285714 0.285714 1 1 0
95.36 0.285714 0.285714 1 1 0
94.86 0.285714 0.285714 1 1 0
94.36 0.285714 0.285714 1 1 0
93.86 0.285714 0.285714 1 1 0
93.36 0.285714 0.285714 1 1 0
92.86 0.285714 0.285714 1 1 0
92.36 0.285714 0.285714 1 1 0
91.86 0.285714 0.285714 1 1 0
91.36 0.285714 0.285714 1 1 0
90.86 0.285714 0.285714 1 1 0
90.36 0.285714 0.285714 1 1 0
89.86 0.285714 0.285714 1 1 0
89.36 0.285714 0.285714 1 1 0
88.86 0.285714 0.285714 1 1 0
88.36 0.285714 0.285714 1 1 0
87.86 0.285714 0.285714 1 1 0
87.36 0.285714 0.285714 1 1 0
86.86 0.285714 0.285714 1 1 0
86.36 0.285714 0.285714 1 1 0
85.86 0.285714 0.285714 1 1 0
85.36 0.285714 0.285714 1 1 0
84.86 0.285714 0.285714 1 1 0
84.36 0.285714 0.285714 1 1 0
83.86 0.285714 0.285714 1 1 0
83.36 0.285714 0.285714 1 1 0
82.86 0.285714 0.285714 1 1 0
82.36 0.285714 0.285714 1 1 0
81.86 0.285714 0.285714 1 1 0
81.36 0.285714 0.285714 1 1 0
80.86 0.285714 0.285714 1 1 0
80.36 0.285714 0.285714 1 1 0
79.86 0.285714 0.285714 1 1 0
79.36 0.285714 0.285714 1 1 0
78.86 0.285714 0.285714 1 1 0
78.36 0.285714 0.285714 1 1 0
77.86 0.285714 0.285714 1 1 0
77.36 0.285714 0.285714 1 1 0
76.86 0.285714 0.285714 1 1 0
76.36 0.285714 0.285714 1 1 0
75.86 0.285714 0.285714 1 1 0
75.36 0.285714 0.285714 1 1 0
74.86 0.285714 0.285714 1 1 0
74.36 0.285714 0.285714 1 1 0
73.86 0.285714 0.285714 1 1 0
73.36 0.285714 0.285714 1 1 0
72.86 0.285714 0.285714 1 1 0
72.36 0.285714 0.285714 1 1 0
71.86 0.285714 0.285714 1 1 0
71.36 0.285714 0.285714 1 1 0
70.86 0.285714 0.285714 1 1 0
70.36 0.285714 0.285714 1 1 0
69.86 0.285714 0.285714 1 1 0
69.36 0.285714 0.285714 1 1 0
68.86 0.285714 0.285714 1 1 0
68.36 0.285714 0.285714 1 1 0
67.86 0.285714 0.285714 1 1 0
67.36 0.285714 0.285714 1 1 0
66.86 0.285714 0.285714 1 1 0
66.36 0.285714 0.285714 1 1 0
65.86 0.285714 0.285714 1 1 0
65.36 0.285714 0.285714 1 1 0
64.86 0.285714 0.285714 1 1 0
64.36 0.285714 0.285714 1 1 0
63.86 0.285714 0.285714 1 1 0
63.36 0.285714 0.285714 1 1 0
62.86 0.285714 0.285714 1 1 0
62.36 0.285714 0.285714 1 1 0
61.86 0.285714 0.285714 1 1 0
61.36 0.285714 0.285714 1 1 0
60.86 0.285714 0.285714 1 1 0
60.36 0.285714 0.285714 1 1 0
59.86 0.285714 0.285714 1 1 0
59.36 0.285714 0.285714 1 1 0
58.86 0.285714 0.285714 1 1 0
58.5136 0.285714 0.285714 1 1 0
58.0136 0.285714 0.285714 2 1 0
57.5136 0.285714 0.285714 2 1 0
57.0136 0.285714 0.285714 2 1 0
56.5136 0.285714 0.285714 2 1 0
56.0136 0.285714 0.285714 2 1 0
55.5136 0.285714 0.285714 2 1 0
55.0136 0.285714 0.285714 2 1 0
54.5136 0.285714 0.285714 2 1 0
54.0136 0.285714 0.285714 2 1 0
53.5136 0.285714 0.285714 2 1 0
53.0136 0.285714 0.285714 2 1 0
52.5136 0.285714 0.285714 2 1 0
52.0136 0.285714 0.285714 2 1 0
51.5136 0.285714 0.285714 2 1 0
51.0136 0.285714 0.285714 2 1 0
50.5136 0.285714 0.285714 2 1 0
50.0136 0.285714 0.285714 2 1 0
49.5136 0.285714 0.285714 2 1 0
49.0136 0.285714 0.285714 2 1 0
48.5136 0.285714 0.285714 2 1 0
48.0136 0.285714 0.285714 2 1 0
47.5136 0.285714 0.285714 2 1 0
47.0136 0.285714 0.285714 2 1 0
46.5136 0.285714 0.285714 2 1 0
46.0136 0.285714 0.285714 2 1 0
45.5136 0.285714 0.285714 2 1 0
45.0136 0.285714 0.285714 2 1 0
44.5136 0.285714 0.285714 2 1 0
44.0136 0.285714 0.285714 2 1 0
43.5136 0.285714 0.285714 2 1 0
43.0136 0.285714 0.285714 2 1 0
42.5136 0.285714 0.285714 2 1 0
42.0136 0.285714 0.285714 2 1 0
41.5136 0.285714 0.285714 2 1 0
41.0136 0.285714 0.285714 2 1 0
40.5136 0.285714 0.285714 2 1 0
40.0136 0.285714 0.285714 2 1 0
39.5136 0.285714 0.285714 2 1 0
39.0136 0.285714 0.285714 2 1 0
38.5136 0.285714 0.285714 2 1 0
38.0136 0.285714 0.285714 2 1 0
37.5136 0.285714 0.285714 2 1 0
37.0136 0.285714 0.285714 2 1 0
36.5136 0.285714 0.285714 2 1 0
36.0136 0.285714 0.285714 2 1 0
35.5136 0.285714 0.285714 2 1 0
35.0136 0.285714 0.285714 2 1 0
34.5136 0.285714 0.285714 2 1 0
34.0136 0.285714 0.285714 2 1 0
33.5136 0.285714 0.285714 2 1 0
33.0137 0.285714 0.285714 2 1 0
32.5137 0.285714 0.285714 2 1 0
32.0137 0.285714 0.285714 2 1 0
31.5137 0.285714 0.285714 2 1 0
31.0137 0.285714 0.285714 2 1 0
30.5137 0.285714 0.285714 2 1 0
30.0137 0.285714 0.285714 2 1 0
29.5137 0.285714 0.285714 2 1 0
29.0137 0.285714 0.285714 2 1 0
28.5137 0.285714 0.285714 2 1 0
28.0137 0.285714 0.285714 2 1 0
27.5137 0.285714 0.285714 2 1 0
27.0137 0.285714 0.285714 2 1 0
26.5137 0.285714 0.285714 2 1 0
26.0137 0.285714 0.285714 2 1 0
25.5137 0.285714 0.285714 2 1 0
25.0137 0.285714 0.285714 2 1 0
24.5137 0.285714 0.285714 2 1 0
24.0137 0.285714 0.285714 2 1 0
23.5137 0.285714 0.285714 2 1 0
23.0138 0.285714 0.285714 2 1 0
22.5138 0.285714 0.285714 2 1 0
22.0138 0.285714 0.285714 2 1 0
21.5138 0.285714 0.285714 2 1 0
21.0138 0.285714 0.285714 2 1 0
20.5138 0.285714 0.285714 2 1 0
20.0138 0.285714 0.285714 2 1 0
19.5138 0.285714 0.285714 2 1 0
19.0138 0.285714 0.285714 2 1 0
18.5138 0.285714 0.285714 2 1 0
18.0138 0.285714 0.285714 2 1 0
17.5139 0.285714 0.285714 2 1 0
17.0139 0.285714 0.285714 2 1 0
16.5139 0.285714 0.285714 2 1 0
16.0139 0.285714 0.285714 2 1 0
15.5139 0.285714 0.285714 2 1 0
15.0139 0.285714 0.285714 2 1 0
14.5139 0.285714 0.285714 2 1 0
14.0139 0.285714 0.285714 2 1 0
13.514 0.285714 0.285714 2 1 0
13.014 0.285714 0.285714 2 1 0
12.514 0.285714 0.285714 2 1 0
12.014 0.285714 0.285714 2 1 0
11.514 0.285714 0.285714 2 1 0
11.0141 0.285714 0.285714 2 1 0
10.5141 0.285714 0.285714 2 1 0
10.0141 0.285714 0.285714 2 1 0
9.51412 0.285714 0.285714 2 1 0
9.01415 0.285714 0.285714 2 1 0
8.51417 0.285714 0.285714 2 1 0
8.0142 0.285714 0.285714 2 1 0
7.51423 0.285714 0.285714 2 1 0
7.01426 0.285714 0.285714 2 1 0
6.51429 0.285714 0.285714 2 1 0
6.01432 0.285714 0.285714 2 1 0
5.51436 0.285714 0.285714 2 1 0
5.0144 0.285714 0.285714 2 1 0
4.51444 0.285714 0.285714 2 1 0
4.01448 0.285714 0.285714 2 1 0
3.51452 0.285714 0.285714 2 1 0
3.01457 0.285714 0.285714 2 1 0
2.51462 0.285714 0.285714 2 1 0
58.5136 0.285714 0.285714 2 2 0
55.1297 0.268155 0.268155 2 2 0
55.1257 0.268135 0.268135 1 2 0
55.1243 0.268128 0.268128 1 2 0
55.1218 0.268116 0.268116 1 2 0
55.1168 0.268091 0.268091 1 2 0
55.1068 0.268041 0.268041 1 2 0
55.0868 0.26794 0.26794 1 2 0
55.0468 0.26774 0.26774 1 2 0
54.9668 0.267341 0.267341 1 2 0
54.8068 0.266543 0.266543 1 2 0
54.4868 0.264957 0.264957 1 2 0
53.9868 0.262499 0.262499 1 2 0
53.4868 0.260069 0.260069 1 2 0
52.9869 0.257665 0.257665 1 2 0
52.4869 0.255288 0.255288 1 2 0
51.9869 0.252938 0.252938 1 2 0
51.4869 0.250615 0.250615 1 2 0
50.9869 0.248317 0.248317 1 2 0
50.4869 0.246047 0.246047 1 2 0
49.9869 0.243803 0.243803 1 2 0
49.4869 0.241586 0.241586 1 2 0
48.9869 0.239395 0.239395 1 2 0
48.487 0.23723 0.23723 1 2 0
47.987 0.235091 0.235091 1 2 0
47.487 0.232979 0.232979 1 2 0
46.987 0.230892 0.230892 1 2 0
46.487 0.228832 0.228832 1 2 0
45.987 0.226797 0.226797 1 2 0
45.487 0.224788 0.224788 1 2 0
44.987 0.222805 0.222805 1 2 0
44.4871 0.220846 0.220846 1 2 0
43.9871 0.218913 0.218913 1 2 0
43.4871 0.217006 0.217006 1 2 0
42.9871 0.215123 0.215123 1 2 0
42.4871 0.213264 0.213264 1 2 0
41.9871 0.211431 0.211431 1 2 0
41.4871 0.209622 0.209622 1 2 0
40.9871 0.207837 0.207837 1 2 0
40.4871 0.206076 0.206076 1 2 0
39.9872 0.204339 0.204339 1 2 0
39.4872 0.202625 0.202625 1 2 0
38.9872 0.200935 0.200935 1 2 0
38.4872 0.199269 0.199269 1 2 0
37.9872 0.197625 0.197625 1 2 0
37.4872 0.196004 0.196004 1 2 0
36.9872 0.194406 0.194406 1 2 0
36.4872 0.19283 0.19283 1 2 0
35.9872 0.191277 0.191277 1 2 0
35.4873 0.189745 0.189745 1 2 0
34.9873 0.188235 0.188235 1 2 0
34.4873 0.186747 0.186747 1 2 0
33.9873 0.185279 0.185279 1 2 0
33.4873 0.183833 0.183833 1 2 0
32.9873 0.182408 0.182408 1 2 0
32.4873 0.181003 0.181003 1 2 0
31.9873 0.179619 0.179619 1 2 0
31.4873 0.178254 0.178254 1 2 0
30.9874 0.17691 0.17691 1 2 0
30.4874 0.175585 0.175585 1 2 0
29.9874 0.174279 0.174279 1 2 0
29.4874 0.172993 0.172993 1 2 0
28.9874 0.171725 0.171725 1 2 0
28.4874 0.170476 0.170476 1 2 0
27.9874 0.169246 0.169246 1 2 0
27.4874 0.168033 0.168033 1 2 0
26.9874 0.166839 0.166839 1 2 0
26.4874 0.165662 0.165662 1 2 0
25.9875 0.164503 0.164503 1 2 0
25.4875 0.16336 0.16336 1 2 0
24.9875 0.162235 0.162235 1 2 0
24.4875 0.161127 0.161127 1 2 0
23.9875 0.160034 0.160034 1 2 0
23.4875 0.158959 0.158959 1 2 0
22.9875 0.157899 0.157899 1 2 0
22.4875 0.156855 0.156855 1 2 0
21.9875 0.155826 0.155826 1 2 0
21.4875 0.154813 0.154813 1 2 0
20.9876 0.153814 0.153814 1 2 0
20.4876 0.152831 0.152831 1 2 0
19.9876 0.151862 0.151862 1 2 0
19.4876 0.150908 0.150908 1 2 0
18.9876 0.149968 0.149968 1 2 0
18.4876 0.149042 0.149042 1 2 0
17.9876 0.148129 0.148129 1 2 0
17.4876 0.14723 0.14723 1 2 0
16.9876 0.146344 0.146344 1 2 0
16.4876 0.145472 0.145472 1 2 0
15.9876 0.144612 0.144612 1 2 0
15.4877 0.143765 0.143765 1 2 0
14.9877 0.142931 0.142931 1 2 0
14.4877 0.142109 0.142109 1 2 0
13.9877 0.141298 0.141298 1 2 0
13.4877 0.1405 0.1405 1 2 0
12.9877 0.139714 0.139714 1 2 0
12.4877 0.138939 0.138939 1 2 0
11.9877 0.138175 0.138175 1 2 0
11.4877 0.137422 0.137422 1 2 0
10.9877 0.136681 0.136681 1 2 0
10.4877 0.13595 0.13595 1 2 0
9.98775 0.135229 0.135229 1 2 0
9.48776 0.134519 0.134519 1 2 0
8.98777 0.13382 0.13382 1 2 0
8.48777 0.13313 0.13313 1 2 0
7.98778 0.132451 0.132451 1 2 0
7.48779 0.131781 0.131781 1 2 0
6.9878 0.13112 0.13112 1 2 0
6.4878 0.130469 0.130469 1 2 0
5.98781 0.129827 0.129827 1 2 0
5.48782 0.129195 0.129195 1 2 0
4.98783 0.128571 0.128571 1 2 0
4.48783 0.127956 0.127956 1 2 0
3.98784 0.12735 0.12735 1 2 0
3.48785 0.126752 0.126752 1 2 0
2.98785 0.126163 0.126163 1 2 0
2.48786 0.125582 0.125582 1 2 0
1.98787 0.125008 0.125008 1 2 0
1.48787 0.124443 0.124443 1 2 0
0.987881 0.123886 0.123886 1 2 0
0.487888 0.123336 0.123336 1 2 0
-0.0121057 0.122794 0.122794 1 2 0
58.5136 0.285714 0.285714 2 2 0
61.7903 0.30387 0.30387 1 2 0
61.7983 0.303914 0.303914 2 2 0
61.801 0.30393 0.30393 2 2 0
61.806 0.303958 0.303958 2 2 0
61.816 0.304016 0.304016 2 2 0
61.836 0.30413 0.30413 2 2 0
61.876 0.304358 0.304358 2 2 0
61.956 0.304816 0.304816 2 2 0
62.116 0.305733 0.305733 2 2 0
62.436 0.307576 0.307576 2 2 0
62.936 0.310475 0.310475 2 2 0
63.436 0.3134 0.3134 2 2 0
63.936 0.31635 0.31635 2 2 0
64.436 0.319324 0.319324 2 2 0
64.9359 0.322322 0.322322 2 2 0
65.4359 0.325345 0.325345 2 2 0
65.9359 0.328392 0.328392 2 2 0
66.4359 0.331463 0.331463 2 2 0
66.9359 0.334557 0.334557 2 2 0
67.4359 0.337675 0.337675 2 2 0
67.9359 0.340815 0.340815 2 2 0
68.4359 0.343978 0.343978 2 2 0
68.9358 0.347164 0.347164 2 2 0
69.4358 0.350372 0.350372 2 2 0
69.9358 0.353601 0.353601 2 2 0
70.4358 0.356852 0.356852 2 2 0
70.9358 0.360125 0.360125 2 2 0
71.4358 0.363418 0.363418 2 2 0
71.9358 0.366732 0.366732 2 2 0
72.4357 0.370065 0.370065 2 2 0
72.9357 0.373419 0.373419 2 2 0
73.4357 0.376792 0.376792 2 2 0
73.9357 0.380184 0.380184 2 2 0
74.4357 0.383595 0.383595 2 2 0
74.9357 0.387024 0.387024 2 2 0
75.4357 0.390471 0.390471 2 2 0
75.9356 0.393935 0.393935 2 2 0
76.4356 0.397416 0.397416 2 2 0
76.9356 0.400914 0.400914 2 2 0
77.4356 0.404429 0.404429 2 2 0
77.9356 0.407958 0.407958 2 2 0
78.4356 0.411504 0.411504 2 2 0
78.9356 0.415064 0.415064 2 2 0
79.4355 0.418638 0.418638 2 2 0
79.9355 0.422226 0.422226 2 2 0
80.4355 0.425828 0.425828 2 2 0
80.9355 0.429443 0.429443 2 2 0
81.4355 0.433071 0.433071 2 2 0
81.9355 0.43671 0.43671 2 2 0
82.4354 0.440361 0.440361 2 2 0
82.9354 0.444023 0.444023 2 2 0
83.4354 0.447695 0.447695 2 2 0
83.9354 0.451378 0.451378 2 2 0
84.4354 0.45507 0.45507 2 2 0
84.9354 0.458772 0.458772 2 2 0
85.4354 0.462481 0.462481 2 2 0
85.9353 0.466199 0.466199 2 2 0
86.4353 0.469925 0.469925 2 2 0
86.9353 0.473657 0.473657 2 2 0
87.4353 0.477396 0.477396 2 2 0
87.9353 0.481141 0.481141 2 2 0
88.4353 0.484891 0.484891 2 2 0
88.9353 0.488646 0.488646 2 2 0
89.4352 0.492406 0.492406 2 2 0
89.9352 0.496169 0.496169 2 2 0
90.4352 0.499936 0.499936 2 2 0
90.9352 0.503706 0.503706 2 2 0
91.4352 0.507478 0.507478 2 2 0
91.9352 0.511252 0.511252 2 2 0
92.4351 0.515027 0.515027 2 2 0
92.9351 0.518802 0.518802 2 2 0
93.4351 0.522578 0.522578 2 2 0
93.9351 0.526354 0.526354 2 2 0
94.4351 0.530129 0.530129 2 2 0
94.9351 0.533903 0.533903 2 2 0
95.4351 0.537674 0.537674 2 2 0
95.935 0.541444 0.541444 2 2 0
96.435 0.54521 0.54521 2 2 0
96.935 0.548974 0.548974 2 2 0
97.435 0.552733 0.552733 2 2 0
97.935 0.556488 0.556488 2 2 0
98.435 0.560238 0.560238 2 2 0
98.9349 0.563983 0.563983 2 2 0
99.4349 0.567722 0.567722 2 2 0
99.9349 0.571455 0.571455 2 2 0
100.435 0.575181 0.575181 2 2 0
100.935 0.5789 0.5789 2 2 0
101.435 0.582611 0.582611 2 2 0
101.935 0.586313 0.586313 2 2 0
102.435 0.590008 0.590008 2 2 0
102.935 0.593693 0.593693 2 2 0
103.435 0.597368 0.597368 2 2 0
103.935 0.601034 0.601034 2 2 0
104.435 0.604689 0.604689 2 2 0
104.935 0.608334 0.608334 2 2 0
105.435 0.611967 0.611967 2 2 0
105.935 0.615589 0.615589 2 2 0
106.435 0.619198 0.619198 2 2 0
106.935 0.622795 0.622795 2 2 0
107.435 0.62638 0.62638 2 2 0
107.935 0.629951 0.629951 2 2 0
108.435 0.633508 0.633508 2 2 0
108.935 0.637051 0.637051 2 2 0
109.435 0.640581 0.640581 2 2 0
109.935 0.644095 0.644095 2 2 0
110.435 0.647594 0.647594 2 2 0
110.935 0.651078 0.651078 2 2 0
111.435 0.654547 0.654547 2 2 0
111.935 0.657999 0.657999 2 2 0
112.435 0.661435 0.661435 2 2 0
112.935 0.664854 0.664854 2 2 0
113.435 0.668256 0.668256 2 2 0
113.935 0.671641 0.671641 2 2 0
114.435 0.675008 0.675008 2 2 0
114.935 0.678358 0.678358 2 2 0
115.435 0.681689 0.681689 2 2 0
115.935 0.685002 0.685002 2 2 0
116.434 0.688297 0.688297 2 2 0
116.934 0.691572 0.691572 2 2 0
117.434 0.694829 0.694829 2 2 0
117.934 0.698066 0.698066 2 2 0
118.434 0.701283 0.701283 2 2 0
118.934 0.704481 0.704481 2 2 0
119.434 0.707659 0.707659 2 2 0
119.934 0.710817 0.710817 2 2 0
120.434 0.713954 0.713954 2 2 0
120.934 0.717071 0.717071 2 2 0
121.434 0.720167 0.720167 2 2 0
121.934 0.723242 0.723242 2 2 0
122.434 0.726296 0.726296 2 2 0
122.934 0.729329 0.729329 2 2 0
123.434 0.73234 0.73234 2 2 0
123.934 0.73533 0.73533 2 2 0
124.434 0.738299 0.738299 2 2 0
124.934 0.741245 0.741245 2 2 0
125.434 0.74417 0.74417 2 2 0
125.934 0.747073 0.747073 2 2 0
126.434 0.749954 0.749954 2 2 0
126.934 0.752813 0.752813 2 2 0
127.434 0.755649 0.755649 2 2 0
127.934 0.758464 0.758464 2 2 0
128.434 0.761255 0.761255 2 2 0
128.934 0.764025 0.764025 2 2 0
129.434 0.766772 0.766772 2 2 0
129.934 0.769496 0.769496 2 2 0
130.434 0.772198 0.772198 2 2 0
130.934 0.774877 0.774877 2 2 0
131.434 0.777534 0.777534 2 2 0
131.934 0.780167 0.780167 2 2 0
132.434 0.782778 0.782778 2 2 0
132.934 0.785367 0.785367 2 2 0
133.434 0.787932 0.787932 2 2 0
133.934 0.790475 0.790475 2 2 0
134.434 0.792996 0.792996 2 2 0
134.934 0.795493 0.795493 2 2 0
135.434 0.797968 0.797968 2 2 0
135.934 0.80042 0.80042 2 2 0
136.434 0.802849 0.802849 2 2 0
136.934 0.805256 0.805256 2 2 0
137.434 0.80764 0.80764 2 2 0
137.934 0.810002 0.810002 2 2 0
138.434 0.812341 0.812341 2 2 0
138.934 0.814658 0.814658 2 2 0
139.434 0.816952 0.816952 2 2 0
139.934 0.819224 0.819224 2 2 0
140.434 0.821474 0.821474 2 2 0
140.934 0.823701 0.823701 2 2 0
141.434 0.825907 0.825907 2 2 0
141.934 0.82809 0.82809 2 2 0
142.434 0.830251 0.830251 2 2 0
142.934 0.83239 0.83239 2 2 0
143.434 0.834508 0.834508 2 2 0
143.934 0.836604 0.836604 2 2 0
144.434 0.838678 0.838678 2 2 0
144.934 0.84073 0.84073 2 2 0
145.434 0.842761 0.842761 2 2 0
145.934 0.844771 0.844771 2 2 0
146.434 0.84676 0.84676 2 2 0
146.934 0.848727 0.848727 2 2 0
147.434 0.850673 0.850673 2 2 0
147.934 0.852599 0.852599 2 2 0
148.434 0.854503 0.854503 2 2 0
148.934 0.856387 0.856387 2 2 0
149.434 0.858251 0.858251 2 2 0
149.934 0.860094 0.860094 2 2 0
150.434 0.861916 0.861916 2 2 0
150.934 0.863719 0.863719 2 2 0
151.434 0.865501 0.865501 2 2 0
151.934 0.867263 0.867263 2 2 0
152.434 0.869006 0.869006 2 2 0
152.934 0.870729 0.870729 2 2 0
153.434 0.872432 0.872432 2 2 0
153.934 0.874116 0.874116 2 2 0
154.434 0.875781 0.875781 2 2 0
154.934 0.877427 0.877427 2 2 0
155.434 0.879054 0.879054 2 2 0
155.934 0.880661 0.880661 2 2 0
156.434 0.882251 0.882251 2 2 0
156.934 0.883821 0.883821 2 2 0
156.934 0.883821 0.883821 2 2 0
156.974 0.883946 0.883946 2 2 0
157.014 0.884071 0.884071 2 2 0
157.094 0.88432 0.88432 2 2 0
157.254 0.884817 0.884817 2 2 0
157.574 0.885805 0.885805 2 2 0
158.074 0.887333 0.887333 2 2 0
158.574 0.888844 0.888844 2 2 0
159.074 0.890337 0.890337 2 2 0
159.574 0.891812 0.891812 2 2 0
160.074 0.89327 0.89327 2 2 0
160.574 0.89471 0.89471 2 2 0
161.074 0.896132 0.896132 2 2 0
161.574 0.897538 0.897538 2 2 0
162.074 0.898926 0.898926 2 2 0
162.574 0.900298 0.900298 2 2 0
163.074 0.901652 0.901652 2 2 0
163.574 0.902991 0.902991 2 2 0
164.074 0.904313 0.904313 2 2 0
164.574 0.905618 0.905618 2 2 0
165.074 0.906908 0.906908 2 2 0
165.574 0.908181 0.908181 2 2 0
166.074 0.909439 0.909439 2 2 0
166.574 0.910681 0.910681 2 2 0
167.074 0.911907 0.911907 2 2 0
167.574 0.913118 0.913118 2 2 0
168.074 0.914314 0.914314 2 2 0
168.574 0.915495 0.915495 2 2 0
169.074 0.916661 0.916661 2 2 0
169.574 0.917812 0.917812 2 2 0
170.074 0.918949 0.918949 2 2 0
170.574 0.920071 0.920071 2 2 0
171.074 0.921179 0.921179 2 2 0
171.574 0.922272 0.922272 2 2 0
172.074 0.923352 0.923352 2 2 0
172.574 0.924418 0.924418 2 2 0
173.074 0.92547 0.92547 2 2 0
173.574 0.926508 0.926508 2 2 0
174.074 0.927533 0.927533 2 2 0
174.574 0.928545 0.928545 2 2 0
175.074 0.929544 0.929544 2 2 0
175.574 0.930529 0.930529 2 2 0
176.074 0.931502 0.931502 2 2 0
176.574 0.932462 0.932462 2 2 0
177.074 0.933409 0.933409 2 2 0
177.574 0.934344 0.934344 2 2 0
178.074 0.935267 0.935267 2 2 0
178.574 0.936177 0.936177 2 2 0
179.074 0.937076 0.937076 2 2 0
179.574 0.937962 0.937962 2 2 0
180.074 0.938837 0.938837 2 2 0
180.574 0.939701 0.939701 2 2 0
181.074 0.940552 0.940552 2 2 0
181.574 0.941393 0.941393 2 2 0
182.074 0.942222 0.942222 2 2 0
182.574 0.94304 0.94304 2 2 0
183.074 0.943847 0.943847 2 2 0
183.574 0.944643 0.944643 2 2 0
184.074 0.945429 0.945429 2 2 0
184.574 0.946204 0.946204 2 2 0
185.074 0.946968 0.946968 2 2 0
185.574 0.947722 0.947722 2 2 0
186.074 0.948466 0.948466 2 2 0
186.574 0.9492 0.9492 2 2 0
187.074 0.949924 0.949924 2 2 0
187.574 0.950639 0.950639 2 2 0
188.074 0.951343 0.951343 2 2 0
188.574 0.952038 0.952038 2 2 0
189.074 0.952723 0.952723 2 2 0
189.574 0.953399 0.953399 2 2 0
190.074 0.954066 0.954066 2 2 0
190.574 0.954723 0.954723 2 2 0
191.074 0.955372 0.955372 2 2 0
191.574 0.956012 0.956012 2 2 0
192.074 0.956642 0.956642 2 2 0
192.574 0.957265 0.957265 2 2 0
193.074 0.957878 0.957878 2 2 0
193.574 0.958483 0.958483 2 2 0
194.074 0.95908 0.95908 2 2 0
194.574 0.959669 0.959669 2 2 0
195.074 0.960249 0.960249 2 2 0
195.574 0.960821 0.960821 2 2 0
196.074 0.961385 0.961385 2 2 0
196.574 0.961942 0.961942 2 2 0
197.074 0.962491 0.962491 2 2 0
197.574 0.963032 0.963032 2 2 0
198.074 0.963565 0.963565 2 2 0
198.574 0.964092 0.964092 2 2 0
199.074 0.96461 0.96461 2 2 0
199.574 0.965122 0.965122 2 2 0
200.074 0.965626 0.965626 2 2 0
200.574 0.966123 0.966123 2 2 0
201.074 0.966614 0.966614 2 2 0
201.574 0.967097 0.967097 2 2 0
202.074 0.967574 0.967574 2 2 0
202.574 0.968044 0.968044 2 2 0
203.074 0.968507 0.968507 2 2 0
203.574 0.968964 0.968964 2 2 0
204.074 0.969414 0.969414 2 2 0
204.574 0.969858 0.969858 2 2 0
205.074 0.970296 0.970296 2 2 0
205.574 0.970727 0.970727 2 2 0
206.074 0.971153 0.971153 2 2 0
206.574 0.971572 0.971572 2 2 0
207.074 0.971986 0.971986 2 2 0
207.574 0.972393 0.972393 2 2 0
208.074 0.972795 0.972795 2 2 0
208.574 0.973191 0.973191 2 2 0
209.074 0.973581 0.973581 2 2 0
209.574 0.973966 0.973966 2 2 0
210.074 0.974346 0.974346 2 2 0
210.574 0.97472 0.97472 2 2 0
211.074 0.975088 0.975088 2 2 0
211.574 0.975452 0.975452 2 2 0
212.074 0.97581 0.97581 2 2 0
212.574 0.976163 0.976163 2 2 0
213.074 0.976511 0.976511 2 2 0
213.574 0.976854 0.976854 2 2 0
214.074 0.977193 0.977193 2 2 0
214.574 0.977526 0.977526 2 2 0
215.074 0.977854 0.977854 2 2 0
215.574 0.978178 0.978178 2 2 0
216.074 0.978498 0.978498 2 2 0
216.574 0.978812 0.978812 2 2 0
217.074 0.979122 0.979122 2 2 0
217.574 0.979428 0.979428 2 2 0
218.074 0.979729 0.979729 2 2 0
218.574 0.980026 0.980026 2 2 0
219.074 0.980319 0.980319 2 2 0
219.574 0.980607 0.980607 2 2 0
220.074 0.980891 0.980891 2 2 0
220.574 0.981172 0.981172 2 2 0
221.074 0.981448 0.981448 2 2 0
221.574 0.98172 0.98172 2 2 0
222.074 0.981988 0.981988 2 2 0
222.574 0.982252 0.982252 2 2 0
223.074 0.982513 0.982513 2 2 0
223.574 0.98277 0.98277 2 2 0
224.074 0.983023 0.983023 2 2 0
224.574 0.983272 0.983272 2 2 0
225.074 0.983518 0.983518 2 2 0
225.574 0.98376 0.98376 2 2 0
226.074 0.983999 0.983999 2 2 0
226.574 0.984234 0.984234 2 2 0
227.074 0.984466 0.984466 2 2 0
227.574 0.984694 0.984694 2 2 0
228.074 0.984919 0.984919 2 2 0
228.574 0.985141 0.985141 2 2 0
229.074 0.98536 0.98536 2 2 0
229.574 0.985575 0.985575 2 2 0
230.074 0.985788 0.985788 2 2 0
230.574 0.985997 0.985997 2 2 0
231.074 0.986203 0.986203 2 2 0
231.574 0.986406 0.986406 2 2 0
232.074 0.986606 0.986606 2 2 0
232.574 0.986804 0.986804 2 2 0
233.074 0.986998 0.986998 2 2 0
233.574 0.98719 0.98719 2 2 0
234.074 0.987379 0.987379 2 2 0
234.574 0.987565 0.987565 2 2 0
235.074 0.987748 0.987748 2 2 0
235.574 0.987929 0.987929 2 2 0
236.074 0.988107 0.988107 2 2 0
236.574 0.988282 0.988282 2 2 0
237.074 0.988455 0.988455 2 2 0
237.574 0.988625 0.988625 2 2 0
238.074 0.988793 0.988793 2 2 0
238.574 0.988959 0.988959 2 2 0
239.074 0.989122 0.989122 2 2 0
239.574 0.989282 0.989282 2 2 0
240.074 0.989441 0.989441 2 2 0
240.574 0.989596 0.989596 2 2 0
241.074 0.98975 0.98975 2 2 0
241.574 0.989902 0.989902 2 2 0
242.074 0.990051 0.990051 2 2 0
242.574 0.990198 0.990198 2 2 0
243.074 0.990343 0.990343 2 2 0
243.574 0.990485 0.990485 2 2 0
244.074 0.990626 0.990626 2 2 0
244.574 0.990764 0.990764 2 2 0
245.074 0.990901 0.990901 2 2 0
245.574 0.991036 0.991036 2 2 0
246.074 0.991168 0.991168 2 2 0
246.574 0.991299 0.991299 2 2 0
247.074 0.991427 0.991427 2 2 0
247.574 0.991554 0.991554 2 2 0
248.074 0.991679 0.991679 2 2 0
248.574 0.991802 0.991802 2 2 0
249.074 0.991924 0.991924 2 2 0
249.574 0.992043 0.992043 2 2 0
250.074 0.992161 0.992161 2 2 0
250.574 0.992277 0.992277 2 2 0
251.074 0.992391 0.992391 2 2 0
251.574 0.992504 0.992504 2 2 0
252.074 0.992615 0.992615 2 2 0
252.574 0.992724 0.992724 2 2 0
253.074 0.992832 0.992832 2 2 0
253.574 0.992938 0.992938 2 2 0
254.074 0.993043 0.993043 2 2 0
254.574 0.993146 0.993146 2 2 0
254.574 0.993146 0.993146 2 2 0
254.614 0.993154 0.993154 2 2 0
254.654 0.993162 0.993162 2 2 0
254.734 0.993178 0.993178 2 2 0
254.894 0.993211 0.993211 2 2 0
255.214 0.993275 0.993275 2 2 0
255.714 0.993375 0.993375 2 2 0
256.214 0.993473 0.993473 2 2 0
256.714 0.99357 0.99357 2 2 0
257.214 0.993665 0.993665 2 2 0
257.714 0.993759 0.993759 2 2 0
258.214 0.993851 0.993851 2 2 0
258.714 0.993942 0.993942 2 2 0
259.214 0.994032 0.994032 2 2 0
259.714 0.994121 0.994121 2 2 0
260.214 0.994208 0.994208 2 2 0
260.714 0.994294 0.994294 2 2 0
261.214 0.994378 0.994378 2 2 0
261.714 0.994462 0.994462 2 2 0
262.214 0.994544 0.994544 2 2 0
262.714 0.994625 0.994625 2 2 0
263.214 0.994704 0.994704 2 2 0
263.714 0.994783 0.994783 2 2 0
264.214 0.99486 0.99486 2 2 0
264.714 0.994937 0.994937 2 2 0
265.214 0.995012 0.995012 2 2 0
265.714 0.995086 0.995086 2 2 0
266.214 0.995159 0.995159 2 2 0
266.714 0.99523 0.99523 2 2 0
267.214 0.995301 0.995301 2 2 0
267.714 0.995371 0.995371 2 2 0
268.214 0.99544 0.99544 2 2 0
268.714 0.995507 0.995507 2 2 0
269.214 0.995574 0.995574 2 2 0
269.714 0.99564 0.99564 2 2 0
270.214 0.995704 0.995704 2 2 0
270.714 0.995768 0.995768 2 2 0
271.214 0.995831 0.995831 2 2 0
271.714 0.995893 0.995893 2 2 0
272.214 0.995954 0.995954 2 2 0
272.714 0.996014 0.996014 2 2 0
273.214 0.996073 0.996073 2 2 0
273.714 0.996131 0.996131 2 2 0
274.214 0.996189 0.996189 2 2 0
274.714 0.996245 0.996245 2 2 0
275.214 0.996301 0.996301 2 2 0
275.714 0.996356 0.996356 2 2 0
276.214 0.99641 0.99641 2 2 0
276.714 0.996463 0.996463 2 2 0
277.214 0.996516 0.996516 2 2 0
277.714 0.996568 0.996568 2 2 0
278.214 0.996619 0.996619 2 2 0
278.714 0.996669 0.996669 2 2 0
279.214 0.996718 0.996718 2 2 0
279.714 0.996767 0.996767 2 2 0
280.214 0.996815 0.996815 2 2 0
280.714 0.996862 0.996862 2 2 0
281.214 0.996909 0.996909 2 2 0
281.714 0.996955 0.996955 2 2 0
282.214 0.997 0.997 2 2 0
282.714 0.997045 0.997045 2 2 0
283.214 0.997089 0.997089 2 2 0
283.714 0.997132 0.997132 2 2 0
284.214 0.997174 0.997174 2 2 0
284.714 0.997216 0.997216 2 2 0
285.214 0.997258 0.997258 2 2 0
285.714 0.997299 0.997299 2 2 0
286.214 0.997339 0.997339 2 2 0
286.714 0.997378 0.997378 2 2 0
287.214 0.997417 0.997417 2 2 0
287.714 0.997456 0.997456 2 2 0
288.214 0.997493 0.997493 2 2 0
288.714 0.997531 0.997531 2 2 0
289.214 0.997567 0.997567 2 2 0
289.714 0.997604 0.997604 2 2 0
290.214 0.997639 0.997639 2 2 0
290.714 0.997674 0.997674 2 2 0
291.214 0.997709 0.997709 2 2 0
291.714 0.997743 0.997743 2 2 0
292.214 0.997776 0.997776 2 2 0
292.714 0.997809 0.997809 2 2 0
293.214 0.997842 0.997842 2 2 0
293.714 0.997874 0.997874 2 2 0
294.214 0.997906 0.997906 2 2 0
294.714 0.997937 0.997937 2 2 0
295.214 0.997968 0.997968 2 2 0
295.714 0.997998 0.997998 2 2 0
296.214 0.998027 0.998027 2 2 0
296.714 0.998057 0.998057 2 2 0
297.214 0.998086 0.998086 2 2 0
297.714 0.998114 0.998114 2 2 0
298.214 0.998142 0.998142 2 2 0
298.714 0.99817 0.99817 2 2 0
299.214 0.998197 0.998197 2 2 0
299.714 0.998224 0.998224 2 2 0
300.214 0.99825 0.99825 2 2 0
300.714 0.998276 0.998276 2 2 0
301.214 0.998302 0.998302 2 2 0
301.714 0.998327 0.998327 2 2 0
302.214 0.998352 0.998352 2 2 0
302.714 0.998377 0.998377 2 2 0
303.214 0.998401 0.998401 2 2 0
303.714 0.998424 0.998424 2 2 0
304.214 0.998448 0.998448 2 2 0
304.714 0.998471 0.998471 2 2 0
305.214 0.998494 0.998494 2 2 0
305.714 0.998516 0.998516 2 2 0
306.214 0.998538 0.998538 2 2 0
306.714 0.99856 0.99856 2 2 0
307.214 0.998581 0.998581 2 2 0
307.714 0.998602 0.998602 2 2 0
308.214 0.998623 0.998623 2 2 0
308.714 0.998644 0.998644 2 2 0
309.214 0.998664 0.998664 2 2 0
309.714 0.998684 0.998684 2 2 0
310.214 0.998703 0.998703 2 2 0
310.714 0.998723 0.998723 2 2 0
311.214 0.998742 0.998742 2 2 0
311.714 0.99876 0.99876 2 2 0
312.214 0.998779 0.998779 2 2 0
312.714 0.998797 0.998797 2 2 0
313.214 0.998815 0.998815 2 2 0
313.714 0.998833 0.998833 2 2 0
314.214 0.99885 0.99885 2 2 0
314.714 0.998867 0.998867 2 2 0
315.214 0.998884 0.998884 2 2 0
315.714 0.9989 0.9989 2 2 0
316.214 0.998917 0.998917 2 2 0
316.714 0.998933 0.998933 2 2 0
317.214 0.998949 0.998949 2 2 0
317.714 0.998964 0.998964 2 2 0
318.214 0.99898 0.99898 2 2 0
318.714 0.998995 0.998995 2 2 0
319.214 0.99901 0.99901 2 2 0
319.714 0.999025 0.999025 2 2 0
320.214 0.999039 0.999039 2 2 0
320.714 0.999054 0.999054 2 2 0
321.214 0.999068 0.999068 2 2 0
321.714 0.999081 0.999081 2 2 0
322.214 0.999095 0.999095 2 2 0
322.714 0.999109 0.999109 2 2 0
323.214 0.999122 0.999122 2 2 0
323.714 0.999135 0.999135 2 2 0
324.214 0.999148 0.999148 2 2 0
324.714 0.99916 0.99916 2 2 0
325.214 0.999173 0.999173 2 2 0
325.714 0.999185 0.999185 2 2 0
326.214 0.999197 0.999197 2 2 0
326.714 0.999209 0.999209 2 2 0
327.214 0.999221 0.999221 2 2 0
327.714 0.999233 0.999233 2 2 0
328.214 0.999244 0.999244 2 2 0
328.714 0.999255 0.999255 2 2 0
329.214 0.999266 0.999266 2 2 0
329.714 0.999277 0.999277 2 2 0
330.214 0.999288 0.999288 2 2 0
330.714 0.999299 0.999299 2 2 0
331.214 0.999309 0.999309 2 2 0
331.714 0.999319 0.999319 2 2 0
332.214 0.99933 0.99933 2 2 0
332.714 0.99934 0.99934 2 2 0
333.214 0.999349 0.999349 2 2 0
333.714 0.999359 0.999359 2 2 0
334.214 0.999369 0.999369 2 2 0
334.714 0.999378 0.999378 2 2 0
335.214 0.999387 0.999387 2 2 0
335.714 0.999396 0.999396 2 2 0
336.214 0.999405 0.999405 2 2 0
336.714 0.999414 0.999414 2 2 0
337.214 0.999423 0.999423 2 2 0
337.714 0.999431 0.999431 2 2 0
338.214 0.99944 0.99944 2 2 0
338.714 0.999448 0.999448 2 2 0
339.214 0.999457 0.999457 2 2 0
339.714 0.999465 0.999465 2 2 0
340.214 0.999473 0.999473 2 2 0
340.714 0.99948 0.99948 2 2 0
341.214 0.999488 0.999488 2 2 0
341.714 0.999496 0.999496 2 2 0
342.214 0.999503 0.999503 2 2 0
342.714 0.999511 0.999511 2 2 0
343.214 0.999518 0.999518 2 2 0
343.714 0.999525 0.999525 2 2 0
344.214 0.999532 0.999532 2 2 0
344.714 0.999539 0.999539 2 2 0
345.214 0.999546 0.999546 2 2 0
345.714 0.999553 0.999553 2 2 0
346.214 0.999559 0.999559 2 2 0
346.714 0.999566 0.999566 2 2 0
347.214 0.999572 0.999572 2 2 0
347.714 0.999579 0.999579 2 2 0
348.214 0.999585 0.999585 2 2 0
348.714 0.999591 0.999591 2 2 0
349.214 0.999597 0.999597 2 2 0
349.714 0.999603 0.999603 2 2 0
350.214 0.999609 0.999609 2 2 0
350.714 0.999615 0.999615 2 2 0
351.214 0.999621 0.999621 2 2 0
351.714 0.999626 0.999626 2 2 0
352.214 0.999632 0.999632 2 2 0
352.214 0.999632 0.999632 2 2 0
352.254 0.999632 0.999632 2 2 0
352.294 0.999633 0.999633 2 2 0
352.374 0.999634 0.999634 2 2 0
352.534 0.999635 0.999635 2 2 0
352.854 0.999639 0.999639 2 2 0
353.354 0.999644 0.999644 2 2 0
353.854 0.99965 0.99965 2 2 0
354.354 0.999655 0.999655 2 2 0
354.854 0.99966 0.99966 2 2 0
355.354 0.999665 0.999665 2 2 0
355.854 0.99967 0.99967 2 2 0
356.354 0.999675 0.999675 2 2 0
356.854 0.99968 0.99968 2 2 0
357.354 0.999685 0.999685 2 2 0
357.854 0.999689 0.999689 2 2 0
358.354 0.999694 0.999694 2 2 0
358.854 0.999698 0.999698 2 2 0
359.354 0.999703 0.999703 2 2 0
359.854 0.999707 0.999707 2 2 0
360.354 0.999712 0.999712 2 2 0
360.854 0.999716 0.999716 2 2 0
361.354 0.99972 0.99972 2 2 0
361.854 0.999724 0.999724 2 2 0
362.354 0.999728 0.999728 2 2 0
362.854 0.999733 0.999733 2 2 0
363.354 0.999737 0.999737 2 2 0
363.854 0.99974 0.99974 2 2 0
364.354 0.999744 0.999744 2 2 0
364.854 0.999748 0.999748 2 2 0
365.354 0.999752 0.999752 2 2 0
365.854 0.999756 0.999756 2 2 0
366.354 0.999759 0.999759 2 2 0
366.854 0.999763 0.999763 2 2 0
367.354 0.999766 0.999766 2 2 0
367.854 0.99977 0.99977 2 2 0
368.354 0.999773 0.999773 2 2 0
368.854 0.999777 0.999777 2 2 0
369.354 0.99978 0.99978 2 2 0
369.854 0.999783 0.999783 2 2 0
370.354 0.999786 0.999786 2 2 0
370.854 0.99979 0.99979 2 2 0
371.354 0.999793 0.999793 2 2 0
371.854 0.999796 0.999796 2 2 0
372.354 0.999799 0.999799 2 2 0
372.854 0.999802 0.999802 2 2 0
373.354 0.999805 0.999805 2 2 0
373.854 0.999808 0.999808 2 2 0
374.354 0.999811 0.999811 2 2 0
374.854 0.999813 0.999813 2 2 0
375.354 0.999816 0.999816 2 2 0
375.854 0.999819 0.999819 2 2 0
376.354 0.999822 0.999822 2 2 0
376.854 0.999824 0.999824 2 2 0
377.354 0.999827 0.999827 2 2 0
377.854 0.999829 0.999829 2 2 0
378.354 0.999832 0.999832 2 2 0
378.854 0.999834 0.999834 2 2 0
379.354 0.999837 0.999837 2 2 0
379.854 0.999839 0.999839 2 2 0
380.354 0.999842 0.999842 2 2 0
380.854 0.999844 0.999844 2 2 0
381.354 0.999846 0.999846 2 2 0
381.854 0.999849 0.999849 2 2 0
382.354 0.999851 0.999851 2 2 0
382.854 0.999853 0.999853 2 2 0
383.354 0.999855 0.999855 2 2 0
383.854 0.999858 0.999858 2 2 0
384.354 0.99986 0.99986 2 2 0
384.854 0.999862 0.999862 2 2 0
385.354 0.999864 0.999864 2 2 0
385.854 0.999866 0.999866 2 2 0
386.354 0.999868 0.999868 2 2 0
386.854 0.99987 0.99987 2 2 0
387.354 0.999872 0.999872 2 2 0
387.854 0.999874 0.999874 2 2 0
388.354 0.999876 0.999876 2 2 0
388.854 0.999877 0.999877 2 2 0
389.354 0.999879 0.999879 2 2 0
389.854 0.999881 0.999881 2 2 0
390.354 0.999883 0.999883 2 2 0
390.854 0.999885 0.999885 2 2 0
391.354 0.999886 0.999886 2 2 0
391.854 0.999888 0.999888 2 2 0
392.354 0.99989 0.99989 2 2 0
392.854 0.999891 0.999891 2 2 0
393.354 0.999893 0.999893 2 2 0
393.854 0.999894 0.999894 2 2 0
394.354 0.999896 0.999896 2 2 0
394.854 0.999898 0.999898 2 2 0
395.354 0.999899 0.999899 2 2 0
395.854 0.999901 0.999901 2 2 0
396.354 0.999902 0.999902 2 2 0
396.854 0.999904 0.999904 2 2 0
397.354 0.999905 0.999905 2 2 0
397.854 0.999906 0.999906 2 2 0
398.354 0.999908 0.999908 2 2 0
398.854 0.999909 0.999909 2 2 0
399.354 0.999911 0.999911 2 2 0
399.854 0.999912 0.999912 2 2 0
400.354 0.999913 0.999913 2 2 0
400.854 0.999914 0.999914 2 2 0
401.354 0.999916 0.999916 2 2 0
401.854 0.999917 0.999917 2 2 0
402.354 0.999918 0.999918 2 2 0
402.854 0.999919 0.999919 2 2 0
403.354 0.999921 0.999921 2 2 0
403.854 0.999922 0.999922 2 2 0
404.354 0.999923 0.999923 2 2 0
404.854 0.999924 0.999924 2 2 0
405.354 0.999925 0.999925 2 2 0
405.854 0.999926 0.999926 2 2 0
406.354 0.999927 0.999927 2 2 0
406.854 0.999929 0.999929 2 2 0
407.354 0.99993 0.99993 2 2 0
407.854 0.999931 0.999931 2 2 0
408.354 0.999932 0.999932 2 2 0
408.854 0.999933 0.999933 2 2 0
409.354 0.999934 0.999934 2 2 0
409.854 0.999935 0.999935 2 2 0
410.354 0.999936 0.999936 2 2 0
410.854 0.999937 0.999937 2 2 0
411.354 0.999938 0.999938 2 2 0
411.854 0.999938 0.999938 2 2 0
412.354 0.999939 0.999939 2 2 0
412.854 0.99994 0.99994 2 2 0
413.354 0.999941 0.999941 2 2 0
413.854 0.999942 0.999942 2 2 0
414.354 0.999943 0.999943 2 2 0
414.854 0.999944 0.999944 2 2 0
415.354 0.999945 0.999945 2 2 0
415.854 0.999945 0.999945 2 2 0
416.354 0.999946 0.999946 2 2 0
416.854 0.999947 0.999947 2 2 0
417.354 0.999948 0.999948 2 2 0
417.854 0.999949 0.999949 2 2 0
418.354 0.999949 0.999949 2 2 0
418.854 0.99995 0.99995 2 2 0
419.354 0.999951 0.999951 2 2 0
419.854 0.999952 0.999952 2 2 0
420.354 0.999952 0.999952 2 2 0
420.854 0.999953 0.999953 2 2 0
421.354 0.999954 0.999954 2 2 0
421.854 0.999954 0.999954 2 2 0
422.354 0.999955 0.999955 2 2 0
422.854 0.999956 0.999956 2 2 0
423.354 0.999956 0.999956 2 2 0
423.854 0.999957 0.999957 2 2 0
424.354 0.999958 0.999958 2 2 0
424.854 0.999958 0.999958 2 2 0
425.354 0.999959 0.999959 2 2 0
425.854 0.99996 0.99996 2 2 0
426.354 0.99996 0.99996 2 2 0
426.854 0.999961 0.999961 2 2 0
427.354 0.999961 0.999961 2 2 0
427.854 0.999962 0.999962 2 2 0
428.354 0.999963 0.999963 2 2 0
428.854 0.999963 0.999963 2 2 0
429.354 0.999964 0.999964 2 2 0
429.854 0.999964 0.999964 2 2 0
430.354 0.999965 0.999965 2 2 0
430.854 0.999965 0.999965 2 2 0
431.354 0.999966 0.999966 2 2 0
431.854 0.999966 0.999966 2 2 0
432.354 0.999967 0.999967 2 2 0
432.854 0.999967 0.999967 2 2 0
433.354 0.999968 0.999968 2 2 0
433.854 0.999968 0.999968 2 2 0
434.354 0.999969 0.999969 2 2 0
434.854 0.999969 0.999969 2 2 0
435.354 0.99997 0.99997 2 2 0
435.854 0.99997 0.99997 2 2 0
436.354 0.999971 0.999971 2 2 0
436.854 0.999971 0.999971 2 2 0
437.354 0.999971 0.999971 2 2 0
437.854 0.999972 0.999972 2 2 0
438.354 0.999972 0.999972 2 2 0
438.854 0.999973 0.999973 2 2 0
439.354 0.999973 0.999973 2 2 0
439.854 0.999973 0.999973 2 2 0
440.354 0.999974 0.999974 2 2 0
440.854 0.999974 0.999974 2 2 0
441.354 0.999975 0.999975 2 2 0
441.854 0.999975 0.999975 2 2 0
442.354 0.999975 0.999975 2 2 0
442.854 0.999976 0.999976 2 2 0
443.354 0.999976 0.999976 2 2 0
443.854 0.999976 0.999976 2 2 0
444.354 0.999977 0.999977 2 2 0
444.854 0.999977 0.999977 2 2 0
445.354 0.999977 0.999977 2 2 0
445.854 0.999978 0.999978 2 2 0
446.354 0.999978 0.999978 2 2 0
446.854 0.999978 0.999978 2 2 0
447.354 0.999979 0.999979 2 2 0
447.854 0.999979 0.999979 2 2 0
448.354 0.999979 0.999979 2 2 0
448.854 0.99998 0.99998 2 2 0
449.354 0.99998 0.99998 2 2 0
449.854 0.99998 0.99998 2 2 0
449.854 0.99998 0.99998 2 2 0
449.894 0.99998 0.99998 2 2 0
449.934 0.99998 0.99998 2 2 0
450.014 0.99998 0.99998 2 2 0
450.174 0.999981 0.999981 2 2 0
450.494 0.999981 0.999981 2 2 0
450.994 0.999981 0.999981 2 2 0
451.494 0.999981 0.999981 2 2 0
451.994 0.999982 0.999982 2 2 0
452.494 0.999982 0.999982 2 2 0
452.994 0.999982 0.999982 2 2 0
453.494 0.999982 0.999982 2 2 0
453.994 0.999983 0.999983 2 2 0
454.494 0.999983 0.999983 2 2 0
454.994 0.999983 0.999983 2 2 0
455.494 0.999983 0.999983 2 2 0
455.994 0.999984 0.999984 2 2 0
456.494 0.999984 0.999984 2 2 0
456.994 0.999984 0.999984 2 2 0
457.494 0.999984 0.999984 2 2 0
457.994 0.999985 0.999985 2 2 0
458.494 0.999985 0.999985 2 2 0
458.994 0.999985 0.999985 2 2 0
459.494 0.999985 0.999985 2 2 0
459.994 0.999985 0.999985 2 2 0
460.494 0.999986 0.999986 2 2 0
460.994 0.999986 0.999986 2 2 0
461.494 0.999986 0.999986 2 2 0
461.994 0.999986 0.999986 2 2 0
462.494 0.999987 0.999987 2 2 0
462.994 0.999987 0.999987 2 2 0
463.494 0.999987 0.999987 2 2 0
463.994 0.999987 0.999987 2 2 0
464.494 0.999987 0.999987 2 2 0
464.994 0.999988 0.999988 2 2 0
465.494 0.999988 0.999988 2 2 0
465.994 0.999988 0.999988 2 2 0
466.494 0.999988 0.999988 2 2 0
466.994 0.999988 0.999988 2 2 0
467.494 0.999988 0.999988 2 2 0
467.994 0.999989 0.999989 2 2 0
468.494 0.999989 0.999989 2 2 0
468.994 0.999989 0.999989 2 2 0
469.494 0.999989 0.999989 2 2 0
469.994 0.999989 0.999989 2 2 0
470.494 0.999989 0.999989 2 2 0
470.994 0.99999 0.99999 2 2 0
471.494 0.99999 0.99999 2 2 0
471.994 0.99999 0.99999 2 2 0
472.494 0.99999 0.99999 2 2 0
472.994 0.99999 0.99999 2 2 0
473.494 0.99999 0.99999 2 2 0
473.994 0.99999 0.99999 2 2 0
474.494 0.999991 0.999991 2 2 0
474.994 0.999991 0.999991 2 2 0
475.494 0.999991 0.999991 2 2 0
475.994 0.999991 0.999991 2 2 0
476.494 0.999991 0.999991 2 2 0
476.994 0.999991 0.999991 2 2 0
477.494 0.999991 0.999991 2 2 0
477.994 0.999992 0.999992 2 2 0
478.494 0.999992 0.999992 2 2 0
478.994 0.999992 0.999992 2 2 0
479.494 0.999992 0.999992 2 2 0
479.994 0.999992 0.999992 2 2 0
480.494 0.999992 0.999992 2 2 0
480.994 0.999992 0.999992 2 2 0
481.494 0.999992 0.999992 2 2 0
481.994 0.999992 0.999992 2 2 0
482.494 0.999993 0.999993 2 2 0
482.994 0.999993 0.999993 2 2 0
483.494 0.999993 0.999993 2 2 0
483.994 0.999993 0.999993 2 2 0
484.494 0.999993 0.999993 2 2 0
484.994 0.999993 0.999993 2 2 0
485.494 0.999993 0.999993 2 2 0
485.994 0.999993 0.999993 2 2 0
486.494 0.999993 0.999993 2 2 0
486.994 0.999994 0.999994 2 2 0
487.494 0.999994 0.999994 2 2 0
487.994 0.999994 0.999994 2 2 0
488.494 0.999994 0.999994 2 2 0
488.994 0.999994 0.999994 2 2 0
489.494 0.999994 0.999994 2 2 0
489.994 0.999994 0.999994 2 2 0
490.494 0.999994 0.999994 2 2 0
490.994 0.999994 0.999994 2 2 0
491.494 0.999994 0.999994 2 2 0
491.994 0.999994 0.999994 2 2 0
492.494 0.999995 0.999995 2 2 0
492.994 0.999995 0.999995 2 2 0
493.494 0.999995 0.999995 2 2 0
493.994 0.999995 0.999995 2 2 0
494.494 0.999995 0.999995 2 2 0
494.994 0.999995 0.999995 2 2 0
495.494 0.999995 0.999995 2 2 0
495.994 0.999995 0.999995 2 2 0
496.494 0.999995 0.999995 2 2 0
496.994 0.999995 0.999995 2 2 0
497.494 0.999995 0.999995 2 2 0
497.994 0.999995 0.999995 2 2 0
498.494 0.999995 0.999995 2 2 0
498.994 0.999995 0.999995 2 2 0
499.494 0.999996 0.999996 2 2 0
499.994 0.999996 0.999996 2 2 0
500.494 0.999996 0.999996 2 2 0
500.994 0.999996 0.999996 2 2 0
501.494 0.999996 0.999996 2 2 0
501.994 0.999996 0.999996 2 2 0
502.494 0.999996 0.999996 2 2 0
502.994 0.999996 0.999996 2 2 0
503.494 0.999996 0.999996 2 2 0
503.994 0.999996 0.999996 2 2 0
504.494 0.999996 0.999996 2 2 0
504.994 0.999996 0.999996 2 2 0
505.494 0.999996 0.999996 2 2 0
505.994 0.999996 0.999996 2 2 0
506.494 0.999996 0.999996 2 2 0
506.994 0.999996 0.999996 2 2 0
507.494 0.999997 0.999997 2 2 0
507.994 0.999997 0.999997 2 2 0
508.494 0.999997 0.999997 2 2 0
508.994 0.999997 0.999997 2 2 0
509.494 0.999997 0.999997 2 2 0
509.994 0.999997 0.999997 2 2 0
510.494 0.999997 0.999997 2 2 0
510.994 0.999997 0.999997 2 2 0
511.494 0.999997 0.999997 2 2 0
511.994 0.999997 0.999997 2 2 0
512.494 0.999997 0.999997 2 2 0
512.994 0.999997 0.999997 2 2 0
513.494 0.999997 0.999997 2 2 0
513.994 0.999997 0.999997 2 2 0
514.494 0.999997 0.999997 2 2 0
514.994 0.999997 0.999997 2 2 0
515.494 0.999997 0.999997 2 2 0
515.994 0.999997 0.999997 2 2 0
516.494 0.999997 0.999997 2 2 0
516.994 0.999997 0.999997 2 2 0
517.494 0.999997 0.999997 2 2 0
517.994 0.999997 0.999997 2 2 0
518.494 0.999997 0.999997 2 2 0
518.994 0.999998 0.999998 2 2 0
519.494 0.999998 0.999998 2 2 0
519.994 0.999998 0.999998 2 2 0
520.494 0.999998 0.999998 2 2 0
520.994 0.999998 0.999998 2 2 0
521.494 0.999998 0.999998 2 2 0
521.994 0.999998 0.999998 2 2 0
522.494 0.999998 0.999998 2 2 0
522.994 0.999998 0.999998 2 2 0
523.494 0.999998 0.999998 2 2 0
523.994 0.999998 0.999998 2 2 0
524.494 0.999998 0.999998 2 2 0
524.994 0.999998 0.999998 2 2 0
525.494 0.999998 0.999998 2 2 0
525.994 0.999998 0.999998 2 2 0
526.494 0.999998 0.999998 2 2 0
526.994 0.999998 0.999998 2 2 0
527.494 0.999998 0.999998 2 2 0
527.994 0.999998 0.999998 2 2 0
528.494 0.999998 0.999998 2 2 0
528.994 0.999998 0.999998 2 2 0
529.494 0.999998 0.999998 2 2 0
529.994 0.999998 0.999998 2 2 0
530.494 0.999998 0.999998 2 2 0
530.994 0.999998 0.999998 2 2 0
531.494 0.999998 0.999998 2 2 0
531.994 0.999998 0.999998 2 2 0
532.494 0.999998 0.999998 2 2 0
532.994 0.999998 0.999998 2 2 0
533.494 0.999998 0.999998 2 2 0
533.994 0.999998 0.999998 2 2 0
534.494 0.999998 0.999998 2 2 0
534.994 0.999998 0.999998 2 2 0
535.494 0.999998 0.999998 2 2 0
535.994 0.999999 0.999999 2 2 0
536.494 0.999999 0.999999 2 2 0
536.994 0.999999 0.999999 2 2 0
537.494 0.999999 0.999999 2 2 0
537.994 0.999999 0.999999 2 2 0
538.494 0.999999 0.999999 2 2 0
538.994 0.999999 0.999999 2 2 0
539.494 0.999999 0.999999 2 2 0
539.994 0.999999 0.999999 2 2 0
540.494 0.999999 0.999999 2 2 0
540.994 0.999999 0.999999 2 2 0
541.494 0.999999 0.999999 2 2 0
541.994 0.999999 0.999999 2 2 0
542.494 0.999999 0.999999 2 2 0
542.994 0.999999 0.999999 2 2 0
543.494 0.999999 0.999999 2 2 0
543.994 0.999999 0.999999 2 2 0
544.494 0.999999 0.999999 2 2 0
544.994 0.999999 0.999999 2 2 0
545.494 0.999999 0.999999 2 2 0
545.994 0.999999 0.999999 2 2 0
546.494 0.999999 0.999999 2 2 0
546.994 0.999999 0.999999 2 2 0
547.494 0.999999 0.999999 2 2 0
547.494 0.999999 0.999999 2 2 0
547.534 0.999999 0.999999 2 2 0
547.574 0.999999 0.999999 2 2 0
547.654 0.999999 0.999999 2 2 0
547.814 0.999999 0.999999 2 2 0
548.134 0.999999 0.999999 2 2 0
548.634 0.999999 0.999999 2 2 0
549.134 0.999999 0.999999 2 2 0
549.634 0.999999 0.999999 2 2 0
550.134 0.999999 0.999999 2 2 0
550.634 0.999999 0.999999 2 2 0
551.134 0.999999 0.999999 2 2 0
551.634 0.999999 0.999999 2 2 0
552.134 0.999999 0.999999 2 2 0
552.634 0.999999 0.999999 2 2 0
553.134 0.999999 0.999999 2 2 0
553.634 0.999999 0.999999 2 2 0
554.134 0.999999 0.999999 2 2 0
554.634 0.999999 0.999999 2 2 0
555.134 0.999999 0.999999 2 2 0
555.634 0.999999 0.999999 2 2 0
556.134 0.999999 0.999999 2 2 0
556.634 0.999999 0.999999 2 2 0
557.134 0.999999 0.999999 2 2 0
557.634 0.999999 0.999999 2 2 0
558.134 0.999999 0.999999 2 2 0
558.634 0.999999 0.999999 2 2 0
559.134 0.999999 0.999999 2 2 0
559.634 0.999999 0.999999 2 2 0
560.134 0.999999 0.999999 2 2 0
560.634 0.999999 0.999999 2 2 0
561.134 0.999999 0.999999 2 2 0
561.634 0.999999 0.999999 2 2 0
562.134 0.999999 0.999999 2 2 0
562.634 0.999999 0.999999 2 2 0
563.134 0.999999 0.999999 2 2 0
563.634 0.999999 0.999999 2 2 0
564.134 0.999999 0.999999 2 2 0
564.634 0.999999 0.999999 2 2 0
565.134 0.999999 0.999999 2 2 0
565.634 0.999999 0.999999 2 2 0
566.134 0.999999 0.999999 2 2 0
566.634 0.999999 0.999999 2 2 0
567.134 0.999999 0.999999 2 2 0
567.634 0.999999 0.999999 2 2 0
568.134 0.999999 0.999999 2 2 0
568.634 0.999999 0.999999 2 2 0
569.134 0.999999 0.999999 2 2 0
569.634 0.999999 0.999999 2 2 0
570.134 0.999999 0.999999 2 2 0
570.634 0.999999 0.999999 2 2 0
571.134 0.999999 0.999999 2 2 0
571.634 0.999999 0.999999 2 2 0
572.134 0.999999 0.999999 2 2 0
572.634 1 1 2 2 0
573.134 1 1 2 2 0
573.634 1 1 2 2 0
574.134 1 1 2 2 0
574.634 1 1 2 2 0
575.134 1 1 2 2 0
575.634 1 1 2 2 0
576.134 1 1 2 2 0
576.634 1 1 2 2 0
577.134 1 1 2 2 0
577.634 1 1 2 2 0
578.134 1 1 2 2 0
578.634 1 1 2 2 0
579.134 1 1 2 2 0
579.634 1 1 2 2 0
580.134 1 1 2 2 0
580.634 1 1 2 2 0
581.134 1 1 2 2 0
581.634 1 1 2 2 0
582.134 1 1 2 2 0
582.634 1 1 2 2 0
583.134 1 1 2 2 0
583.634 1 1 2 2 0
584.134 1 1 2 2 0
584.634 1 1 2 2 0
585.134 1 1 2 2 0
585.634 1 1 2 2 0
586.134 1 1 2 2 0
586.634 1 1 2 2 0
587.134 1 1 2 2 0
587.634 1 1 2 2 0
588.134 1 1 2 2 0
588.634 1 1 2 2 0
589.134 1 1 2 2 0
589.634 1 1 2 2 0
590.134 1 1 2 2 0
590.634 1 1 2 2 0
591.134 1 1 2 2 0
591.634 1 1 2 2 0
592.134 1 1 2 2 0
592.634 1 1 2 2 0
593.134 1 1 2 2 0
593.634 1 1 2 2 0
594.134 1 1 2 2 0
594.634 1 1 2 2 0
595.134 1 1 2 2 0
595.634 1 1 2 2 0
596.134 1 1 2 2 0
596.634 1 1 2 2 0
597.134 1 1 2 2 0
597.634 1 1 2 2 0
598.134 1 1 2 2 0
598.634 1 1 2 2 0
599.134 1 1 2 2 0
599.634 1 1 2 2 0
600.134 1 1 2 2 0
600.634 1 1 2 2 0
601.134 1 1 2 2 0
601.634 1 1 2 2 0
602.134 1 1 2 2 0
602.634 1 1 2 2 0
603.134 1 1 2 2 0
603.634 1 1 2 2 0
604.134 1 1 2 2 0
604.634 1 1 2 2 0
605.134 1 1 2 2 0
605.634 1 1 2 2 0
606.134 1 1 2 2 0
606.634 1 1 2 2 0
607.134 1 1 2 2 0
607.634 1 1 2 2 0
608.134 1 1 2 2 0
608.634 1 1 2 2 0
609.134 1 1 2 2 0
609.634 1 1 2 2 0
610.134 1 1 2 2 0
610.634 1 1 2 2 0
611.134 1 1 2 2 0
611.634 1 1 2 2 0
612.134 1 1 2 2 0
612.634 1 1 2 2 0
613.134 1 1 2 2 0
613.634 1 1 2 2 0
614.134 1 1 2 2 0
614.634 1 1 2 2 0
615.134 1 1 2 2 0
615.634 1 1 2 2 0
616.134 1 1 2 2 0
616.634 1 1 2 2 0
617.134 1 1 2 2 0
617.634 1 1 2 2 0
618.134 1 1 2 2 0
618.634 1 1 2 2 0
619.134 1 1 2 2 0
619.634 1 1 2 2 0
620.134 1 1 2 2 0
620.634 1 1 2 2 0
621.134 1 1 2 2 0
621.634 1 1 2 2 0
622.134 1 1 2 2 0
622.634 1 1 2 2 0
623.134 1 1 2 2 0
623.634 1 1 2 2 0
624.134 1 1 2 2 0
624.634 1 1 2 2 0
625.134 1 1 2 2 0
625.634 1 1 2 2 0
626.134 1 1 2 2 0
626.634 1 1 2 2 0
627.134 1 1 2 2 0
627.634 1 1 2 2 0
628.134 1 1 2 2 0
628.634 1 1 2 2 0
629.134 1 1 2 2 0
629.634 1 1 2 2 0
630.134 1 1 2 2 0
630.634 1 1 2 2 0
631.134 1 1 2 2 0
631.634 1 1 2 2 0
632.134 1 1 2 2 0
632.634 1 1 2 2 0
633.134 1 1 2 2 0
633.634 1 1 2 2 0
634.134 1 1 2 2 0
634.634 1 1 2 2 0
635.134 1 1 2 2 0
635.634 1 1 2 2 0
636.134 1 1 2 2 0
636.634 1 1 2 2 0
637.134 1 1 2 2 0
637.634 1 1 2 2 0
638.134 1 1 2 2 0
638.634 1 1 2 2 0
639.134 1 1 2 2 0
639.634 1 1 2 2 0
640.134 1 1 2 2 0
640.634 1 1 2 2 0
641.134 1 1 2 2 0
641.634 1 1 2 2 0
642.134 1 1 2 2 0
642.634 1 1 2 2 0
643.134 1 1 2 2 0
643.634 1 1 2 2 0
644.134 1 1 2 2 0
644.634 1 1 2 2 0
645.134 1 1 2 2 0
