3.428499999999999881e-01 5.008470000000000283e-02
8.426550000000000429e-01 5.021119999999999750e-02
1.342459999999999987e+00 5.033889999999999892e-02
1.842270000000000074e+00 5.046790000000000304e-02
2.342089999999999783e+00 5.059820000000000290e-02
2.841899999999999871e+00 5.072979999999999851e-02
3.341720000000000024e+00 5.086279999999999968e-02
3.841549999999999798e+00 5.099719999999999948e-02
4.341370000000000395e+00 5.113299999999999790e-02
4.841199999999999726e+00 5.127020000000000188e-02
5.341039999999999566e+00 5.140879999999999755e-02
5.840869999999999784e+00 5.154879999999999879e-02
6.340709999999999624e+00 5.169030000000000152e-02
6.840559999999999974e+00 5.183340000000000169e-02
7.340399999999999814e+00 5.197790000000000049e-02
7.840259999999999785e+00 5.212399999999999672e-02
8.340109999999999246e+00 5.227160000000000140e-02
8.839969999999999217e+00 5.242079999999999657e-02
9.339829999999999188e+00 5.257160000000000305e-02
9.839700000000000557e+00 5.272400000000000003e-02
1.033960000000000079e+01 5.287809999999999733e-02
1.083939999999999948e+01 5.303390000000000187e-02
1.133929999999999971e+01 5.319129999999999692e-02
1.183919999999999995e+01 5.335229999999999834e-02
1.233910000000000018e+01 5.351319999999999688e-02
1.283900000000000041e+01 5.367589999999999861e-02
1.333890000000000065e+01 5.383860000000000035e-02
1.383880000000000088e+01 5.400490000000000151e-02
1.433869999999999933e+01 5.417310000000000181e-02
1.483859999999999957e+01 5.434320000000000123e-02
1.533849999999999980e+01 5.451509999999999689e-02
1.583840000000000003e+01 5.468900000000000150e-02
1.633830000000000027e+01 5.486490000000000117e-02
1.683820000000000050e+01 5.504280000000000284e-02
1.733810000000000073e+01 5.522259999999999669e-02
1.783800000000000097e+01 5.540459999999999829e-02
1.833800000000000097e+01 5.558860000000000190e-02
1.883790000000000120e+01 5.577479999999999938e-02
1.933780000000000143e+01 5.596299999999999886e-02
1.983770000000000167e+01 5.615350000000000202e-02
2.033770000000000167e+01 5.634619999999999906e-02
2.083759999999999835e+01 5.654109999999999692e-02
2.133759999999999835e+01 5.673840000000000133e-02
2.183749999999999858e+01 5.693789999999999962e-02
2.233739999999999881e+01 5.713979999999999754e-02
2.283739999999999881e+01 5.734399999999999914e-02
2.333729999999999905e+01 5.755070000000000324e-02
2.383729999999999905e+01 5.775990000000000291e-02
2.433719999999999928e+01 5.797150000000000220e-02
2.483719999999999928e+01 5.818569999999999992e-02
2.533709999999999951e+01 5.840250000000000302e-02
2.583709999999999951e+01 5.862189999999999762e-02
2.633709999999999951e+01 5.884389999999999760e-02
2.683699999999999974e+01 5.906859999999999888e-02
2.733699999999999974e+01 5.929609999999999742e-02
2.783699999999999974e+01 5.952629999999999727e-02
2.833689999999999998e+01 5.975939999999999724e-02
2.883689999999999998e+01 5.999530000000000141e-02
2.933689999999999998e+01 6.023420000000000163e-02
2.983680000000000021e+01 6.047600000000000198e-02
3.033680000000000021e+01 6.072079999999999839e-02
3.083680000000000021e+01 6.096859999999999780e-02
3.133670000000000044e+01 6.121950000000000308e-02
3.183670000000000044e+01 6.147360000000000324e-02
3.233670000000000044e+01 6.173089999999999827e-02
3.283670000000000044e+01 6.199140000000000206e-02
3.333659999999999712e+01 6.225510000000000072e-02
3.383659999999999712e+01 6.252230000000000287e-02
3.433659999999999712e+01 6.279279999999999584e-02
3.483659999999999712e+01 6.306680000000000619e-02
3.533659999999999712e+01 6.334420000000000328e-02
3.583650000000000091e+01 6.362520000000000675e-02
3.633650000000000091e+01 6.390990000000000559e-02
3.683650000000000091e+01 6.419819999999999693e-02
3.733650000000000091e+01 6.449019999999999753e-02
3.783650000000000091e+01 6.478589999999999349e-02
3.833650000000000091e+01 6.508559999999999346e-02
3.883650000000000091e+01 6.538910000000000555e-02
3.933639999999999759e+01 6.569650000000000489e-02
3.983639999999999759e+01 6.600799999999999723e-02
4.033639999999999759e+01 6.632359999999999645e-02
4.083639999999999759e+01 6.664330000000000254e-02
4.133639999999999759e+01 6.696720000000000450e-02
4.183639999999999759e+01 6.729540000000000521e-02
4.233639999999999759e+01 6.762790000000000468e-02
4.283639999999999759e+01 6.796489999999999476e-02
4.333639999999999759e+01 6.830619999999999747e-02
4.383639999999999759e+01 6.865219999999999656e-02
4.433630000000000138e+01 6.900270000000000015e-02
4.483630000000000138e+01 6.935800000000000298e-02
4.533630000000000138e+01 6.971789999999999932e-02
4.583630000000000138e+01 7.008269999999999778e-02
4.633630000000000138e+01 7.045239999999999836e-02
4.683630000000000138e+01 7.082710000000000394e-02
4.733630000000000138e+01 7.120680000000000065e-02
4.783630000000000138e+01 7.159169999999999423e-02
4.833630000000000138e+01 7.198169999999999569e-02
4.883630000000000138e+01 7.237699999999999689e-02
4.933630000000000138e+01 7.277770000000000072e-02
4.983630000000000138e+01 7.318389999999999618e-02
5.033630000000000138e+01 7.359549999999999426e-02
5.083630000000000138e+01 7.401280000000000359e-02
5.133630000000000138e+01 7.443569999999999354e-02
5.183630000000000138e+01 7.486450000000000049e-02
5.233630000000000138e+01 7.529900000000000482e-02
5.283619999999999806e+01 7.573960000000000414e-02
5.333619999999999806e+01 7.618610000000000659e-02
5.383619999999999806e+01 7.663880000000000692e-02
5.433619999999999806e+01 7.709770000000000512e-02
5.483619999999999806e+01 7.756290000000000406e-02
5.533619999999999806e+01 7.803459999999999563e-02
5.583619999999999806e+01 7.851270000000000471e-02
5.633619999999999806e+01 7.899730000000000640e-02
5.683619999999999806e+01 7.948869999999999547e-02
5.733619999999999806e+01 7.998689999999999967e-02
5.783619999999999806e+01 8.049190000000000511e-02
5.833619999999999806e+01 8.100390000000000368e-02
5.883619999999999806e+01 8.152289999999999537e-02
5.933619999999999806e+01 8.204920000000000269e-02
5.983619999999999806e+01 8.258269999999999500e-02
6.033619999999999806e+01 8.312360000000000582e-02
6.083619999999999806e+01 8.367199999999999638e-02
6.133619999999999806e+01 8.422789999999999444e-02
6.183619999999999806e+01 8.479159999999999475e-02
6.233619999999999806e+01 8.536299999999999444e-02
6.283619999999999806e+01 8.594240000000000212e-02
6.333610000000000184e+01 8.652970000000000106e-02
6.383610000000000184e+01 8.712519999999999987e-02
6.433610000000000184e+01 8.772900000000000142e-02
6.483610000000000184e+01 8.834110000000000573e-02
6.533610000000000184e+01 8.896160000000000179e-02
6.583610000000000184e+01 8.959069999999999534e-02
6.633610000000000184e+01 9.022850000000000315e-02
6.683610000000000184e+01 9.087520000000000320e-02
6.733610000000000184e+01 9.153070000000000650e-02
6.783610000000000184e+01 9.219529999999999392e-02
6.833610000000000184e+01 9.286899999999999322e-02
6.883610000000000184e+01 9.355209999999999915e-02
6.933610000000000184e+01 9.424449999999999494e-02
6.983610000000000184e+01 9.494640000000000024e-02
7.033610000000000184e+01 9.565800000000000691e-02
7.083610000000000184e+01 9.637940000000000396e-02
7.133599999999999852e+01 9.711069999999999425e-02
7.183599999999999852e+01 9.785190000000000554e-02
7.233599999999999852e+01 9.860339999999999383e-02
7.283599999999999852e+01 9.936509999999999787e-02
7.333599999999999852e+01 1.001370000000000038e-01
7.383599999999999852e+01 1.009199999999999958e-01
7.433599999999999852e+01 1.017129999999999979e-01
7.483599999999999852e+01 1.025169999999999970e-01
7.533599999999999852e+01 1.033319999999999933e-01
7.583599999999999852e+01 1.041580000000000006e-01
7.633599999999999852e+01 1.049960000000000060e-01
7.683599999999999852e+01 1.058439999999999936e-01
7.733589999999999520e+01 1.067039999999999933e-01
7.783589999999999520e+01 1.075760000000000050e-01
7.833589999999999520e+01 1.084589999999999999e-01
7.883589999999999520e+01 1.093549999999999939e-01
7.933589999999999520e+01 1.102619999999999989e-01
7.983589999999999520e+01 1.111810000000000020e-01
8.033589999999999520e+01 1.121130000000000043e-01
8.083589999999999520e+01 1.130570000000000047e-01
8.133589999999999520e+01 1.140140000000000042e-01
8.183580000000000609e+01 1.149840000000000029e-01
8.233580000000000609e+01 1.159659999999999996e-01
8.283580000000000609e+01 1.169619999999999965e-01
8.333580000000000609e+01 1.179700000000000054e-01
8.383580000000000609e+01 1.189920000000000005e-01
8.433580000000000609e+01 1.200279999999999958e-01
8.483580000000000609e+01 1.210770000000000041e-01
8.533580000000000609e+01 1.221399999999999986e-01
8.583570000000000277e+01 1.232160000000000061e-01
8.633570000000000277e+01 1.243070000000000008e-01
8.683570000000000277e+01 1.254119999999999957e-01
8.733570000000000277e+01 1.265320000000000056e-01
8.783570000000000277e+01 1.276660000000000017e-01
8.833570000000000277e+01 1.288140000000000118e-01
8.883570000000000277e+01 1.299780000000000102e-01
8.933559999999999945e+01 1.311569999999999958e-01
8.983559999999999945e+01 1.323499999999999954e-01
9.033559999999999945e+01 1.335600000000000120e-01
9.083559999999999945e+01 1.347839999999999872e-01
9.133559999999999945e+01 1.360240000000000060e-01
9.183559999999999945e+01 1.372809999999999864e-01
9.233559999999999945e+01 1.385530000000000095e-01
9.283549999999999613e+01 1.398439999999999961e-01
9.333549999999999613e+01 1.411570000000000047e-01
9.365550000000000352e+01 1.420049999999999923e-01
9.381550000000000011e+01 1.424300000000000010e-01
9.389549999999999841e+01 1.426439999999999930e-01
9.393550000000000466e+01 1.427499999999999880e-01
9.397549999999999670e+01 1.428570000000000118e-01
9.401550000000000296e+01 1.429630000000000067e-01
9.405549999999999500e+01 1.430710000000000037e-01
9.413549999999999329e+01 1.432839999999999947e-01
9.429550000000000409e+01 1.437130000000000074e-01
9.461549999999999727e+01 1.445730000000000071e-01
9.511549999999999727e+01 1.459290000000000032e-01
9.561549999999999727e+01 1.473079999999999945e-01
9.611539999999999395e+01 1.487060000000000048e-01
9.661539999999999395e+01 1.501230000000000064e-01
9.711539999999999395e+01 1.515559999999999963e-01
9.761539999999999395e+01 1.530080000000000051e-01
9.811539999999999395e+01 1.544780000000000042e-01
9.861539999999999395e+01 1.559659999999999935e-01
9.911530000000000484e+01 1.574720000000000009e-01
9.961530000000000484e+01 1.589969999999999994e-01
1.001149999999999949e+02 1.605409999999999893e-01
1.006149999999999949e+02 1.621039999999999981e-01
1.011149999999999949e+02 1.636859999999999982e-01
1.016149999999999949e+02 1.652869999999999895e-01
1.021149999999999949e+02 1.669069999999999998e-01
1.026149999999999949e+02 1.685480000000000034e-01
1.031149999999999949e+02 1.702079999999999982e-01
1.036149999999999949e+02 1.718889999999999862e-01
1.041149999999999949e+02 1.735899999999999943e-01
1.046149999999999949e+02 1.753109999999999946e-01
1.051149999999999949e+02 1.770529999999999882e-01
1.056149999999999949e+02 1.788160000000000027e-01
1.061149999999999949e+02 1.806010000000000115e-01
1.066149999999999949e+02 1.824060000000000126e-01
1.071149999999999949e+02 1.842330000000000079e-01
1.076149999999999949e+02 1.860819999999999974e-01
1.081149999999999949e+02 1.879530000000000090e-01
1.086149999999999949e+02 1.898469999999999880e-01
1.091149999999999949e+02 1.917619999999999880e-01
1.096149999999999949e+02 1.937000000000000111e-01
1.101149999999999949e+02 1.956620000000000026e-01
1.106149999999999949e+02 1.976459999999999884e-01
1.111149999999999949e+02 1.996539999999999981e-01
1.116149999999999949e+02 2.016850000000000032e-01
1.121149999999999949e+02 2.037400000000000044e-01
1.126149999999999949e+02 2.058190000000000019e-01
1.131149999999999949e+02 2.079219999999999957e-01
1.136149999999999949e+02 2.100499999999999867e-01
1.141149999999999949e+02 2.122020000000000017e-01
1.146149999999999949e+02 2.143799999999999872e-01
1.151149999999999949e+02 2.165819999999999967e-01
1.156149999999999949e+02 2.188110000000000055e-01
1.161149999999999949e+02 2.210650000000000115e-01
1.166149999999999949e+02 2.233449999999999880e-01
1.171149999999999949e+02 2.256509999999999905e-01
1.176149999999999949e+02 2.279829999999999912e-01
1.181149999999999949e+02 2.303429999999999922e-01
1.186149999999999949e+02 2.327289999999999914e-01
1.191149999999999949e+02 2.351429999999999909e-01
1.196149999999999949e+02 2.375839999999999896e-01
1.201149999999999949e+02 2.400529999999999886e-01
1.206149999999999949e+02 2.425499999999999878e-01
1.211149999999999949e+02 2.450759999999999883e-01
1.216149999999999949e+02 2.476299999999999890e-01
1.221149999999999949e+02 2.502130000000000187e-01
1.226149999999999949e+02 2.528250000000000219e-01
1.231149999999999949e+02 2.554669999999999996e-01
1.236149999999999949e+02 2.581379999999999786e-01
1.241140000000000043e+02 2.608400000000000163e-01
1.246140000000000043e+02 2.635719999999999730e-01
1.251140000000000043e+02 2.663340000000000152e-01
1.256140000000000043e+02 2.691279999999999784e-01
1.261140000000000043e+02 2.719520000000000270e-01
1.266140000000000043e+02 2.748090000000000255e-01
1.271140000000000043e+02 2.776970000000000272e-01
1.276140000000000043e+02 2.806170000000000053e-01
1.281140000000000043e+02 2.835699999999999887e-01
1.286140000000000043e+02 2.865559999999999774e-01
1.291140000000000043e+02 2.895750000000000268e-01
1.296140000000000043e+02 2.926270000000000260e-01
1.301140000000000043e+02 2.957130000000000036e-01
1.306140000000000043e+02 2.988339999999999885e-01
1.311140000000000043e+02 3.019890000000000074e-01
1.316140000000000043e+02 3.051780000000000048e-01
1.321140000000000043e+02 3.084029999999999827e-01
1.326140000000000043e+02 3.116630000000000233e-01
1.331140000000000043e+02 3.149589999999999890e-01
1.336140000000000043e+02 3.182909999999999906e-01
1.341140000000000043e+02 3.216600000000000015e-01
1.346140000000000043e+02 3.250660000000000216e-01
1.351140000000000043e+02 3.285089999999999955e-01
1.356140000000000043e+02 3.319889999999999786e-01
1.361140000000000043e+02 3.355079999999999729e-01
1.366140000000000043e+02 3.390650000000000053e-01
1.371140000000000043e+02 3.426609999999999934e-01
1.376140000000000043e+02 3.462959999999999927e-01
1.381140000000000043e+02 3.499700000000000033e-01
1.386140000000000043e+02 3.536839999999999984e-01
1.391140000000000043e+02 3.574390000000000067e-01
1.396140000000000043e+02 3.612349999999999728e-01
1.401140000000000043e+02 3.650709999999999789e-01
1.406140000000000043e+02 3.689490000000000269e-01
1.411140000000000043e+02 3.728690000000000060e-01
1.416140000000000043e+02 3.768310000000000271e-01
1.421140000000000043e+02 3.808360000000000078e-01
1.426140000000000043e+02 3.848849999999999771e-01
1.431140000000000043e+02 3.889770000000000172e-01
1.436140000000000043e+02 3.931129999999999902e-01
1.441140000000000043e+02 3.972930000000000073e-01
1.446140000000000043e+02 4.015179999999999860e-01
1.451140000000000043e+02 4.057890000000000108e-01
1.456140000000000043e+02 4.101060000000000261e-01
1.461140000000000043e+02 4.144680000000000031e-01
1.466140000000000043e+02 4.188779999999999726e-01
1.471140000000000043e+02 4.233350000000000168e-01
1.476140000000000043e+02 4.278390000000000248e-01
1.481140000000000043e+02 4.323910000000000253e-01
1.486129999999999995e+02 4.369919999999999916e-01
1.491129999999999995e+02 4.416430000000000078e-01
1.496129999999999995e+02 4.463420000000000165e-01
1.501129999999999995e+02 4.510919999999999930e-01
1.506129999999999995e+02 4.558929999999999927e-01
1.511129999999999995e+02 4.607439999999999869e-01
1.516129999999999995e+02 4.656469999999999776e-01
1.521129999999999995e+02 4.706020000000000203e-01
1.526129999999999995e+02 4.756099999999999772e-01
1.531129999999999995e+02 4.806710000000000149e-01
1.536129999999999995e+02 4.857859999999999956e-01
1.541129999999999995e+02 4.909540000000000015e-01
1.546129999999999995e+02 4.961780000000000079e-01
1.551129999999999995e+02 5.014560000000000128e-01
1.556129999999999995e+02 5.067909999999999915e-01
1.561129999999999995e+02 5.121820000000000261e-01
1.566129999999999995e+02 5.176300000000000345e-01
1.571129999999999995e+02 5.231350000000000167e-01
1.576129999999999995e+02 5.286990000000000300e-01
1.581129999999999995e+02 5.343210000000000459e-01
1.586129999999999995e+02 5.400019999999999820e-01
1.591129999999999995e+02 5.457429999999999781e-01
1.596129999999999995e+02 5.515449999999999520e-01
1.601129999999999995e+02 5.574080000000000146e-01
1.606129999999999995e+02 5.633320000000000549e-01
1.611129999999999995e+02 5.693179999999999907e-01
1.616129999999999995e+02 5.753679999999999906e-01
1.621129999999999995e+02 5.814810000000000256e-01
1.626129999999999995e+02 5.876580000000000137e-01
1.631129999999999995e+02 5.938999999999999835e-01
1.636119999999999948e+02 6.002070000000000460e-01
1.641119999999999948e+02 6.065800000000000081e-01
1.646119999999999948e+02 6.130200000000000093e-01
1.651119999999999948e+02 6.195279999999999676e-01
1.656119999999999948e+02 6.261029999999999651e-01
1.661119999999999948e+02 6.327469999999999484e-01
1.666119999999999948e+02 6.394609999999999461e-01
1.671119999999999948e+02 6.462449999999999584e-01
1.676119999999999948e+02 6.530989999999999851e-01
1.681119999999999948e+02 6.600260000000000016e-01
1.686119999999999948e+02 6.670239999999999503e-01
1.691119999999999948e+02 6.740949999999999998e-01
1.696119999999999948e+02 6.812409999999999854e-01
1.701119999999999948e+02 6.884599999999999609e-01
1.706119999999999948e+02 6.957550000000000123e-01
1.711119999999999948e+02 7.031250000000000000e-01
1.716119999999999948e+02 7.105730000000000102e-01
1.721119999999999948e+02 7.180969999999999853e-01
1.726119999999999948e+02 7.257000000000000117e-01
1.731109999999999900e+02 7.333819999999999784e-01
1.736109999999999900e+02 7.411440000000000250e-01
1.741109999999999900e+02 7.489869999999999584e-01
1.746109999999999900e+02 7.569110000000000005e-01
1.751109999999999900e+02 7.649169999999999581e-01
1.756109999999999900e+02 7.730059999999999709e-01
1.761109999999999900e+02 7.811789999999999567e-01
1.766109999999999900e+02 7.894360000000000266e-01
1.771109999999999900e+02 7.977790000000000159e-01
1.776109999999999900e+02 8.062089999999999534e-01
1.781109999999999900e+02 8.147259999999999502e-01
1.786109999999999900e+02 8.233310000000000350e-01
1.791109999999999900e+02 8.320250000000000146e-01
1.796109999999999900e+02 8.408090000000000286e-01
1.801109999999999900e+02 8.496839999999999948e-01
1.806100000000000136e+02 8.586510000000000531e-01
1.811100000000000136e+02 8.677099999999999813e-01
1.816100000000000136e+02 8.768629999999999480e-01
1.821100000000000136e+02 8.861099999999999532e-01
1.826100000000000136e+02 8.954530000000000545e-01
1.831100000000000136e+02 9.048920000000000297e-01
1.836100000000000136e+02 9.144280000000000186e-01
1.841100000000000136e+02 9.240629999999999677e-01
1.846100000000000136e+02 9.337969999999999882e-01
1.851100000000000136e+02 9.436320000000000263e-01
1.856100000000000136e+02 9.535679999999999712e-01
1.861090000000000089e+02 9.636059999999999626e-01
1.866090000000000089e+02 9.737479999999999469e-01
1.871090000000000089e+02 9.839940000000000353e-01
1.876090000000000089e+02 9.943450000000000344e-01
1.881090000000000089e+02 1.004799999999999915e+00
1.886090000000000089e+02 1.015370000000000106e+00
1.891090000000000089e+02 1.026040000000000063e+00
1.896090000000000089e+02 1.036829999999999918e+00
1.901090000000000089e+02 1.047719999999999985e+00
1.906080000000000041e+02 1.058729999999999949e+00
1.911080000000000041e+02 1.069849999999999968e+00
1.916080000000000041e+02 1.081080000000000041e+00
1.916080000000000041e+02 1.081080000000000041e+00
1.916479999999999961e+02 1.082100000000000062e+00
1.916879999999999882e+02 1.082999999999999963e+00
1.917680000000000007e+02 1.084810000000000052e+00
1.919279999999999973e+02 1.088440000000000074e+00
1.922479999999999905e+02 1.095709999999999962e+00
1.927479999999999905e+02 1.107150000000000079e+00
1.932479999999999905e+02 1.118749999999999911e+00
1.937479999999999905e+02 1.130479999999999929e+00
1.942470000000000141e+02 1.142339999999999911e+00
1.947470000000000141e+02 1.154309999999999947e+00
1.952470000000000141e+02 1.166420000000000012e+00
1.957470000000000141e+02 1.178639999999999910e+00
1.962470000000000141e+02 1.190989999999999993e+00
1.967470000000000141e+02 1.203470000000000040e+00
1.972470000000000141e+02 1.216069999999999984e+00
1.977460000000000093e+02 1.228799999999999892e+00
1.982460000000000093e+02 1.241670000000000051e+00
1.987460000000000093e+02 1.254660000000000108e+00
1.992460000000000093e+02 1.267789999999999973e+00
1.997460000000000093e+02 1.281050000000000022e+00
2.002450000000000045e+02 1.294450000000000101e+00
2.007450000000000045e+02 1.307979999999999920e+00
2.012450000000000045e+02 1.321660000000000057e+00
2.017450000000000045e+02 1.335469999999999935e+00
2.022450000000000045e+02 1.349429999999999907e+00
2.027450000000000045e+02 1.363520000000000065e+00
2.032439999999999998e+02 1.377760000000000096e+00
2.037439999999999998e+02 1.392149999999999999e+00
2.042439999999999998e+02 1.406679999999999930e+00
2.047439999999999998e+02 1.421359999999999957e+00
2.052429999999999950e+02 1.436199999999999921e+00
2.057429999999999950e+02 1.451179999999999914e+00
2.062429999999999950e+02 1.466310000000000002e+00
2.067429999999999950e+02 1.481600000000000028e+00
2.072429999999999950e+02 1.497049999999999992e+00
2.077419999999999902e+02 1.512650000000000050e+00
2.082419999999999902e+02 1.528410000000000046e+00
2.087419999999999902e+02 1.544340000000000046e+00
2.092419999999999902e+02 1.560419999999999918e+00
2.097410000000000139e+02 1.576670000000000016e+00
2.102410000000000139e+02 1.593089999999999895e+00
2.107410000000000139e+02 1.609669999999999934e+00
2.112400000000000091e+02 1.626419999999999977e+00
2.117400000000000091e+02 1.643340000000000023e+00
2.122400000000000091e+02 1.660430000000000073e+00
2.127400000000000091e+02 1.677699999999999969e+00
2.132390000000000043e+02 1.695140000000000091e+00
2.137390000000000043e+02 1.712760000000000060e+00
2.142390000000000043e+02 1.730560000000000098e+00
2.147379999999999995e+02 1.748539999999999983e+00
2.152379999999999995e+02 1.766710000000000003e+00
2.157379999999999995e+02 1.785060000000000091e+00
2.162369999999999948e+02 1.803590000000000027e+00
2.167369999999999948e+02 1.822310000000000096e+00
2.172369999999999948e+02 1.841229999999999922e+00
2.177359999999999900e+02 1.860330000000000039e+00
2.182359999999999900e+02 1.879629999999999912e+00
2.187350000000000136e+02 1.899129999999999985e+00
2.192350000000000136e+02 1.918819999999999970e+00
2.197350000000000136e+02 1.938709999999999933e+00
2.202340000000000089e+02 1.958809999999999940e+00
2.207340000000000089e+02 1.979109999999999925e+00
2.212330000000000041e+02 1.999610000000000110e+00
2.217330000000000041e+02 2.020319999999999894e+00
2.222330000000000041e+02 2.041249999999999787e+00
2.227319999999999993e+02 2.062380000000000102e+00
2.232319999999999993e+02 2.083730000000000082e+00
2.237309999999999945e+02 2.105300000000000171e+00
2.242309999999999945e+02 2.127079999999999860e+00
2.247299999999999898e+02 2.149090000000000167e+00
2.252299999999999898e+02 2.171310000000000073e+00
2.257290000000000134e+02 2.193770000000000220e+00
2.262290000000000134e+02 2.216450000000000031e+00
2.267280000000000086e+02 2.239360000000000017e+00
2.272280000000000086e+02 2.262500000000000178e+00
2.277270000000000039e+02 2.285880000000000134e+00
2.282270000000000039e+02 2.309489999999999821e+00
2.287259999999999991e+02 2.333340000000000192e+00
2.292249999999999943e+02 2.357439999999999980e+00
2.297249999999999943e+02 2.381769999999999943e+00
2.302239999999999895e+02 2.406359999999999832e+00
2.307239999999999895e+02 2.431189999999999962e+00
2.312230000000000132e+02 2.456269999999999953e+00
2.317220000000000084e+02 2.481609999999999872e+00
2.322220000000000084e+02 2.507200000000000095e+00
2.327210000000000036e+02 2.533049999999999802e+00
2.332199999999999989e+02 2.559159999999999879e+00
2.337199999999999989e+02 2.585539999999999949e+00
2.342189999999999941e+02 2.612179999999999946e+00
2.347179999999999893e+02 2.639089999999999936e+00
2.352170000000000130e+02 2.666269999999999918e+00
2.357170000000000130e+02 2.693729999999999958e+00
2.362160000000000082e+02 2.721470000000000056e+00
2.367150000000000034e+02 2.749480000000000146e+00
2.372139999999999986e+02 2.777779999999999916e+00
2.377139999999999986e+02 2.806360000000000188e+00
2.382129999999999939e+02 2.835230000000000139e+00
2.387119999999999891e+02 2.864390000000000214e+00
2.392110000000000127e+02 2.893850000000000033e+00
2.397100000000000080e+02 2.923599999999999977e+00
2.402090000000000032e+02 2.953650000000000109e+00
2.407079999999999984e+02 2.984010000000000051e+00
2.412069999999999936e+02 3.014670000000000183e+00
2.417059999999999889e+02 3.045640000000000125e+00
2.422050000000000125e+02 3.076919999999999877e+00
2.427040000000000077e+02 3.108519999999999950e+00
2.432030000000000030e+02 3.140429999999999833e+00
2.437019999999999982e+02 3.172670000000000101e+00
2.442009999999999934e+02 3.205229999999999801e+00
2.446999999999999886e+02 3.238119999999999887e+00
2.451990000000000123e+02 3.271339999999999915e+00
2.456980000000000075e+02 3.304889999999999883e+00
2.461970000000000027e+02 3.338779999999999859e+00
2.466959999999999980e+02 3.373009999999999842e+00
2.471939999999999884e+02 3.407579999999999831e+00
2.476930000000000121e+02 3.442499999999999893e+00
2.481920000000000073e+02 3.477780000000000094e+00
2.486910000000000025e+02 3.513399999999999856e+00
2.491889999999999930e+02 3.549389999999999823e+00
2.496879999999999882e+02 3.585729999999999862e+00
2.501870000000000118e+02 3.622450000000000170e+00
2.506850000000000023e+02 3.659520000000000106e+00
2.511839999999999975e+02 3.696969999999999867e+00
2.516829999999999927e+02 3.734799999999999898e+00
2.521810000000000116e+02 3.773010000000000197e+00
2.526800000000000068e+02 3.811599999999999877e+00
2.531779999999999973e+02 3.850569999999999826e+00
2.536759999999999877e+02 3.889940000000000175e+00
2.541750000000000114e+02 3.929699999999999971e+00
2.546730000000000018e+02 3.969860000000000166e+00
2.551719999999999970e+02 4.010419999999999874e+00
2.556699999999999875e+02 4.051379999999999981e+00
2.561680000000000064e+02 4.092760000000000176e+00
2.566669999999999732e+02 4.134549999999999947e+00
2.571650000000000205e+02 4.176759999999999806e+00
2.576630000000000109e+02 4.219389999999999752e+00
2.581610000000000014e+02 4.262439999999999785e+00
2.586589999999999918e+02 4.305930000000000035e+00
2.591569999999999823e+02 4.349849999999999994e+00
2.596549999999999727e+02 4.394210000000000171e+00
2.601530000000000200e+02 4.439009999999999678e+00
2.606510000000000105e+02 4.484259999999999913e+00
2.611490000000000009e+02 4.529959999999999987e+00
2.616469999999999914e+02 4.576120000000000410e+00
2.621449999999999818e+02 4.622740000000000293e+00
2.626429999999999723e+02 4.669819999999999638e+00
2.631399999999999864e+02 4.717369999999999841e+00
2.636379999999999768e+02 4.765390000000000015e+00
2.641360000000000241e+02 4.813900000000000290e+00
2.646329999999999814e+02 4.862879999999999647e+00
2.651309999999999718e+02 4.912359999999999616e+00
2.656279999999999859e+02 4.962320000000000064e+00
2.661259999999999764e+02 5.012789999999999857e+00
2.666229999999999905e+02 5.063749999999999751e+00
2.671200000000000045e+02 5.115219999999999878e+00
2.676179999999999950e+02 5.167200000000000237e+00
2.681150000000000091e+02 5.219699999999999562e+00
2.686120000000000232e+02 5.272719999999999629e+00
2.691089999999999804e+02 5.326270000000000060e+00
2.696059999999999945e+02 5.380340000000000344e+00
2.701030000000000086e+02 5.434960000000000235e+00
2.706000000000000227e+02 5.490109999999999602e+00
2.710969999999999800e+02 5.545810000000000350e+00
2.715939999999999941e+02 5.602070000000000327e+00
2.720910000000000082e+02 5.658879999999999910e+00
2.725869999999999891e+02 5.716249999999999609e+00
2.730840000000000032e+02 5.774189999999999934e+00
2.735810000000000173e+02 5.832699999999999996e+00
2.740769999999999982e+02 5.891790000000000305e+00
2.745740000000000123e+02 5.951459999999999972e+00
2.750699999999999932e+02 6.011730000000000018e+00
2.755659999999999741e+02 6.072580000000000311e+00
2.760620000000000118e+02 6.134039999999999715e+00
2.765590000000000259e+02 6.196110000000000007e+00
2.770550000000000068e+02 6.258779999999999788e+00
2.775509999999999877e+02 6.322070000000000078e+00
2.780470000000000255e+02 6.385989999999999611e+00
2.785419999999999732e+02 6.450529999999999653e+00
2.790380000000000109e+02 6.515710000000000335e+00
2.795339999999999918e+02 6.581529999999999880e+00
2.800289999999999964e+02 6.647999999999999687e+00
2.805249999999999773e+02 6.715119999999999756e+00
2.810199999999999818e+02 6.782890000000000086e+00
2.815149999999999864e+02 6.851340000000000430e+00
2.820110000000000241e+02 6.920449999999999768e+00
2.825059999999999718e+02 6.990240000000000009e+00
2.830009999999999764e+02 7.060710000000000264e+00
2.834959999999999809e+02 7.131870000000000154e+00
2.839909999999999854e+02 7.203730000000000189e+00
2.844850000000000136e+02 7.276290000000000369e+00
2.849800000000000182e+02 7.349549999999999805e+00
2.854739999999999895e+02 7.423540000000000028e+00
2.859689999999999941e+02 7.498240000000000016e+00
2.864630000000000223e+02 7.573669999999999902e+00
2.869569999999999936e+02 7.649840000000000195e+00
2.874510000000000218e+02 7.726740000000000386e+00
2.879449999999999932e+02 7.804400000000000226e+00
2.884390000000000214e+02 7.882810000000000095e+00
2.889329999999999927e+02 7.961979999999999613e+00
2.889329999999999927e+02 7.961979999999999613e+00
2.889719999999999800e+02 7.969100000000000072e+00
2.890120000000000005e+02 7.975469999999999615e+00
2.890899999999999750e+02 7.988220000000000098e+00
2.892479999999999905e+02 8.013749999999999929e+00
2.895640000000000214e+02 8.064970000000000638e+00
2.900579999999999927e+02 8.145500000000000185e+00
2.905509999999999877e+02 8.227080000000000837e+00
2.910439999999999827e+02 8.309580000000000410e+00
2.915369999999999777e+02 8.392879999999999896e+00
2.920299999999999727e+02 8.476990000000000691e+00
2.925230000000000246e+02 8.561909999999999243e+00
2.930149999999999864e+02 8.647640000000000882e+00
2.935079999999999814e+02 8.734199999999999520e+00
2.940000000000000000e+02 8.821600000000000108e+00
2.944920000000000186e+02 8.909829999999999472e+00
2.949839999999999804e+02 8.998910000000000409e+00
2.954759999999999991e+02 9.088850000000000762e+00
2.959680000000000177e+02 9.179650000000000531e+00
2.964590000000000032e+02 9.271319999999999339e+00
2.969510000000000218e+02 9.363860000000000738e+00
2.974420000000000073e+02 9.457290000000000418e+00
2.979329999999999927e+02 9.551610000000000156e+00
2.984239999999999782e+02 9.646829999999999572e+00
2.989150000000000205e+02 9.742960000000000065e+00
2.994049999999999727e+02 9.839999999999999858e+00
2.998949999999999818e+02 9.937969999999999970e+00
3.003849999999999909e+02 1.003689999999999927e+01
3.008750000000000000e+02 1.013669999999999938e+01
3.013650000000000091e+02 1.023750000000000071e+01
3.018550000000000182e+02 1.033919999999999995e+01
3.023439999999999941e+02 1.044190000000000040e+01
3.028330000000000268e+02 1.054560000000000031e+01
3.033220000000000027e+02 1.065019999999999989e+01
3.038109999999999786e+02 1.075580000000000069e+01
3.042989999999999782e+02 1.086239999999999917e+01
3.047880000000000109e+02 1.097000000000000064e+01
3.052760000000000105e+02 1.107869999999999955e+01
3.057640000000000100e+02 1.118829999999999991e+01
3.062509999999999764e+02 1.129899999999999949e+01
3.067379999999999995e+02 1.141070000000000029e+01
3.072259999999999991e+02 1.152340000000000053e+01
3.077119999999999891e+02 1.163719999999999999e+01
3.081990000000000123e+02 1.175200000000000067e+01
3.086859999999999786e+02 1.186790000000000056e+01
3.091720000000000255e+02 1.198489999999999966e+01
3.096580000000000155e+02 1.210299999999999976e+01
3.101429999999999723e+02 1.222209999999999930e+01
3.106279999999999859e+02 1.234239999999999959e+01
3.111129999999999995e+02 1.246369999999999933e+01
3.115980000000000132e+02 1.258619999999999983e+01
3.120830000000000268e+02 1.270979999999999954e+01
3.125670000000000073e+02 1.283450000000000024e+01
3.130509999999999877e+02 1.296039999999999992e+01
3.135339999999999918e+02 1.308740000000000059e+01
3.140179999999999723e+02 1.321560000000000024e+01
3.145009999999999764e+02 1.334490000000000087e+01
3.149830000000000041e+02 1.347540000000000049e+01
3.154660000000000082e+02 1.360710000000000086e+01
3.159479999999999791e+02 1.374000000000000021e+01
3.164289999999999736e+02 1.387400000000000055e+01
3.169110000000000014e+02 1.400929999999999964e+01
3.173919999999999959e+02 1.414579999999999949e+01
3.178729999999999905e+02 1.428350000000000009e+01
3.183530000000000086e+02 1.442239999999999966e+01
3.188330000000000268e+02 1.456259999999999977e+01
3.193120000000000118e+02 1.470400000000000063e+01
3.197919999999999732e+02 1.484670000000000023e+01
3.202699999999999818e+02 1.499060000000000059e+01
3.207490000000000236e+02 1.513579999999999970e+01
3.212269999999999754e+02 1.528229999999999933e+01
3.217049999999999841e+02 1.543009999999999948e+01
3.221820000000000164e+02 1.557920000000000016e+01
3.226589999999999918e+02 1.572949999999999982e+01
3.231349999999999909e+02 1.588119999999999976e+01
3.236109999999999900e+02 1.603419999999999845e+01
3.240869999999999891e+02 1.618850000000000122e+01
3.245620000000000118e+02 1.634420000000000073e+01
3.250369999999999777e+02 1.650120000000000076e+01
3.255110000000000241e+02 1.665950000000000131e+01
3.259850000000000136e+02 1.681919999999999860e+01
3.264580000000000268e+02 1.698029999999999973e+01
3.269309999999999832e+02 1.714280000000000115e+01
3.274030000000000200e+02 1.730659999999999954e+01
3.278750000000000000e+02 1.747180000000000177e+01
3.283469999999999800e+02 1.763840000000000074e+01
3.288179999999999836e+02 1.780640000000000001e+01
3.292880000000000109e+02 1.797579999999999956e+01
3.297579999999999814e+02 1.814669999999999916e+01
3.302269999999999754e+02 1.831889999999999930e+01
3.306960000000000264e+02 1.849259999999999948e+01
3.311650000000000205e+02 1.866769999999999996e+01
3.316320000000000050e+02 1.884430000000000049e+01
3.321000000000000227e+02 1.902230000000000132e+01
3.325659999999999741e+02 1.920179999999999865e+01
3.330330000000000155e+02 1.938279999999999959e+01
3.334979999999999905e+02 1.956520000000000081e+01
3.339630000000000223e+02 1.974909999999999854e+01
3.344270000000000209e+02 1.993449999999999989e+01
3.348910000000000196e+02 2.012130000000000152e+01
3.353539999999999850e+02 2.030969999999999942e+01
3.358170000000000073e+02 2.049950000000000117e+01
3.362789999999999964e+02 2.069089999999999918e+01
3.367400000000000091e+02 2.088380000000000081e+01
3.372010000000000218e+02 2.107819999999999894e+01
3.376610000000000014e+02 2.127420000000000044e+01
3.381200000000000045e+02 2.147159999999999869e+01
3.385790000000000077e+02 2.167060000000000031e+01
3.390369999999999777e+02 2.187120000000000175e+01
3.394940000000000282e+02 2.207319999999999993e+01
3.399510000000000218e+02 2.227690000000000126e+01
3.404069999999999823e+02 2.248209999999999908e+01
3.408620000000000232e+02 2.268880000000000052e+01
3.413170000000000073e+02 2.289709999999999823e+01
3.417710000000000150e+02 2.310699999999999932e+01
3.422239999999999895e+02 2.331850000000000023e+01
3.426759999999999877e+02 2.353150000000000119e+01
3.431279999999999859e+02 2.374609999999999843e+01
3.435779999999999745e+02 2.396229999999999905e+01
3.440289999999999964e+02 2.418009999999999948e+01
3.444780000000000086e+02 2.439949999999999974e+01
3.449259999999999877e+02 2.462049999999999983e+01
3.453740000000000236e+02 2.484309999999999974e+01
3.458210000000000264e+02 2.506719999999999970e+01
3.462669999999999959e+02 2.529299999999999926e+01
3.467119999999999891e+02 2.552039999999999864e+01
3.471569999999999823e+02 2.574940000000000140e+01
3.476009999999999991e+02 2.598000000000000043e+01
3.480430000000000064e+02 2.621219999999999928e+01
3.484850000000000136e+02 2.644610000000000127e+01
3.489270000000000209e+02 2.668149999999999977e+01
3.493670000000000186e+02 2.691860000000000142e+01
3.498059999999999832e+02 2.715729999999999933e+01
3.502450000000000045e+02 2.739760000000000062e+01
3.506820000000000164e+02 2.763960000000000150e+01
3.511190000000000282e+02 2.788309999999999889e+01
3.515550000000000068e+02 2.812829999999999941e+01
3.519889999999999759e+02 2.837509999999999977e+01
3.524230000000000018e+02 2.862359999999999971e+01
3.528559999999999945e+02 2.887359999999999971e+01
3.532880000000000109e+02 2.912529999999999930e+01
3.537189999999999941e+02 2.937859999999999872e+01
3.541499999999999773e+02 2.963360000000000127e+01
3.545790000000000077e+02 2.989010000000000034e+01
3.550070000000000050e+02 3.014829999999999899e+01
3.554340000000000259e+02 3.040810000000000102e+01
3.558600000000000136e+02 3.066959999999999908e+01
3.562860000000000014e+02 3.093260000000000076e+01
3.567099999999999795e+02 3.119729999999999848e+01
3.571329999999999814e+02 3.146359999999999957e+01
3.575550000000000068e+02 3.173150000000000048e+01
3.579759999999999991e+02 3.200099999999999767e+01
3.583969999999999914e+02 3.227210000000000178e+01
3.588159999999999741e+02 3.254480000000000217e+01
3.592339999999999804e+02 3.281920000000000215e+01
3.596510000000000105e+02 3.309510000000000218e+01
3.600670000000000073e+02 3.337270000000000181e+01
3.604809999999999945e+02 3.365180000000000149e+01
3.608949999999999818e+02 3.393249999999999744e+01
3.613079999999999927e+02 3.421490000000000009e+01
3.617189999999999941e+02 3.449880000000000280e+01
3.621299999999999955e+02 3.478430000000000177e+01
3.625389999999999873e+02 3.507130000000000081e+01
3.629479999999999791e+02 3.535999999999999943e+01
3.633550000000000182e+02 3.565019999999999811e+01
3.637610000000000241e+02 3.594200000000000017e+01
3.641659999999999968e+02 3.623530000000000229e+01
3.645690000000000168e+02 3.653020000000000067e+01
3.649719999999999800e+02 3.682670000000000243e+01
3.653740000000000236e+02 3.712469999999999715e+01
3.657740000000000009e+02 3.742419999999999902e+01
3.661730000000000018e+02 3.772529999999999717e+01
3.665710000000000264e+02 3.802790000000000248e+01
3.669680000000000177e+02 3.833200000000000074e+01
3.673639999999999759e+02 3.863770000000000238e+01
3.677579999999999814e+02 3.894489999999999696e+01
3.681519999999999868e+02 3.925350000000000250e+01
3.685439999999999827e+02 3.956369999999999720e+01
3.689350000000000023e+02 3.987539999999999907e+01
3.693249999999999886e+02 4.018849999999999767e+01
3.697130000000000223e+02 4.050319999999999965e+01
3.701009999999999991e+02 4.081929999999999836e+01
3.704870000000000232e+02 4.113689999999999714e+01
3.708720000000000141e+02 4.145589999999999975e+01
3.712559999999999718e+02 4.177640000000000242e+01
3.716379999999999768e+02 4.209830000000000183e+01
3.720199999999999818e+02 4.242170000000000130e+01
3.723999999999999773e+02 4.274649999999999750e+01
3.727789999999999964e+02 4.307280000000000086e+01
3.731560000000000059e+02 4.340039999999999765e+01
3.735330000000000155e+02 4.372950000000000159e+01
3.739080000000000155e+02 4.405989999999999895e+01
3.742819999999999823e+02 4.439180000000000348e+01
3.746549999999999727e+02 4.472500000000000142e+01
3.750260000000000105e+02 4.505969999999999942e+01
3.753969999999999914e+02 4.539569999999999794e+01
3.757660000000000196e+02 4.573299999999999699e+01
3.761340000000000146e+02 4.607169999999999987e+01
3.765000000000000000e+02 4.641179999999999950e+01
3.768650000000000091e+02 4.675319999999999965e+01
3.768639999999999759e+02 4.675319999999999965e+01
3.768929999999999723e+02 4.678190000000000026e+01
3.769230000000000018e+02 4.680919999999999703e+01
3.769809999999999945e+02 4.686399999999999721e+01
3.770980000000000132e+02 4.697359999999999758e+01
3.773299999999999841e+02 4.719299999999999784e+01
3.776940000000000168e+02 4.753670000000000329e+01
3.780550000000000068e+02 4.788219999999999743e+01
3.784150000000000205e+02 4.822919999999999874e+01
3.787740000000000009e+02 4.857750000000000057e+01
3.791309999999999718e+02 4.892710000000000292e+01
3.794870000000000232e+02 4.927790000000000248e+01
3.798419999999999845e+02 4.963009999999999877e+01
3.801960000000000264e+02 4.998340000000000316e+01
3.805489999999999782e+02 5.033809999999999718e+01
3.808999999999999773e+02 5.069389999999999930e+01
3.812500000000000000e+02 5.105100000000000193e+01
3.815989999999999895e+02 5.140939999999999799e+01
3.819460000000000264e+02 5.176890000000000214e+01
3.822919999999999732e+02 5.212960000000000349e+01
3.826370000000000005e+02 5.249150000000000205e+01
3.829809999999999945e+02 5.285470000000000113e+01
3.833240000000000123e+02 5.321889999999999787e+01
3.836650000000000205e+02 5.358440000000000225e+01
3.840049999999999955e+02 5.395100000000000051e+01
3.843439999999999941e+02 5.431880000000000308e+01
3.846809999999999832e+02 5.468769999999999953e+01
3.850169999999999959e+02 5.505769999999999698e+01
3.853519999999999754e+02 5.542889999999999873e+01
3.856859999999999786e+02 5.580109999999999815e+01
3.860190000000000055e+02 5.617450000000000188e+01
3.863500000000000227e+02 5.654899999999999949e+01
3.866800000000000068e+02 5.692450000000000188e+01
3.870090000000000146e+02 5.730109999999999815e+01
3.873369999999999891e+02 5.767880000000000251e+01
3.876630000000000109e+02 5.805760000000000076e+01
3.879879999999999995e+02 5.843739999999999668e+01
3.883120000000000118e+02 5.881819999999999737e+01
3.886349999999999909e+02 5.920009999999999906e+01
3.889569999999999936e+02 5.958299999999999841e+01
3.892769999999999868e+02 5.996690000000000254e+01
3.895960000000000036e+02 6.035179999999999723e+01
3.899139999999999873e+02 6.073769999999999669e+01
3.902309999999999945e+02 6.112460000000000093e+01
3.905459999999999923e+02 6.151250000000000284e+01
3.908609999999999900e+02 6.190140000000000242e+01
3.911739999999999782e+02 6.229120000000000346e+01
3.914859999999999900e+02 6.268200000000000216e+01
3.917970000000000255e+02 6.307370000000000232e+01
3.921059999999999945e+02 6.346629999999999683e+01
3.924150000000000205e+02 6.385990000000000322e+01
3.927219999999999800e+02 6.425440000000000396e+01
3.930280000000000200e+02 6.464979999999999905e+01
3.933330000000000268e+02 6.504609999999999559e+01
3.936360000000000241e+02 6.544329999999999359e+01
3.939390000000000214e+02 6.584139999999999304e+01
3.942400000000000091e+02 6.624039999999999395e+01
3.945400000000000205e+02 6.664019999999999300e+01
3.948399999999999750e+02 6.704089999999999350e+01
3.951370000000000005e+02 6.744249999999999545e+01
3.954340000000000259e+02 6.784489999999999554e+01
3.957300000000000182e+02 6.824809999999999377e+01
3.960240000000000009e+02 6.865219999999999345e+01
3.963179999999999836e+02 6.905710000000000548e+01
3.966100000000000136e+02 6.946280000000000143e+01
3.969010000000000105e+02 6.986929999999999552e+01
3.971909999999999741e+02 7.027660000000000196e+01
3.974800000000000182e+02 7.068470000000000653e+01
3.977679999999999723e+02 7.109359999999999502e+01
3.980539999999999736e+02 7.150329999999999586e+01
3.983399999999999750e+02 7.191370000000000573e+01
3.986250000000000000e+02 7.232489999999999952e+01
3.989080000000000155e+02 7.273690000000000566e+01
3.991899999999999977e+02 7.314960000000000662e+01
3.994710000000000036e+02 7.356300000000000239e+01
3.997520000000000095e+02 7.397709999999999297e+01
4.000310000000000059e+02 7.439199999999999591e+01
4.003090000000000259e+02 7.480759999999999366e+01
4.005860000000000127e+02 7.522400000000000375e+01
4.008609999999999900e+02 7.564100000000000534e+01
4.011360000000000241e+02 7.605870000000000175e+01
4.014100000000000250e+02 7.647709999999999297e+01
4.016829999999999927e+02 7.689619999999999322e+01
4.019540000000000077e+02 7.731600000000000250e+01
4.022250000000000227e+02 7.773640000000000327e+01
4.024940000000000282e+02 7.815749999999999886e+01
4.027629999999999768e+02 7.857930000000000348e+01
4.030310000000000059e+02 7.900169999999999959e+01
4.032970000000000255e+02 7.942470000000000141e+01
4.035629999999999882e+02 7.984839999999999804e+01
4.038269999999999982e+02 8.027280000000000371e+01
4.040910000000000082e+02 8.069769999999999754e+01
4.043530000000000086e+02 8.112330000000000041e+01
4.046150000000000091e+02 8.154949999999999477e+01
4.048750000000000000e+02 8.197620000000000573e+01
4.051349999999999909e+02 8.240359999999999729e+01
4.053929999999999723e+02 8.283159999999999457e+01
4.056510000000000105e+02 8.326019999999999754e+01
4.059069999999999823e+02 8.368930000000000291e+01
4.061630000000000109e+02 8.411910000000000309e+01
4.064169999999999732e+02 8.454940000000000566e+01
4.066709999999999923e+02 8.498019999999999641e+01
4.069239999999999782e+02 8.541169999999999618e+01
4.071759999999999877e+02 8.584359999999999502e+01
4.074259999999999877e+02 8.627620000000000289e+01
4.076759999999999877e+02 8.670919999999999561e+01
4.079250000000000114e+02 8.714289999999999736e+01
4.081730000000000018e+02 8.757699999999999818e+01
4.084200000000000159e+02 8.801170000000000471e+01
4.086669999999999732e+02 8.844689999999999941e+01
4.089119999999999777e+02 8.888259999999999650e+01
4.091560000000000059e+02 8.931879999999999598e+01
4.093999999999999773e+02 8.975549999999999784e+01
4.096419999999999959e+02 9.019280000000000541e+01
4.098840000000000146e+02 9.063049999999999784e+01
4.101250000000000000e+02 9.106870000000000687e+01
4.103650000000000091e+02 9.150740000000000407e+01
4.106039999999999850e+02 9.194660000000000366e+01
4.108419999999999845e+02 9.238630000000000564e+01
4.110790000000000077e+02 9.282640000000000668e+01
4.113149999999999977e+02 9.326699999999999591e+01
4.115509999999999877e+02 9.370810000000000173e+01
4.117850000000000250e+02 9.414960000000000662e+01
4.120190000000000055e+02 9.459159999999999968e+01
4.122520000000000095e+02 9.503409999999999513e+01
4.124839999999999804e+02 9.547690000000000055e+01
4.127149999999999750e+02 9.592029999999999745e+01
4.129460000000000264e+02 9.636400000000000432e+01
4.131750000000000114e+02 9.680819999999999936e+01
4.134039999999999964e+02 9.725279999999999347e+01
4.136320000000000050e+02 9.769790000000000418e+01
4.138589999999999804e+02 9.814329999999999643e+01
4.140849999999999795e+02 9.858920000000000528e+01
4.143109999999999786e+02 9.903549999999999898e+01
4.145360000000000014e+02 9.948220000000000596e+01
4.147590000000000146e+02 9.992929999999999779e+01
4.149820000000000277e+02 1.003769999999999953e+02
4.152049999999999841e+02 1.008250000000000028e+02
4.154259999999999877e+02 1.012729999999999961e+02
4.156469999999999914e+02 1.017219999999999942e+02
4.158670000000000186e+02 1.021710000000000065e+02
4.160860000000000127e+02 1.026200000000000045e+02
4.163039999999999736e+02 1.030699999999999932e+02
4.165219999999999914e+02 1.035199999999999960e+02
4.167389999999999759e+02 1.039710000000000036e+02
4.169549999999999841e+02 1.044219999999999970e+02
4.171700000000000159e+02 1.048730000000000047e+02
4.173840000000000146e+02 1.053239999999999981e+02
4.175980000000000132e+02 1.057759999999999962e+02
4.178109999999999786e+02 1.062289999999999992e+02
4.180240000000000009e+02 1.066820000000000022e+02
4.182350000000000136e+02 1.071350000000000051e+02
4.184460000000000264e+02 1.075879999999999939e+02
4.186560000000000059e+02 1.080420000000000016e+02
4.188650000000000091e+02 1.084959999999999951e+02
4.190740000000000123e+02 1.089500000000000028e+02
4.192819999999999823e+02 1.094050000000000011e+02
4.194889999999999759e+02 1.098599999999999994e+02
4.196960000000000264e+02 1.103149999999999977e+02
4.199019999999999868e+02 1.107710000000000008e+02
4.201070000000000277e+02 1.112270000000000039e+02
4.203109999999999786e+02 1.116830000000000069e+02
4.205149999999999864e+02 1.121400000000000006e+02
4.207180000000000177e+02 1.125969999999999942e+02
4.209200000000000159e+02 1.130540000000000020e+02
4.211220000000000141e+02 1.135120000000000005e+02
4.213229999999999791e+02 1.139689999999999941e+02
4.215230000000000246e+02 1.144270000000000067e+02
4.217230000000000132e+02 1.148859999999999957e+02
4.219220000000000255e+02 1.153449999999999989e+02
4.221200000000000045e+02 1.158040000000000020e+02
4.223179999999999836e+02 1.162630000000000052e+02
4.225140000000000100e+02 1.167219999999999942e+02
4.227110000000000127e+02 1.171820000000000022e+02
4.229060000000000059e+02 1.176419999999999959e+02
4.231009999999999991e+02 1.181029999999999944e+02
4.232959999999999923e+02 1.185639999999999930e+02
4.234900000000000091e+02 1.190240000000000009e+02
4.236829999999999927e+02 1.194860000000000042e+02
4.238750000000000000e+02 1.199470000000000027e+02
4.240670000000000073e+02 1.204090000000000060e+02
4.242579999999999814e+02 1.208709999999999951e+02
4.244490000000000123e+02 1.213329999999999984e+02
4.246390000000000100e+02 1.217960000000000065e+02
4.248279999999999745e+02 1.222579999999999956e+02
4.250169999999999959e+02 1.227210000000000036e+02
4.252049999999999841e+02 1.231850000000000023e+02
4.253929999999999723e+02 1.236479999999999961e+02
4.255790000000000077e+02 1.241119999999999948e+02
4.257660000000000196e+02 1.245759999999999934e+02
4.259519999999999982e+02 1.250400000000000063e+02
4.261370000000000005e+02 1.255049999999999955e+02
4.263210000000000264e+02 1.259689999999999941e+02
4.265049999999999955e+02 1.264339999999999975e+02
4.266890000000000214e+02 1.268990000000000009e+02
4.268709999999999809e+02 1.273649999999999949e+02
4.270539999999999736e+02 1.278299999999999983e+02
4.272350000000000136e+02 1.282959999999999923e+02
4.274159999999999968e+02 1.287620000000000005e+02
4.275969999999999800e+02 1.292290000000000134e+02
4.275960000000000036e+02 1.292290000000000134e+02
4.276109999999999900e+02 1.292659999999999911e+02
4.276250000000000000e+02 1.293029999999999973e+02
4.276539999999999964e+02 1.293779999999999859e+02
4.277110000000000127e+02 1.295269999999999868e+02
4.278269999999999982e+02 1.298259999999999934e+02
4.280059999999999718e+02 1.302930000000000064e+02
4.281850000000000023e+02 1.307589999999999861e+02
4.283629999999999995e+02 1.312270000000000039e+02
4.285409999999999968e+02 1.316939999999999884e+02
4.287180000000000177e+02 1.321620000000000061e+02
4.288940000000000055e+02 1.326299999999999955e+02
4.290699999999999932e+02 1.330980000000000132e+02
4.292450000000000045e+02 1.335660000000000025e+02
4.294200000000000159e+02 1.340339999999999918e+02
4.295939999999999941e+02 1.345029999999999859e+02
4.297679999999999723e+02 1.349720000000000084e+02
4.299409999999999741e+02 1.354410000000000025e+02
4.301139999999999759e+02 1.359099999999999966e+02
4.302860000000000014e+02 1.363789999999999907e+02
4.304580000000000268e+02 1.368489999999999895e+02
4.306290000000000191e+02 1.373189999999999884e+02
4.308000000000000114e+02 1.377889999999999873e+02
4.309700000000000273e+02 1.382589999999999861e+02
4.311390000000000100e+02 1.387290000000000134e+02
4.313090000000000259e+02 1.391999999999999886e+02
4.314769999999999754e+02 1.396709999999999923e+02
4.316449999999999818e+02 1.401409999999999911e+02
4.318129999999999882e+02 1.406129999999999995e+02
4.319800000000000182e+02 1.410840000000000032e+02
4.321469999999999914e+02 1.415550000000000068e+02
4.323129999999999882e+02 1.420269999999999868e+02
4.324780000000000086e+02 1.424989999999999952e+02
4.326429999999999723e+02 1.429710000000000036e+02
4.328079999999999927e+02 1.434430000000000121e+02
4.329719999999999800e+02 1.439149999999999920e+02
4.331360000000000241e+02 1.443870000000000005e+02
4.332989999999999782e+02 1.448600000000000136e+02
4.334619999999999891e+02 1.453329999999999984e+02
4.336240000000000236e+02 1.458060000000000116e+02
4.337860000000000014e+02 1.462789999999999964e+02
4.339470000000000027e+02 1.467520000000000095e+02
4.341080000000000041e+02 1.472259999999999991e+02
4.342679999999999723e+02 1.476990000000000123e+02
4.344279999999999973e+02 1.481730000000000018e+02
4.345880000000000223e+02 1.486469999999999914e+02
4.347470000000000141e+02 1.491210000000000093e+02
4.349049999999999727e+02 1.495949999999999989e+02
4.350629999999999882e+02 1.500689999999999884e+02
4.352210000000000036e+02 1.505440000000000111e+02
4.353779999999999859e+02 1.510180000000000007e+02
4.355350000000000250e+02 1.514929999999999950e+02
4.356909999999999741e+02 1.519679999999999893e+02
4.358469999999999800e+02 1.524430000000000121e+02
4.360029999999999859e+02 1.529180000000000064e+02
4.361580000000000155e+02 1.533940000000000055e+02
4.363120000000000118e+02 1.538689999999999998e+02
4.364669999999999845e+02 1.543449999999999989e+02
4.366200000000000045e+02 1.548209999999999980e+02
4.367740000000000009e+02 1.552969999999999970e+02
4.369259999999999877e+02 1.557729999999999961e+02
4.370790000000000077e+02 1.562489999999999952e+02
4.372309999999999945e+02 1.567249999999999943e+02
4.373829999999999814e+02 1.572019999999999982e+02
4.375339999999999918e+02 1.576779999999999973e+02
4.376850000000000023e+02 1.581550000000000011e+02
4.378349999999999795e+02 1.586320000000000050e+02
4.379850000000000136e+02 1.591090000000000089e+02
4.381340000000000146e+02 1.595860000000000127e+02
4.382839999999999918e+02 1.600629999999999882e+02
4.384320000000000164e+02 1.605409999999999968e+02
4.385810000000000173e+02 1.610180000000000007e+02
4.387289999999999850e+02 1.614960000000000093e+02
4.388759999999999764e+02 1.619730000000000132e+02
4.390230000000000246e+02 1.624509999999999934e+02
4.391700000000000159e+02 1.629290000000000020e+02
4.393159999999999741e+02 1.634070000000000107e+02
4.394619999999999891e+02 1.638859999999999957e+02
4.396080000000000041e+02 1.643640000000000043e+02
4.397529999999999859e+02 1.648420000000000130e+02
4.398980000000000246e+02 1.653209999999999980e+02
4.400419999999999732e+02 1.658000000000000114e+02
4.401859999999999786e+02 1.662779999999999916e+02
4.403299999999999841e+02 1.667570000000000050e+02
4.404730000000000132e+02 1.672359999999999900e+02
4.406159999999999854e+02 1.677160000000000082e+02
4.407590000000000146e+02 1.681949999999999932e+02
4.409010000000000105e+02 1.686740000000000066e+02
4.410430000000000064e+02 1.691539999999999964e+02
4.411840000000000259e+02 1.696330000000000098e+02
4.413249999999999886e+02 1.701129999999999995e+02
4.414660000000000082e+02 1.705929999999999893e+02
4.416059999999999945e+02 1.710730000000000075e+02
4.417459999999999809e+02 1.715529999999999973e+02
4.418860000000000241e+02 1.720329999999999870e+02
4.420249999999999773e+02 1.725130000000000052e+02
4.421639999999999873e+02 1.729929999999999950e+02
4.423020000000000209e+02 1.734739999999999895e+02
4.424399999999999977e+02 1.739540000000000077e+02
4.425779999999999745e+02 1.744350000000000023e+02
4.427160000000000082e+02 1.749159999999999968e+02
4.428530000000000086e+02 1.753969999999999914e+02
4.429900000000000091e+02 1.758770000000000095e+02
4.431259999999999764e+02 1.763580000000000041e+02
4.432620000000000005e+02 1.768400000000000034e+02
4.433980000000000246e+02 1.773209999999999980e+02
4.435330000000000155e+02 1.778019999999999925e+02
4.436680000000000064e+02 1.782839999999999918e+02
4.438029999999999973e+02 1.787649999999999864e+02
4.439370000000000118e+02 1.792470000000000141e+02
4.440710000000000264e+02 1.797280000000000086e+02
4.442049999999999841e+02 1.802100000000000080e+02
4.443389999999999986e+02 1.806920000000000073e+02
4.444719999999999800e+02 1.811740000000000066e+02
4.446039999999999850e+02 1.816560000000000059e+02
4.447370000000000232e+02 1.821380000000000052e+02
4.448690000000000282e+02 1.826200000000000045e+02
4.450009999999999764e+02 1.831030000000000086e+02
4.451320000000000050e+02 1.835850000000000080e+02
4.452629999999999768e+02 1.840680000000000121e+02
4.453940000000000055e+02 1.845500000000000114e+02
4.455240000000000009e+02 1.850329999999999870e+02
4.456549999999999727e+02 1.855159999999999911e+02
4.457839999999999918e+02 1.859989999999999952e+02
4.459139999999999873e+02 1.864809999999999945e+02
4.460430000000000064e+02 1.869639999999999986e+02
4.461720000000000255e+02 1.874480000000000075e+02
4.463009999999999877e+02 1.879310000000000116e+02
4.464289999999999736e+02 1.884139999999999873e+02
4.465570000000000164e+02 1.888969999999999914e+02
4.466850000000000023e+02 1.893810000000000002e+02
4.468120000000000118e+02 1.898640000000000043e+02
4.469390000000000214e+02 1.903480000000000132e+02
4.470659999999999741e+02 1.908319999999999936e+02
4.471920000000000073e+02 1.913149999999999977e+02
4.473190000000000168e+02 1.917990000000000066e+02
4.474440000000000168e+02 1.922829999999999870e+02
4.475699999999999932e+02 1.927669999999999959e+02
4.476949999999999932e+02 1.932510000000000048e+02
4.478199999999999932e+02 1.937350000000000136e+02
4.479449999999999932e+02 1.942189999999999941e+02
4.480690000000000168e+02 1.947040000000000077e+02
4.481929999999999836e+02 1.951879999999999882e+02
4.483170000000000073e+02 1.956719999999999970e+02
4.484409999999999741e+02 1.961570000000000107e+02
4.485640000000000214e+02 1.966409999999999911e+02
4.486870000000000118e+02 1.971260000000000048e+02
4.488100000000000023e+02 1.976109999999999900e+02
4.489320000000000164e+02 1.980960000000000036e+02
4.490539999999999736e+02 1.985800000000000125e+02
4.491759999999999877e+02 1.990649999999999977e+02
4.492980000000000018e+02 1.995500000000000114e+02
4.494189999999999827e+02 2.000349999999999966e+02
4.495400000000000205e+02 2.005209999999999866e+02
4.496610000000000014e+02 2.010060000000000002e+02
4.497810000000000059e+02 2.014910000000000139e+02
4.499010000000000105e+02 2.019759999999999991e+02
4.500210000000000150e+02 2.024619999999999891e+02
4.501410000000000196e+02 2.029470000000000027e+02
4.502599999999999909e+02 2.034329999999999927e+02
4.503790000000000191e+02 2.039180000000000064e+02
4.504979999999999905e+02 2.044039999999999964e+02
4.506170000000000186e+02 2.048899999999999864e+02
4.507350000000000136e+02 2.053760000000000048e+02
4.508530000000000086e+02 2.058619999999999948e+02
4.509710000000000036e+02 2.063470000000000084e+02
4.510880000000000223e+02 2.068329999999999984e+02
4.512060000000000173e+02 2.073199999999999932e+02
4.513229999999999791e+02 2.078060000000000116e+02
4.514390000000000214e+02 2.082920000000000016e+02
4.515559999999999832e+02 2.087779999999999916e+02
4.516720000000000255e+02 2.092640000000000100e+02
4.517880000000000109e+02 2.097510000000000048e+02
4.519039999999999964e+02 2.102369999999999948e+02
4.520190000000000055e+02 2.107239999999999895e+02
4.521349999999999909e+02 2.112100000000000080e+02
4.522490000000000236e+02 2.116970000000000027e+02
4.523639999999999759e+02 2.121829999999999927e+02
4.524789999999999850e+02 2.126699999999999875e+02
4.525930000000000177e+02 2.131570000000000107e+02
4.527069999999999936e+02 2.136440000000000055e+02
4.528210000000000264e+02 2.141310000000000002e+02
4.529340000000000259e+02 2.146179999999999950e+02
4.530470000000000255e+02 2.151049999999999898e+02
4.531600000000000250e+02 2.155920000000000130e+02
4.532730000000000246e+02 2.160790000000000077e+02
4.533860000000000241e+02 2.165660000000000025e+02
4.534979999999999905e+02 2.170529999999999973e+02
4.536100000000000136e+02 2.175409999999999968e+02
4.537219999999999800e+02 2.180279999999999916e+02
4.538330000000000268e+02 2.185149999999999864e+02
4.539449999999999932e+02 2.190029999999999859e+02
4.540559999999999832e+02 2.194900000000000091e+02
4.541659999999999968e+02 2.199780000000000086e+02
4.542769999999999868e+02 2.204650000000000034e+02
4.543870000000000005e+02 2.209530000000000030e+02
4.544979999999999905e+02 2.214410000000000025e+02
4.546080000000000041e+02 2.219290000000000020e+02
4.547169999999999845e+02 2.224159999999999968e+02
