1.493640000000000079e+01 1.443149999999999988e-01
1.503630000000000067e+01 1.432529999999999915e-01
1.513630000000000031e+01 1.422049999999999981e-01
1.523629999999999995e+01 1.411709999999999909e-01
1.533629999999999960e+01 1.401509999999999978e-01
1.543629999999999924e+01 1.391429999999999889e-01
1.553630000000000067e+01 1.381489999999999940e-01
1.563630000000000031e+01 1.371670000000000111e-01
1.573629999999999995e+01 1.361980000000000135e-01
1.583629999999999960e+01 1.352410000000000001e-01
1.593629999999999924e+01 1.342959999999999987e-01
1.603620000000000090e+01 1.333630000000000093e-01
1.613619999999999877e+01 1.324410000000000032e-01
1.623620000000000019e+01 1.315310000000000090e-01
1.633620000000000161e+01 1.306319999999999981e-01
1.643619999999999948e+01 1.297439999999999982e-01
1.653620000000000090e+01 1.288660000000000083e-01
1.663619999999999877e+01 1.279990000000000017e-01
1.673620000000000019e+01 1.271430000000000060e-01
1.683620000000000161e+01 1.262969999999999926e-01
1.693619999999999948e+01 1.254599999999999882e-01
1.703620000000000090e+01 1.246339999999999948e-01
1.713619999999999877e+01 1.238169999999999965e-01
1.723610000000000042e+01 1.230089999999999933e-01
1.733609999999999829e+01 1.222110000000000002e-01
1.743609999999999971e+01 1.214220000000000022e-01
1.753610000000000113e+01 1.206419999999999992e-01
1.763609999999999900e+01 1.198710000000000053e-01
1.773610000000000042e+01 1.191090000000000065e-01
1.783609999999999829e+01 1.183550000000000019e-01
1.793609999999999971e+01 1.176090000000000052e-01
1.803610000000000113e+01 1.168720000000000037e-01
1.813609999999999900e+01 1.161429999999999962e-01
1.823610000000000042e+01 1.154219999999999968e-01
1.833609999999999829e+01 1.147080000000000044e-01
1.843609999999999971e+01 1.140029999999999932e-01
1.853610000000000113e+01 1.133050000000000029e-01
1.863609999999999900e+01 1.126150000000000068e-01
1.873610000000000042e+01 1.119310000000000027e-01
1.883599999999999852e+01 1.112559999999999938e-01
1.893599999999999994e+01 1.105870000000000047e-01
1.903600000000000136e+01 1.099249999999999949e-01
1.913599999999999923e+01 1.092709999999999931e-01
1.923600000000000065e+01 1.086229999999999973e-01
1.933599999999999852e+01 1.079809999999999937e-01
1.943599999999999994e+01 1.073469999999999980e-01
1.953600000000000136e+01 1.067189999999999944e-01
1.963599999999999923e+01 1.060969999999999969e-01
1.973600000000000065e+01 1.054820000000000063e-01
1.983599999999999852e+01 1.048720000000000069e-01
1.993599999999999994e+01 1.042690000000000006e-01
2.003600000000000136e+01 1.036720000000000003e-01
2.013599999999999923e+01 1.030810000000000060e-01
2.023600000000000065e+01 1.024960000000000038e-01
2.033599999999999852e+01 1.019160000000000066e-01
2.043599999999999994e+01 1.013420000000000015e-01
2.053600000000000136e+01 1.007740000000000025e-01
2.063599999999999923e+01 1.002109999999999945e-01
2.073600000000000065e+01 9.965350000000000597e-02
2.083599999999999852e+01 9.910140000000000615e-02
2.093590000000000018e+01 9.855469999999999509e-02
2.103590000000000160e+01 9.801310000000000577e-02
2.113589999999999947e+01 9.747669999999999946e-02
2.123590000000000089e+01 9.694529999999999814e-02
2.133589999999999876e+01 9.641879999999999895e-02
2.143590000000000018e+01 9.589730000000000476e-02
2.153590000000000160e+01 9.538069999999999882e-02
2.163589999999999947e+01 9.486880000000000313e-02
2.173590000000000089e+01 9.436160000000000381e-02
2.183589999999999876e+01 9.385910000000000086e-02
2.193590000000000018e+01 9.336110000000000242e-02
2.203590000000000160e+01 9.286769999999999747e-02
2.213589999999999947e+01 9.237869999999999415e-02
2.223590000000000089e+01 9.189410000000000633e-02
2.233589999999999876e+01 9.141390000000000626e-02
2.243590000000000018e+01 9.093790000000000207e-02
2.253590000000000160e+01 9.046619999999999662e-02
2.263589999999999947e+01 8.999859999999999804e-02
2.273590000000000089e+01 8.953510000000000635e-02
2.283589999999999876e+01 8.907569999999999377e-02
2.293590000000000018e+01 8.862029999999999907e-02
2.303590000000000160e+01 8.816889999999999450e-02
2.313589999999999947e+01 8.772130000000000205e-02
2.323590000000000089e+01 8.727759999999999685e-02
2.333589999999999876e+01 8.683780000000000665e-02
2.343590000000000018e+01 8.640159999999999507e-02
2.353590000000000160e+01 8.596919999999999562e-02
2.363589999999999947e+01 8.554040000000000254e-02
2.373590000000000089e+01 8.511530000000000484e-02
2.383589999999999876e+01 8.469369999999999676e-02
2.393590000000000018e+01 8.427560000000000606e-02
2.403590000000000160e+01 8.386100000000000498e-02
2.413579999999999970e+01 8.344980000000000453e-02
2.423580000000000112e+01 8.304209999999999370e-02
2.433579999999999899e+01 8.263769999999999449e-02
2.443580000000000041e+01 8.223660000000000692e-02
2.453579999999999828e+01 8.183870000000000033e-02
2.463579999999999970e+01 8.144410000000000538e-02
2.473580000000000112e+01 8.105270000000000530e-02
2.483579999999999899e+01 8.066439999999999722e-02
2.493580000000000041e+01 8.027929999999999788e-02
2.503579999999999828e+01 7.989720000000000155e-02
2.513579999999999970e+01 7.951819999999999722e-02
2.523580000000000112e+01 7.914210000000000689e-02
2.533579999999999899e+01 7.876909999999999468e-02
2.543580000000000041e+01 7.839889999999999359e-02
2.553579999999999828e+01 7.803169999999999551e-02
2.563579999999999970e+01 7.766729999999999468e-02
2.573580000000000112e+01 7.730579999999999397e-02
2.583579999999999899e+01 7.694710000000000438e-02
2.593580000000000041e+01 7.659109999999999530e-02
2.603579999999999828e+01 7.623789999999999734e-02
2.613579999999999970e+01 7.588730000000000475e-02
2.623580000000000112e+01 7.553949999999999554e-02
2.633579999999999899e+01 7.519420000000000270e-02
2.643580000000000041e+01 7.485160000000000424e-02
2.653579999999999828e+01 7.451159999999999728e-02
2.663579999999999970e+01 7.417410000000000669e-02
2.673580000000000112e+01 7.383919999999999373e-02
2.683579999999999899e+01 7.350669999999999427e-02
2.693580000000000041e+01 7.317669999999999730e-02
2.703579999999999828e+01 7.284920000000000284e-02
2.713579999999999970e+01 7.252400000000000513e-02
2.723580000000000112e+01 7.220129999999999604e-02
2.733579999999999899e+01 7.188089999999999757e-02
2.743580000000000041e+01 7.156289999999999873e-02
2.753579999999999828e+01 7.124709999999999377e-02
2.763579999999999970e+01 7.093370000000000231e-02
2.773580000000000112e+01 7.062250000000000472e-02
2.783579999999999899e+01 7.031350000000000100e-02
2.793580000000000041e+01 7.000679999999999403e-02
2.803579999999999828e+01 6.970220000000000582e-02
2.813579999999999970e+01 6.939979999999999760e-02
2.823580000000000112e+01 6.909949999999999426e-02
2.833579999999999899e+01 6.880139999999999867e-02
2.843580000000000041e+01 6.850539999999999408e-02
2.853579999999999828e+01 6.821140000000000536e-02
2.863579999999999970e+01 6.791949999999999377e-02
2.873580000000000112e+01 6.762959999999999805e-02
2.883579999999999899e+01 6.734170000000000433e-02
2.893580000000000041e+01 6.705590000000000162e-02
2.903579999999999828e+01 6.677199999999999802e-02
2.913579999999999970e+01 6.648999999999999355e-02
2.923580000000000112e+01 6.621000000000000496e-02
2.933579999999999899e+01 6.593179999999999874e-02
2.943580000000000041e+01 6.565559999999999452e-02
2.953579999999999828e+01 6.538120000000000043e-02
2.963579999999999970e+01 6.510870000000000546e-02
2.973570000000000135e+01 6.483809999999999574e-02
2.983569999999999922e+01 6.456919999999999327e-02
2.993570000000000064e+01 6.430210000000000092e-02
3.003569999999999851e+01 6.403680000000000483e-02
3.013569999999999993e+01 6.377330000000000498e-02
3.023570000000000135e+01 6.351149999999999851e-02
3.033569999999999922e+01 6.325139999999999929e-02
3.043570000000000064e+01 6.299309999999999632e-02
3.053569999999999851e+01 6.273639999999999772e-02
3.063569999999999993e+01 6.248139999999999944e-02
3.073570000000000135e+01 6.222810000000000147e-02
3.083569999999999922e+01 6.197640000000000093e-02
3.093570000000000064e+01 6.172640000000000071e-02
3.103569999999999851e+01 6.147790000000000199e-02
3.113569999999999993e+01 6.123109999999999664e-02
3.123570000000000135e+01 6.098579999999999973e-02
3.133569999999999922e+01 6.074210000000000026e-02
3.143570000000000064e+01 6.049990000000000229e-02
3.153569999999999851e+01 6.025930000000000175e-02
3.163569999999999993e+01 6.002020000000000272e-02
3.173570000000000135e+01 5.978259999999999824e-02
3.183569999999999922e+01 5.954650000000000221e-02
3.193570000000000064e+01 5.931190000000000073e-02
3.203569999999999851e+01 5.907880000000000076e-02
3.213569999999999993e+01 5.884709999999999941e-02
3.223570000000000135e+01 5.861679999999999668e-02
3.233570000000000277e+01 5.838800000000000240e-02
3.243569999999999709e+01 5.816049999999999692e-02
3.253569999999999851e+01 5.793449999999999989e-02
3.263569999999999993e+01 5.770979999999999860e-02
3.273570000000000135e+01 5.748659999999999881e-02
3.283570000000000277e+01 5.726459999999999884e-02
3.293569999999999709e+01 5.704410000000000036e-02
3.303569999999999851e+01 5.682480000000000170e-02
3.313569999999999993e+01 5.660690000000000166e-02
3.323570000000000135e+01 5.639029999999999737e-02
3.333570000000000277e+01 5.617500000000000271e-02
3.343569999999999709e+01 5.596099999999999686e-02
3.353569999999999851e+01 5.574830000000000063e-02
3.363569999999999993e+01 5.553679999999999728e-02
3.373570000000000135e+01 5.532659999999999662e-02
3.383570000000000277e+01 5.511760000000000270e-02
3.393569999999999709e+01 5.490989999999999760e-02
3.403569999999999851e+01 5.470339999999999925e-02
3.413569999999999993e+01 5.449799999999999783e-02
3.423570000000000135e+01 5.429389999999999911e-02
3.433570000000000277e+01 5.409100000000000019e-02
3.443569999999999709e+01 5.388939999999999703e-02
3.453569999999999851e+01 5.368930000000000230e-02
3.461569999999999681e+01 5.353009999999999713e-02
3.465570000000000306e+01 5.345060000000000089e-02
3.499569999999999936e+01 5.278080000000000271e-02
3.509570000000000078e+01 5.258659999999999723e-02
3.519570000000000221e+01 5.239350000000000257e-02
3.529569999999999652e+01 5.220140000000000197e-02
3.539569999999999794e+01 5.201050000000000118e-02
3.549569999999999936e+01 5.182060000000000138e-02
3.559570000000000078e+01 5.163179999999999853e-02
3.569570000000000221e+01 5.144409999999999955e-02
3.579569999999999652e+01 5.125740000000000157e-02
3.589569999999999794e+01 5.107180000000000053e-02
3.599569999999999936e+01 5.088709999999999761e-02
3.609570000000000078e+01 5.070360000000000145e-02
3.619570000000000221e+01 5.052100000000000340e-02
3.629569999999999652e+01 5.033939999999999942e-02
3.639569999999999794e+01 5.015880000000000338e-02
3.649569999999999936e+01 4.997920000000000140e-02
3.659570000000000078e+01 4.980060000000000042e-02
3.669570000000000221e+01 4.962300000000000044e-02
3.679569999999999652e+01 4.944629999999999859e-02
3.689569999999999794e+01 4.927059999999999773e-02
3.699569999999999936e+01 4.909589999999999788e-02
3.709570000000000078e+01 4.892210000000000308e-02
3.719570000000000221e+01 4.874919999999999948e-02
3.729569999999999652e+01 4.857720000000000093e-02
3.739569999999999794e+01 4.840620000000000339e-02
3.749569999999999936e+01 4.823609999999999703e-02
3.759570000000000078e+01 4.806679999999999980e-02
3.769570000000000221e+01 4.789849999999999663e-02
3.779569999999999652e+01 4.773109999999999853e-02
3.789569999999999794e+01 4.756459999999999855e-02
3.799569999999999936e+01 4.739890000000000075e-02
3.809570000000000078e+01 4.723410000000000108e-02
3.819570000000000221e+01 4.707009999999999666e-02
3.829569999999999652e+01 4.690710000000000018e-02
3.839569999999999794e+01 4.674480000000000302e-02
3.849569999999999936e+01 4.658339999999999703e-02
3.859570000000000078e+01 4.642290000000000305e-02
3.869570000000000221e+01 4.626319999999999738e-02
3.879569999999999652e+01 4.610430000000000084e-02
3.889569999999999794e+01 4.594619999999999954e-02
3.899569999999999936e+01 4.578890000000000043e-02
3.909570000000000078e+01 4.563249999999999945e-02
3.919570000000000221e+01 4.547679999999999778e-02
3.929569999999999652e+01 4.532189999999999830e-02
3.939569999999999794e+01 4.516780000000000100e-02
3.949569999999999936e+01 4.501449999999999896e-02
3.959570000000000078e+01 4.486199999999999910e-02
3.969570000000000221e+01 4.471019999999999855e-02
3.979569999999999652e+01 4.455920000000000020e-02
3.989569999999999794e+01 4.440899999999999709e-02
3.999569999999999936e+01 4.425950000000000023e-02
4.009570000000000078e+01 4.411070000000000269e-02
4.019570000000000221e+01 4.396270000000000039e-02
4.029569999999999652e+01 4.381539999999999740e-02
4.039569999999999794e+01 4.366889999999999661e-02
4.049569999999999936e+01 4.352310000000000206e-02
4.059570000000000078e+01 4.337799999999999989e-02
4.069570000000000221e+01 4.323359999999999703e-02
4.079569999999999652e+01 4.308990000000000042e-02
4.089569999999999794e+01 4.294690000000000313e-02
4.099569999999999936e+01 4.280459999999999821e-02
4.109570000000000078e+01 4.266299999999999953e-02
4.119570000000000221e+01 4.252210000000000018e-02
4.129569999999999652e+01 4.238190000000000013e-02
4.139569999999999794e+01 4.224239999999999939e-02
4.149569999999999936e+01 4.210350000000000203e-02
4.159570000000000078e+01 4.196529999999999705e-02
4.169570000000000221e+01 4.182770000000000238e-02
4.179569999999999652e+01 4.169090000000000296e-02
4.189569999999999794e+01 4.155459999999999710e-02
4.199569999999999936e+01 4.141910000000000036e-02
4.209570000000000078e+01 4.128409999999999719e-02
4.219570000000000221e+01 4.114980000000000027e-02
4.229569999999999652e+01 4.101620000000000266e-02
4.239569999999999794e+01 4.088309999999999861e-02
4.249569999999999936e+01 4.075070000000000081e-02
4.259570000000000078e+01 4.061889999999999945e-02
4.269570000000000221e+01 4.048779999999999740e-02
4.279569999999999652e+01 4.035720000000000279e-02
4.289569999999999794e+01 4.022730000000000056e-02
4.299569999999999936e+01 4.009789999999999882e-02
4.309570000000000078e+01 3.996920000000000334e-02
4.319570000000000221e+01 3.984109999999999735e-02
4.329569999999999652e+01 3.971349999999999880e-02
4.339569999999999794e+01 3.958649999999999669e-02
4.349569999999999936e+01 3.946020000000000083e-02
4.359570000000000078e+01 3.933439999999999853e-02
4.369570000000000221e+01 3.920909999999999673e-02
4.379569999999999652e+01 3.908450000000000119e-02
4.389569999999999794e+01 3.896039999999999920e-02
4.399569999999999936e+01 3.883690000000000059e-02
4.409570000000000078e+01 3.871390000000000248e-02
4.419570000000000221e+01 3.859150000000000080e-02
4.429569999999999652e+01 3.846970000000000250e-02
4.439569999999999794e+01 3.834839999999999777e-02
4.449569999999999936e+01 3.822760000000000047e-02
4.459570000000000078e+01 3.810739999999999961e-02
4.469570000000000221e+01 3.798769999999999925e-02
4.479569999999999652e+01 3.786860000000000226e-02
4.489569999999999794e+01 3.774999999999999883e-02
4.499569999999999936e+01 3.763190000000000285e-02
4.509570000000000078e+01 3.751430000000000042e-02
4.519570000000000221e+01 3.739730000000000137e-02
4.529560000000000031e+01 3.728069999999999995e-02
4.539560000000000173e+01 3.716470000000000190e-02
4.549560000000000315e+01 3.704919999999999741e-02
4.559559999999999746e+01 3.693420000000000036e-02
4.569559999999999889e+01 3.681969999999999688e-02
4.579560000000000031e+01 3.670570000000000083e-02
4.589560000000000173e+01 3.659230000000000121e-02
4.599560000000000315e+01 3.647920000000000329e-02
4.609559999999999746e+01 3.636670000000000180e-02
4.619559999999999889e+01 3.625470000000000081e-02
4.629560000000000031e+01 3.614320000000000033e-02
4.639560000000000173e+01 3.603209999999999746e-02
4.649560000000000315e+01 3.592150000000000204e-02
4.659559999999999746e+01 3.581140000000000018e-02
4.669559999999999889e+01 3.570179999999999881e-02
4.679560000000000031e+01 3.559260000000000201e-02
4.689560000000000173e+01 3.548389999999999878e-02
4.699560000000000315e+01 3.537570000000000298e-02
4.709559999999999746e+01 3.526789999999999786e-02
4.719559999999999889e+01 3.516060000000000019e-02
4.729560000000000031e+01 3.505370000000000014e-02
4.739560000000000173e+01 3.494730000000000059e-02
4.749560000000000315e+01 3.484129999999999866e-02
4.759559999999999746e+01 3.473579999999999723e-02
4.769559999999999889e+01 3.463070000000000037e-02
4.779560000000000031e+01 3.452609999999999707e-02
4.789560000000000173e+01 3.442189999999999833e-02
4.799560000000000315e+01 3.431809999999999722e-02
4.809559999999999746e+01 3.421479999999999660e-02
4.819559999999999889e+01 3.411190000000000055e-02
4.829560000000000031e+01 3.400940000000000213e-02
4.839560000000000173e+01 3.390730000000000133e-02
4.849560000000000315e+01 3.380570000000000103e-02
4.859559999999999746e+01 3.370440000000000241e-02
4.869559999999999889e+01 3.360359999999999736e-02
4.879560000000000031e+01 3.350319999999999687e-02
4.889560000000000173e+01 3.340329999999999688e-02
4.899560000000000315e+01 3.330369999999999858e-02
4.909559999999999746e+01 3.320449999999999791e-02
4.919559999999999889e+01 3.310579999999999773e-02
4.929560000000000031e+01 3.300739999999999924e-02
4.939560000000000173e+01 3.290939999999999838e-02
4.949560000000000315e+01 3.281189999999999801e-02
4.959559999999999746e+01 3.271469999999999934e-02
4.969559999999999889e+01 3.261789999999999828e-02
4.979560000000000031e+01 3.252150000000000180e-02
4.989560000000000173e+01 3.242550000000000293e-02
4.999560000000000315e+01 3.232990000000000169e-02
5.009559999999999746e+01 3.223460000000000214e-02
5.019559999999999889e+01 3.213970000000000021e-02
5.029560000000000031e+01 3.204529999999999879e-02
5.039560000000000173e+01 3.195110000000000311e-02
5.049560000000000315e+01 3.185740000000000099e-02
5.059559999999999746e+01 3.176400000000000057e-02
5.069559999999999889e+01 3.167099999999999776e-02
5.079560000000000031e+01 3.157839999999999953e-02
5.089560000000000173e+01 3.148610000000000297e-02
5.099560000000000315e+01 3.139419999999999711e-02
5.109559999999999746e+01 3.130270000000000274e-02
5.119559999999999889e+01 3.121149999999999966e-02
5.129560000000000031e+01 3.112060000000000173e-02
5.139560000000000173e+01 3.103020000000000084e-02
5.149560000000000315e+01 3.093999999999999875e-02
5.159559999999999746e+01 3.085020000000000123e-02
5.169559999999999889e+01 3.076080000000000134e-02
5.179560000000000031e+01 3.067169999999999966e-02
5.189560000000000173e+01 3.058299999999999907e-02
5.199560000000000315e+01 3.049460000000000018e-02
5.209559999999999746e+01 3.040649999999999950e-02
5.219559999999999889e+01 3.031879999999999992e-02
5.229560000000000031e+01 3.023139999999999855e-02
5.239560000000000173e+01 3.014429999999999887e-02
5.249560000000000315e+01 3.005760000000000029e-02
5.259559999999999746e+01 2.997119999999999992e-02
5.269559999999999889e+01 2.988510000000000125e-02
5.279560000000000031e+01 2.979940000000000019e-02
5.289560000000000173e+01 2.971400000000000083e-02
5.299560000000000315e+01 2.962889999999999968e-02
5.309559999999999746e+01 2.954410000000000022e-02
5.319559999999999889e+01 2.945959999999999898e-02
5.329560000000000031e+01 2.937549999999999883e-02
5.339560000000000173e+01 2.929170000000000038e-02
5.349560000000000315e+01 2.920810000000000073e-02
5.359559999999999746e+01 2.912489999999999871e-02
5.369559999999999889e+01 2.904210000000000125e-02
5.379560000000000031e+01 2.895949999999999913e-02
5.389560000000000173e+01 2.887719999999999870e-02
5.399560000000000315e+01 2.879519999999999996e-02
5.409559999999999746e+01 2.871359999999999885e-02
5.419559999999999889e+01 2.863220000000000001e-02
5.429560000000000031e+01 2.855130000000000168e-02
5.437559999999999860e+01 2.848670000000000022e-02
5.441559999999999775e+01 2.845450000000000063e-02
5.445559999999999690e+01 2.842199999999999935e-02
5.475560000000000116e+01 2.818199999999999872e-02
5.485560000000000258e+01 2.810259999999999841e-02
5.495559999999999690e+01 2.802349999999999980e-02
5.505559999999999832e+01 2.794460000000000000e-02
5.515559999999999974e+01 2.786610000000000129e-02
5.525560000000000116e+01 2.778780000000000139e-02
5.535560000000000258e+01 2.770979999999999971e-02
5.545559999999999690e+01 2.763209999999999972e-02
5.555559999999999832e+01 2.755470000000000141e-02
5.565559999999999974e+01 2.747749999999999845e-02
5.575560000000000116e+01 2.740060000000000065e-02
5.585560000000000258e+01 2.732400000000000106e-02
5.595559999999999690e+01 2.724769999999999970e-02
5.605559999999999832e+01 2.717170000000000002e-02
5.615559999999999974e+01 2.709589999999999915e-02
5.625560000000000116e+01 2.702039999999999997e-02
5.635560000000000258e+01 2.694509999999999961e-02
5.645559999999999690e+01 2.687020000000000033e-02
5.655559999999999832e+01 2.679540000000000047e-02
5.665559999999999974e+01 2.672100000000000170e-02
5.675560000000000116e+01 2.664680000000000173e-02
5.685560000000000258e+01 2.657289999999999999e-02
5.695559999999999690e+01 2.649920000000000053e-02
5.705559999999999832e+01 2.642579999999999929e-02
5.715559999999999974e+01 2.635269999999999974e-02
5.725560000000000116e+01 2.627979999999999899e-02
5.735560000000000258e+01 2.620710000000000053e-02
5.745559999999999690e+01 2.613470000000000029e-02
5.755559999999999832e+01 2.606259999999999827e-02
5.765559999999999974e+01 2.599069999999999853e-02
5.775560000000000116e+01 2.591910000000000047e-02
5.785560000000000258e+01 2.584770000000000123e-02
5.795559999999999690e+01 2.577650000000000080e-02
5.805559999999999832e+01 2.570559999999999859e-02
5.815559999999999974e+01 2.563500000000000154e-02
5.825560000000000116e+01 2.556459999999999982e-02
5.835560000000000258e+01 2.549440000000000039e-02
5.845559999999999690e+01 2.542449999999999918e-02
5.855559999999999832e+01 2.535480000000000025e-02
5.865559999999999974e+01 2.528530000000000014e-02
5.875560000000000116e+01 2.521610000000000171e-02
5.885560000000000258e+01 2.514709999999999862e-02
5.895559999999999690e+01 2.507840000000000069e-02
5.905559999999999832e+01 2.500990000000000157e-02
5.915559999999999974e+01 2.494160000000000127e-02
5.925560000000000116e+01 2.487349999999999978e-02
5.935560000000000258e+01 2.480569999999999997e-02
5.945559999999999690e+01 2.473809999999999898e-02
5.955559999999999832e+01 2.467070000000000027e-02
5.965559999999999974e+01 2.460359999999999978e-02
5.975560000000000116e+01 2.453670000000000156e-02
5.985560000000000258e+01 2.446999999999999870e-02
5.995559999999999690e+01 2.440350000000000158e-02
6.005559999999999832e+01 2.433719999999999981e-02
6.015559999999999974e+01 2.427119999999999972e-02
6.025560000000000116e+01 2.420539999999999844e-02
6.035560000000000258e+01 2.413979999999999945e-02
6.045559999999999690e+01 2.407439999999999927e-02
6.055559999999999832e+01 2.400930000000000078e-02
6.065559999999999974e+01 2.394430000000000169e-02
6.075560000000000116e+01 2.387960000000000083e-02
6.085560000000000258e+01 2.381509999999999877e-02
6.095559999999999690e+01 2.375079999999999900e-02
6.105559999999999832e+01 2.368670000000000150e-02
6.115559999999999974e+01 2.362279999999999935e-02
6.125560000000000116e+01 2.355909999999999949e-02
6.135560000000000258e+01 2.349559999999999843e-02
6.145559999999999690e+01 2.343239999999999906e-02
6.155559999999999832e+01 2.336929999999999910e-02
6.165559999999999974e+01 2.330650000000000083e-02
6.175560000000000116e+01 2.324379999999999849e-02
6.185560000000000258e+01 2.318140000000000131e-02
6.195559999999999690e+01 2.311910000000000007e-02
6.205559999999999832e+01 2.305710000000000051e-02
6.215559999999999974e+01 2.299520000000000036e-02
6.225560000000000116e+01 2.293359999999999843e-02
6.235560000000000258e+01 2.287209999999999938e-02
6.245559999999999690e+01 2.281089999999999854e-02
6.255559999999999832e+01 2.274980000000000058e-02
6.265559999999999974e+01 2.268890000000000143e-02
6.275560000000000116e+01 2.262830000000000050e-02
6.285560000000000258e+01 2.256779999999999897e-02
6.295559999999999690e+01 2.250749999999999973e-02
6.305559999999999832e+01 2.244739999999999930e-02
6.315559999999999974e+01 2.238750000000000115e-02
6.325560000000000116e+01 2.232779999999999834e-02
6.335560000000000258e+01 2.226830000000000129e-02
6.345559999999999690e+01 2.220890000000000017e-02
6.355559999999999832e+01 2.214980000000000074e-02
6.365559999999999974e+01 2.209080000000000071e-02
6.375560000000000116e+01 2.203209999999999891e-02
6.385560000000000258e+01 2.197349999999999998e-02
6.395559999999999690e+01 2.191500000000000045e-02
6.405559999999999832e+01 2.185679999999999915e-02
6.415560000000000684e+01 2.179880000000000012e-02
6.425560000000000116e+01 2.174090000000000050e-02
6.435559999999999548e+01 2.168319999999999970e-02
6.445560000000000400e+01 2.162570000000000117e-02
6.455559999999999832e+01 2.156840000000000146e-02
6.465560000000000684e+01 2.151120000000000115e-02
6.475560000000000116e+01 2.145419999999999966e-02
6.485559999999999548e+01 2.139740000000000045e-02
6.495560000000000400e+01 2.134080000000000005e-02
6.505559999999999832e+01 2.128439999999999846e-02
6.515560000000000684e+01 2.122809999999999975e-02
6.525560000000000116e+01 2.117199999999999985e-02
6.535559999999999548e+01 2.111599999999999935e-02
6.545560000000000400e+01 2.106030000000000055e-02
6.555559999999999832e+01 2.100470000000000115e-02
6.565560000000000684e+01 2.094930000000000056e-02
6.575560000000000116e+01 2.089399999999999938e-02
6.585559999999999548e+01 2.083890000000000048e-02
6.595560000000000400e+01 2.078400000000000039e-02
6.605559999999999832e+01 2.072919999999999971e-02
6.615560000000000684e+01 2.067470000000000072e-02
6.625560000000000116e+01 2.062020000000000172e-02
6.635559999999999548e+01 2.056600000000000095e-02
6.645560000000000400e+01 2.051189999999999958e-02
6.655559999999999832e+01 2.045790000000000108e-02
6.665560000000000684e+01 2.040420000000000081e-02
6.675560000000000116e+01 2.035059999999999994e-02
6.685559999999999548e+01 2.029709999999999848e-02
6.695560000000000400e+01 2.024379999999999930e-02
6.705559999999999832e+01 2.019069999999999893e-02
6.715560000000000684e+01 2.013770000000000143e-02
6.725560000000000116e+01 2.008489999999999928e-02
6.735559999999999548e+01 2.003220000000000001e-02
6.745560000000000400e+01 1.997969999999999954e-02
6.755559999999999832e+01 1.992740000000000136e-02
6.765560000000000684e+01 1.987519999999999912e-02
6.775560000000000116e+01 1.982319999999999915e-02
6.785559999999999548e+01 1.977129999999999860e-02
6.795560000000000400e+01 1.971950000000000092e-02
6.805559999999999832e+01 1.966800000000000145e-02
6.815560000000000684e+01 1.961649999999999852e-02
6.825560000000000116e+01 1.956520000000000134e-02
6.835559999999999548e+01 1.951409999999999950e-02
6.845560000000000400e+01 1.946310000000000054e-02
6.855559999999999832e+01 1.941230000000000039e-02
6.865560000000000684e+01 1.936159999999999964e-02
6.875560000000000116e+01 1.931110000000000118e-02
6.885559999999999548e+01 1.926069999999999866e-02
6.895560000000000400e+01 1.921049999999999841e-02
6.905559999999999832e+01 1.916040000000000104e-02
6.915560000000000684e+01 1.911039999999999961e-02
6.925560000000000116e+01 1.906060000000000046e-02
6.935559999999999548e+01 1.901090000000000071e-02
6.945560000000000400e+01 1.896139999999999978e-02
6.955559999999999832e+01 1.891200000000000173e-02
6.965560000000000684e+01 1.886279999999999901e-02
6.975560000000000116e+01 1.881369999999999917e-02
6.985559999999999548e+01 1.876469999999999874e-02
6.995560000000000400e+01 1.871590000000000059e-02
7.005559999999999832e+01 1.866730000000000125e-02
7.015560000000000684e+01 1.861869999999999845e-02
7.025560000000000116e+01 1.857030000000000139e-02
7.035559999999999548e+01 1.852209999999999968e-02
7.045560000000000400e+01 1.847390000000000143e-02
7.055559999999999832e+01 1.842589999999999853e-02
7.065560000000000684e+01 1.837810000000000138e-02
7.075560000000000116e+01 1.833040000000000017e-02
7.085559999999999548e+01 1.828279999999999836e-02
7.095560000000000400e+01 1.823529999999999943e-02
7.105559999999999832e+01 1.818799999999999931e-02
7.115560000000000684e+01 1.814079999999999859e-02
7.125560000000000116e+01 1.809380000000000016e-02
7.135559999999999548e+01 1.804690000000000114e-02
7.145560000000000400e+01 1.800010000000000152e-02
7.155559999999999832e+01 1.795340000000000130e-02
7.165560000000000684e+01 1.790689999999999990e-02
7.175560000000000116e+01 1.786050000000000137e-02
7.185559999999999548e+01 1.781430000000000166e-02
7.195560000000000400e+01 1.776809999999999848e-02
7.205559999999999832e+01 1.772210000000000105e-02
7.215560000000000684e+01 1.767619999999999955e-02
7.225560000000000116e+01 1.763050000000000034e-02
7.235559999999999548e+01 1.758480000000000112e-02
7.245560000000000400e+01 1.753930000000000072e-02
7.255559999999999832e+01 1.749399999999999913e-02
7.265560000000000684e+01 1.744870000000000101e-02
7.275560000000000116e+01 1.740360000000000171e-02
7.285559999999999548e+01 1.735859999999999834e-02
7.295560000000000400e+01 1.731370000000000131e-02
7.305559999999999832e+01 1.726890000000000022e-02
7.315560000000000684e+01 1.722430000000000141e-02
7.325560000000000116e+01 1.717979999999999854e-02
7.335559999999999548e+01 1.713539999999999855e-02
7.345560000000000400e+01 1.709110000000000143e-02
7.355559999999999832e+01 1.704699999999999965e-02
7.365560000000000684e+01 1.700290000000000135e-02
7.375560000000000116e+01 1.695899999999999838e-02
7.385559999999999548e+01 1.691519999999999829e-02
7.395560000000000400e+01 1.687160000000000049e-02
7.405559999999999832e+01 1.682809999999999861e-02
7.413559999999999661e+01 1.679339999999999999e-02
7.417560000000000286e+01 1.677599999999999925e-02
7.421559999999999491e+01 1.675859999999999850e-02
7.451560000000000628e+01 1.662920000000000023e-02
7.461560000000000059e+01 1.658629999999999827e-02
7.471559999999999491e+01 1.654349999999999918e-02
7.481560000000000343e+01 1.650079999999999950e-02
7.491559999999999775e+01 1.645819999999999922e-02
7.501560000000000628e+01 1.641580000000000122e-02
7.511560000000000059e+01 1.637339999999999976e-02
7.521559999999999491e+01 1.633120000000000058e-02
7.531560000000000343e+01 1.628910000000000080e-02
7.541559999999999775e+01 1.624710000000000043e-02
7.551560000000000628e+01 1.620519999999999947e-02
7.561560000000000059e+01 1.616340000000000138e-02
7.571559999999999491e+01 1.612179999999999863e-02
7.581560000000000343e+01 1.608019999999999936e-02
7.591559999999999775e+01 1.603879999999999889e-02
7.601560000000000628e+01 1.599739999999999843e-02
7.611560000000000059e+01 1.595620000000000024e-02
7.621559999999999491e+01 1.591510000000000147e-02
7.631560000000000343e+01 1.587409999999999863e-02
7.641559999999999775e+01 1.583319999999999866e-02
7.651560000000000628e+01 1.579240000000000158e-02
7.661560000000000059e+01 1.575170000000000042e-02
7.671559999999999491e+01 1.571109999999999868e-02
7.681560000000000343e+01 1.567059999999999981e-02
7.691559999999999775e+01 1.563020000000000034e-02
7.701560000000000628e+01 1.558999999999999969e-02
7.711560000000000059e+01 1.554980000000000077e-02
7.721559999999999491e+01 1.550969999999999953e-02
7.731560000000000343e+01 1.546980000000000056e-02
7.741559999999999775e+01 1.542989999999999987e-02
7.751560000000000628e+01 1.539019999999999971e-02
7.761560000000000059e+01 1.535049999999999956e-02
7.771559999999999491e+01 1.531099999999999996e-02
7.781560000000000343e+01 1.527150000000000035e-02
7.791559999999999775e+01 1.523219999999999956e-02
7.801560000000000628e+01 1.519290000000000050e-02
7.811560000000000059e+01 1.515380000000000026e-02
7.821559999999999491e+01 1.511479999999999942e-02
7.831560000000000343e+01 1.507580000000000031e-02
7.841559999999999775e+01 1.503700000000000002e-02
7.851560000000000628e+01 1.499819999999999973e-02
7.861560000000000059e+01 1.495959999999999998e-02
7.871559999999999491e+01 1.492100000000000024e-02
7.881560000000000343e+01 1.488259999999999930e-02
7.891559999999999775e+01 1.484420000000000010e-02
7.901560000000000628e+01 1.480599999999999972e-02
7.911560000000000059e+01 1.476779999999999933e-02
7.921559999999999491e+01 1.472970000000000008e-02
7.931560000000000343e+01 1.469179999999999965e-02
7.941559999999999775e+01 1.465389999999999922e-02
7.951560000000000628e+01 1.461609999999999993e-02
7.961560000000000059e+01 1.457840000000000004e-02
7.971559999999999491e+01 1.454090000000000070e-02
7.981560000000000343e+01 1.450339999999999963e-02
7.991559999999999775e+01 1.446599999999999969e-02
8.001560000000000628e+01 1.442869999999999917e-02
8.011560000000000059e+01 1.439140000000000037e-02
8.021559999999999491e+01 1.435430000000000039e-02
8.031560000000000343e+01 1.431729999999999982e-02
8.041559999999999775e+01 1.428040000000000039e-02
8.051560000000000628e+01 1.424349999999999922e-02
8.061560000000000059e+01 1.420680000000000033e-02
8.071559999999999491e+01 1.417009999999999971e-02
8.081560000000000343e+01 1.413350000000000023e-02
8.091559999999999775e+01 1.409709999999999956e-02
8.101560000000000628e+01 1.406070000000000063e-02
8.111560000000000059e+01 1.402439999999999937e-02
8.121559999999999491e+01 1.398819999999999925e-02
8.131560000000000343e+01 1.395200000000000086e-02
8.141559999999999775e+01 1.391599999999999955e-02
8.151560000000000628e+01 1.388009999999999938e-02
8.161560000000000059e+01 1.384419999999999921e-02
8.171559999999999491e+01 1.380840000000000019e-02
8.181560000000000343e+01 1.377270000000000057e-02
8.191559999999999775e+01 1.373719999999999976e-02
8.201560000000000628e+01 1.370159999999999954e-02
8.211560000000000059e+01 1.366619999999999988e-02
8.221559999999999491e+01 1.363089999999999961e-02
8.231560000000000343e+01 1.359559999999999935e-02
8.241559999999999775e+01 1.356049999999999964e-02
8.251560000000000628e+01 1.352539999999999992e-02
8.261560000000000059e+01 1.349039999999999961e-02
8.271559999999999491e+01 1.345550000000000045e-02
8.281560000000000343e+01 1.342070000000000068e-02
8.291559999999999775e+01 1.338589999999999919e-02
8.301560000000000628e+01 1.335129999999999997e-02
8.311560000000000059e+01 1.331670000000000076e-02
8.321559999999999491e+01 1.328219999999999922e-02
8.331560000000000343e+01 1.324780000000000055e-02
8.341559999999999775e+01 1.321349999999999955e-02
8.351560000000000628e+01 1.317920000000000029e-02
8.361560000000000059e+01 1.314509999999999984e-02
8.371559999999999491e+01 1.311099999999999939e-02
8.381560000000000343e+01 1.307700000000000008e-02
8.391559999999999775e+01 1.304310000000000018e-02
8.401560000000000628e+01 1.300920000000000028e-02
8.411560000000000059e+01 1.297549999999999919e-02
8.421559999999999491e+01 1.294179999999999983e-02
8.431560000000000343e+01 1.290819999999999988e-02
8.441559999999999775e+01 1.287469999999999934e-02
8.451560000000000628e+01 1.284129999999999994e-02
8.461560000000000059e+01 1.280790000000000053e-02
8.471559999999999491e+01 1.277460000000000054e-02
8.481560000000000343e+01 1.274139999999999995e-02
8.491559999999999775e+01 1.270830000000000050e-02
8.501560000000000628e+01 1.267530000000000046e-02
8.511560000000000059e+01 1.264230000000000041e-02
8.521559999999999491e+01 1.260939999999999978e-02
8.531560000000000343e+01 1.257660000000000028e-02
8.541559999999999775e+01 1.254390000000000019e-02
8.551560000000000628e+01 1.251120000000000010e-02
8.561560000000000059e+01 1.247859999999999941e-02
8.571559999999999491e+01 1.244609999999999987e-02
8.581560000000000343e+01 1.241369999999999973e-02
8.591559999999999775e+01 1.238129999999999960e-02
8.601560000000000628e+01 1.234900000000000060e-02
8.611560000000000059e+01 1.231679999999999928e-02
8.621559999999999491e+01 1.228470000000000083e-02
8.631560000000000343e+01 1.225270000000000005e-02
8.641559999999999775e+01 1.222069999999999927e-02
8.651560000000000628e+01 1.218879999999999963e-02
8.661560000000000059e+01 1.215690000000000000e-02
8.671559999999999491e+01 1.212519999999999917e-02
8.681560000000000343e+01 1.209350000000000008e-02
8.691559999999999775e+01 1.206190000000000040e-02
8.701560000000000628e+01 1.203030000000000072e-02
8.711560000000000059e+01 1.199889999999999984e-02
8.721559999999999491e+01 1.196750000000000071e-02
8.731560000000000343e+01 1.193609999999999983e-02
8.741559999999999775e+01 1.190489999999999951e-02
8.751560000000000628e+01 1.187369999999999919e-02
8.761560000000000059e+01 1.184260000000000000e-02
8.771559999999999491e+01 1.181160000000000022e-02
8.781560000000000343e+01 1.178060000000000045e-02
8.791559999999999775e+01 1.174970000000000007e-02
8.801560000000000628e+01 1.171890000000000084e-02
8.811560000000000059e+01 1.168809999999999988e-02
8.821559999999999491e+01 1.165740000000000005e-02
8.831560000000000343e+01 1.162679999999999964e-02
8.841559999999999775e+01 1.159619999999999922e-02
8.851560000000000628e+01 1.156579999999999935e-02
8.861560000000000059e+01 1.153530000000000007e-02
8.871559999999999491e+01 1.150499999999999960e-02
8.881560000000000343e+01 1.147469999999999914e-02
8.891559999999999775e+01 1.144449999999999981e-02
8.901560000000000628e+01 1.141439999999999989e-02
8.911560000000000059e+01 1.138429999999999997e-02
8.921559999999999491e+01 1.135429999999999946e-02
8.931560000000000343e+01 1.132440000000000009e-02
8.941559999999999775e+01 1.129450000000000072e-02
8.951560000000000628e+01 1.126470000000000075e-02
8.961560000000000059e+01 1.123490000000000079e-02
8.971559999999999491e+01 1.120529999999999964e-02
8.981560000000000343e+01 1.117570000000000022e-02
8.991559999999999775e+01 1.114610000000000080e-02
9.001560000000000628e+01 1.111670000000000019e-02
9.011560000000000059e+01 1.108729999999999959e-02
9.021559999999999491e+01 1.105790000000000071e-02
9.031560000000000343e+01 1.102859999999999951e-02
9.041559999999999775e+01 1.099939999999999946e-02
9.051560000000000628e+01 1.097030000000000054e-02
9.061560000000000059e+01 1.094119999999999988e-02
9.071559999999999491e+01 1.091220000000000037e-02
9.081560000000000343e+01 1.088320000000000086e-02
9.091559999999999775e+01 1.085430000000000075e-02
9.101560000000000628e+01 1.082550000000000005e-02
9.111560000000000059e+01 1.079669999999999935e-02
9.121559999999999491e+01 1.076799999999999979e-02
9.131560000000000343e+01 1.073939999999999964e-02
9.141559999999999775e+01 1.071079999999999949e-02
9.151560000000000628e+01 1.068230000000000048e-02
9.161560000000000059e+01 1.065379999999999973e-02
9.171559999999999491e+01 1.062540000000000012e-02
9.181560000000000343e+01 1.059709999999999992e-02
9.191559999999999775e+01 1.056890000000000086e-02
9.201560000000000628e+01 1.054060000000000066e-02
9.211560000000000059e+01 1.051249999999999928e-02
9.221559999999999491e+01 1.048439999999999962e-02
9.231560000000000343e+01 1.045639999999999938e-02
9.241559999999999775e+01 1.042840000000000086e-02
9.251560000000000628e+01 1.040050000000000002e-02
9.261560000000000059e+01 1.037270000000000032e-02
9.271559999999999491e+01 1.034490000000000062e-02
9.281560000000000343e+01 1.031720000000000033e-02
9.291559999999999775e+01 1.028950000000000004e-02
9.301560000000000628e+01 1.026189999999999915e-02
9.311560000000000059e+01 1.023439999999999940e-02
9.321559999999999491e+01 1.020689999999999965e-02
9.331560000000000343e+01 1.017949999999999931e-02
9.341559999999999775e+01 1.015210000000000071e-02
9.351560000000000628e+01 1.012479999999999977e-02
9.361560000000000059e+01 1.009759999999999998e-02
9.371559999999999491e+01 1.007040000000000018e-02
9.381560000000000343e+01 1.004329999999999980e-02
9.389560000000000173e+01 1.002160000000000030e-02
9.393559999999999377e+01 1.001080000000000025e-02
9.397560000000000002e+01 1.000000000000000021e-02
9.401560000000000628e+01 9.989190000000000222e-03
9.405559999999999832e+01 9.978400000000000117e-03
9.413559999999999661e+01 9.956819999999999907e-03
9.423560000000000514e+01 9.929910000000000125e-03
9.433559999999999945e+01 9.903069999999999928e-03
9.443559999999999377e+01 9.876289999999999375e-03
9.453560000000000230e+01 9.849570000000000200e-03
9.463559999999999661e+01 9.822910000000000669e-03
9.473560000000000514e+01 9.796300000000000840e-03
9.483559999999999945e+01 9.769750000000000656e-03
9.493559999999999377e+01 9.743250000000000174e-03
9.503560000000000230e+01 9.716809999999999337e-03
9.513559999999999661e+01 9.690419999999999937e-03
9.523560000000000514e+01 9.664100000000000121e-03
9.533559999999999945e+01 9.637820000000000067e-03
9.543559999999999377e+01 9.611599999999999658e-03
9.553560000000000230e+01 9.585440000000000627e-03
9.563559999999999661e+01 9.559329999999999564e-03
9.573560000000000514e+01 9.533269999999999939e-03
9.583559999999999945e+01 9.507269999999999957e-03
9.593559999999999377e+01 9.481329999999999619e-03
9.603560000000000230e+01 9.455430000000000779e-03
9.613559999999999661e+01 9.429599999999999788e-03
9.623560000000000514e+01 9.403810000000000294e-03
9.633559999999999945e+01 9.378080000000000443e-03
9.643559999999999377e+01 9.352400000000000296e-03
9.653560000000000230e+01 9.326779999999999793e-03
9.663559999999999661e+01 9.301210000000000727e-03
9.673560000000000514e+01 9.275689999999999630e-03
9.683559999999999945e+01 9.250219999999999970e-03
9.693559999999999377e+01 9.224809999999999954e-03
9.703560000000000230e+01 9.199449999999999641e-03
9.713559999999999661e+01 9.174140000000000766e-03
9.723560000000000514e+01 9.148879999999999860e-03
9.733559999999999945e+01 9.123680000000000331e-03
9.743559999999999377e+01 9.098520000000000565e-03
9.753560000000000230e+01 9.073420000000000443e-03
9.763559999999999661e+01 9.048370000000000024e-03
9.773560000000000514e+01 9.023369999999999308e-03
9.783559999999999945e+01 8.998420000000000030e-03
9.793559999999999377e+01 8.973530000000000395e-03
9.803560000000000230e+01 8.948680000000000523e-03
9.813559999999999661e+01 8.923890000000000294e-03
9.823560000000000514e+01 8.899139999999999828e-03
9.833559999999999945e+01 8.874450000000000741e-03
9.843559999999999377e+01 8.849799999999999681e-03
9.853560000000000230e+01 8.825209999999999999e-03
9.863559999999999661e+01 8.800660000000000080e-03
9.873560000000000514e+01 8.776169999999999805e-03
9.883559999999999945e+01 8.751719999999999292e-03
9.893559999999999377e+01 8.727330000000000157e-03
9.903560000000000230e+01 8.702980000000000785e-03
9.913559999999999661e+01 8.678679999999999381e-03
9.923560000000000514e+01 8.654429999999999415e-03
9.933559999999999945e+01 8.630229999999999152e-03
9.943559999999999377e+01 8.606080000000000327e-03
9.953560000000000230e+01 8.581979999999999470e-03
9.963559999999999661e+01 8.557930000000000051e-03
9.973560000000000514e+01 8.533920000000000394e-03
9.983559999999999945e+01 8.509960000000000441e-03
9.993559999999999377e+01 8.486050000000000190e-03
1.000360000000000014e+02 8.462189999999999643e-03
1.001359999999999957e+02 8.438380000000000533e-03
1.002360000000000042e+02 8.414609999999999451e-03
1.003359999999999985e+02 8.390889999999999807e-03
1.004360000000000070e+02 8.367219999999999866e-03
1.005360000000000014e+02 8.343589999999999687e-03
1.006359999999999957e+02 8.320009999999999212e-03
1.007360000000000042e+02 8.296480000000000174e-03
1.008359999999999985e+02 8.273000000000000839e-03
1.009360000000000070e+02 8.249559999999999532e-03
1.010360000000000014e+02 8.226169999999999663e-03
1.011359999999999957e+02 8.202819999999999556e-03
1.012360000000000042e+02 8.179519999999999152e-03
1.013359999999999985e+02 8.156270000000000187e-03
1.014360000000000070e+02 8.133059999999999248e-03
1.015360000000000014e+02 8.109899999999999748e-03
1.016359999999999957e+02 8.086780000000000010e-03
1.017360000000000042e+02 8.063709999999999975e-03
1.018359999999999985e+02 8.040689999999999643e-03
1.019360000000000070e+02 8.017710000000000808e-03
1.020360000000000014e+02 7.994770000000000001e-03
1.021359999999999957e+02 7.971880000000000632e-03
1.022360000000000042e+02 7.949029999999999291e-03
1.023359999999999985e+02 7.926229999999999387e-03
1.024360000000000070e+02 7.903479999999999187e-03
1.025360000000000014e+02 7.880770000000000483e-03
1.026359999999999957e+02 7.858099999999999807e-03
1.027360000000000042e+02 7.835470000000000629e-03
1.028359999999999985e+02 7.812889999999999419e-03
1.029360000000000070e+02 7.790359999999999646e-03
1.030360000000000014e+02 7.767869999999999636e-03
1.031359999999999957e+02 7.745420000000000256e-03
1.032360000000000042e+02 7.723009999999999771e-03
1.033359999999999985e+02 7.700649999999999856e-03
1.034360000000000070e+02 7.678329999999999704e-03
1.035360000000000014e+02 7.656060000000000122e-03
1.036359999999999957e+02 7.633820000000000362e-03
1.037360000000000042e+02 7.611640000000000246e-03
1.038359999999999985e+02 7.589489999999999952e-03
1.039360000000000070e+02 7.567380000000000287e-03
1.040360000000000014e+02 7.545320000000000325e-03
1.041359999999999957e+02 7.523300000000000126e-03
1.042360000000000042e+02 7.501329999999999630e-03
1.043359999999999985e+02 7.479389999999999823e-03
1.044360000000000070e+02 7.457499999999999719e-03
1.045360000000000014e+02 7.435650000000000245e-03
1.046359999999999957e+02 7.413839999999999666e-03
1.047360000000000042e+02 7.392069999999999717e-03
1.048359999999999985e+02 7.370350000000000339e-03
1.049360000000000070e+02 7.348659999999999914e-03
1.050360000000000014e+02 7.327020000000000061e-03
1.051359999999999957e+02 7.305419999999999969e-03
1.052360000000000042e+02 7.283849999999999700e-03
1.053359999999999985e+02 7.262330000000000001e-03
1.054360000000000070e+02 7.240850000000000064e-03
1.055360000000000014e+02 7.219419999999999830e-03
1.056359999999999957e+02 7.198020000000000286e-03
1.057360000000000042e+02 7.176659999999999637e-03
1.058359999999999985e+02 7.155339999999999617e-03
1.059360000000000070e+02 7.134070000000000168e-03
1.060360000000000014e+02 7.112829999999999674e-03
1.061359999999999957e+02 7.091629999999999809e-03
1.062360000000000042e+02 7.070479999999999647e-03
1.063359999999999985e+02 7.049360000000000175e-03
1.064360000000000070e+02 7.028279999999999597e-03
1.065360000000000014e+02 7.007239999999999649e-03
1.066359999999999957e+02 6.986240000000000332e-03
1.067360000000000042e+02 6.965289999999999850e-03
1.068359999999999985e+02 6.944370000000000057e-03
1.069360000000000070e+02 6.923490000000000026e-03
1.070360000000000014e+02 6.902639999999999817e-03
1.071359999999999957e+02 6.881840000000000179e-03
1.072360000000000042e+02 6.861080000000000303e-03
1.073359999999999985e+02 6.840350000000000250e-03
1.074360000000000070e+02 6.819659999999999958e-03
1.075360000000000014e+02 6.799020000000000237e-03
1.076359999999999957e+02 6.778410000000000338e-03
1.077360000000000042e+02 6.757840000000000201e-03
1.078359999999999985e+02 6.737299999999999886e-03
1.079360000000000070e+02 6.716810000000000141e-03
1.080360000000000014e+02 6.696350000000000219e-03
1.081359999999999957e+02 6.675930000000000059e-03
1.082360000000000042e+02 6.655549999999999661e-03
1.083359999999999985e+02 6.635199999999999952e-03
1.084360000000000070e+02 6.614899999999999947e-03
1.085360000000000014e+02 6.594629999999999763e-03
1.086359999999999957e+02 6.574390000000000268e-03
1.087360000000000042e+02 6.554199999999999610e-03
1.088359999999999985e+02 6.534039999999999640e-03
1.089360000000000070e+02 6.513920000000000300e-03
1.090360000000000014e+02 6.493839999999999855e-03
1.091359999999999957e+02 6.473790000000000100e-03
1.092360000000000042e+02 6.453780000000000107e-03
1.093359999999999985e+02 6.433809999999999876e-03
1.094360000000000070e+02 6.413870000000000335e-03
1.095360000000000014e+02 6.393969999999999689e-03
1.096359999999999957e+02 6.374099999999999731e-03
1.097360000000000042e+02 6.354280000000000345e-03
1.098359999999999985e+02 6.334479999999999972e-03
1.099360000000000070e+02 6.314730000000000169e-03
1.100360000000000014e+02 6.295010000000000189e-03
1.101359999999999957e+02 6.275320000000000030e-03
1.102360000000000042e+02 6.255669999999999634e-03
1.103359999999999985e+02 6.236059999999999867e-03
1.104360000000000070e+02 6.216479999999999922e-03
1.105360000000000014e+02 6.196939999999999740e-03
1.106359999999999957e+02 6.177440000000000188e-03
1.107360000000000042e+02 6.157959999999999649e-03
1.108359999999999985e+02 6.138529999999999681e-03
1.109360000000000070e+02 6.119130000000000402e-03
1.110360000000000014e+02 6.099760000000000078e-03
1.111359999999999957e+02 6.080430000000000383e-03
1.112360000000000042e+02 6.061129999999999643e-03
1.113359999999999985e+02 6.041870000000000400e-03
1.114360000000000070e+02 6.022640000000000111e-03
1.115360000000000014e+02 6.003449999999999585e-03
1.116359999999999957e+02 5.984289999999999748e-03
1.117360000000000042e+02 5.965159999999999733e-03
1.118359999999999985e+02 5.946070000000000348e-03
1.119360000000000070e+02 5.927019999999999858e-03
1.120360000000000014e+02 5.908000000000000057e-03
1.121359999999999957e+02 5.889010000000000078e-03
1.122360000000000042e+02 5.870049999999999921e-03
1.123359999999999985e+02 5.851130000000000393e-03
1.124360000000000070e+02 5.832249999999999761e-03
1.125360000000000014e+02 5.813389999999999877e-03
1.126359999999999957e+02 5.794569999999999756e-03
1.127360000000000042e+02 5.775790000000000264e-03
1.128359999999999985e+02 5.757029999999999786e-03
1.129360000000000070e+02 5.738309999999999939e-03
1.130360000000000014e+02 5.719629999999999853e-03
1.131359999999999957e+02 5.700969999999999649e-03
1.132360000000000042e+02 5.682350000000000075e-03
1.133359999999999985e+02 5.663760000000000322e-03
1.134360000000000070e+02 5.645210000000000332e-03
1.135360000000000014e+02 5.626690000000000164e-03
1.136359999999999957e+02 5.608199999999999817e-03
1.137360000000000042e+02 5.589740000000000160e-03
1.137360000000000042e+02 5.589740000000000160e-03
1.137759999999999962e+02 5.582389999999999575e-03
1.138160000000000025e+02 5.575019999999999976e-03
1.138960000000000008e+02 5.560289999999999851e-03
1.139959999999999951e+02 5.541899999999999778e-03
1.140960000000000036e+02 5.523560000000000275e-03
1.141959999999999980e+02 5.505249999999999727e-03
1.142960000000000065e+02 5.486969999999999868e-03
1.143960000000000008e+02 5.468729999999999772e-03
1.144959999999999951e+02 5.450510000000000424e-03
1.145960000000000036e+02 5.432329999999999971e-03
1.146959999999999980e+02 5.414180000000000208e-03
1.147960000000000065e+02 5.396070000000000207e-03
1.148960000000000008e+02 5.377980000000000087e-03
1.149959999999999951e+02 5.359919999999999789e-03
1.150960000000000036e+02 5.341900000000000120e-03
1.151959999999999980e+02 5.323910000000000274e-03
1.152960000000000065e+02 5.305950000000000250e-03
1.153960000000000008e+02 5.288020000000000047e-03
1.154959999999999951e+02 5.270119999999999666e-03
1.155960000000000036e+02 5.252249999999999974e-03
1.156959999999999980e+02 5.234410000000000104e-03
1.157960000000000065e+02 5.216609999999999997e-03
1.158960000000000008e+02 5.198829999999999771e-03
1.159959999999999951e+02 5.181090000000000174e-03
1.160960000000000036e+02 5.163369999999999592e-03
1.161959999999999980e+02 5.145689999999999639e-03
1.162960000000000065e+02 5.128029999999999568e-03
1.163960000000000008e+02 5.110410000000000126e-03
1.164959999999999951e+02 5.092819999999999639e-03
1.165960000000000036e+02 5.075249999999999900e-03
1.166959999999999980e+02 5.057719999999999924e-03
1.167960000000000065e+02 5.040219999999999770e-03
1.168960000000000008e+02 5.022750000000000305e-03
1.169959999999999951e+02 5.005299999999999853e-03
1.170960000000000036e+02 4.987890000000000032e-03
1.171959999999999980e+02 4.970510000000000032e-03
1.172960000000000065e+02 4.953149999999999914e-03
1.173960000000000008e+02 4.935830000000000425e-03
1.174959999999999951e+02 4.918539999999999891e-03
1.175960000000000036e+02 4.901270000000000106e-03
1.176959999999999980e+02 4.884030000000000142e-03
1.177960000000000065e+02 4.866829999999999941e-03
1.178960000000000008e+02 4.849649999999999621e-03
1.179959999999999951e+02 4.832499999999999990e-03
1.180960000000000036e+02 4.815380000000000181e-03
1.181959999999999980e+02 4.798290000000000194e-03
1.182960000000000065e+02 4.781230000000000029e-03
1.183960000000000008e+02 4.764199999999999685e-03
1.184959999999999951e+02 4.747190000000000090e-03
1.185960000000000036e+02 4.730220000000000258e-03
1.186959999999999980e+02 4.713270000000000307e-03
1.187960000000000065e+02 4.696360000000000118e-03
1.188960000000000008e+02 4.679469999999999810e-03
1.189959999999999951e+02 4.662600000000000251e-03
1.190960000000000036e+02 4.645769999999999587e-03
1.191959999999999980e+02 4.628969999999999613e-03
1.192960000000000065e+02 4.612190000000000387e-03
1.193960000000000008e+02 4.595440000000000115e-03
1.194959999999999951e+02 4.578719999999999665e-03
1.195960000000000036e+02 4.562029999999999905e-03
1.196959999999999980e+02 4.545369999999999966e-03
1.197960000000000065e+02 4.528729999999999908e-03
1.198960000000000008e+02 4.512119999999999673e-03
1.199959999999999951e+02 4.495540000000000126e-03
1.200960000000000036e+02 4.478990000000000402e-03
1.201959999999999980e+02 4.462459999999999691e-03
1.202960000000000065e+02 4.445959999999999669e-03
1.203960000000000008e+02 4.429490000000000337e-03
1.204959999999999951e+02 4.413049999999999959e-03
1.205960000000000036e+02 4.396630000000000330e-03
1.206959999999999980e+02 4.380239999999999655e-03
1.207960000000000065e+02 4.363879999999999669e-03
1.208960000000000008e+02 4.347540000000000432e-03
1.209959999999999951e+02 4.331230000000000149e-03
1.210960000000000036e+02 4.314949999999999689e-03
1.211959999999999980e+02 4.298699999999999917e-03
1.212960000000000065e+02 4.282470000000000027e-03
1.213960000000000008e+02 4.266269999999999958e-03
1.214959999999999951e+02 4.250099999999999711e-03
1.215960000000000036e+02 4.233950000000000213e-03
1.216959999999999980e+02 4.217829999999999670e-03
1.217960000000000065e+02 4.201729999999999875e-03
1.218960000000000008e+02 4.185669999999999842e-03
1.219959999999999951e+02 4.169619999999999750e-03
1.220960000000000036e+02 4.153610000000000288e-03
1.221959999999999980e+02 4.137619999999999840e-03
1.222960000000000065e+02 4.121660000000000081e-03
1.223960000000000008e+02 4.105720000000000203e-03
1.224959999999999951e+02 4.089810000000000147e-03
1.225960000000000036e+02 4.073919999999999972e-03
1.226959999999999980e+02 4.058059999999999619e-03
1.227960000000000065e+02 4.042229999999999955e-03
1.228960000000000008e+02 4.026420000000000173e-03
1.229959999999999951e+02 4.010640000000000212e-03
1.230960000000000036e+02 3.994880000000000132e-03
1.231959999999999980e+02 3.979149999999999875e-03
1.232960000000000065e+02 3.963450000000000306e-03
1.233960000000000008e+02 3.947769999999999752e-03
1.234959999999999951e+02 3.932109999999999946e-03
1.235960000000000036e+02 3.916489999999999902e-03
1.236959999999999980e+02 3.900879999999999799e-03
1.237960000000000065e+02 3.885299999999999952e-03
1.238960000000000008e+02 3.869749999999999926e-03
1.239959999999999951e+02 3.854220000000000215e-03
1.240960000000000036e+02 3.838719999999999893e-03
1.241959999999999980e+02 3.823239999999999885e-03
1.242960000000000065e+02 3.807790000000000133e-03
1.243960000000000008e+02 3.792359999999999828e-03
1.244959999999999951e+02 3.776960000000000213e-03
1.245960000000000036e+02 3.761580000000000045e-03
1.246959999999999980e+02 3.746220000000000192e-03
1.247960000000000065e+02 3.730890000000000161e-03
1.248960000000000008e+02 3.715589999999999952e-03
1.249959999999999951e+02 3.700310000000000057e-03
1.250960000000000036e+02 3.685050000000000044e-03
1.251959999999999980e+02 3.669819999999999853e-03
1.252960000000000065e+02 3.654609999999999977e-03
1.253960000000000008e+02 3.639429999999999922e-03
1.254959999999999951e+02 3.624270000000000182e-03
1.255960000000000036e+02 3.609129999999999890e-03
1.256959999999999980e+02 3.594019999999999854e-03
1.257960000000000065e+02 3.578940000000000073e-03
1.258960000000000008e+02 3.563869999999999798e-03
1.259959999999999951e+02 3.548830000000000214e-03
1.260960000000000036e+02 3.533820000000000017e-03
1.261959999999999980e+02 3.518830000000000135e-03
1.262960000000000065e+02 3.503860000000000134e-03
1.263960000000000008e+02 3.488919999999999955e-03
1.264959999999999951e+02 3.474000000000000091e-03
1.265960000000000036e+02 3.459100000000000109e-03
1.266959999999999980e+02 3.444229999999999948e-03
1.267960000000000065e+02 3.429380000000000102e-03
1.268960000000000008e+02 3.414550000000000137e-03
1.269959999999999951e+02 3.399749999999999994e-03
1.270960000000000036e+02 3.384970000000000166e-03
1.271959999999999980e+02 3.370209999999999786e-03
1.272960000000000065e+02 3.355480000000000095e-03
1.273960000000000008e+02 3.340769999999999851e-03
1.274959999999999951e+02 3.326079999999999922e-03
1.275960000000000036e+02 3.311419999999999815e-03
1.276959999999999980e+02 3.296780000000000023e-03
1.277960000000000065e+02 3.282160000000000112e-03
1.278960000000000008e+02 3.267560000000000082e-03
1.279959999999999951e+02 3.252989999999999875e-03
1.280960000000000036e+02 3.238439999999999982e-03
1.281959999999999980e+02 3.223909999999999970e-03
1.282959999999999923e+02 3.209410000000000214e-03
1.283959999999999866e+02 3.194929999999999905e-03
1.284960000000000093e+02 3.180469999999999912e-03
1.285960000000000036e+02 3.166029999999999799e-03
1.286959999999999980e+02 3.151619999999999942e-03
1.287959999999999923e+02 3.137220000000000026e-03
1.288959999999999866e+02 3.122849999999999931e-03
1.289960000000000093e+02 3.108510000000000092e-03
1.290960000000000036e+02 3.094180000000000194e-03
1.291959999999999980e+02 3.079880000000000118e-03
1.292959999999999923e+02 3.065599999999999922e-03
1.293959999999999866e+02 3.051340000000000042e-03
1.294960000000000093e+02 3.037100000000000043e-03
1.295960000000000036e+02 3.022889999999999865e-03
1.296959999999999980e+02 3.008700000000000003e-03
1.297959999999999923e+02 2.994520000000000081e-03
1.298959999999999866e+02 2.980379999999999922e-03
1.299960000000000093e+02 2.966250000000000137e-03
1.300960000000000036e+02 2.952139999999999799e-03
1.301959999999999980e+02 2.938060000000000151e-03
1.302959999999999923e+02 2.923999999999999950e-03
1.303959999999999866e+02 2.909960000000000064e-03
1.304960000000000093e+02 2.895940000000000059e-03
1.305960000000000036e+02 2.881939999999999936e-03
1.306959999999999980e+02 2.867960000000000127e-03
1.307959999999999923e+02 2.854010000000000141e-03
1.308959999999999866e+02 2.840070000000000094e-03
1.309960000000000093e+02 2.826159999999999870e-03
1.310960000000000036e+02 2.812269999999999961e-03
1.311959999999999980e+02 2.798399999999999933e-03
1.312959999999999923e+02 2.784549999999999786e-03
1.313959999999999866e+02 2.770719999999999954e-03
1.314960000000000093e+02 2.756919999999999944e-03
1.315960000000000036e+02 2.743129999999999874e-03
1.316959999999999980e+02 2.729370000000000060e-03
1.317959999999999923e+02 2.715620000000000187e-03
1.318959999999999866e+02 2.701900000000000135e-03
1.319960000000000093e+02 2.688199999999999965e-03
1.320960000000000036e+02 2.674510000000000168e-03
1.321959999999999980e+02 2.660850000000000194e-03
1.322959999999999923e+02 2.647210000000000101e-03
1.323959999999999866e+02 2.633589999999999889e-03
1.324960000000000093e+02 2.619989999999999992e-03
1.325960000000000036e+02 2.606419999999999917e-03
1.326959999999999980e+02 2.592860000000000217e-03
1.327959999999999923e+02 2.579319999999999963e-03
1.328959999999999866e+02 2.565800000000000025e-03
1.329960000000000093e+02 2.552309999999999909e-03
1.330960000000000036e+02 2.538830000000000166e-03
1.331959999999999980e+02 2.525369999999999872e-03
1.332959999999999923e+02 2.511939999999999833e-03
1.333959999999999866e+02 2.498520000000000168e-03
1.334960000000000093e+02 2.485119999999999951e-03
1.334960000000000093e+02 2.485119999999999951e-03
1.335360000000000014e+02 2.479789999999999946e-03
1.335759999999999934e+02 2.474440000000000060e-03
1.336560000000000059e+02 2.463739999999999854e-03
1.337560000000000002e+02 2.450390000000000207e-03
1.338559999999999945e+02 2.437060000000000008e-03
1.339559999999999889e+02 2.423760000000000064e-03
1.340560000000000116e+02 2.410480000000000001e-03
1.341560000000000059e+02 2.397209999999999879e-03
1.342560000000000002e+02 2.383970000000000013e-03
1.343559999999999945e+02 2.370740000000000087e-03
1.344559999999999889e+02 2.357539999999999983e-03
1.345560000000000116e+02 2.344349999999999819e-03
1.346560000000000059e+02 2.331179999999999971e-03
1.347560000000000002e+02 2.318039999999999944e-03
1.348559999999999945e+02 2.304909999999999858e-03
1.349559999999999889e+02 2.291800000000000087e-03
1.350560000000000116e+02 2.278720000000000138e-03
1.351560000000000059e+02 2.265650000000000129e-03
1.352560000000000002e+02 2.252600000000000002e-03
1.353559999999999945e+02 2.239570000000000189e-03
1.354559999999999889e+02 2.226559999999999824e-03
1.355560000000000116e+02 2.213559999999999833e-03
1.356560000000000059e+02 2.200590000000000098e-03
1.357560000000000002e+02 2.187639999999999810e-03
1.358559999999999945e+02 2.174699999999999897e-03
1.359559999999999889e+02 2.161789999999999805e-03
1.360560000000000116e+02 2.148890000000000088e-03
1.361560000000000059e+02 2.136009999999999819e-03
1.362560000000000002e+02 2.123159999999999804e-03
1.363559999999999945e+02 2.110320000000000164e-03
1.364559999999999889e+02 2.097490000000000031e-03
1.365560000000000116e+02 2.084690000000000154e-03
1.366560000000000059e+02 2.071910000000000158e-03
1.367560000000000002e+02 2.059140000000000102e-03
1.368559999999999945e+02 2.046399999999999868e-03
1.369559999999999889e+02 2.033670000000000009e-03
1.370560000000000116e+02 2.020960000000000031e-03
1.371560000000000059e+02 2.008269999999999934e-03
1.372560000000000002e+02 1.995600000000000152e-03
1.373559999999999945e+02 1.982949999999999817e-03
1.374559999999999889e+02 1.970309999999999857e-03
1.375560000000000116e+02 1.957690000000000211e-03
1.376560000000000059e+02 1.945099999999999954e-03
1.377560000000000002e+02 1.932520000000000071e-03
1.378559999999999945e+02 1.919949999999999912e-03
1.379559999999999889e+02 1.907410000000000008e-03
1.380560000000000116e+02 1.894889999999999986e-03
1.381560000000000059e+02 1.882379999999999904e-03
1.382560000000000002e+02 1.869889999999999920e-03
1.383559999999999945e+02 1.857420000000000035e-03
1.384559999999999889e+02 1.844960000000000089e-03
1.385560000000000116e+02 1.832529999999999966e-03
1.386560000000000059e+02 1.820110000000000000e-03
1.387560000000000002e+02 1.807709999999999916e-03
1.388559999999999945e+02 1.795329999999999929e-03
1.389559999999999889e+02 1.782970000000000041e-03
1.390560000000000116e+02 1.770620000000000093e-03
1.391560000000000059e+02 1.758290000000000027e-03
1.392560000000000002e+02 1.745980000000000058e-03
1.393559999999999945e+02 1.733689999999999971e-03
1.394559999999999889e+02 1.721419999999999981e-03
1.395560000000000116e+02 1.709159999999999933e-03
1.396560000000000059e+02 1.696919999999999982e-03
1.397560000000000002e+02 1.684699999999999913e-03
1.398559999999999945e+02 1.672490000000000001e-03
1.399559999999999889e+02 1.660299999999999970e-03
1.400560000000000116e+02 1.648130000000000038e-03
1.401560000000000059e+02 1.635979999999999986e-03
1.402560000000000002e+02 1.623850000000000033e-03
1.403559999999999945e+02 1.611730000000000020e-03
1.404559999999999889e+02 1.599630000000000106e-03
1.405560000000000116e+02 1.587539999999999915e-03
1.406560000000000059e+02 1.575479999999999979e-03
1.407560000000000002e+02 1.563429999999999985e-03
1.408559999999999945e+02 1.551400000000000088e-03
1.409559999999999889e+02 1.539379999999999915e-03
1.410560000000000116e+02 1.527380000000000057e-03
1.411560000000000059e+02 1.515400000000000080e-03
1.412560000000000002e+02 1.503439999999999985e-03
1.413559999999999945e+02 1.491490000000000047e-03
1.414559999999999889e+02 1.479559999999999990e-03
1.415560000000000116e+02 1.467650000000000031e-03
1.416560000000000059e+02 1.455750000000000013e-03
1.417560000000000002e+02 1.443870000000000093e-03
1.418559999999999945e+02 1.432010000000000054e-03
1.419559999999999889e+02 1.420159999999999955e-03
1.420560000000000116e+02 1.408329999999999955e-03
1.421560000000000059e+02 1.396520000000000053e-03
1.422560000000000002e+02 1.384720000000000091e-03
1.423559999999999945e+02 1.372940000000000011e-03
1.424559999999999889e+02 1.361180000000000029e-03
1.425560000000000116e+02 1.349429999999999987e-03
1.426560000000000059e+02 1.337700000000000044e-03
1.427560000000000002e+02 1.325989999999999981e-03
1.428559999999999945e+02 1.314290000000000076e-03
1.429559999999999889e+02 1.302610000000000053e-03
1.430560000000000116e+02 1.290939999999999969e-03
1.431560000000000059e+02 1.279289999999999984e-03
1.432560000000000002e+02 1.267660000000000097e-03
1.433559999999999945e+02 1.256050000000000092e-03
1.434559999999999889e+02 1.244450000000000027e-03
1.435560000000000116e+02 1.232859999999999902e-03
1.436560000000000059e+02 1.221300000000000033e-03
1.437560000000000002e+02 1.209739999999999947e-03
1.438559999999999945e+02 1.198209999999999900e-03
1.439559999999999889e+02 1.186690000000000010e-03
1.440560000000000116e+02 1.175190000000000002e-03
1.441560000000000059e+02 1.163699999999999934e-03
1.442560000000000002e+02 1.152229999999999964e-03
1.443559999999999945e+02 1.140769999999999935e-03
1.444559999999999889e+02 1.129330000000000004e-03
1.445560000000000116e+02 1.117909999999999954e-03
1.446560000000000059e+02 1.106500000000000062e-03
1.447560000000000002e+02 1.095110000000000050e-03
1.448559999999999945e+02 1.083729999999999980e-03
1.449559999999999889e+02 1.072370000000000007e-03
1.450560000000000116e+02 1.061019999999999975e-03
1.451560000000000059e+02 1.049690000000000041e-03
1.452560000000000002e+02 1.038379999999999989e-03
1.453559999999999945e+02 1.027080000000000094e-03
1.454559999999999889e+02 1.015800000000000080e-03
1.455560000000000116e+02 1.004530000000000006e-03
1.456560000000000059e+02 9.932789999999999068e-04
1.457560000000000002e+02 9.820429999999999351e-04
1.458559999999999945e+02 9.708219999999999827e-04
1.459559999999999889e+02 9.596160000000000497e-04
1.460560000000000116e+02 9.484260000000000433e-04
1.461560000000000059e+02 9.372509999999999479e-04
1.462560000000000002e+02 9.260909999999999802e-04
1.463559999999999945e+02 9.149460000000000318e-04
1.464559999999999889e+02 9.038170000000000101e-04
1.465560000000000116e+02 8.927030000000000078e-04
1.466560000000000059e+02 8.816040000000000248e-04
1.467560000000000002e+02 8.705199999999999527e-04
1.468559999999999945e+02 8.594510000000000084e-04
1.469559999999999889e+02 8.483969999999999749e-04
1.470560000000000116e+02 8.373589999999999766e-04
1.471560000000000059e+02 8.263349999999999819e-04
1.472560000000000002e+02 8.153260000000000065e-04
1.473559999999999945e+02 8.043329999999999577e-04
1.474559999999999889e+02 7.933540000000000210e-04
1.475560000000000116e+02 7.823899999999999952e-04
1.476560000000000059e+02 7.714409999999999887e-04
1.477560000000000002e+02 7.605059999999999858e-04
1.478559999999999945e+02 7.495870000000000180e-04
1.479559999999999889e+02 7.386820000000000538e-04
1.480560000000000116e+02 7.277920000000000006e-04
1.481560000000000059e+02 7.169169999999999666e-04
1.482560000000000002e+02 7.060560000000000447e-04
1.483559999999999945e+02 6.952100000000000337e-04
1.484559999999999889e+02 6.843790000000000420e-04
1.485560000000000116e+02 6.735620000000000539e-04
1.486560000000000059e+02 6.627599999999999767e-04
1.487560000000000002e+02 6.519720000000000116e-04
1.488559999999999945e+02 6.411989999999999574e-04
1.489559999999999889e+02 6.304400000000000151e-04
1.490560000000000116e+02 6.196959999999999838e-04
1.491560000000000059e+02 6.089659999999999561e-04
1.492560000000000002e+02 5.982500000000000404e-04
1.493559999999999945e+02 5.875490000000000356e-04
1.494559999999999889e+02 5.768620000000000345e-04
1.495560000000000116e+02 5.661900000000000526e-04
1.496560000000000059e+02 5.555309999999999502e-04
1.497560000000000002e+02 5.448869999999999755e-04
1.498559999999999945e+02 5.342570000000000045e-04
1.499559999999999889e+02 5.236420000000000527e-04
1.500560000000000116e+02 5.130399999999999804e-04
1.501560000000000059e+02 5.024530000000000359e-04
1.502560000000000002e+02 4.918789999999999708e-04
1.503559999999999945e+02 4.813199999999999792e-04
1.504559999999999889e+02 4.707749999999999912e-04
1.505560000000000116e+02 4.602429999999999911e-04
1.506560000000000059e+02 4.497260000000000103e-04
1.507560000000000002e+02 4.392229999999999789e-04
1.508559999999999945e+02 4.287340000000000053e-04
1.509559999999999889e+02 4.182580000000000195e-04
1.510560000000000116e+02 4.077959999999999832e-04
1.511560000000000059e+02 3.973490000000000203e-04
1.512560000000000002e+02 3.869149999999999911e-04
1.513559999999999945e+02 3.764950000000000198e-04
1.514559999999999889e+02 3.660879999999999820e-04
1.515560000000000116e+02 3.556960000000000178e-04
1.516560000000000059e+02 3.453169999999999872e-04
1.517560000000000002e+02 3.349509999999999987e-04
1.518559999999999945e+02 3.245999999999999754e-04
1.519559999999999889e+02 3.142619999999999940e-04
1.520560000000000116e+02 3.039370000000000006e-04
1.521560000000000059e+02 2.936260000000000107e-04
1.522560000000000002e+02 2.833290000000000244e-04
1.523559999999999945e+02 2.730450000000000260e-04
1.524559999999999889e+02 2.627749999999999769e-04
1.525560000000000116e+02 2.525180000000000241e-04
1.526560000000000059e+02 2.422749999999999936e-04
1.527560000000000002e+02 2.320450000000000052e-04
1.528559999999999945e+02 2.218280000000000046e-04
1.529559999999999889e+02 2.116250000000000075e-04
