93.9755 0.01 0.01 2 3 5
94.0155 0.00999256 0.00999256 2 3 5
94.0555 0.00998508 0.00998508 2 3 5
94.1355 0.00997015 0.00997015 2 3 5
94.2955 0.00994031 0.00994031 2 3 5
94.6155 0.00988075 0.00988075 2 3 5
95.1155 0.00978808 0.00978808 2 3 5
95.6154 0.00969617 0.00969617 2 3 5
96.1154 0.00960496 0.00960496 2 3 5
96.6154 0.00951434 0.00951434 2 3 5
97.1154 0.00942432 0.00942432 2 3 5
97.6153 0.00933489 0.00933489 2 3 5
98.1153 0.00924607 0.00924607 2 3 5
98.6153 0.00915785 0.00915785 2 3 5
99.1153 0.00907024 0.00907024 2 3 5
99.6153 0.00898323 0.00898323 2 3 5
100.115 0.00889685 0.00889685 2 3 5
100.615 0.00881107 0.00881107 2 3 5
101.115 0.00872591 0.00872591 2 3 5
101.615 0.00864138 0.00864138 2 3 5
102.115 0.00855746 0.00855746 2 3 5
102.615 0.00847416 0.00847416 2 3 5
103.115 0.00839149 0.00839149 2 3 5
103.615 0.00830944 0.00830944 2 3 5
104.115 0.00822801 0.00822801 2 3 5
104.615 0.00814722 0.00814722 2 3 5
105.115 0.00806704 0.00806704 2 3 5
105.615 0.0079875 0.0079875 2 3 5
106.115 0.00790858 0.00790858 2 3 5
106.615 0.00783029 0.00783029 2 3 5
107.115 0.00775263 0.00775263 2 3 5
107.615 0.00767559 0.00767559 2 3 5
108.115 0.00759918 0.00759918 2 3 5
108.615 0.00752339 0.00752339 2 3 5
109.115 0.00744823 0.00744823 2 3 5
109.615 0.00737369 0.00737369 2 3 5
110.115 0.00729978 0.00729978 2 3 5
110.615 0.00722649 0.00722649 2 3 5
111.115 0.00715382 0.00715382 2 3 5
111.615 0.00708177 0.00708177 2 3 5
112.115 0.00701034 0.00701034 2 3 5
112.615 0.00693952 0.00693952 2 3 5
113.115 0.00686932 0.00686932 2 3 5
113.615 0.00679973 0.00679973 2 3 5
114.115 0.00673075 0.00673075 2 3 5
114.615 0.00666238 0.00666238 2 3 5
115.115 0.00659462 0.00659462 2 3 5
115.615 0.00652746 0.00652746 2 3 5
116.115 0.0064609 0.0064609 2 3 5
116.615 0.00639495 0.00639495 2 3 5
117.115 0.00632959 0.00632959 2 3 5
117.615 0.00626482 0.00626482 2 3 5
118.115 0.00620065 0.00620065 2 3 5
118.615 0.00613706 0.00613706 2 3 5
119.115 0.00607407 0.00607407 2 3 5
119.614 0.00601165 0.00601165 2 3 5
120.114 0.00594982 0.00594982 2 3 5
120.614 0.00588856 0.00588856 2 3 5
121.114 0.00582788 0.00582788 2 3 5
121.614 0.00576776 0.00576776 2 3 5
122.114 0.00570822 0.00570822 2 3 5
122.614 0.00564924 0.00564924 2 3 5
123.114 0.00559082 0.00559082 2 3 5
123.614 0.00553296 0.00553296 2 3 5
124.114 0.00547565 0.00547565 2 3 5
124.614 0.00541889 0.00541889 2 3 5
125.114 0.00536268 0.00536268 2 3 5
125.614 0.00530701 0.00530701 2 3 5
126.114 0.00525189 0.00525189 2 3 5
126.614 0.0051973 0.0051973 2 3 5
127.114 0.00514324 0.00514324 2 3 5
127.614 0.00508971 0.00508971 2 3 5
128.114 0.00503671 0.00503671 2 3 5
128.614 0.00498423 0.00498423 2 3 5
129.114 0.00493226 0.00493226 2 3 5
129.614 0.00488081 0.00488081 2 3 5
130.114 0.00482988 0.00482988 2 3 5
130.614 0.00477944 0.00477944 2 3 5
131.114 0.00472951 0.00472951 2 3 5
131.614 0.00468008 0.00468008 2 3 5
132.114 0.00463114 0.00463114 2 3 5
132.614 0.00458269 0.00458269 2 3 5
133.114 0.00453474 0.00453474 2 3 5
133.614 0.00448726 0.00448726 2 3 5
134.114 0.00444026 0.00444026 2 3 5
134.614 0.00439374 0.00439374 2 3 5
135.114 0.00434769 0.00434769 2 3 5
135.614 0.00430211 0.00430211 2 3 5
136.114 0.00425699 0.00425699 2 3 5
136.614 0.00421233 0.00421233 2 3 5
137.114 0.00416812 0.00416812 2 3 5
137.614 0.00412437 0.00412437 2 3 5
138.114 0.00408106 0.00408106 2 3 5
138.614 0.0040382 0.0040382 2 3 5
139.114 0.00399578 0.00399578 2 3 5
139.614 0.0039538 0.0039538 2 3 5
140.114 0.00391225 0.00391225 2 3 5
140.614 0.00387112 0.00387112 2 3 5
141.114 0.00383042 0.00383042 2 3 5
141.614 0.00379015 0.00379015 2 3 5
142.114 0.00375029 0.00375029 2 3 5
142.614 0.00371084 0.00371084 2 3 5
143.114 0.0036718 0.0036718 2 3 5
143.614 0.00363317 0.00363317 2 3 5
144.114 0.00359494 0.00359494 2 3 5
144.614 0.00355711 0.00355711 2 3 5
145.114 0.00351967 0.00351967 2 3 5
145.614 0.00348262 0.00348262 2 3 5
146.114 0.00344596 0.00344596 2 3 5
146.614 0.00340968 0.00340968 2 3 5
147.114 0.00337379 0.00337379 2 3 5
147.614 0.00333826 0.00333826 2 3 5
148.114 0.00330312 0.00330312 2 3 5
148.614 0.00326834 0.00326834 2 3 5
149.114 0.00323392 0.00323392 2 3 5
149.614 0.00319987 0.00319987 2 3 5
150.114 0.00316617 0.00316617 2 3 5
150.614 0.00313283 0.00313283 2 3 5
151.114 0.00309984 0.00309984 2 3 5
151.614 0.0030672 0.0030672 2 3 5
152.114 0.0030349 0.0030349 2 3 5
152.614 0.00300295 0.00300295 2 3 5
153.114 0.00297133 0.00297133 2 3 5
153.614 0.00294004 0.00294004 2 3 5
154.114 0.00290909 0.00290909 2 3 5
154.614 0.00287846 0.00287846 2 3 5
155.114 0.00284816 0.00284816 2 3 5
155.614 0.00281818 0.00281818 2 3 5
156.114 0.00278851 0.00278851 2 3 5
156.614 0.00275916 0.00275916 2 3 5
157.114 0.00273013 0.00273013 2 3 5
157.614 0.0027014 0.0027014 2 3 5
158.114 0.00267297 0.00267297 2 3 5
158.614 0.00264485 0.00264485 2 3 5
159.114 0.00261702 0.00261702 2 3 5
159.614 0.00258949 0.00258949 2 3 5
160.114 0.00256225 0.00256225 2 3 5
160.614 0.00253531 0.00253531 2 3 5
161.114 0.00250864 0.00250864 2 3 5
161.614 0.00248227 0.00248227 2 3 5
162.114 0.00245617 0.00245617 2 3 5
162.614 0.00243035 0.00243035 2 3 5
163.114 0.00240481 0.00240481 2 3 5
163.614 0.00237953 0.00237953 2 3 5
164.114 0.00235453 0.00235453 2 3 5
164.614 0.00232979 0.00232979 2 3 5
165.114 0.00230532 0.00230532 2 3 5
165.614 0.00228111 0.00228111 2 3 5
166.114 0.00225715 0.00225715 2 3 5
166.614 0.00223345 0.00223345 2 3 5
167.114 0.00221 0.00221 2 3 5
167.614 0.00218681 0.00218681 2 3 5
168.114 0.00216386 0.00216386 2 3 5
168.614 0.00214115 0.00214115 2 3 5
169.114 0.00211869 0.00211869 2 3 5
169.614 0.00209646 0.00209646 2 3 5
170.114 0.00207448 0.00207448 2 3 5
170.614 0.00205273 0.00205273 2 3 5
171.114 0.00203121 0.00203121 2 3 5
171.614 0.00200991 0.00200991 2 3 5
172.114 0.00198885 0.00198885 2 3 5
172.614 0.00196801 0.00196801 2 3 5
173.114 0.0019474 0.0019474 2 3 5
173.614 0.001927 0.001927 2 3 5
174.114 0.00190682 0.00190682 2 3 5
174.614 0.00188686 0.00188686 2 3 5
175.114 0.0018671 0.0018671 2 3 5
175.614 0.00184756 0.00184756 2 3 5
176.114 0.00182823 0.00182823 2 3 5
176.614 0.0018091 0.0018091 2 3 5
177.114 0.00179018 0.00179018 2 3 5
177.614 0.00177146 0.00177146 2 3 5
178.114 0.00175294 0.00175294 2 3 5
178.614 0.00173462 0.00173462 2 3 5
179.114 0.00171649 0.00171649 2 3 5
179.614 0.00169856 0.00169856 2 3 5
180.114 0.00168081 0.00168081 2 3 5
180.614 0.00166326 0.00166326 2 3 5
181.114 0.00164589 0.00164589 2 3 5
181.614 0.00162871 0.00162871 2 3 5
182.114 0.00161171 0.00161171 2 3 5
182.614 0.00159489 0.00159489 2 3 5
183.114 0.00157825 0.00157825 2 3 5
183.614 0.00156179 0.00156179 2 3 5
184.114 0.0015455 0.0015455 2 3 5
184.614 0.00152939 0.00152939 2 3 5
185.114 0.00151344 0.00151344 2 3 5
185.614 0.00149767 0.00149767 2 3 5
186.114 0.00148207 0.00148207 2 3 5
186.614 0.00146663 0.00146663 2 3 5
187.114 0.00145135 0.00145135 2 3 5
187.614 0.00143624 0.00143624 2 3 5
188.114 0.00142129 0.00142129 2 3 5
188.614 0.0014065 0.0014065 2 3 5
189.114 0.00139186 0.00139186 2 3 5
189.614 0.00137738 0.00137738 2 3 5
190.114 0.00136306 0.00136306 2 3 5
190.614 0.00134888 0.00134888 2 3 5
191.114 0.00133486 0.00133486 2 3 5
191.614 0.00132098 0.00132098 2 3 5
191.614 0.00132098 0.00132098 2 3 5
191.654 0.00132003 0.00132003 2 3 5
191.694 0.00131893 0.00131893 2 3 5
191.774 0.00131672 0.00131672 2 3 5
191.934 0.00131232 0.00131232 2 3 5
192.254 0.00130354 0.00130354 2 3 5
192.754 0.00128992 0.00128992 2 3 5
193.254 0.0012765 0.0012765 2 3 5
193.754 0.00126325 0.00126325 2 3 5
194.254 0.00125013 0.00125013 2 3 5
194.754 0.00123716 0.00123716 2 3 5
195.254 0.00122432 0.00122432 2 3 5
195.754 0.00121162 0.00121162 2 3 5
196.254 0.00119905 0.00119905 2 3 5
196.754 0.00118661 0.00118661 2 3 5
197.254 0.00117431 0.00117431 2 3 5
197.754 0.00116214 0.00116214 2 3 5
198.254 0.0011501 0.0011501 2 3 5
198.754 0.00113818 0.00113818 2 3 5
199.254 0.00112639 0.00112639 2 3 5
199.754 0.00111473 0.00111473 2 3 5
200.254 0.00110318 0.00110318 2 3 5
200.754 0.00109176 0.00109176 2 3 5
201.254 0.00108047 0.00108047 2 3 5
201.754 0.00106929 0.00106929 2 3 5
202.254 0.00105822 0.00105822 2 3 5
202.754 0.00104728 0.00104728 2 3 5
203.254 0.00103645 0.00103645 2 3 5
203.754 0.00102574 0.00102574 2 3 5
204.254 0.00101513 0.00101513 2 3 5
204.754 0.00100464 0.00100464 2 3 5
205.254 0.000994265 0.000994265 2 3 5
205.754 0.000983995 0.000983995 2 3 5
206.254 0.000973834 0.000973834 2 3 5
206.754 0.000963779 0.000963779 2 3 5
207.254 0.000953831 0.000953831 2 3 5
207.754 0.000943987 0.000943987 2 3 5
208.254 0.000934248 0.000934248 2 3 5
208.754 0.00092461 0.00092461 2 3 5
209.254 0.000915074 0.000915074 2 3 5
209.754 0.000905639 0.000905639 2 3 5
210.254 0.000896302 0.000896302 2 3 5
210.754 0.000887064 0.000887064 2 3 5
211.254 0.000877924 0.000877924 2 3 5
211.754 0.000868879 0.000868879 2 3 5
212.254 0.000859929 0.000859929 2 3 5
212.754 0.000851073 0.000851073 2 3 5
213.254 0.000842311 0.000842311 2 3 5
213.754 0.00083364 0.00083364 2 3 5
214.254 0.00082506 0.00082506 2 3 5
214.754 0.000816571 0.000816571 2 3 5
215.254 0.00080817 0.00080817 2 3 5
215.754 0.000799858 0.000799858 2 3 5
216.254 0.000791632 0.000791632 2 3 5
216.754 0.000783493 0.000783493 2 3 5
217.254 0.00077544 0.00077544 2 3 5
217.754 0.000767471 0.000767471 2 3 5
218.254 0.000759585 0.000759585 2 3 5
218.754 0.000751782 0.000751782 2 3 5
219.254 0.00074406 0.00074406 2 3 5
219.754 0.000736419 0.000736419 2 3 5
220.254 0.000728859 0.000728859 2 3 5
220.754 0.000721377 0.000721377 2 3 5
221.254 0.000713974 0.000713974 2 3 5
221.754 0.000706648 0.000706648 2 3 5
222.254 0.000699398 0.000699398 2 3 5
222.754 0.000692225 0.000692225 2 3 5
223.254 0.000685126 0.000685126 2 3 5
223.754 0.000678102 0.000678102 2 3 5
224.254 0.00067115 0.00067115 2 3 5
224.754 0.000664272 0.000664272 2 3 5
225.254 0.000657465 0.000657465 2 3 5
225.754 0.000650729 0.000650729 2 3 5
226.254 0.000644064 0.000644064 2 3 5
226.754 0.000637468 0.000637468 2 3 5
227.254 0.000630941 0.000630941 2 3 5
227.754 0.000624481 0.000624481 2 3 5
228.254 0.000618089 0.000618089 2 3 5
228.754 0.000611764 0.000611764 2 3 5
229.254 0.000605505 0.000605505 2 3 5
229.754 0.000599311 0.000599311 2 3 5
230.254 0.000593181 0.000593181 2 3 5
230.754 0.000587115 0.000587115 2 3 5
231.254 0.000581112 0.000581112 2 3 5
231.754 0.000575172 0.000575172 2 3 5
232.254 0.000569293 0.000569293 2 3 5
232.754 0.000563475 0.000563475 2 3 5
233.254 0.000557718 0.000557718 2 3 5
233.754 0.000552021 0.000552021 2 3 5
234.254 0.000546383 0.000546383 2 3 5
234.754 0.000540803 0.000540803 2 3 5
235.254 0.000535282 0.000535282 2 3 5
235.754 0.000529818 0.000529818 2 3 5
236.254 0.00052441 0.00052441 2 3 5
236.754 0.000519059 0.000519059 2 3 5
237.254 0.000513763 0.000513763 2 3 5
237.754 0.000508522 0.000508522 2 3 5
238.254 0.000503335 0.000503335 2 3 5
238.754 0.000498202 0.000498202 2 3 5
239.254 0.000493122 0.000493122 2 3 5
239.754 0.000488095 0.000488095 2 3 5
240.254 0.00048312 0.00048312 2 3 5
240.754 0.000478196 0.000478196 2 3 5
241.254 0.000473324 0.000473324 2 3 5
241.754 0.000468502 0.000468502 2 3 5
242.254 0.00046373 0.00046373 2 3 5
242.754 0.000459007 0.000459007 2 3 5
243.254 0.000454333 0.000454333 2 3 5
243.754 0.000449707 0.000449707 2 3 5
244.254 0.000445129 0.000445129 2 3 5
244.754 0.000440598 0.000440598 2 3 5
245.254 0.000436115 0.000436115 2 3 5
245.754 0.000431677 0.000431677 2 3 5
246.254 0.000427286 0.000427286 2 3 5
246.754 0.000422939 0.000422939 2 3 5
247.254 0.000418638 0.000418638 2 3 5
247.754 0.000414381 0.000414381 2 3 5
248.254 0.000410168 0.000410168 2 3 5
248.754 0.000405998 0.000405998 2 3 5
249.254 0.000401871 0.000401871 2 3 5
249.754 0.000397787 0.000397787 2 3 5
250.254 0.000393745 0.000393745 2 3 5
250.754 0.000389745 0.000389745 2 3 5
251.254 0.000385786 0.000385786 2 3 5
251.754 0.000381868 0.000381868 2 3 5
252.254 0.00037799 0.00037799 2 3 5
252.754 0.000374152 0.000374152 2 3 5
253.254 0.000370353 0.000370353 2 3 5
253.754 0.000366594 0.000366594 2 3 5
254.254 0.000362873 0.000362873 2 3 5
254.754 0.00035919 0.00035919 2 3 5
255.254 0.000355546 0.000355546 2 3 5
255.754 0.000351939 0.000351939 2 3 5
256.254 0.000348369 0.000348369 2 3 5
256.754 0.000344835 0.000344835 2 3 5
257.254 0.000341338 0.000341338 2 3 5
257.754 0.000337877 0.000337877 2 3 5
258.254 0.000334451 0.000334451 2 3 5
258.754 0.000331061 0.000331061 2 3 5
259.254 0.000327706 0.000327706 2 3 5
259.754 0.000324384 0.000324384 2 3 5
260.254 0.000321097 0.000321097 2 3 5
260.754 0.000317844 0.000317844 2 3 5
261.254 0.000314624 0.000314624 2 3 5
261.754 0.000311437 0.000311437 2 3 5
262.254 0.000308283 0.000308283 2 3 5
262.754 0.000305161 0.000305161 2 3 5
263.254 0.000302071 0.000302071 2 3 5
263.754 0.000299013 0.000299013 2 3 5
264.254 0.000295986 0.000295986 2 3 5
264.754 0.000292991 0.000292991 2 3 5
265.254 0.000290025 0.000290025 2 3 5
265.754 0.000287091 0.000287091 2 3 5
266.254 0.000284186 0.000284186 2 3 5
266.754 0.000281311 0.000281311 2 3 5
267.254 0.000278465 0.000278465 2 3 5
267.754 0.000275649 0.000275649 2 3 5
268.254 0.000272861 0.000272861 2 3 5
268.754 0.000270102 0.000270102 2 3 5
269.254 0.000267371 0.000267371 2 3 5
269.754 0.000264668 0.000264668 2 3 5
270.254 0.000261993 0.000261993 2 3 5
270.754 0.000259345 0.000259345 2 3 5
271.254 0.000256724 0.000256724 2 3 5
271.754 0.00025413 0.00025413 2 3 5
272.254 0.000251562 0.000251562 2 3 5
272.754 0.000249021 0.000249021 2 3 5
273.254 0.000246505 0.000246505 2 3 5
273.754 0.000244016 0.000244016 2 3 5
274.254 0.000241551 0.000241551 2 3 5
274.754 0.000239112 0.000239112 2 3 5
275.254 0.000236698 0.000236698 2 3 5
275.754 0.000234308 0.000234308 2 3 5
276.254 0.000231943 0.000231943 2 3 5
276.754 0.000229602 0.000229602 2 3 5
277.254 0.000227284 0.000227284 2 3 5
277.754 0.000224991 0.000224991 2 3 5
278.254 0.00022272 0.00022272 2 3 5
278.754 0.000220473 0.000220473 2 3 5
279.254 0.000218249 0.000218249 2 3 5
279.754 0.000216047 0.000216047 2 3 5
280.254 0.000213868 0.000213868 2 3 5
280.754 0.000211711 0.000211711 2 3 5
281.254 0.000209576 0.000209576 2 3 5
281.754 0.000207463 0.000207463 2 3 5
282.254 0.000205371 0.000205371 2 3 5
282.754 0.000203301 0.000203301 2 3 5
283.254 0.000201252 0.000201252 2 3 5
283.754 0.000199223 0.000199223 2 3 5
284.254 0.000197215 0.000197215 2 3 5
284.754 0.000195228 0.000195228 2 3 5
285.254 0.000193261 0.000193261 2 3 5
285.754 0.000191313 0.000191313 2 3 5
286.254 0.000189386 0.000189386 2 3 5
286.754 0.000187478 0.000187478 2 3 5
287.254 0.00018559 0.00018559 2 3 5
287.754 0.00018372 0.00018372 2 3 5
288.254 0.00018187 0.00018187 2 3 5
288.754 0.000180039 0.000180039 2 3 5
289.254 0.000178226 0.000178226 2 3 5
289.254 0.000178226 0.000178226 2 3 5
289.294 0.0001781 0.0001781 2 3 5
289.334 0.000177956 0.000177956 2 3 5
289.414 0.000177668 0.000177668 2 3 5
289.574 0.000177092 0.000177092 2 3 5
289.894 0.000175945 0.000175945 2 3 5
290.394 0.000174164 0.000174164 2 3 5
290.894 0.000172408 0.000172408 2 3 5
291.394 0.000170673 0.000170673 2 3 5
291.894 0.000168955 0.000168955 2 3 5
292.394 0.000167255 0.000167255 2 3 5
292.894 0.000165572 0.000165572 2 3 5
293.394 0.000163906 0.000163906 2 3 5
293.894 0.000162257 0.000162257 2 3 5
294.394 0.000160624 0.000160624 2 3 5
294.894 0.000159008 0.000159008 2 3 5
295.394 0.000157409 0.000157409 2 3 5
295.894 0.000155826 0.000155826 2 3 5
296.394 0.000154259 0.000154259 2 3 5
296.894 0.000152708 0.000152708 2 3 5
297.394 0.000151172 0.000151172 2 3 5
297.894 0.000149652 0.000149652 2 3 5
298.394 0.000148148 0.000148148 2 3 5
298.894 0.000146658 0.000146658 2 3 5
299.394 0.000145184 0.000145184 2 3 5
299.894 0.000143725 0.000143725 2 3 5
300.394 0.00014228 0.00014228 2 3 5
300.894 0.00014085 0.00014085 2 3 5
301.394 0.000139435 0.000139435 2 3 5
301.894 0.000138034 0.000138034 2 3 5
302.394 0.000136647 0.000136647 2 3 5
302.894 0.000135274 0.000135274 2 3 5
303.394 0.000133915 0.000133915 2 3 5
303.894 0.00013257 0.00013257 2 3 5
304.394 0.000131238 0.000131238 2 3 5
304.894 0.00012992 0.00012992 2 3 5
305.394 0.000128615 0.000128615 2 3 5
305.894 0.000127324 0.000127324 2 3 5
306.394 0.000126045 0.000126045 2 3 5
306.894 0.00012478 0.00012478 2 3 5
307.394 0.000123527 0.000123527 2 3 5
307.894 0.000122287 0.000122287 2 3 5
308.394 0.000121059 0.000121059 2 3 5
308.894 0.000119844 0.000119844 2 3 5
309.394 0.000118641 0.000118641 2 3 5
309.894 0.00011745 0.00011745 2 3 5
310.394 0.000116271 0.000116271 2 3 5
310.894 0.000115105 0.000115105 2 3 5
311.394 0.00011395 0.00011395 2 3 5
311.894 0.000112806 0.000112806 2 3 5
312.394 0.000111674 0.000111674 2 3 5
312.894 0.000110554 0.000110554 2 3 5
313.394 0.000109445 0.000109445 2 3 5
313.894 0.000108347 0.000108347 2 3 5
314.394 0.00010726 0.00010726 2 3 5
314.894 0.000106184 0.000106184 2 3 5
315.394 0.000105119 0.000105119 2 3 5
315.894 0.000104065 0.000104065 2 3 5
316.394 0.000103021 0.000103021 2 3 5
316.894 0.000101988 0.000101988 2 3 5
317.394 0.000100966 0.000100966 2 3 5
317.894 9.99533e-05 9.99533e-05 2 3 5
318.394 9.89512e-05 9.89512e-05 2 3 5
318.894 9.79591e-05 9.79591e-05 2 3 5
319.394 9.69771e-05 9.69771e-05 2 3 5
319.894 9.6005e-05 9.6005e-05 2 3 5
320.394 9.50427e-05 9.50427e-05 2 3 5
320.894 9.409e-05 9.409e-05 2 3 5
321.394 9.3147e-05 9.3147e-05 2 3 5
321.894 9.22135e-05 9.22135e-05 2 3 5
322.394 9.12894e-05 9.12894e-05 2 3 5
322.894 9.03746e-05 9.03746e-05 2 3 5
323.394 8.9469e-05 8.9469e-05 2 3 5
323.894 8.85726e-05 8.85726e-05 2 3 5
324.394 8.76852e-05 8.76852e-05 2 3 5
324.894 8.68067e-05 8.68067e-05 2 3 5
325.394 8.5937e-05 8.5937e-05 2 3 5
325.894 8.50762e-05 8.50762e-05 2 3 5
326.394 8.4224e-05 8.4224e-05 2 3 5
326.894 8.33803e-05 8.33803e-05 2 3 5
327.394 8.25452e-05 8.25452e-05 2 3 5
327.894 8.17185e-05 8.17185e-05 2 3 5
328.394 8.09001e-05 8.09001e-05 2 3 5
328.894 8.00899e-05 8.00899e-05 2 3 5
329.394 7.92879e-05 7.92879e-05 2 3 5
329.894 7.84939e-05 7.84939e-05 2 3 5
330.394 7.7708e-05 7.7708e-05 2 3 5
330.894 7.69299e-05 7.69299e-05 2 3 5
331.394 7.61597e-05 7.61597e-05 2 3 5
331.894 7.53973e-05 7.53973e-05 2 3 5
332.394 7.46425e-05 7.46425e-05 2 3 5
332.894 7.38953e-05 7.38953e-05 2 3 5
333.394 7.31556e-05 7.31556e-05 2 3 5
333.894 7.24233e-05 7.24233e-05 2 3 5
334.394 7.16984e-05 7.16984e-05 2 3 5
334.894 7.09808e-05 7.09808e-05 2 3 5
335.394 7.02704e-05 7.02704e-05 2 3 5
335.894 6.95672e-05 6.95672e-05 2 3 5
336.394 6.8871e-05 6.8871e-05 2 3 5
336.894 6.81819e-05 6.81819e-05 2 3 5
337.394 6.74996e-05 6.74996e-05 2 3 5
337.894 6.68242e-05 6.68242e-05 2 3 5
338.394 6.61556e-05 6.61556e-05 2 3 5
338.894 6.54937e-05 6.54937e-05 2 3 5
339.394 6.48385e-05 6.48385e-05 2 3 5
339.894 6.41899e-05 6.41899e-05 2 3 5
340.394 6.35477e-05 6.35477e-05 2 3 5
340.894 6.2912e-05 6.2912e-05 2 3 5
341.394 6.22827e-05 6.22827e-05 2 3 5
341.894 6.16598e-05 6.16598e-05 2 3 5
342.394 6.10431e-05 6.10431e-05 2 3 5
342.894 6.04325e-05 6.04325e-05 2 3 5
343.394 5.98281e-05 5.98281e-05 2 3 5
343.894 5.92298e-05 5.92298e-05 2 3 5
344.394 5.86375e-05 5.86375e-05 2 3 5
344.894 5.80511e-05 5.80511e-05 2 3 5
345.394 5.74706e-05 5.74706e-05 2 3 5
345.894 5.6896e-05 5.6896e-05 2 3 5
346.394 5.63271e-05 5.63271e-05 2 3 5
346.894 5.57639e-05 5.57639e-05 2 3 5
347.394 5.52064e-05 5.52064e-05 2 3 5
347.894 5.46545e-05 5.46545e-05 2 3 5
348.394 5.41081e-05 5.41081e-05 2 3 5
348.894 5.35672e-05 5.35672e-05 2 3 5
349.394 5.30317e-05 5.30317e-05 2 3 5
349.894 5.25016e-05 5.25016e-05 2 3 5
350.394 5.19768e-05 5.19768e-05 2 3 5
350.894 5.14573e-05 5.14573e-05 2 3 5
351.394 5.0943e-05 5.0943e-05 2 3 5
351.894 5.04338e-05 5.04338e-05 2 3 5
352.394 4.99298e-05 4.99298e-05 2 3 5
352.894 4.94308e-05 4.94308e-05 2 3 5
353.394 4.89368e-05 4.89368e-05 2 3 5
353.894 4.84477e-05 4.84477e-05 2 3 5
354.394 4.79636e-05 4.79636e-05 2 3 5
354.894 4.74843e-05 4.74843e-05 2 3 5
355.394 4.70099e-05 4.70099e-05 2 3 5
355.894 4.65402e-05 4.65402e-05 2 3 5
356.394 4.60752e-05 4.60752e-05 2 3 5
356.894 4.56148e-05 4.56148e-05 2 3 5
357.394 4.51591e-05 4.51591e-05 2 3 5
357.894 4.47079e-05 4.47079e-05 2 3 5
358.394 4.42613e-05 4.42613e-05 2 3 5
358.894 4.38191e-05 4.38191e-05 2 3 5
359.394 4.33814e-05 4.33814e-05 2 3 5
359.894 4.2948e-05 4.2948e-05 2 3 5
360.394 4.2519e-05 4.2519e-05 2 3 5
360.894 4.20943e-05 4.20943e-05 2 3 5
361.394 4.16739e-05 4.16739e-05 2 3 5
361.894 4.12577e-05 4.12577e-05 2 3 5
362.394 4.08456e-05 4.08456e-05 2 3 5
362.894 4.04377e-05 4.04377e-05 2 3 5
363.394 4.00338e-05 4.00338e-05 2 3 5
363.894 3.9634e-05 3.9634e-05 2 3 5
364.394 3.92382e-05 3.92382e-05 2 3 5
364.894 3.88464e-05 3.88464e-05 2 3 5
365.394 3.84584e-05 3.84584e-05 2 3 5
365.894 3.80744e-05 3.80744e-05 2 3 5
366.394 3.76942e-05 3.76942e-05 2 3 5
366.894 3.73179e-05 3.73179e-05 2 3 5
367.394 3.69453e-05 3.69453e-05 2 3 5
367.894 3.65764e-05 3.65764e-05 2 3 5
368.394 3.62112e-05 3.62112e-05 2 3 5
368.894 3.58497e-05 3.58497e-05 2 3 5
369.394 3.54918e-05 3.54918e-05 2 3 5
369.894 3.51374e-05 3.51374e-05 2 3 5
370.394 3.47867e-05 3.47867e-05 2 3 5
370.894 3.44394e-05 3.44394e-05 2 3 5
371.394 3.40956e-05 3.40956e-05 2 3 5
371.894 3.37553e-05 3.37553e-05 2 3 5
372.394 3.34183e-05 3.34183e-05 2 3 5
372.894 3.30847e-05 3.30847e-05 2 3 5
373.394 3.27545e-05 3.27545e-05 2 3 5
373.894 3.24276e-05 3.24276e-05 2 3 5
374.394 3.21039e-05 3.21039e-05 2 3 5
374.894 3.17835e-05 3.17835e-05 2 3 5
375.394 3.14663e-05 3.14663e-05 2 3 5
375.894 3.11522e-05 3.11522e-05 2 3 5
376.394 3.08414e-05 3.08414e-05 2 3 5
376.894 3.05336e-05 3.05336e-05 2 3 5
377.394 3.02289e-05 3.02289e-05 2 3 5
377.894 2.99272e-05 2.99272e-05 2 3 5
378.394 2.96286e-05 2.96286e-05 2 3 5
378.894 2.93329e-05 2.93329e-05 2 3 5
379.394 2.90402e-05 2.90402e-05 2 3 5
379.894 2.87504e-05 2.87504e-05 2 3 5
380.394 2.84636e-05 2.84636e-05 2 3 5
380.894 2.81796e-05 2.81796e-05 2 3 5
381.394 2.78984e-05 2.78984e-05 2 3 5
381.894 2.762e-05 2.762e-05 2 3 5
382.394 2.73445e-05 2.73445e-05 2 3 5
382.894 2.70717e-05 2.70717e-05 2 3 5
383.394 2.68016e-05 2.68016e-05 2 3 5
383.894 2.65342e-05 2.65342e-05 2 3 5
384.394 2.62695e-05 2.62695e-05 2 3 5
384.894 2.60074e-05 2.60074e-05 2 3 5
385.394 2.5748e-05 2.5748e-05 2 3 5
385.894 2.54911e-05 2.54911e-05 2 3 5
386.394 2.52368e-05 2.52368e-05 2 3 5
386.894 2.49851e-05 2.49851e-05 2 3 5
386.894 2.49851e-05 2.49851e-05 2 3 5
386.934 2.49676e-05 2.49676e-05 2 3 5
386.974 2.49476e-05 2.49476e-05 2 3 5
387.054 2.49076e-05 2.49076e-05 2 3 5
387.214 2.48276e-05 2.48276e-05 2 3 5
387.534 2.46683e-05 2.46683e-05 2 3 5
388.034 2.44209e-05 2.44209e-05 2 3 5
388.534 2.41769e-05 2.41769e-05 2 3 5
389.034 2.39358e-05 2.39358e-05 2 3 5
389.534 2.3697e-05 2.3697e-05 2 3 5
390.034 2.34607e-05 2.34607e-05 2 3 5
390.534 2.32267e-05 2.32267e-05 2 3 5
391.034 2.2995e-05 2.2995e-05 2 3 5
391.534 2.27657e-05 2.27657e-05 2 3 5
392.034 2.25386e-05 2.25386e-05 2 3 5
392.534 2.23139e-05 2.23139e-05 2 3 5
393.034 2.20913e-05 2.20913e-05 2 3 5
393.534 2.1871e-05 2.1871e-05 2 3 5
394.034 2.16529e-05 2.16529e-05 2 3 5
394.534 2.1437e-05 2.1437e-05 2 3 5
395.034 2.12232e-05 2.12232e-05 2 3 5
395.534 2.10116e-05 2.10116e-05 2 3 5
396.034 2.08021e-05 2.08021e-05 2 3 5
396.534 2.05946e-05 2.05946e-05 2 3 5
397.034 2.03893e-05 2.03893e-05 2 3 5
397.534 2.0186e-05 2.0186e-05 2 3 5
398.034 1.99847e-05 1.99847e-05 2 3 5
398.534 1.97855e-05 1.97855e-05 2 3 5
399.034 1.95882e-05 1.95882e-05 2 3 5
399.534 1.93929e-05 1.93929e-05 2 3 5
400.034 1.91995e-05 1.91995e-05 2 3 5
400.534 1.90081e-05 1.90081e-05 2 3 5
401.034 1.88186e-05 1.88186e-05 2 3 5
401.534 1.8631e-05 1.8631e-05 2 3 5
402.034 1.84452e-05 1.84452e-05 2 3 5
402.534 1.82613e-05 1.82613e-05 2 3 5
403.034 1.80793e-05 1.80793e-05 2 3 5
403.534 1.78991e-05 1.78991e-05 2 3 5
404.034 1.77206e-05 1.77206e-05 2 3 5
404.534 1.7544e-05 1.7544e-05 2 3 5
405.034 1.73691e-05 1.73691e-05 2 3 5
405.534 1.71959e-05 1.71959e-05 2 3 5
406.034 1.70245e-05 1.70245e-05 2 3 5
406.534 1.68548e-05 1.68548e-05 2 3 5
407.034 1.66868e-05 1.66868e-05 2 3 5
407.534 1.65205e-05 1.65205e-05 2 3 5
408.034 1.63558e-05 1.63558e-05 2 3 5
408.534 1.61928e-05 1.61928e-05 2 3 5
409.034 1.60314e-05 1.60314e-05 2 3 5
409.534 1.58716e-05 1.58716e-05 2 3 5
410.034 1.57134e-05 1.57134e-05 2 3 5
410.534 1.55568e-05 1.55568e-05 2 3 5
411.034 1.54017e-05 1.54017e-05 2 3 5
411.534 1.52482e-05 1.52482e-05 2 3 5
412.034 1.50962e-05 1.50962e-05 2 3 5
412.534 1.49458e-05 1.49458e-05 2 3 5
413.034 1.47968e-05 1.47968e-05 2 3 5
413.534 1.46494e-05 1.46494e-05 2 3 5
414.034 1.45034e-05 1.45034e-05 2 3 5
414.534 1.43588e-05 1.43588e-05 2 3 5
415.034 1.42157e-05 1.42157e-05 2 3 5
415.534 1.40741e-05 1.40741e-05 2 3 5
416.034 1.39338e-05 1.39338e-05 2 3 5
416.534 1.3795e-05 1.3795e-05 2 3 5
417.034 1.36575e-05 1.36575e-05 2 3 5
417.534 1.35214e-05 1.35214e-05 2 3 5
418.034 1.33866e-05 1.33866e-05 2 3 5
418.534 1.32533e-05 1.32533e-05 2 3 5
419.034 1.31212e-05 1.31212e-05 2 3 5
419.534 1.29904e-05 1.29904e-05 2 3 5
420.034 1.2861e-05 1.2861e-05 2 3 5
420.534 1.27328e-05 1.27328e-05 2 3 5
421.034 1.2606e-05 1.2606e-05 2 3 5
421.534 1.24804e-05 1.24804e-05 2 3 5
422.034 1.2356e-05 1.2356e-05 2 3 5
422.534 1.22329e-05 1.22329e-05 2 3 5
423.034 1.2111e-05 1.2111e-05 2 3 5
423.534 1.19903e-05 1.19903e-05 2 3 5
424.034 1.18709e-05 1.18709e-05 2 3 5
424.534 1.17526e-05 1.17526e-05 2 3 5
425.034 1.16355e-05 1.16355e-05 2 3 5
425.534 1.15196e-05 1.15196e-05 2 3 5
426.034 1.14048e-05 1.14048e-05 2 3 5
426.534 1.12912e-05 1.12912e-05 2 3 5
427.034 1.11787e-05 1.11787e-05 2 3 5
427.534 1.10673e-05 1.10673e-05 2 3 5
428.034 1.09571e-05 1.09571e-05 2 3 5
428.534 1.08479e-05 1.08479e-05 2 3 5
429.034 1.07398e-05 1.07398e-05 2 3 5
429.534 1.06328e-05 1.06328e-05 2 3 5
430.034 1.05269e-05 1.05269e-05 2 3 5
430.534 1.0422e-05 1.0422e-05 2 3 5
431.034 1.03182e-05 1.03182e-05 2 3 5
431.534 1.02154e-05 1.02154e-05 2 3 5
432.034 1.01136e-05 1.01136e-05 2 3 5
432.534 1.00129e-05 1.00129e-05 2 3 5
433.034 9.91315e-06 9.91315e-06 2 3 5
433.534 9.8144e-06 9.8144e-06 2 3 5
434.034 9.71664e-06 9.71664e-06 2 3 5
434.534 9.61984e-06 9.61984e-06 2 3 5
435.034 9.52402e-06 9.52402e-06 2 3 5
435.534 9.42915e-06 9.42915e-06 2 3 5
436.034 9.33522e-06 9.33522e-06 2 3 5
436.534 9.24224e-06 9.24224e-06 2 3 5
437.034 9.15017e-06 9.15017e-06 2 3 5
437.534 9.05903e-06 9.05903e-06 2 3 5
438.034 8.9688e-06 8.9688e-06 2 3 5
438.534 8.87946e-06 8.87946e-06 2 3 5
439.034 8.79102e-06 8.79102e-06 2 3 5
439.534 8.70345e-06 8.70345e-06 2 3 5
440.034 8.61677e-06 8.61677e-06 2 3 5
440.534 8.53094e-06 8.53094e-06 2 3 5
441.034 8.44597e-06 8.44597e-06 2 3 5
441.534 8.36185e-06 8.36185e-06 2 3 5
442.034 8.27856e-06 8.27856e-06 2 3 5
442.534 8.19611e-06 8.19611e-06 2 3 5
443.034 8.11448e-06 8.11448e-06 2 3 5
443.534 8.03366e-06 8.03366e-06 2 3 5
444.034 7.95365e-06 7.95365e-06 2 3 5
444.534 7.87443e-06 7.87443e-06 2 3 5
445.034 7.796e-06 7.796e-06 2 3 5
445.534 7.71836e-06 7.71836e-06 2 3 5
446.034 7.64149e-06 7.64149e-06 2 3 5
446.534 7.56539e-06 7.56539e-06 2 3 5
447.034 7.49004e-06 7.49004e-06 2 3 5
447.534 7.41545e-06 7.41545e-06 2 3 5
448.034 7.3416e-06 7.3416e-06 2 3 5
448.534 7.26848e-06 7.26848e-06 2 3 5
449.034 7.19609e-06 7.19609e-06 2 3 5
449.534 7.12443e-06 7.12443e-06 2 3 5
450.034 7.05348e-06 7.05348e-06 2 3 5
450.534 6.98324e-06 6.98324e-06 2 3 5
451.034 6.91369e-06 6.91369e-06 2 3 5
451.534 6.84484e-06 6.84484e-06 2 3 5
452.034 6.77668e-06 6.77668e-06 2 3 5
452.534 6.70919e-06 6.70919e-06 2 3 5
453.034 6.64238e-06 6.64238e-06 2 3 5
453.534 6.57623e-06 6.57623e-06 2 3 5
454.034 6.51075e-06 6.51075e-06 2 3 5
454.534 6.44591e-06 6.44591e-06 2 3 5
455.034 6.38172e-06 6.38172e-06 2 3 5
455.534 6.31817e-06 6.31817e-06 2 3 5
456.034 6.25526e-06 6.25526e-06 2 3 5
456.534 6.19297e-06 6.19297e-06 2 3 5
457.034 6.1313e-06 6.1313e-06 2 3 5
457.534 6.07025e-06 6.07025e-06 2 3 5
458.034 6.0098e-06 6.0098e-06 2 3 5
458.534 5.94996e-06 5.94996e-06 2 3 5
459.034 5.89071e-06 5.89071e-06 2 3 5
459.534 5.83205e-06 5.83205e-06 2 3 5
460.034 5.77398e-06 5.77398e-06 2 3 5
460.534 5.71649e-06 5.71649e-06 2 3 5
461.034 5.65957e-06 5.65957e-06 2 3 5
461.534 5.60321e-06 5.60321e-06 2 3 5
462.034 5.54742e-06 5.54742e-06 2 3 5
462.534 5.49219e-06 5.49219e-06 2 3 5
463.034 5.4375e-06 5.4375e-06 2 3 5
463.534 5.38336e-06 5.38336e-06 2 3 5
464.034 5.32976e-06 5.32976e-06 2 3 5
464.534 5.27669e-06 5.27669e-06 2 3 5
465.034 5.22415e-06 5.22415e-06 2 3 5
465.534 5.17214e-06 5.17214e-06 2 3 5
466.034 5.12064e-06 5.12064e-06 2 3 5
466.534 5.06965e-06 5.06965e-06 2 3 5
467.034 5.01918e-06 5.01918e-06 2 3 5
467.534 4.9692e-06 4.9692e-06 2 3 5
468.034 4.91973e-06 4.91973e-06 2 3 5
468.534 4.87075e-06 4.87075e-06 2 3 5
469.034 4.82225e-06 4.82225e-06 2 3 5
469.534 4.77424e-06 4.77424e-06 2 3 5
470.034 4.72671e-06 4.72671e-06 2 3 5
470.534 4.67965e-06 4.67965e-06 2 3 5
471.034 4.63305e-06 4.63305e-06 2 3 5
471.534 4.58693e-06 4.58693e-06 2 3 5
472.034 4.54126e-06 4.54126e-06 2 3 5
472.534 4.49605e-06 4.49605e-06 2 3 5
473.034 4.45128e-06 4.45128e-06 2 3 5
473.534 4.40697e-06 4.40697e-06 2 3 5
474.034 4.36309e-06 4.36309e-06 2 3 5
474.534 4.31965e-06 4.31965e-06 2 3 5
475.034 4.27665e-06 4.27665e-06 2 3 5
475.534 4.23407e-06 4.23407e-06 2 3 5
476.034 4.19192e-06 4.19192e-06 2 3 5
476.534 4.15019e-06 4.15019e-06 2 3 5
477.034 4.10887e-06 4.10887e-06 2 3 5
477.534 4.06796e-06 4.06796e-06 2 3 5
478.034 4.02746e-06 4.02746e-06 2 3 5
478.534 3.98737e-06 3.98737e-06 2 3 5
479.034 3.94767e-06 3.94767e-06 2 3 5
479.534 3.90837e-06 3.90837e-06 2 3 5
480.034 3.86946e-06 3.86946e-06 2 3 5
480.534 3.83094e-06 3.83094e-06 2 3 5
481.034 3.7928e-06 3.7928e-06 2 3 5
481.534 3.75505e-06 3.75505e-06 2 3 5
482.034 3.71766e-06 3.71766e-06 2 3 5
482.534 3.68065e-06 3.68065e-06 2 3 5
483.034 3.64401e-06 3.64401e-06 2 3 5
483.534 3.60774e-06 3.60774e-06 2 3 5
484.034 3.57182e-06 3.57182e-06 2 3 5
484.534 3.53627e-06 3.53627e-06 2 3 5
484.534 3.53627e-06 3.53627e-06 2 3 5
484.574 3.53379e-06 3.53379e-06 2 3 5
484.614 3.53096e-06 3.53096e-06 2 3 5
484.694 3.52531e-06 3.52531e-06 2 3 5
484.854 3.51402e-06 3.51402e-06 2 3 5
485.174 3.49151e-06 3.49151e-06 2 3 5
485.674 3.45658e-06 3.45658e-06 2 3 5
486.174 3.42211e-06 3.42211e-06 2 3 5
486.674 3.38804e-06 3.38804e-06 2 3 5
487.174 3.35431e-06 3.35431e-06 2 3 5
487.674 3.32092e-06 3.32092e-06 2 3 5
488.174 3.28786e-06 3.28786e-06 2 3 5
488.674 3.25513e-06 3.25513e-06 2 3 5
489.174 3.22273e-06 3.22273e-06 2 3 5
489.674 3.19065e-06 3.19065e-06 2 3 5
490.174 3.15889e-06 3.15889e-06 2 3 5
490.674 3.12744e-06 3.12744e-06 2 3 5
491.174 3.09631e-06 3.09631e-06 2 3 5
491.674 3.06549e-06 3.06549e-06 2 3 5
492.174 3.03497e-06 3.03497e-06 2 3 5
492.674 3.00476e-06 3.00476e-06 2 3 5
493.174 2.97485e-06 2.97485e-06 2 3 5
493.674 2.94524e-06 2.94524e-06 2 3 5
494.174 2.91592e-06 2.91592e-06 2 3 5
494.674 2.8869e-06 2.8869e-06 2 3 5
495.174 2.85816e-06 2.85816e-06 2 3 5
495.674 2.82971e-06 2.82971e-06 2 3 5
496.174 2.80154e-06 2.80154e-06 2 3 5
496.674 2.77366e-06 2.77366e-06 2 3 5
497.174 2.74605e-06 2.74605e-06 2 3 5
497.674 2.71872e-06 2.71872e-06 2 3 5
498.174 2.69165e-06 2.69165e-06 2 3 5
498.674 2.66486e-06 2.66486e-06 2 3 5
499.174 2.63834e-06 2.63834e-06 2 3 5
499.674 2.61207e-06 2.61207e-06 2 3 5
500.174 2.58607e-06 2.58607e-06 2 3 5
500.674 2.56033e-06 2.56033e-06 2 3 5
501.174 2.53485e-06 2.53485e-06 2 3 5
501.674 2.50962e-06 2.50962e-06 2 3 5
502.174 2.48464e-06 2.48464e-06 2 3 5
502.674 2.45991e-06 2.45991e-06 2 3 5
503.174 2.43542e-06 2.43542e-06 2 3 5
503.674 2.41118e-06 2.41118e-06 2 3 5
504.174 2.38718e-06 2.38718e-06 2 3 5
504.674 2.36342e-06 2.36342e-06 2 3 5
505.174 2.3399e-06 2.3399e-06 2 3 5
505.674 2.31661e-06 2.31661e-06 2 3 5
506.174 2.29355e-06 2.29355e-06 2 3 5
506.674 2.27072e-06 2.27072e-06 2 3 5
507.174 2.24812e-06 2.24812e-06 2 3 5
507.674 2.22574e-06 2.22574e-06 2 3 5
508.174 2.20359e-06 2.20359e-06 2 3 5
508.674 2.18165e-06 2.18165e-06 2 3 5
509.174 2.15994e-06 2.15994e-06 2 3 5
509.674 2.13844e-06 2.13844e-06 2 3 5
510.174 2.11716e-06 2.11716e-06 2 3 5
510.674 2.09609e-06 2.09609e-06 2 3 5
511.174 2.07522e-06 2.07522e-06 2 3 5
511.674 2.05457e-06 2.05457e-06 2 3 5
512.174 2.03412e-06 2.03412e-06 2 3 5
512.674 2.01387e-06 2.01387e-06 2 3 5
513.174 1.99383e-06 1.99383e-06 2 3 5
513.674 1.97398e-06 1.97398e-06 2 3 5
514.174 1.95434e-06 1.95434e-06 2 3 5
514.674 1.93489e-06 1.93489e-06 2 3 5
515.174 1.91563e-06 1.91563e-06 2 3 5
515.674 1.89656e-06 1.89656e-06 2 3 5
516.174 1.87769e-06 1.87769e-06 2 3 5
516.674 1.859e-06 1.859e-06 2 3 5
517.174 1.84049e-06 1.84049e-06 2 3 5
517.674 1.82218e-06 1.82218e-06 2 3 5
518.174 1.80404e-06 1.80404e-06 2 3 5
518.674 1.78609e-06 1.78609e-06 2 3 5
519.174 1.76831e-06 1.76831e-06 2 3 5
519.674 1.75071e-06 1.75071e-06 2 3 5
520.174 1.73329e-06 1.73329e-06 2 3 5
520.674 1.71603e-06 1.71603e-06 2 3 5
521.174 1.69896e-06 1.69896e-06 2 3 5
521.674 1.68205e-06 1.68205e-06 2 3 5
522.174 1.66531e-06 1.66531e-06 2 3 5
522.674 1.64873e-06 1.64873e-06 2 3 5
523.174 1.63232e-06 1.63232e-06 2 3 5
523.674 1.61608e-06 1.61608e-06 2 3 5
524.174 1.59999e-06 1.59999e-06 2 3 5
524.674 1.58407e-06 1.58407e-06 2 3 5
525.174 1.5683e-06 1.5683e-06 2 3 5
525.674 1.55269e-06 1.55269e-06 2 3 5
526.174 1.53724e-06 1.53724e-06 2 3 5
526.674 1.52194e-06 1.52194e-06 2 3 5
527.174 1.5068e-06 1.5068e-06 2 3 5
527.674 1.4918e-06 1.4918e-06 2 3 5
528.174 1.47695e-06 1.47695e-06 2 3 5
528.674 1.46225e-06 1.46225e-06 2 3 5
529.174 1.4477e-06 1.4477e-06 2 3 5
529.674 1.43329e-06 1.43329e-06 2 3 5
530.174 1.41903e-06 1.41903e-06 2 3 5
530.674 1.40491e-06 1.40491e-06 2 3 5
531.174 1.39092e-06 1.39092e-06 2 3 5
531.674 1.37708e-06 1.37708e-06 2 3 5
532.174 1.36338e-06 1.36338e-06 2 3 5
532.674 1.34981e-06 1.34981e-06 2 3 5
533.174 1.33637e-06 1.33637e-06 2 3 5
533.674 1.32307e-06 1.32307e-06 2 3 5
534.174 1.30991e-06 1.30991e-06 2 3 5
534.674 1.29687e-06 1.29687e-06 2 3 5
535.174 1.28396e-06 1.28396e-06 2 3 5
535.674 1.27118e-06 1.27118e-06 2 3 5
536.174 1.25853e-06 1.25853e-06 2 3 5
536.674 1.24601e-06 1.24601e-06 2 3 5
537.174 1.23361e-06 1.23361e-06 2 3 5
537.674 1.22133e-06 1.22133e-06 2 3 5
538.174 1.20918e-06 1.20918e-06 2 3 5
538.674 1.19714e-06 1.19714e-06 2 3 5
539.174 1.18523e-06 1.18523e-06 2 3 5
539.674 1.17343e-06 1.17343e-06 2 3 5
540.174 1.16176e-06 1.16176e-06 2 3 5
540.674 1.15019e-06 1.15019e-06 2 3 5
541.174 1.13875e-06 1.13875e-06 2 3 5
541.674 1.12742e-06 1.12742e-06 2 3 5
542.174 1.1162e-06 1.1162e-06 2 3 5
542.674 1.10509e-06 1.10509e-06 2 3 5
543.174 1.09409e-06 1.09409e-06 2 3 5
543.674 1.0832e-06 1.0832e-06 2 3 5
544.174 1.07242e-06 1.07242e-06 2 3 5
544.674 1.06175e-06 1.06175e-06 2 3 5
545.174 1.05118e-06 1.05118e-06 2 3 5
545.674 1.04072e-06 1.04072e-06 2 3 5
546.174 1.03036e-06 1.03036e-06 2 3 5
546.674 1.02011e-06 1.02011e-06 2 3 5
547.174 1.00996e-06 1.00996e-06 2 3 5
547.674 9.99908e-07 9.99908e-07 2 3 5
548.174 9.89957e-07 9.89957e-07 2 3 5
548.674 9.80105e-07 9.80105e-07 2 3 5
549.174 9.70351e-07 9.70351e-07 2 3 5
549.674 9.60695e-07 9.60695e-07 2 3 5
550.174 9.51134e-07 9.51134e-07 2 3 5
550.674 9.41669e-07 9.41669e-07 2 3 5
551.174 9.32298e-07 9.32298e-07 2 3 5
551.674 9.2302e-07 9.2302e-07 2 3 5
552.174 9.13834e-07 9.13834e-07 2 3 5
552.674 9.0474e-07 9.0474e-07 2 3 5
553.174 8.95737e-07 8.95737e-07 2 3 5
553.674 8.86823e-07 8.86823e-07 2 3 5
554.174 8.77997e-07 8.77997e-07 2 3 5
554.674 8.6926e-07 8.6926e-07 2 3 5
555.174 8.60609e-07 8.60609e-07 2 3 5
555.674 8.52045e-07 8.52045e-07 2 3 5
556.174 8.43566e-07 8.43566e-07 2 3 5
556.674 8.35171e-07 8.35171e-07 2 3 5
557.174 8.2686e-07 8.2686e-07 2 3 5
557.674 8.18632e-07 8.18632e-07 2 3 5
558.174 8.10485e-07 8.10485e-07 2 3 5
558.674 8.02419e-07 8.02419e-07 2 3 5
559.174 7.94434e-07 7.94434e-07 2 3 5
559.674 7.86529e-07 7.86529e-07 2 3 5
560.174 7.78701e-07 7.78701e-07 2 3 5
560.674 7.70952e-07 7.70952e-07 2 3 5
561.174 7.6328e-07 7.6328e-07 2 3 5
561.674 7.55685e-07 7.55685e-07 2 3 5
562.174 7.48164e-07 7.48164e-07 2 3 5
562.674 7.40719e-07 7.40719e-07 2 3 5
563.174 7.33348e-07 7.33348e-07 2 3 5
563.674 7.2605e-07 7.2605e-07 2 3 5
564.174 7.18825e-07 7.18825e-07 2 3 5
564.674 7.11672e-07 7.11672e-07 2 3 5
565.174 7.0459e-07 7.0459e-07 2 3 5
565.674 6.97578e-07 6.97578e-07 2 3 5
566.174 6.90636e-07 6.90636e-07 2 3 5
566.674 6.83764e-07 6.83764e-07 2 3 5
567.174 6.76959e-07 6.76959e-07 2 3 5
567.674 6.70223e-07 6.70223e-07 2 3 5
568.174 6.63553e-07 6.63553e-07 2 3 5
568.674 6.5695e-07 6.5695e-07 2 3 5
569.174 6.50413e-07 6.50413e-07 2 3 5
569.674 6.4394e-07 6.4394e-07 2 3 5
570.174 6.37532e-07 6.37532e-07 2 3 5
570.674 6.31188e-07 6.31188e-07 2 3 5
571.174 6.24907e-07 6.24907e-07 2 3 5
571.674 6.18688e-07 6.18688e-07 2 3 5
572.174 6.12532e-07 6.12532e-07 2 3 5
572.674 6.06436e-07 6.06436e-07 2 3 5
573.174 6.00401e-07 6.00401e-07 2 3 5
573.674 5.94427e-07 5.94427e-07 2 3 5
574.174 5.88512e-07 5.88512e-07 2 3 5
574.674 5.82655e-07 5.82655e-07 2 3 5
575.174 5.76857e-07 5.76857e-07 2 3 5
575.674 5.71117e-07 5.71117e-07 2 3 5
576.174 5.65434e-07 5.65434e-07 2 3 5
576.674 5.59807e-07 5.59807e-07 2 3 5
577.174 5.54236e-07 5.54236e-07 2 3 5
577.674 5.48721e-07 5.48721e-07 2 3 5
578.174 5.43261e-07 5.43261e-07 2 3 5
578.674 5.37855e-07 5.37855e-07 2 3 5
579.174 5.32502e-07 5.32502e-07 2 3 5
579.674 5.27203e-07 5.27203e-07 2 3 5
580.174 5.21957e-07 5.21957e-07 2 3 5
580.674 5.16763e-07 5.16763e-07 2 3 5
581.174 5.11621e-07 5.11621e-07 2 3 5
581.674 5.0653e-07 5.0653e-07 2 3 5
582.174 5.01489e-07 5.01489e-07 2 3 5
582.174 5.01489e-07 5.01489e-07 2 3 5
582.214 5.01139e-07 5.01139e-07 2 3 5
582.254 5.00738e-07 5.00738e-07 2 3 5
582.334 4.99936e-07 4.99936e-07 2 3 5
582.494 4.98336e-07 4.98336e-07 2 3 5
582.814 4.95145e-07 4.95145e-07 2 3 5
583.314 4.90193e-07 4.90193e-07 2 3 5
583.814 4.85306e-07 4.85306e-07 2 3 5
584.314 4.80477e-07 4.80477e-07 2 3 5
584.814 4.75695e-07 4.75695e-07 2 3 5
585.314 4.70962e-07 4.70962e-07 2 3 5
585.814 4.66275e-07 4.66275e-07 2 3 5
586.314 4.61635e-07 4.61635e-07 2 3 5
586.814 4.57042e-07 4.57042e-07 2 3 5
587.314 4.52494e-07 4.52494e-07 2 3 5
587.814 4.47991e-07 4.47991e-07 2 3 5
588.314 4.43533e-07 4.43533e-07 2 3 5
588.814 4.39119e-07 4.39119e-07 2 3 5
589.314 4.3475e-07 4.3475e-07 2 3 5
589.814 4.30424e-07 4.30424e-07 2 3 5
590.314 4.26141e-07 4.26141e-07 2 3 5
590.814 4.219e-07 4.219e-07 2 3 5
591.314 4.17702e-07 4.17702e-07 2 3 5
591.814 4.13545e-07 4.13545e-07 2 3 5
592.314 4.0943e-07 4.0943e-07 2 3 5
592.814 4.05356e-07 4.05356e-07 2 3 5
593.314 4.01322e-07 4.01322e-07 2 3 5
593.814 3.97329e-07 3.97329e-07 2 3 5
594.314 3.93375e-07 3.93375e-07 2 3 5
594.814 3.89461e-07 3.89461e-07 2 3 5
595.314 3.85585e-07 3.85585e-07 2 3 5
595.814 3.81748e-07 3.81748e-07 2 3 5
596.314 3.7795e-07 3.7795e-07 2 3 5
596.814 3.74189e-07 3.74189e-07 2 3 5
597.314 3.70465e-07 3.70465e-07 2 3 5
597.814 3.66779e-07 3.66779e-07 2 3 5
598.314 3.63129e-07 3.63129e-07 2 3 5
598.814 3.59516e-07 3.59516e-07 2 3 5
599.314 3.55938e-07 3.55938e-07 2 3 5
599.814 3.52396e-07 3.52396e-07 2 3 5
600.314 3.4889e-07 3.4889e-07 2 3 5
600.814 3.45418e-07 3.45418e-07 2 3 5
601.314 3.41981e-07 3.41981e-07 2 3 5
601.814 3.38578e-07 3.38578e-07 2 3 5
602.314 3.35209e-07 3.35209e-07 2 3 5
602.814 3.31873e-07 3.31873e-07 2 3 5
603.314 3.28571e-07 3.28571e-07 2 3 5
603.814 3.25301e-07 3.25301e-07 2 3 5
604.314 3.22064e-07 3.22064e-07 2 3 5
604.814 3.18859e-07 3.18859e-07 2 3 5
605.314 3.15687e-07 3.15687e-07 2 3 5
605.814 3.12545e-07 3.12545e-07 2 3 5
606.314 3.09435e-07 3.09435e-07 2 3 5
606.814 3.06356e-07 3.06356e-07 2 3 5
607.314 3.03308e-07 3.03308e-07 2 3 5
607.814 3.0029e-07 3.0029e-07 2 3 5
608.314 2.97301e-07 2.97301e-07 2 3 5
608.814 2.94343e-07 2.94343e-07 2 3 5
609.314 2.91414e-07 2.91414e-07 2 3 5
609.814 2.88514e-07 2.88514e-07 2 3 5
610.314 2.85644e-07 2.85644e-07 2 3 5
610.814 2.82801e-07 2.82801e-07 2 3 5
611.314 2.79987e-07 2.79987e-07 2 3 5
611.814 2.77201e-07 2.77201e-07 2 3 5
612.314 2.74443e-07 2.74443e-07 2 3 5
612.814 2.71712e-07 2.71712e-07 2 3 5
613.314 2.69008e-07 2.69008e-07 2 3 5
613.814 2.66331e-07 2.66331e-07 2 3 5
614.314 2.63681e-07 2.63681e-07 2 3 5
614.814 2.61057e-07 2.61057e-07 2 3 5
615.314 2.5846e-07 2.5846e-07 2 3 5
615.814 2.55888e-07 2.55888e-07 2 3 5
616.314 2.53342e-07 2.53342e-07 2 3 5
616.814 2.50821e-07 2.50821e-07 2 3 5
617.314 2.48325e-07 2.48325e-07 2 3 5
617.814 2.45854e-07 2.45854e-07 2 3 5
618.314 2.43407e-07 2.43407e-07 2 3 5
618.814 2.40985e-07 2.40985e-07 2 3 5
619.314 2.38587e-07 2.38587e-07 2 3 5
619.814 2.36213e-07 2.36213e-07 2 3 5
620.314 2.33863e-07 2.33863e-07 2 3 5
620.814 2.31536e-07 2.31536e-07 2 3 5
621.314 2.29232e-07 2.29232e-07 2 3 5
621.814 2.26951e-07 2.26951e-07 2 3 5
622.314 2.24693e-07 2.24693e-07 2 3 5
622.814 2.22457e-07 2.22457e-07 2 3 5
623.314 2.20243e-07 2.20243e-07 2 3 5
623.814 2.18052e-07 2.18052e-07 2 3 5
624.314 2.15882e-07 2.15882e-07 2 3 5
624.814 2.13734e-07 2.13734e-07 2 3 5
625.314 2.11607e-07 2.11607e-07 2 3 5
625.814 2.09501e-07 2.09501e-07 2 3 5
626.314 2.07417e-07 2.07417e-07 2 3 5
626.814 2.05353e-07 2.05353e-07 2 3 5
627.314 2.0331e-07 2.0331e-07 2 3 5
627.814 2.01286e-07 2.01286e-07 2 3 5
628.314 1.99284e-07 1.99284e-07 2 3 5
628.814 1.97301e-07 1.97301e-07 2 3 5
629.314 1.95337e-07 1.95337e-07 2 3 5
629.814 1.93394e-07 1.93394e-07 2 3 5
630.314 1.91469e-07 1.91469e-07 2 3 5
630.814 1.89564e-07 1.89564e-07 2 3 5
631.314 1.87678e-07 1.87678e-07 2 3 5
631.814 1.8581e-07 1.8581e-07 2 3 5
632.314 1.83961e-07 1.83961e-07 2 3 5
632.814 1.82131e-07 1.82131e-07 2 3 5
633.314 1.80319e-07 1.80319e-07 2 3 5
633.814 1.78524e-07 1.78524e-07 2 3 5
634.314 1.76748e-07 1.76748e-07 2 3 5
634.814 1.74989e-07 1.74989e-07 2 3 5
635.314 1.73248e-07 1.73248e-07 2 3 5
635.814 1.71524e-07 1.71524e-07 2 3 5
636.314 1.69817e-07 1.69817e-07 2 3 5
636.814 1.68128e-07 1.68128e-07 2 3 5
637.314 1.66455e-07 1.66455e-07 2 3 5
637.814 1.64798e-07 1.64798e-07 2 3 5
638.314 1.63158e-07 1.63158e-07 2 3 5
638.814 1.61535e-07 1.61535e-07 2 3 5
639.314 1.59928e-07 1.59928e-07 2 3 5
639.814 1.58336e-07 1.58336e-07 2 3 5
640.314 1.56761e-07 1.56761e-07 2 3 5
640.814 1.55201e-07 1.55201e-07 2 3 5
641.314 1.53657e-07 1.53657e-07 2 3 5
641.814 1.52128e-07 1.52128e-07 2 3 5
642.314 1.50614e-07 1.50614e-07 2 3 5
642.814 1.49115e-07 1.49115e-07 2 3 5
643.314 1.47631e-07 1.47631e-07 2 3 5
643.814 1.46162e-07 1.46162e-07 2 3 5
644.314 1.44708e-07 1.44708e-07 2 3 5
644.814 1.43268e-07 1.43268e-07 2 3 5
645.314 1.41843e-07 1.41843e-07 2 3 5
645.814 1.40431e-07 1.40431e-07 2 3 5
646.314 1.39034e-07 1.39034e-07 2 3 5
646.814 1.3765e-07 1.3765e-07 2 3 5
647.314 1.36281e-07 1.36281e-07 2 3 5
647.814 1.34925e-07 1.34925e-07 2 3 5
648.314 1.33582e-07 1.33582e-07 2 3 5
648.814 1.32253e-07 1.32253e-07 2 3 5
649.314 1.30937e-07 1.30937e-07 2 3 5
649.814 1.29634e-07 1.29634e-07 2 3 5
650.314 1.28344e-07 1.28344e-07 2 3 5
650.814 1.27067e-07 1.27067e-07 2 3 5
651.314 1.25803e-07 1.25803e-07 2 3 5
651.814 1.24551e-07 1.24551e-07 2 3 5
652.314 1.23312e-07 1.23312e-07 2 3 5
652.814 1.22085e-07 1.22085e-07 2 3 5
653.314 1.2087e-07 1.2087e-07 2 3 5
653.814 1.19667e-07 1.19667e-07 2 3 5
654.314 1.18476e-07 1.18476e-07 2 3 5
654.814 1.17297e-07 1.17297e-07 2 3 5
655.314 1.1613e-07 1.1613e-07 2 3 5
655.814 1.14975e-07 1.14975e-07 2 3 5
656.314 1.13831e-07 1.13831e-07 2 3 5
656.814 1.12698e-07 1.12698e-07 2 3 5
657.314 1.11577e-07 1.11577e-07 2 3 5
657.814 1.10466e-07 1.10466e-07 2 3 5
658.314 1.09367e-07 1.09367e-07 2 3 5
658.814 1.08279e-07 1.08279e-07 2 3 5
659.314 1.07202e-07 1.07202e-07 2 3 5
659.814 1.06135e-07 1.06135e-07 2 3 5
660.314 1.05079e-07 1.05079e-07 2 3 5
660.814 1.04033e-07 1.04033e-07 2 3 5
661.314 1.02998e-07 1.02998e-07 2 3 5
661.814 1.01973e-07 1.01973e-07 2 3 5
662.314 1.00959e-07 1.00959e-07 2 3 5
662.814 9.9954e-08 9.9954e-08 2 3 5
663.314 9.89594e-08 9.89594e-08 2 3 5
663.814 9.79747e-08 9.79747e-08 2 3 5
664.314 9.69998e-08 9.69998e-08 2 3 5
664.814 9.60347e-08 9.60347e-08 2 3 5
665.314 9.50791e-08 9.50791e-08 2 3 5
665.814 9.4133e-08 9.4133e-08 2 3 5
666.314 9.31964e-08 9.31964e-08 2 3 5
666.814 9.2269e-08 9.2269e-08 2 3 5
667.314 9.13509e-08 9.13509e-08 2 3 5
667.814 9.04419e-08 9.04419e-08 2 3 5
668.314 8.9542e-08 8.9542e-08 2 3 5
668.814 8.8651e-08 8.8651e-08 2 3 5
669.314 8.77689e-08 8.77689e-08 2 3 5
669.814 8.68956e-08 8.68956e-08 2 3 5
670.314 8.6031e-08 8.6031e-08 2 3 5
670.814 8.51749e-08 8.51749e-08 2 3 5
671.314 8.43274e-08 8.43274e-08 2 3 5
671.814 8.34883e-08 8.34883e-08 2 3 5
672.314 8.26576e-08 8.26576e-08 2 3 5
672.814 8.18351e-08 8.18351e-08 2 3 5
673.314 8.10208e-08 8.10208e-08 2 3 5
673.814 8.02146e-08 8.02146e-08 2 3 5
674.314 7.94165e-08 7.94165e-08 2 3 5
674.814 7.86263e-08 7.86263e-08 2 3 5
675.314 7.78439e-08 7.78439e-08 2 3 5
675.814 7.70693e-08 7.70693e-08 2 3 5
676.314 7.63025e-08 7.63025e-08 2 3 5
676.814 7.55432e-08 7.55432e-08 2 3 5
677.314 7.47915e-08 7.47915e-08 2 3 5
677.814 7.40473e-08 7.40473e-08 2 3 5
678.314 7.33106e-08 7.33106e-08 2 3 5
678.814 7.25811e-08 7.25811e-08 2 3 5
679.314 7.18589e-08 7.18589e-08 2 3 5
679.814 7.11439e-08 7.11439e-08 2 3 5
93.9755 0.01 0.01 2 3 5
93.9355 0.0100075 0.0100075 2 3 5
93.8955 0.010015 0.010015 2 3 5
93.8155 0.0100299 0.0100299 2 3 5
93.6555 0.0100599 0.0100599 2 3 5
93.3355 0.0101199 0.0101199 2 3 5
92.8356 0.010214 0.010214 2 3 5
92.3356 0.0103089 0.0103089 2 3 5
91.8356 0.0104044 0.0104044 2 3 5
91.3356 0.0105005 0.0105005 2 3 5
90.8356 0.0105972 0.0105972 2 3 5
90.3357 0.0106943 0.0106943 2 3 5
89.8357 0.010792 0.010792 2 3 5
89.3357 0.0108903 0.0108903 2 3 5
88.8357 0.0109891 0.0109891 2 3 5
88.3358 0.0110883 0.0110883 2 3 5
87.8358 0.0111881 0.0111881 2 3 5
87.3358 0.0112884 0.0112884 2 3 5
86.8358 0.0113892 0.0113892 2 3 5
86.3358 0.0114904 0.0114904 2 3 5
85.8359 0.0115922 0.0115922 2 3 5
85.3359 0.0116944 0.0116944 2 3 5
84.8359 0.011797 0.011797 2 3 5
84.3359 0.0119002 0.0119002 2 3 5
83.8359 0.0120037 0.0120037 2 3 5
83.336 0.0121077 0.0121077 2 3 5
82.836 0.0122122 0.0122122 2 3 5
82.336 0.012317 0.012317 2 3 5
81.836 0.0124223 0.0124223 2 3 5
81.336 0.0125279 0.0125279 2 3 5
80.8361 0.0126339 0.0126339 2 3 5
80.3361 0.0127404 0.0127404 2 3 5
79.8361 0.0128472 0.0128472 2 3 5
79.3361 0.0129543 0.0129543 2 3 5
78.8361 0.0130618 0.0130618 2 3 5
78.3362 0.0131696 0.0131696 2 3 5
77.8362 0.0132778 0.0132778 2 3 5
77.3362 0.0133863 0.0133863 2 3 5
76.8362 0.0134951 0.0134951 2 3 5
76.3362 0.0136042 0.0136042 2 3 5
75.8362 0.0137135 0.0137135 2 3 5
75.3363 0.0138232 0.0138232 2 3 5
74.8363 0.0139331 0.0139331 2 3 5
74.3363 0.0140433 0.0140433 2 3 5
73.8363 0.0141537 0.0141537 2 3 5
73.3363 0.0142643 0.0142643 2 3 5
72.8363 0.0143752 0.0143752 2 3 5
72.3364 0.0144863 0.0144863 2 3 5
71.8364 0.0145975 0.0145975 2 3 5
71.3364 0.014709 0.014709 2 3 5
70.8364 0.0148206 0.0148206 2 3 5
70.3364 0.0149324 0.0149324 2 3 5
69.8364 0.0150443 0.0150443 2 3 5
69.3364 0.0151564 0.0151564 2 3 5
68.8365 0.0152686 0.0152686 2 3 5
68.3365 0.0153809 0.0153809 2 3 5
67.8365 0.0154933 0.0154933 2 3 5
67.3365 0.0156058 0.0156058 2 3 5
66.8365 0.0157184 0.0157184 2 3 5
66.3365 0.0158311 0.0158311 2 3 5
65.8365 0.0159438 0.0159438 2 3 5
65.3365 0.0160566 0.0160566 2 3 5
64.8366 0.0161694 0.0161694 2 3 5
64.3366 0.0162822 0.0162822 2 3 5
63.8366 0.0163951 0.0163951 2 3 5
63.3366 0.0165079 0.0165079 2 3 5
62.8366 0.0166208 0.0166208 2 3 5
62.3366 0.0167336 0.0167336 2 3 5
61.8366 0.0168464 0.0168464 2 3 5
61.3366 0.0169592 0.0169592 2 3 5
60.8366 0.0170719 0.0170719 2 3 5
60.3366 0.0171845 0.0171845 2 3 5
59.8367 0.0172971 0.0172971 2 3 5
59.3367 0.0174096 0.0174096 2 3 5
58.8367 0.017522 0.017522 2 3 5
58.3367 0.0176343 0.0176343 2 3 5
57.8367 0.0177465 0.0177465 2 3 5
57.3367 0.0178585 0.0178585 2 3 5
56.8367 0.0179705 0.0179705 2 3 5
56.3367 0.0180823 0.0180823 2 3 5
55.8367 0.0181939 0.0181939 2 3 5
55.3367 0.0183054 0.0183054 2 3 5
54.8367 0.0184167 0.0184167 2 3 5
54.3367 0.0185279 0.0185279 2 3 5
53.8367 0.0186388 0.0186388 2 3 5
53.3368 0.0187496 0.0187496 2 3 5
52.8368 0.0188602 0.0188602 2 3 5
52.3368 0.0189705 0.0189705 2 3 5
51.8368 0.0190807 0.0190807 2 3 5
51.3368 0.0191906 0.0191906 2 3 5
50.8368 0.0193003 0.0193003 2 3 5
50.3368 0.0194097 0.0194097 2 3 5
49.8368 0.0195189 0.0195189 2 3 5
49.3368 0.0196279 0.0196279 2 3 5
48.8368 0.0197366 0.0197366 2 3 5
48.3368 0.019845 0.019845 2 3 5
47.8368 0.0199531 0.0199531 2 3 5
47.3368 0.020061 0.020061 2 3 5
46.8368 0.0201686 0.0201686 2 3 5
46.3368 0.0202758 0.0202758 2 3 5
45.8368 0.0203828 0.0203828 2 3 5
45.3368 0.0204895 0.0204895 2 3 5
44.8368 0.0205958 0.0205958 2 3 5
44.3369 0.0207019 0.0207019 2 3 5
43.8369 0.0208076 0.0208076 2 3 5
43.3369 0.020913 0.020913 2 3 5
42.8369 0.0210181 0.0210181 2 3 5
42.3369 0.0211228 0.0211228 2 3 5
41.8369 0.0212272 0.0212272 2 3 5
41.3369 0.0213313 0.0213313 2 3 5
40.8369 0.021435 0.021435 2 3 5
40.3369 0.0215383 0.0215383 2 3 5
39.8369 0.0216413 0.0216413 2 3 5
39.3369 0.0217439 0.0217439 2 3 5
38.8369 0.0218462 0.0218462 2 3 5
38.3369 0.0219481 0.0219481 2 3 5
37.8369 0.0220496 0.0220496 2 3 5
37.3369 0.0221507 0.0221507 2 3 5
36.8369 0.0222515 0.0222515 2 3 5
36.3369 0.0223519 0.0223519 2 3 5
35.837 0.0224519 0.0224519 2 3 5
35.337 0.0225515 0.0225515 2 3 5
34.837 0.0226508 0.0226508 2 3 5
34.337 0.0227496 0.0227496 2 3 5
33.837 0.0228481 0.0228481 2 3 5
33.337 0.0229461 0.0229461 2 3 5
32.837 0.0230438 0.0230438 2 3 5
32.337 0.023141 0.023141 2 3 5
31.837 0.0232379 0.0232379 2 3 5
31.337 0.0233344 0.0233344 2 3 5
30.8371 0.0234304 0.0234304 2 3 5
30.3371 0.0235261 0.0235261 2 3 5
29.8371 0.0236213 0.0236213 2 3 5
29.3371 0.0237161 0.0237161 2 3 5
28.8371 0.0238106 0.0238106 2 3 5
28.3371 0.0239046 0.0239046 2 3 5
27.8372 0.0239982 0.0239982 2 3 5
27.3372 0.0240914 0.0240914 2 3 5
26.8372 0.0241842 0.0241842 2 3 5
26.3372 0.0242766 0.0242766 2 3 5
25.8373 0.0243685 0.0243685 2 3 5
25.3373 0.0244601 0.0244601 2 3 5
24.8373 0.0245512 0.0245512 2 3 5
24.3373 0.0246419 0.0246419 2 3 5
23.8374 0.0247318 0.0247318 2 3 5
23.3374 0.0248217 0.0248217 2 3 5
22.8375 0.0249112 0.0249112 2 3 5
22.3375 0.0250003 0.0250003 2 3 5
21.8376 0.0250889 0.0250889 2 3 5
21.3376 0.0251772 0.0251772 2 3 5
20.8377 0.025265 0.025265 2 3 5
20.3377 0.0253524 0.0253524 2 3 5
19.8378 0.0254394 0.0254394 2 3 5
19.3378 0.025526 0.025526 2 3 5
18.8379 0.0256122 0.0256122 2 3 5
18.338 0.025698 0.025698 2 3 5
17.8381 0.0257834 0.0257834 2 3 5
17.3382 0.0258683 0.0258683 2 3 5
16.8382 0.0259529 0.0259529 2 3 5
16.3383 0.026037 0.026037 2 3 5
15.8385 0.0261208 0.0261208 2 3 5
15.3386 0.0262041 0.0262041 2 3 5
14.8387 0.026287 0.026287 2 3 5
14.3388 0.0263695 0.0263695 2 3 5
13.839 0.0264517 0.0264517 2 3 5
13.3392 0.0265334 0.0265334 2 3 5
12.8393 0.0266147 0.0266147 2 3 5
12.3395 0.0266956 0.0266956 2 3 5
11.8397 0.0267761 0.0267761 2 3 5
11.3399 0.0268563 0.0268563 2 3 5
10.8402 0.026936 0.026936 2 3 5
10.3404 0.0270153 0.0270153 2 3 5
9.84072 0.0270942 0.0270942 2 3 5
9.34102 0.0271728 0.0271728 2 3 5
8.84134 0.0272509 0.0272509 2 3 5
8.34169 0.0273287 0.0273287 2 3 5
7.84207 0.0274061 0.0274061 2 3 5
7.34248 0.0274831 0.0274831 2 3 5
6.84292 0.0275597 0.0275597 2 3 5
6.34339 0.0276359 0.0276359 2 3 5
5.8439 0.0277117 0.0277117 2 3 5
5.34444 0.0277872 0.0277872 2 3 5
4.84503 0.0278622 0.0278622 2 3 5
4.34566 0.0279369 0.0279369 2 3 5
3.84633 0.0280113 0.0280113 2 3 5
3.34704 0.0280852 0.0280852 2 3 5
2.8478 0.0281588 0.0281588 2 3 5
2.34861 0.0282319 0.0282319 2 3 5
1.84946 0.0283048 0.0283048 2 3 5
1.35036 0.0283772 0.0283772 2 3 5
0.851308 0.0284493 0.0284493 2 3 5
0.352301 0.028521 0.028521 2 3 5
-0.146664 0.0285924 0.0285924 2 3 5
