2.682450000000000112e-01 5.772920000000000051e+00
2.935840000000000116e-01 5.273590000000000444e+00
3.243260000000000032e-01 4.774490000000000123e+00
3.620849999999999902e-01 4.275909999999999656e+00
4.097029999999999839e-01 3.778189999999999937e+00
4.715159999999999907e-01 3.282029999999999781e+00
5.546680000000000499e-01 2.789000000000000146e+00
6.713989999999999680e-01 2.302890000000000104e+00
8.428830000000000489e-01 1.833139999999999992e+00
1.099359999999999893e+00 1.403950000000000031e+00
1.458739999999999926e+00 1.056449999999999889e+00
1.894819999999999949e+00 8.118319999999999981e-01
2.367340000000000000e+00 6.484940000000000149e-01
2.854629999999999779e+00 5.366870000000000251e-01
3.347919999999999785e+00 4.564570000000000016e-01
3.844380000000000130e+00 3.967319999999999736e-01
4.342229999999999812e+00 3.505320000000000102e-01
4.840840000000000032e+00 3.137750000000000261e-01
5.339909999999999712e+00 2.838530000000000220e-01
5.839249999999999829e+00 2.590299999999999825e-01
6.338770000000000238e+00 2.381089999999999873e-01
6.838400000000000034e+00 2.202399999999999913e-01
7.338119999999999976e+00 2.048010000000000108e-01
7.837900000000000311e+00 1.913289999999999991e-01
8.337719999999999132e+00 1.794699999999999906e-01
8.837569999999999482e+00 1.689529999999999921e-01
9.337440000000000850e+00 1.595600000000000074e-01
9.837329999999999686e+00 1.511220000000000063e-01
1.033719999999999928e+01 1.434999999999999887e-01
1.083709999999999951e+01 1.365810000000000080e-01
1.133709999999999951e+01 1.302709999999999979e-01
1.183699999999999974e+01 1.244949999999999946e-01
1.233689999999999998e+01 1.191870000000000013e-01
1.283689999999999998e+01 1.142920000000000047e-01
1.333680000000000021e+01 1.097640000000000005e-01
1.383680000000000021e+01 1.055630000000000041e-01
1.433670000000000044e+01 1.016549999999999954e-01
1.483670000000000044e+01 9.801070000000000615e-02
1.533670000000000044e+01 9.440840000000000343e-02
1.583660000000000068e+01 9.123399999999999566e-02
1.633660000000000068e+01 8.825289999999999524e-02
1.683660000000000068e+01 8.544799999999999618e-02
1.733650000000000091e+01 8.280419999999999447e-02
1.783650000000000091e+01 8.030800000000000438e-02
1.833650000000000091e+01 7.794740000000000002e-02
1.883640000000000114e+01 7.571170000000000677e-02
1.933640000000000114e+01 7.359110000000000651e-02
1.983640000000000114e+01 7.157710000000000461e-02
2.033640000000000114e+01 6.966169999999999307e-02
2.083630000000000138e+01 6.783799999999999553e-02
2.133630000000000138e+01 6.609950000000000547e-02
2.183630000000000138e+01 6.444049999999999778e-02
2.233630000000000138e+01 6.285540000000000571e-02
2.283630000000000138e+01 6.133960000000000107e-02
2.333620000000000161e+01 5.988860000000000017e-02
2.383620000000000161e+01 5.849830000000000307e-02
2.433620000000000161e+01 5.716500000000000054e-02
2.483620000000000161e+01 5.588529999999999887e-02
2.533620000000000161e+01 5.465600000000000319e-02
2.583609999999999829e+01 5.347409999999999664e-02
2.633609999999999829e+01 5.233700000000000158e-02
2.683609999999999829e+01 5.124229999999999757e-02
2.733609999999999829e+01 5.018750000000000294e-02
2.783609999999999829e+01 4.917049999999999893e-02
2.833609999999999829e+01 4.818929999999999741e-02
2.883609999999999829e+01 4.724210000000000215e-02
2.933599999999999852e+01 4.632719999999999894e-02
2.983599999999999852e+01 4.544279999999999847e-02
3.033599999999999852e+01 4.458759999999999807e-02
3.083599999999999852e+01 4.376010000000000316e-02
3.133599999999999852e+01 4.295890000000000125e-02
3.183599999999999852e+01 4.218290000000000234e-02
3.233599999999999852e+01 4.143079999999999680e-02
3.283599999999999852e+01 4.070159999999999750e-02
3.333590000000000231e+01 3.999430000000000346e-02
3.383590000000000231e+01 3.930779999999999691e-02
3.433590000000000231e+01 3.864130000000000342e-02
3.483590000000000231e+01 3.799389999999999712e-02
3.533590000000000231e+01 3.736479999999999663e-02
3.583590000000000231e+01 3.675319999999999976e-02
3.633590000000000231e+01 3.615850000000000314e-02
3.683590000000000231e+01 3.557989999999999764e-02
3.733590000000000231e+01 3.501669999999999783e-02
3.783590000000000231e+01 3.446840000000000320e-02
3.833590000000000231e+01 3.393449999999999939e-02
3.883579999999999899e+01 3.341419999999999807e-02
3.933579999999999899e+01 3.290719999999999756e-02
3.983579999999999899e+01 3.241290000000000143e-02
4.033579999999999899e+01 3.193080000000000224e-02
4.083579999999999899e+01 3.146050000000000235e-02
4.133579999999999899e+01 3.100160000000000068e-02
4.183579999999999899e+01 3.055369999999999961e-02
4.233579999999999899e+01 3.011629999999999863e-02
4.283579999999999899e+01 2.968909999999999952e-02
4.333579999999999899e+01 2.927180000000000060e-02
4.383579999999999899e+01 2.886400000000000077e-02
4.433579999999999899e+01 2.846539999999999834e-02
4.483579999999999899e+01 2.807559999999999917e-02
4.533579999999999899e+01 2.769450000000000037e-02
4.583579999999999899e+01 2.732160000000000144e-02
4.633570000000000277e+01 2.695679999999999951e-02
4.683570000000000277e+01 2.659979999999999983e-02
4.733570000000000277e+01 2.625040000000000012e-02
4.783570000000000277e+01 2.590819999999999929e-02
4.833570000000000277e+01 2.557310000000000139e-02
4.883570000000000277e+01 2.524480000000000127e-02
4.933570000000000277e+01 2.492319999999999952e-02
4.983570000000000277e+01 2.460810000000000081e-02
5.033570000000000277e+01 2.429919999999999997e-02
5.083570000000000277e+01 2.399640000000000106e-02
5.133570000000000277e+01 2.369949999999999835e-02
5.183570000000000277e+01 2.340829999999999994e-02
5.233570000000000277e+01 2.312269999999999950e-02
5.283570000000000277e+01 2.284239999999999882e-02
5.333570000000000277e+01 2.256750000000000075e-02
5.383570000000000277e+01 2.229760000000000075e-02
5.433570000000000277e+01 2.203269999999999881e-02
5.483570000000000277e+01 2.177259999999999959e-02
5.533570000000000277e+01 2.151720000000000022e-02
5.583570000000000277e+01 2.126640000000000127e-02
5.633570000000000277e+01 2.102000000000000049e-02
5.683570000000000277e+01 2.077800000000000133e-02
5.733559999999999945e+01 2.054020000000000151e-02
5.783559999999999945e+01 2.030650000000000163e-02
5.833559999999999945e+01 2.007679999999999881e-02
5.883559999999999945e+01 1.985100000000000059e-02
5.933559999999999945e+01 1.962900000000000061e-02
5.983559999999999945e+01 1.941079999999999889e-02
6.033559999999999945e+01 1.919610000000000066e-02
6.083559999999999945e+01 1.898499999999999840e-02
6.133559999999999945e+01 1.877730000000000024e-02
6.183559999999999945e+01 1.857289999999999983e-02
6.233559999999999945e+01 1.837190000000000004e-02
6.283559999999999945e+01 1.817399999999999918e-02
6.333559999999999945e+01 1.797930000000000014e-02
6.383559999999999945e+01 1.778760000000000063e-02
6.433559999999999945e+01 1.759890000000000065e-02
6.483559999999999945e+01 1.741310000000000080e-02
6.533559999999999945e+01 1.723010000000000166e-02
6.583559999999999945e+01 1.704989999999999978e-02
6.633559999999999945e+01 1.687239999999999920e-02
6.683559999999999945e+01 1.669759999999999994e-02
6.733559999999999945e+01 1.652539999999999912e-02
6.783559999999999945e+01 1.635570000000000079e-02
6.833559999999999945e+01 1.618850000000000150e-02
6.883559999999999945e+01 1.602380000000000124e-02
6.933559999999999945e+01 1.586140000000000119e-02
6.983559999999999945e+01 1.570130000000000137e-02
7.033559999999999945e+01 1.554350000000000002e-02
7.083559999999999945e+01 1.538800000000000064e-02
7.133559999999999945e+01 1.523459999999999918e-02
7.183559999999999945e+01 1.508329999999999914e-02
7.233559999999999945e+01 1.493419999999999991e-02
7.283559999999999945e+01 1.478699999999999980e-02
7.333559999999999945e+01 1.464189999999999936e-02
7.383559999999999945e+01 1.449879999999999919e-02
7.433559999999999945e+01 1.435759999999999988e-02
7.483559999999999945e+01 1.421820000000000028e-02
7.533559999999999945e+01 1.408079999999999922e-02
7.583559999999999945e+01 1.394510000000000020e-02
7.633559999999999945e+01 1.381119999999999917e-02
7.683559999999999945e+01 1.367909999999999959e-02
7.733559999999999945e+01 1.354859999999999919e-02
7.783549999999999613e+01 1.341980000000000083e-02
7.833549999999999613e+01 1.329269999999999931e-02
7.883549999999999613e+01 1.316720000000000043e-02
7.933549999999999613e+01 1.304330000000000073e-02
7.983549999999999613e+01 1.292090000000000079e-02
8.033549999999999613e+01 1.280000000000000061e-02
8.083549999999999613e+01 1.268069999999999961e-02
8.133549999999999613e+01 1.256280000000000070e-02
8.183549999999999613e+01 1.244630000000000042e-02
8.233549999999999613e+01 1.233129999999999990e-02
8.283549999999999613e+01 1.221760000000000033e-02
8.333549999999999613e+01 1.210540000000000053e-02
8.383549999999999613e+01 1.199440000000000055e-02
8.433549999999999613e+01 1.188479999999999918e-02
8.483549999999999613e+01 1.177639999999999937e-02
8.533549999999999613e+01 1.166939999999999991e-02
8.583549999999999613e+01 1.156350000000000086e-02
8.633549999999999613e+01 1.145889999999999929e-02
8.683549999999999613e+01 1.135560000000000042e-02
8.733549999999999613e+01 1.125330000000000080e-02
8.783549999999999613e+01 1.115230000000000041e-02
8.833549999999999613e+01 1.105240000000000042e-02
8.883549999999999613e+01 1.095360000000000084e-02
8.933549999999999613e+01 1.085589999999999992e-02
8.983549999999999613e+01 1.075940000000000056e-02
9.033549999999999613e+01 1.066379999999999932e-02
9.083549999999999613e+01 1.056939999999999963e-02
9.133549999999999613e+01 1.047589999999999980e-02
9.183549999999999613e+01 1.038350000000000037e-02
9.233549999999999613e+01 1.029210000000000021e-02
9.283549999999999613e+01 1.020180000000000045e-02
9.333549999999999613e+01 1.011289999999999932e-02
9.365550000000000352e+01 1.005630000000000066e-02
9.381550000000000011e+01 1.002809999999999986e-02
9.389549999999999841e+01 1.001409999999999974e-02
9.393550000000000466e+01 1.000709999999999968e-02
9.397549999999999670e+01 1.000000000000000021e-02
9.401550000000000296e+01 9.993010000000000087e-03
9.405549999999999500e+01 9.985980000000000203e-03
9.413549999999999329e+01 9.971950000000000258e-03
9.429550000000000409e+01 9.943950000000000011e-03
9.461549999999999727e+01 9.888120000000000243e-03
9.511549999999999727e+01 9.801509999999999390e-03
9.561549999999999727e+01 9.716110000000000024e-03
9.611549999999999727e+01 9.631759999999999627e-03
9.661549999999999727e+01 9.548279999999999268e-03
9.711549999999999727e+01 9.465670000000000681e-03
9.761549999999999727e+01 9.383900000000000574e-03
9.811549999999999727e+01 9.302960000000000743e-03
9.861549999999999727e+01 9.222849999999999451e-03
9.911549999999999727e+01 9.143540000000000348e-03
9.961549999999999727e+01 9.065029999999999963e-03
1.001159999999999997e+02 8.987300000000000150e-03
1.006149999999999949e+02 8.910349999999999174e-03
1.011149999999999949e+02 8.834150000000000683e-03
1.016149999999999949e+02 8.758709999999999413e-03
1.021149999999999949e+02 8.684000000000000746e-03
1.026149999999999949e+02 8.610019999999999479e-03
1.031149999999999949e+02 8.536759999999999141e-03
1.036149999999999949e+02 8.464209999999999789e-03
1.041149999999999949e+02 8.392349999999999810e-03
1.046149999999999949e+02 8.321179999999999202e-03
1.051149999999999949e+02 8.250689999999999760e-03
1.056149999999999949e+02 8.180869999999999809e-03
1.061149999999999949e+02 8.111699999999999466e-03
1.066149999999999949e+02 8.043180000000000468e-03
1.071149999999999949e+02 7.975299999999999404e-03
1.076149999999999949e+02 7.908049999999999802e-03
1.081149999999999949e+02 7.841419999999999987e-03
1.086149999999999949e+02 7.775409999999999960e-03
1.091149999999999949e+02 7.709999999999999840e-03
1.096149999999999949e+02 7.645189999999999625e-03
1.101149999999999949e+02 7.580970000000000243e-03
1.106149999999999949e+02 7.517320000000000078e-03
1.111149999999999949e+02 7.454249999999999939e-03
1.116149999999999949e+02 7.391749999999999883e-03
1.121149999999999949e+02 7.329800000000000031e-03
1.126149999999999949e+02 7.268400000000000381e-03
1.131149999999999949e+02 7.207550000000000068e-03
1.136149999999999949e+02 7.147230000000000076e-03
1.141149999999999949e+02 7.087440000000000406e-03
1.146149999999999949e+02 7.028170000000000250e-03
1.151149999999999949e+02 6.969409999999999668e-03
1.156149999999999949e+02 6.911170000000000334e-03
1.161149999999999949e+02 6.853419999999999825e-03
1.166149999999999949e+02 6.796169999999999815e-03
1.171149999999999949e+02 6.739410000000000366e-03
1.176149999999999949e+02 6.683129999999999800e-03
1.181149999999999949e+02 6.627329999999999853e-03
1.186149999999999949e+02 6.571999999999999717e-03
1.191149999999999949e+02 6.517130000000000319e-03
1.196149999999999949e+02 6.462719999999999923e-03
1.201149999999999949e+02 6.408770000000000265e-03
1.206149999999999949e+02 6.355259999999999729e-03
1.211149999999999949e+02 6.302190000000000049e-03
1.216149999999999949e+02 6.249560000000000358e-03
1.221149999999999949e+02 6.197369999999999789e-03
1.226149999999999949e+02 6.145590000000000254e-03
1.231149999999999949e+02 6.094239999999999900e-03
1.236149999999999949e+02 6.043299999999999714e-03
1.241149999999999949e+02 5.992769999999999694e-03
1.246149999999999949e+02 5.942649999999999842e-03
1.251149999999999949e+02 5.892930000000000217e-03
1.256149999999999949e+02 5.843600000000000010e-03
1.261149999999999949e+02 5.794670000000000029e-03
1.266149999999999949e+02 5.746120000000000394e-03
1.271149999999999949e+02 5.697960000000000177e-03
1.276149999999999949e+02 5.650170000000000366e-03
1.281150000000000091e+02 5.602750000000000091e-03
1.286150000000000091e+02 5.555700000000000222e-03
1.291150000000000091e+02 5.509019999999999889e-03
1.296150000000000091e+02 5.462700000000000021e-03
1.301150000000000091e+02 5.416729999999999809e-03
1.306150000000000091e+02 5.371120000000000061e-03
1.311150000000000091e+02 5.325850000000000029e-03
1.316150000000000091e+02 5.280929999999999652e-03
1.321150000000000091e+02 5.236339999999999918e-03
1.326150000000000091e+02 5.192099999999999840e-03
1.331150000000000091e+02 5.148179999999999597e-03
1.336150000000000091e+02 5.104599999999999936e-03
1.341150000000000091e+02 5.061330000000000169e-03
1.346150000000000091e+02 5.018400000000000118e-03
1.351150000000000091e+02 4.975770000000000019e-03
1.356150000000000091e+02 4.933469999999999696e-03
1.361150000000000091e+02 4.891470000000000193e-03
1.366150000000000091e+02 4.849779999999999716e-03
1.371150000000000091e+02 4.808390000000000060e-03
1.376150000000000091e+02 4.767310000000000297e-03
1.381150000000000091e+02 4.726519999999999680e-03
1.386150000000000091e+02 4.686029999999999883e-03
1.391150000000000091e+02 4.645830000000000098e-03
1.396150000000000091e+02 4.605910000000000386e-03
1.401150000000000091e+02 4.566279999999999818e-03
1.406150000000000091e+02 4.526940000000000131e-03
1.411150000000000091e+02 4.487869999999999707e-03
1.416150000000000091e+02 4.449080000000000222e-03
1.421150000000000091e+02 4.410560000000000001e-03
1.426150000000000091e+02 4.372309999999999912e-03
1.431150000000000091e+02 4.334320000000000013e-03
1.436150000000000091e+02 4.296610000000000186e-03
1.441150000000000091e+02 4.259149999999999742e-03
1.446150000000000091e+02 4.221950000000000355e-03
1.451150000000000091e+02 4.185010000000000292e-03
1.456150000000000091e+02 4.148319999999999612e-03
1.461150000000000091e+02 4.111889999999999989e-03
1.466150000000000091e+02 4.075699999999999809e-03
1.471150000000000091e+02 4.039759999999999879e-03
1.476150000000000091e+02 4.004060000000000258e-03
1.481150000000000091e+02 3.968600000000000079e-03
1.486150000000000091e+02 3.933380000000000210e-03
1.491150000000000091e+02 3.898400000000000216e-03
1.496150000000000091e+02 3.863650000000000157e-03
1.501150000000000091e+02 3.829130000000000034e-03
1.506150000000000091e+02 3.794849999999999786e-03
1.511150000000000091e+02 3.760780000000000026e-03
1.516150000000000091e+02 3.726950000000000141e-03
1.521150000000000091e+02 3.693329999999999877e-03
1.526150000000000091e+02 3.659939999999999981e-03
1.531150000000000091e+02 3.626760000000000140e-03
1.536150000000000091e+02 3.593799999999999859e-03
1.541150000000000091e+02 3.561060000000000007e-03
1.546150000000000091e+02 3.528519999999999834e-03
1.551150000000000091e+02 3.496200000000000089e-03
1.556150000000000091e+02 3.464080000000000024e-03
1.561150000000000091e+02 3.432170000000000012e-03
1.566150000000000091e+02 3.400460000000000114e-03
1.571150000000000091e+02 3.368959999999999837e-03
1.576150000000000091e+02 3.337650000000000165e-03
1.581150000000000091e+02 3.306540000000000173e-03
1.586150000000000091e+02 3.275629999999999861e-03
1.591150000000000091e+02 3.244910000000000155e-03
1.596150000000000091e+02 3.214390000000000129e-03
1.601150000000000091e+02 3.184049999999999901e-03
1.606150000000000091e+02 3.153909999999999787e-03
1.611150000000000091e+02 3.123949999999999904e-03
1.616150000000000091e+02 3.094180000000000194e-03
1.621150000000000091e+02 3.064589999999999849e-03
1.626150000000000091e+02 3.035180000000000169e-03
1.631150000000000091e+02 3.005949999999999855e-03
1.636150000000000091e+02 2.976910000000000146e-03
1.641150000000000091e+02 2.948029999999999921e-03
1.646150000000000091e+02 2.919339999999999869e-03
1.651150000000000091e+02 2.890820000000000108e-03
1.656150000000000091e+02 2.862459999999999831e-03
1.661150000000000091e+02 2.834290000000000160e-03
1.666150000000000091e+02 2.806270000000000032e-03
1.671150000000000091e+02 2.778430000000000136e-03
1.676150000000000091e+02 2.750760000000000097e-03
1.681150000000000091e+02 2.723240000000000036e-03
1.686150000000000091e+02 2.695889999999999832e-03
1.691150000000000091e+02 2.668709999999999919e-03
1.696150000000000091e+02 2.641679999999999983e-03
1.701150000000000091e+02 2.614809999999999964e-03
1.706150000000000091e+02 2.588099999999999862e-03
1.711150000000000091e+02 2.561550000000000112e-03
1.716150000000000091e+02 2.535149999999999904e-03
1.721150000000000091e+02 2.508900000000000106e-03
1.726150000000000091e+02 2.482809999999999791e-03
1.731150000000000091e+02 2.456859999999999947e-03
1.736150000000000091e+02 2.431070000000000019e-03
1.741150000000000091e+02 2.405420000000000127e-03
1.746150000000000091e+02 2.379920000000000212e-03
1.751150000000000091e+02 2.354569999999999840e-03
1.756150000000000091e+02 2.329359999999999938e-03
1.761150000000000091e+02 2.304290000000000071e-03
1.766150000000000091e+02 2.279370000000000181e-03
1.771150000000000091e+02 2.254589999999999893e-03
1.776150000000000091e+02 2.229940000000000134e-03
1.781150000000000091e+02 2.205439999999999918e-03
1.786150000000000091e+02 2.181069999999999797e-03
1.791150000000000091e+02 2.156840000000000146e-03
1.796150000000000091e+02 2.132740000000000156e-03
1.801150000000000091e+02 2.108769999999999829e-03
1.806150000000000091e+02 2.084939999999999970e-03
1.811150000000000091e+02 2.061240000000000207e-03
1.816150000000000091e+02 2.037680000000000047e-03
1.821150000000000091e+02 2.014240000000000041e-03
1.826150000000000091e+02 1.990920000000000190e-03
1.831150000000000091e+02 1.967739999999999941e-03
1.836150000000000091e+02 1.944680000000000063e-03
1.841150000000000091e+02 1.921750000000000064e-03
1.846150000000000091e+02 1.898940000000000003e-03
1.851150000000000091e+02 1.876260000000000037e-03
1.856150000000000091e+02 1.853690000000000069e-03
1.861150000000000091e+02 1.831249999999999978e-03
1.866150000000000091e+02 1.808930000000000043e-03
1.871150000000000091e+02 1.786730000000000046e-03
1.876150000000000091e+02 1.764649999999999986e-03
1.881150000000000091e+02 1.742679999999999924e-03
1.886150000000000091e+02 1.720830000000000016e-03
1.891150000000000091e+02 1.699100000000000046e-03
1.896150000000000091e+02 1.677480000000000073e-03
1.901150000000000091e+02 1.655970000000000098e-03
1.906150000000000091e+02 1.634580000000000061e-03
1.911150000000000091e+02 1.613290000000000080e-03
1.916150000000000091e+02 1.592120000000000037e-03
1.916150000000000091e+02 1.592120000000000037e-03
1.916550000000000011e+02 1.590550000000000037e-03
1.916949999999999932e+02 1.588860000000000099e-03
1.917750000000000057e+02 1.585480000000000006e-03
1.919350000000000023e+02 1.578739999999999918e-03
1.922549999999999955e+02 1.565259999999999959e-03
1.927549999999999955e+02 1.544290000000000029e-03
1.932549999999999955e+02 1.523459999999999918e-03
1.937549999999999955e+02 1.502749999999999963e-03
1.942549999999999955e+02 1.482150000000000004e-03
1.947549999999999955e+02 1.461660000000000043e-03
1.952549999999999955e+02 1.441269999999999921e-03
1.957549999999999955e+02 1.420990000000000014e-03
1.962549999999999955e+02 1.400809999999999946e-03
1.967549999999999955e+02 1.380729999999999935e-03
1.972549999999999955e+02 1.360759999999999921e-03
1.977549999999999955e+02 1.340880000000000023e-03
1.982549999999999955e+02 1.321109999999999906e-03
1.987549999999999955e+02 1.301429999999999905e-03
1.992549999999999955e+02 1.281859999999999901e-03
1.997549999999999955e+02 1.262380000000000013e-03
2.002549999999999955e+02 1.242999999999999964e-03
2.007549999999999955e+02 1.223719999999999973e-03
2.012549999999999955e+02 1.204530000000000097e-03
2.017549999999999955e+02 1.185429999999999904e-03
2.022549999999999955e+02 1.166439999999999925e-03
2.027549999999999955e+02 1.147529999999999904e-03
2.032549999999999955e+02 1.128719999999999940e-03
2.037549999999999955e+02 1.110000000000000092e-03
2.042549999999999955e+02 1.091369999999999927e-03
2.047549999999999955e+02 1.072830000000000094e-03
2.052549999999999955e+02 1.054390000000000101e-03
2.057549999999999955e+02 1.036030000000000067e-03
2.062549999999999955e+02 1.017759999999999932e-03
2.067549999999999955e+02 9.995810000000000372e-04
2.072549999999999955e+02 9.814879999999999785e-04
2.077549999999999955e+02 9.634830000000000044e-04
2.082549999999999955e+02 9.455649999999999906e-04
2.087549999999999955e+02 9.277320000000000141e-04
2.092549999999999955e+02 9.099839999999999665e-04
2.097549999999999955e+02 8.923209999999999562e-04
2.102549999999999955e+02 8.747419999999999675e-04
2.107549999999999955e+02 8.572470000000000003e-04
2.112549999999999955e+02 8.398340000000000232e-04
2.117549999999999955e+02 8.225030000000000362e-04
2.122549999999999955e+02 8.052549999999999465e-04
2.127549999999999955e+02 7.880870000000000323e-04
2.132549999999999955e+02 7.709989999999999682e-04
2.137549999999999955e+02 7.539919999999999869e-04
2.142549999999999955e+02 7.370639999999999484e-04
2.147549999999999955e+02 7.202149999999999611e-04
2.152549999999999955e+02 7.034440000000000094e-04
2.157549999999999955e+02 6.867509999999999847e-04
2.162549999999999955e+02 6.701349999999999798e-04
2.167549999999999955e+02 6.535949999999999789e-04
2.172549999999999955e+02 6.371319999999999978e-04
2.177549999999999955e+02 6.207450000000000207e-04
2.182549999999999955e+02 6.044320000000000161e-04
2.187549999999999955e+02 5.881939999999999998e-04
2.192549999999999955e+02 5.720299999999999560e-04
2.197549999999999955e+02 5.559399999999999932e-04
2.202549999999999955e+02 5.399229999999999871e-04
2.207549999999999955e+02 5.239780000000000305e-04
2.212549999999999955e+02 5.081050000000000150e-04
2.217549999999999955e+02 4.923040000000000489e-04
2.222549999999999955e+02 4.765740000000000080e-04
2.227549999999999955e+02 4.609150000000000009e-04
2.232549999999999955e+02 4.453249999999999960e-04
2.237549999999999955e+02 4.298060000000000248e-04
2.242549999999999955e+02 4.143549999999999859e-04
2.247549999999999955e+02 3.989740000000000192e-04
2.252549999999999955e+02 3.836600000000000231e-04
2.257549999999999955e+02 3.684149999999999751e-04
2.262549999999999955e+02 3.532370000000000063e-04
2.267549999999999955e+02 3.381260000000000081e-04
2.272549999999999955e+02 3.230810000000000192e-04
2.277549999999999955e+02 3.081019999999999853e-04
2.282549999999999955e+02 2.931890000000000147e-04
2.287549999999999955e+02 2.783409999999999834e-04
2.292549999999999955e+02 2.635579999999999997e-04
2.297549999999999955e+02 2.488389999999999938e-04
2.302549999999999955e+02 2.341850000000000084e-04
2.307549999999999955e+02 2.195929999999999963e-04
2.312549999999999955e+02 2.050649999999999890e-04
2.317549999999999955e+02 1.905990000000000093e-04
2.322549999999999955e+02 1.761959999999999915e-04
2.327549999999999955e+02 1.618550000000000013e-04
2.332549999999999955e+02 1.475749999999999957e-04
2.337549999999999955e+02 1.333560000000000019e-04
2.342549999999999955e+02 1.191980000000000063e-04
2.347549999999999955e+02 1.050999999999999932e-04
2.352549999999999955e+02 9.106229999999999717e-05
2.357549999999999955e+02 7.708390000000000240e-05
2.362549999999999955e+02 6.316479999999999534e-05
2.367549999999999955e+02 4.930440000000000181e-05
2.372549999999999955e+02 3.550240000000000080e-05
2.377549999999999955e+02 2.175849999999999844e-05
2.382549999999999955e+02 8.072220000000000109e-06
2.387549999999999955e+02 -5.556699999999999670e-06
2.392549999999999955e+02 -1.912869999999999864e-05
2.397549999999999955e+02 -3.264400000000000120e-05
2.402549999999999955e+02 -4.610310000000000249e-05
2.407549999999999955e+02 -5.950630000000000318e-05
2.412549999999999955e+02 -7.285389999999999716e-05
2.417549999999999955e+02 -8.614639999999999906e-05
2.422549999999999955e+02 -9.938390000000000234e-05
2.427549999999999955e+02 -1.125669999999999948e-04
2.432549999999999955e+02 -1.256960000000000108e-04
2.437549999999999955e+02 -1.387709999999999898e-04
2.442549999999999955e+02 -1.517920000000000131e-04
2.447549999999999955e+02 -1.647599999999999878e-04
2.452549999999999955e+02 -1.776760000000000112e-04
2.457549999999999955e+02 -1.905390000000000133e-04
2.462549999999999955e+02 -2.033489999999999940e-04
2.467549999999999955e+02 -2.161080000000000119e-04
2.472549999999999955e+02 -2.288149999999999971e-04
2.477549999999999955e+02 -2.414709999999999925e-04
2.482549999999999955e+02 -2.540759999999999980e-04
2.487549999999999955e+02 -2.666300000000000137e-04
2.492549999999999955e+02 -2.791340000000000010e-04
2.497549999999999955e+02 -2.915869999999999985e-04
2.502549999999999955e+02 -3.039909999999999834e-04
2.507549999999999955e+02 -3.163460000000000100e-04
2.512549999999999955e+02 -3.286510000000000082e-04
2.517549999999999955e+02 -3.409069999999999939e-04
2.522549999999999955e+02 -3.531149999999999827e-04
2.527549999999999955e+02 -3.652749999999999747e-04
2.532549999999999955e+02 -3.773860000000000083e-04
2.537549999999999955e+02 -3.894500000000000067e-04
2.542549999999999955e+02 -4.014670000000000239e-04
2.547549999999999955e+02 -4.134359999999999901e-04
2.552549999999999955e+02 -4.253579999999999753e-04
2.557549999999999955e+02 -4.372339999999999951e-04
2.562549999999999955e+02 -4.490629999999999795e-04
2.567549999999999955e+02 -4.608459999999999987e-04
2.572549999999999955e+02 -4.725840000000000140e-04
2.577549999999999955e+02 -4.842760000000000098e-04
2.582549999999999955e+02 -4.959230000000000018e-04
2.587549999999999955e+02 -5.075239999999999743e-04
2.592549999999999955e+02 -5.190810000000000129e-04
2.597549999999999955e+02 -5.305940000000000092e-04
2.602549999999999955e+02 -5.420619999999999475e-04
2.607549999999999955e+02 -5.534859999999999520e-04
2.612549999999999955e+02 -5.648660000000000226e-04
2.617549999999999955e+02 -5.762029999999999583e-04
2.622549999999999955e+02 -5.874969999999999758e-04
2.627549999999999955e+02 -5.987479999999999669e-04
2.632549999999999955e+02 -6.099560000000000398e-04
2.637549999999999955e+02 -6.211219999999999936e-04
2.642549999999999955e+02 -6.322450000000000292e-04
2.647549999999999955e+02 -6.433260000000000541e-04
2.652549999999999955e+02 -6.543659999999999755e-04
2.657549999999999955e+02 -6.653639999999999945e-04
2.662549999999999955e+02 -6.763200000000000028e-04
2.667549999999999955e+02 -6.872360000000000317e-04
2.672549999999999955e+02 -6.981109999999999573e-04
2.677549999999999955e+02 -7.089449999999999962e-04
2.682549999999999955e+02 -7.197389999999999474e-04
2.687549999999999955e+02 -7.304920000000000120e-04
2.692549999999999955e+02 -7.412060000000000046e-04
2.697549999999999955e+02 -7.518800000000000179e-04
2.702549999999999955e+02 -7.625140000000000520e-04
2.707549999999999955e+02 -7.731100000000000298e-04
2.712549999999999955e+02 -7.836660000000000284e-04
2.717549999999999955e+02 -7.941829999999999549e-04
2.722549999999999955e+02 -8.046620000000000422e-04
2.727549999999999955e+02 -8.151019999999999490e-04
2.732549999999999955e+02 -8.255040000000000164e-04
2.737549999999999955e+02 -8.358680000000000276e-04
2.742549999999999955e+02 -8.461939999999999826e-04
2.747549999999999955e+02 -8.564830000000000056e-04
2.752549999999999955e+02 -8.667339999999999723e-04
2.757549999999999955e+02 -8.769480000000000070e-04
2.762549999999999955e+02 -8.871250000000000012e-04
2.767549999999999955e+02 -8.972659999999999707e-04
2.772549999999999955e+02 -9.073700000000000081e-04
2.777549999999999955e+02 -9.174370000000000051e-04
2.782549999999999955e+02 -9.274679999999999773e-04
2.787549999999999955e+02 -9.374630000000000333e-04
2.792549999999999955e+02 -9.474229999999999718e-04
2.797549999999999955e+02 -9.573469999999999940e-04
2.802549999999999955e+02 -9.672349999999999915e-04
2.807549999999999955e+02 -9.770880000000000884e-04
2.812549999999999955e+02 -9.869069999999999752e-04
2.817549999999999955e+02 -9.966899999999999458e-04
2.822549999999999955e+02 -1.006439999999999939e-03
2.827549999999999955e+02 -1.016149999999999953e-03
2.832549999999999955e+02 -1.025829999999999928e-03
2.837549999999999955e+02 -1.035480000000000081e-03
2.842549999999999955e+02 -1.045090000000000038e-03
2.847549999999999955e+02 -1.054669999999999956e-03
2.852549999999999955e+02 -1.064209999999999896e-03
2.857549999999999955e+02 -1.073720000000000013e-03
2.862549999999999955e+02 -1.083200000000000092e-03
2.867549999999999955e+02 -1.092649999999999915e-03
2.872549999999999955e+02 -1.102059999999999975e-03
2.877549999999999955e+02 -1.111439999999999997e-03
2.882549999999999955e+02 -1.120789999999999981e-03
2.887549999999999955e+02 -1.130099999999999985e-03
2.892549999999999955e+02 -1.139379999999999950e-03
2.892549999999999955e+02 -1.139379999999999950e-03
2.892950000000000159e+02 -1.140090000000000070e-03
2.893349999999999795e+02 -1.140830000000000012e-03
2.894150000000000205e+02 -1.142309999999999897e-03
2.895749999999999886e+02 -1.145280000000000039e-03
2.898949999999999818e+02 -1.151190000000000069e-03
2.903949999999999818e+02 -1.160419999999999898e-03
2.908949999999999818e+02 -1.169600000000000023e-03
2.913949999999999818e+02 -1.178749999999999893e-03
2.918949999999999818e+02 -1.187860000000000001e-03
2.923949999999999818e+02 -1.196950000000000010e-03
2.928949999999999818e+02 -1.206000000000000041e-03
2.933949999999999818e+02 -1.215020000000000032e-03
2.938949999999999818e+02 -1.224009999999999985e-03
2.943949999999999818e+02 -1.232969999999999899e-03
2.948949999999999818e+02 -1.241899999999999992e-03
2.953949999999999818e+02 -1.250800000000000045e-03
2.958949999999999818e+02 -1.259670000000000060e-03
2.963949999999999818e+02 -1.268510000000000037e-03
2.968949999999999818e+02 -1.277319999999999975e-03
2.973949999999999818e+02 -1.286110000000000031e-03
2.978949999999999818e+02 -1.294860000000000108e-03
2.983949999999999818e+02 -1.303579999999999930e-03
2.988949999999999818e+02 -1.312269999999999930e-03
2.993949999999999818e+02 -1.320930000000000108e-03
2.998949999999999818e+02 -1.329569999999999971e-03
3.003949999999999818e+02 -1.338170000000000071e-03
3.008949999999999818e+02 -1.346750000000000074e-03
3.013949999999999818e+02 -1.355300000000000038e-03
3.018949999999999818e+02 -1.363819999999999963e-03
3.023949999999999818e+02 -1.372310000000000066e-03
3.028949999999999818e+02 -1.380780000000000072e-03
3.033949999999999818e+02 -1.389210000000000098e-03
3.038949999999999818e+02 -1.397620000000000026e-03
3.043949999999999818e+02 -1.405999999999999915e-03
3.048949999999999818e+02 -1.414359999999999923e-03
3.053949999999999818e+02 -1.422679999999999952e-03
3.058949999999999818e+02 -1.430980000000000099e-03
3.063949999999999818e+02 -1.439259999999999932e-03
3.068949999999999818e+02 -1.447500000000000002e-03
3.073949999999999818e+02 -1.455719999999999974e-03
3.078949999999999818e+02 -1.463909999999999908e-03
3.083949999999999818e+02 -1.472070000000000019e-03
3.088949999999999818e+02 -1.480210000000000033e-03
3.093949999999999818e+02 -1.488329999999999948e-03
3.098949999999999818e+02 -1.496410000000000101e-03
3.103949999999999818e+02 -1.504469999999999939e-03
3.108949999999999818e+02 -1.512509999999999896e-03
3.113949999999999818e+02 -1.520510000000000091e-03
3.118949999999999818e+02 -1.528499999999999911e-03
3.123949999999999818e+02 -1.536449999999999969e-03
3.128949999999999818e+02 -1.544379999999999928e-03
3.133949999999999818e+02 -1.552290000000000007e-03
3.138949999999999818e+02 -1.560170000000000046e-03
3.143949999999999818e+02 -1.568029999999999988e-03
3.148949999999999818e+02 -1.575860000000000108e-03
3.153949999999999818e+02 -1.583669999999999913e-03
3.158949999999999818e+02 -1.591449999999999896e-03
3.163949999999999818e+02 -1.599200000000000057e-03
3.168949999999999818e+02 -1.606940000000000061e-03
3.173949999999999818e+02 -1.614640000000000086e-03
3.178949999999999818e+02 -1.622329999999999953e-03
3.183949999999999818e+02 -1.629989999999999998e-03
3.188949999999999818e+02 -1.637620000000000004e-03
3.193949999999999818e+02 -1.645240000000000070e-03
3.198949999999999818e+02 -1.652819999999999940e-03
3.203949999999999818e+02 -1.660390000000000086e-03
3.208949999999999818e+02 -1.667929999999999977e-03
3.213949999999999818e+02 -1.675449999999999986e-03
3.218949999999999818e+02 -1.682939999999999957e-03
3.223949999999999818e+02 -1.690410000000000046e-03
3.228949999999999818e+02 -1.697860000000000038e-03
3.233949999999999818e+02 -1.705279999999999990e-03
3.238949999999999818e+02 -1.712680000000000062e-03
3.243949999999999818e+02 -1.720060000000000035e-03
3.248949999999999818e+02 -1.727419999999999910e-03
3.253949999999999818e+02 -1.734749999999999964e-03
3.258949999999999818e+02 -1.742059999999999919e-03
3.263949999999999818e+02 -1.749349999999999994e-03
3.268949999999999818e+02 -1.756619999999999970e-03
3.273949999999999818e+02 -1.763859999999999907e-03
3.278949999999999818e+02 -1.771079999999999963e-03
3.283949999999999818e+02 -1.778279999999999922e-03
3.288949999999999818e+02 -1.785459999999999998e-03
3.293949999999999818e+02 -1.792619999999999977e-03
3.298949999999999818e+02 -1.799749999999999918e-03
3.303949999999999818e+02 -1.806869999999999917e-03
3.308949999999999818e+02 -1.813960000000000095e-03
3.313949999999999818e+02 -1.821029999999999958e-03
3.318949999999999818e+02 -1.828079999999999939e-03
3.323949999999999818e+02 -1.835100000000000099e-03
3.328949999999999818e+02 -1.842110000000000102e-03
3.333949999999999818e+02 -1.849100000000000006e-03
3.338949999999999818e+02 -1.856060000000000088e-03
3.343949999999999818e+02 -1.863000000000000073e-03
3.348949999999999818e+02 -1.869929999999999900e-03
3.353949999999999818e+02 -1.876829999999999905e-03
3.358949999999999818e+02 -1.883710000000000028e-03
3.363949999999999818e+02 -1.890570000000000054e-03
3.368949999999999818e+02 -1.897409999999999982e-03
3.373949999999999818e+02 -1.904230000000000029e-03
3.378949999999999818e+02 -1.911029999999999977e-03
3.383949999999999818e+02 -1.917810000000000044e-03
3.388949999999999818e+02 -1.924579999999999954e-03
3.393949999999999818e+02 -1.931320000000000042e-03
3.398949999999999818e+02 -1.938040000000000032e-03
3.403949999999999818e+02 -1.944739999999999924e-03
3.408949999999999818e+02 -1.951419999999999934e-03
3.413949999999999818e+02 -1.958080000000000064e-03
3.418949999999999818e+02 -1.964720000000000095e-03
3.423949999999999818e+02 -1.971350000000000185e-03
3.428949999999999818e+02 -1.977950000000000021e-03
3.433949999999999818e+02 -1.984529999999999975e-03
3.438949999999999818e+02 -1.991099999999999988e-03
3.443949999999999818e+02 -1.997640000000000179e-03
3.448949999999999818e+02 -2.004169999999999997e-03
3.453949999999999818e+02 -2.010679999999999933e-03
3.458949999999999818e+02 -2.017169999999999987e-03
3.463949999999999818e+02 -2.023640000000000161e-03
3.468949999999999818e+02 -2.030090000000000020e-03
3.473949999999999818e+02 -2.036519999999999997e-03
3.478949999999999818e+02 -2.042940000000000034e-03
3.483949999999999818e+02 -2.049340000000000189e-03
3.488949999999999818e+02 -2.055710000000000089e-03
3.493949999999999818e+02 -2.062070000000000049e-03
3.498949999999999818e+02 -2.068420000000000068e-03
3.503949999999999818e+02 -2.074739999999999831e-03
3.508949999999999818e+02 -2.081050000000000087e-03
3.513949999999999818e+02 -2.087330000000000088e-03
3.518949999999999818e+02 -2.093600000000000148e-03
3.523949999999999818e+02 -2.099849999999999894e-03
3.528949999999999818e+02 -2.106090000000000132e-03
3.533949999999999818e+02 -2.112310000000000056e-03
3.538949999999999818e+02 -2.118500000000000157e-03
3.543949999999999818e+02 -2.124689999999999825e-03
3.548949999999999818e+02 -2.130850000000000105e-03
3.553949999999999818e+02 -2.137000000000000011e-03
3.558949999999999818e+02 -2.143130000000000035e-03
3.563949999999999818e+02 -2.149240000000000178e-03
3.568949999999999818e+02 -2.155330000000000006e-03
3.573949999999999818e+02 -2.161409999999999894e-03
3.578949999999999818e+02 -2.167469999999999900e-03
3.583949999999999818e+02 -2.173519999999999966e-03
3.588949999999999818e+02 -2.179550000000000150e-03
3.593949999999999818e+02 -2.185560000000000020e-03
3.598949999999999818e+02 -2.191550000000000008e-03
3.603949999999999818e+02 -2.197530000000000056e-03
3.608949999999999818e+02 -2.203489999999999789e-03
3.613949999999999818e+02 -2.209430000000000074e-03
3.618949999999999818e+02 -2.215359999999999985e-03
3.623949999999999818e+02 -2.221270000000000015e-03
3.628949999999999818e+02 -2.227170000000000104e-03
3.633949999999999818e+02 -2.233049999999999879e-03
3.638949999999999818e+02 -2.238910000000000206e-03
3.643949999999999818e+02 -2.244760000000000158e-03
3.648949999999999818e+02 -2.250589999999999796e-03
3.653949999999999818e+02 -2.256399999999999986e-03
3.658949999999999818e+02 -2.262199999999999801e-03
3.663949999999999818e+02 -2.267980000000000169e-03
3.668949999999999818e+02 -2.273750000000000163e-03
3.673949999999999818e+02 -2.279499999999999842e-03
3.678949999999999818e+02 -2.285240000000000014e-03
3.683949999999999818e+02 -2.290959999999999872e-03
3.688949999999999818e+02 -2.296659999999999847e-03
3.693949999999999818e+02 -2.302349999999999883e-03
3.698949999999999818e+02 -2.308029999999999977e-03
3.703949999999999818e+02 -2.313690000000000191e-03
3.708949999999999818e+02 -2.319330000000000089e-03
3.713949999999999818e+02 -2.324960000000000047e-03
3.718949999999999818e+02 -2.330570000000000124e-03
3.723949999999999818e+02 -2.336169999999999827e-03
3.728949999999999818e+02 -2.341750000000000081e-03
3.733949999999999818e+02 -2.347319999999999962e-03
3.738949999999999818e+02 -2.352869999999999961e-03
3.743949999999999818e+02 -2.358410000000000020e-03
3.748949999999999818e+02 -2.363940000000000138e-03
3.753949999999999818e+02 -2.369440000000000001e-03
3.758949999999999818e+02 -2.374939999999999864e-03
3.763949999999999818e+02 -2.380419999999999845e-03
3.768949999999999818e+02 -2.385879999999999945e-03
3.773949999999999818e+02 -2.391330000000000105e-03
3.778949999999999818e+02 -2.396769999999999890e-03
3.783949999999999818e+02 -2.402189999999999794e-03
3.788949999999999818e+02 -2.407600000000000191e-03
3.793949999999999818e+02 -2.412989999999999840e-03
3.798949999999999818e+02 -2.418369999999999981e-03
3.803949999999999818e+02 -2.423740000000000182e-03
3.808949999999999818e+02 -2.429090000000000069e-03
3.813949999999999818e+02 -2.434420000000000073e-03
3.818949999999999818e+02 -2.439750000000000078e-03
3.823949999999999818e+02 -2.445060000000000202e-03
3.828949999999999818e+02 -2.450350000000000011e-03
3.833949999999999818e+02 -2.455629999999999879e-03
3.838949999999999818e+02 -2.460899999999999806e-03
3.843949999999999818e+02 -2.466149999999999853e-03
3.848949999999999818e+02 -2.471389999999999958e-03
3.853949999999999818e+02 -2.476620000000000123e-03
3.858949999999999818e+02 -2.481829999999999974e-03
3.863949999999999818e+02 -2.487029999999999883e-03
3.868949999999999818e+02 -2.492219999999999852e-03
3.868949999999999818e+02 -2.492219999999999852e-03
3.869350000000000023e+02 -2.492620000000000079e-03
3.869750000000000227e+02 -2.493029999999999812e-03
3.870550000000000068e+02 -2.493860000000000087e-03
3.872149999999999750e+02 -2.495520000000000203e-03
3.875350000000000250e+02 -2.498830000000000062e-03
3.880350000000000250e+02 -2.503990000000000209e-03
3.885350000000000250e+02 -2.509139999999999981e-03
3.890350000000000250e+02 -2.514259999999999932e-03
3.895350000000000250e+02 -2.519379999999999883e-03
3.900350000000000250e+02 -2.524479999999999953e-03
3.905350000000000250e+02 -2.529570000000000082e-03
3.910350000000000250e+02 -2.534649999999999837e-03
3.915350000000000250e+02 -2.539710000000000144e-03
3.920350000000000250e+02 -2.544770000000000018e-03
3.925350000000000250e+02 -2.549800000000000070e-03
3.930350000000000250e+02 -2.554830000000000122e-03
3.935350000000000250e+02 -2.559839999999999859e-03
3.940350000000000250e+02 -2.564840000000000089e-03
3.945350000000000250e+02 -2.569829999999999944e-03
3.950350000000000250e+02 -2.574799999999999919e-03
3.955350000000000250e+02 -2.579759999999999952e-03
3.960350000000000250e+02 -2.584710000000000046e-03
3.965350000000000250e+02 -2.589650000000000198e-03
3.970350000000000250e+02 -2.594570000000000036e-03
3.975350000000000250e+02 -2.599489999999999874e-03
3.980350000000000250e+02 -2.604389999999999830e-03
3.985350000000000250e+02 -2.609269999999999905e-03
3.990350000000000250e+02 -2.614149999999999981e-03
3.995350000000000250e+02 -2.619010000000000175e-03
4.000350000000000250e+02 -2.623859999999999994e-03
4.005350000000000250e+02 -2.628699999999999874e-03
4.010350000000000250e+02 -2.633529999999999812e-03
4.015350000000000250e+02 -2.638339999999999869e-03
4.020350000000000250e+02 -2.643139999999999986e-03
4.025350000000000250e+02 -2.647940000000000103e-03
4.030350000000000250e+02 -2.652709999999999964e-03
4.035350000000000250e+02 -2.657479999999999825e-03
4.040350000000000250e+02 -2.662240000000000179e-03
4.045350000000000250e+02 -2.666979999999999785e-03
4.050350000000000250e+02 -2.671709999999999884e-03
4.055350000000000250e+02 -2.676430000000000042e-03
4.060350000000000250e+02 -2.681139999999999825e-03
4.065350000000000250e+02 -2.685840000000000102e-03
4.070350000000000250e+02 -2.690520000000000064e-03
4.075350000000000250e+02 -2.695200000000000026e-03
4.080350000000000250e+02 -2.699860000000000107e-03
4.085350000000000250e+02 -2.704509999999999813e-03
4.090350000000000250e+02 -2.709150000000000013e-03
4.095350000000000250e+02 -2.713779999999999838e-03
4.100350000000000250e+02 -2.718390000000000216e-03
4.105350000000000250e+02 -2.723000000000000160e-03
4.110350000000000250e+02 -2.727589999999999789e-03
4.115350000000000250e+02 -2.732179999999999852e-03
4.120350000000000250e+02 -2.736750000000000033e-03
4.125350000000000250e+02 -2.741309999999999841e-03
4.130350000000000250e+02 -2.745860000000000141e-03
4.135350000000000250e+02 -2.750400000000000067e-03
4.140350000000000250e+02 -2.754930000000000052e-03
4.145350000000000250e+02 -2.759440000000000157e-03
4.150350000000000250e+02 -2.763949999999999827e-03
4.155350000000000250e+02 -2.768449999999999991e-03
4.160350000000000250e+02 -2.772929999999999839e-03
4.165350000000000250e+02 -2.777400000000000181e-03
4.170350000000000250e+02 -2.781870000000000089e-03
4.175350000000000250e+02 -2.786320000000000116e-03
4.180350000000000250e+02 -2.790760000000000202e-03
4.185350000000000250e+02 -2.795189999999999914e-03
4.190350000000000250e+02 -2.799610000000000119e-03
4.195350000000000250e+02 -2.804019999999999950e-03
4.200350000000000250e+02 -2.808419999999999840e-03
4.205350000000000250e+02 -2.812809999999999790e-03
4.210350000000000250e+02 -2.817189999999999798e-03
4.215350000000000250e+02 -2.821559999999999867e-03
4.220350000000000250e+02 -2.825919999999999994e-03
4.225350000000000250e+02 -2.830270000000000181e-03
4.230350000000000250e+02 -2.834600000000000054e-03
4.235350000000000250e+02 -2.838929999999999926e-03
4.240350000000000250e+02 -2.843249999999999857e-03
4.245350000000000250e+02 -2.847549999999999908e-03
4.250350000000000250e+02 -2.851849999999999958e-03
4.255350000000000250e+02 -2.856140000000000068e-03
4.260350000000000250e+02 -2.860409999999999862e-03
4.265350000000000250e+02 -2.864680000000000091e-03
4.270350000000000250e+02 -2.868939999999999945e-03
4.275350000000000250e+02 -2.873179999999999918e-03
4.280350000000000250e+02 -2.877419999999999891e-03
4.285350000000000250e+02 -2.881649999999999923e-03
4.290350000000000250e+02 -2.885860000000000074e-03
4.295350000000000250e+02 -2.890069999999999792e-03
4.300350000000000250e+02 -2.894270000000000002e-03
4.305350000000000250e+02 -2.898449999999999898e-03
4.310350000000000250e+02 -2.902629999999999794e-03
4.315350000000000250e+02 -2.906800000000000182e-03
4.320350000000000250e+02 -2.910960000000000197e-03
4.325350000000000250e+02 -2.915109999999999837e-03
4.330350000000000250e+02 -2.919249999999999970e-03
4.335350000000000250e+02 -2.923380000000000162e-03
4.340350000000000250e+02 -2.927499999999999981e-03
4.345350000000000250e+02 -2.931609999999999858e-03
4.350350000000000250e+02 -2.935709999999999795e-03
4.355350000000000250e+02 -2.939799999999999792e-03
4.360350000000000250e+02 -2.943879999999999848e-03
4.365350000000000250e+02 -2.947959999999999903e-03
4.370350000000000250e+02 -2.952020000000000078e-03
4.375350000000000250e+02 -2.956069999999999878e-03
4.380350000000000250e+02 -2.960120000000000112e-03
4.385350000000000250e+02 -2.964159999999999972e-03
4.390350000000000250e+02 -2.968179999999999950e-03
4.395350000000000250e+02 -2.972199999999999929e-03
4.400350000000000250e+02 -2.976209999999999967e-03
4.405350000000000250e+02 -2.980210000000000064e-03
4.410350000000000250e+02 -2.984199999999999787e-03
4.415350000000000250e+02 -2.988180000000000003e-03
4.420350000000000250e+02 -2.992149999999999845e-03
4.425350000000000250e+02 -2.996110000000000179e-03
4.430350000000000250e+02 -3.000070000000000080e-03
4.435350000000000250e+02 -3.004010000000000100e-03
4.440350000000000250e+02 -3.007950000000000120e-03
4.445350000000000250e+02 -3.011880000000000199e-03
4.450350000000000250e+02 -3.015799999999999904e-03
4.455350000000000250e+02 -3.019710000000000102e-03
4.460350000000000250e+02 -3.023609999999999926e-03
4.465350000000000250e+02 -3.027499999999999809e-03
4.470350000000000250e+02 -3.031390000000000126e-03
4.475350000000000250e+02 -3.035260000000000128e-03
4.480350000000000250e+02 -3.039130000000000130e-03
4.485350000000000250e+02 -3.042990000000000191e-03
4.490350000000000250e+02 -3.046829999999999938e-03
4.495350000000000250e+02 -3.050680000000000058e-03
4.500350000000000250e+02 -3.054509999999999864e-03
4.505350000000000250e+02 -3.058330000000000163e-03
4.510350000000000250e+02 -3.062150000000000028e-03
4.515350000000000250e+02 -3.065950000000000012e-03
4.520350000000000250e+02 -3.069749999999999996e-03
4.525350000000000250e+02 -3.073540000000000039e-03
4.530350000000000250e+02 -3.077320000000000142e-03
4.535350000000000250e+02 -3.081099999999999811e-03
4.540350000000000250e+02 -3.084860000000000033e-03
4.545350000000000250e+02 -3.088619999999999820e-03
4.550350000000000250e+02 -3.092370000000000101e-03
4.555350000000000250e+02 -3.096110000000000008e-03
4.560350000000000250e+02 -3.099839999999999974e-03
4.565350000000000250e+02 -3.103559999999999999e-03
4.570350000000000250e+02 -3.107280000000000025e-03
4.575350000000000250e+02 -3.110990000000000109e-03
4.580350000000000250e+02 -3.114689999999999820e-03
4.585350000000000250e+02 -3.118380000000000023e-03
4.590350000000000250e+02 -3.122059999999999853e-03
4.595350000000000250e+02 -3.125740000000000116e-03
4.600350000000000250e+02 -3.129400000000000064e-03
4.605350000000000250e+02 -3.133060000000000012e-03
4.610350000000000250e+02 -3.136710000000000019e-03
4.615350000000000250e+02 -3.140360000000000026e-03
4.620350000000000250e+02 -3.143990000000000153e-03
4.625350000000000250e+02 -3.147619999999999845e-03
4.630350000000000250e+02 -3.151240000000000031e-03
4.635350000000000250e+02 -3.154849999999999842e-03
4.640350000000000250e+02 -3.158460000000000087e-03
4.645350000000000250e+02 -3.162059999999999958e-03
4.650350000000000250e+02 -3.165639999999999947e-03
4.655350000000000250e+02 -3.169229999999999877e-03
4.660350000000000250e+02 -3.172799999999999926e-03
4.665350000000000250e+02 -3.176360000000000034e-03
4.670350000000000250e+02 -3.179920000000000142e-03
4.675350000000000250e+02 -3.183469999999999876e-03
4.680350000000000250e+02 -3.187020000000000044e-03
4.685350000000000250e+02 -3.190549999999999897e-03
4.690350000000000250e+02 -3.194080000000000183e-03
4.695350000000000250e+02 -3.197600000000000095e-03
4.700350000000000250e+02 -3.201110000000000066e-03
4.705350000000000250e+02 -3.204620000000000038e-03
4.710350000000000250e+02 -3.208120000000000069e-03
4.715350000000000250e+02 -3.211610000000000159e-03
4.720350000000000250e+02 -3.215089999999999875e-03
4.725350000000000250e+02 -3.218570000000000025e-03
4.730350000000000250e+02 -3.222029999999999859e-03
4.735350000000000250e+02 -3.225500000000000068e-03
4.740350000000000250e+02 -3.228949999999999963e-03
4.745350000000000250e+02 -3.232399999999999857e-03
4.750350000000000250e+02 -3.235839999999999810e-03
4.755350000000000250e+02 -3.239269999999999823e-03
4.760350000000000250e+02 -3.242689999999999895e-03
4.765350000000000250e+02 -3.246109999999999968e-03
4.770350000000000250e+02 -3.249520000000000099e-03
4.775350000000000250e+02 -3.252919999999999857e-03
4.780350000000000250e+02 -3.256320000000000048e-03
4.785350000000000250e+02 -3.259709999999999865e-03
4.790350000000000250e+02 -3.263090000000000174e-03
4.795350000000000250e+02 -3.266470000000000051e-03
4.800350000000000250e+02 -3.269830000000000046e-03
4.805350000000000250e+02 -3.273199999999999981e-03
4.810350000000000250e+02 -3.276550000000000035e-03
4.815350000000000250e+02 -3.279900000000000090e-03
4.820350000000000250e+02 -3.283240000000000203e-03
4.825350000000000250e+02 -3.286569999999999943e-03
4.830350000000000250e+02 -3.289900000000000116e-03
4.835350000000000250e+02 -3.293219999999999915e-03
4.840350000000000250e+02 -3.296530000000000207e-03
4.845350000000000250e+02 -3.299830000000000124e-03
4.845350000000000250e+02 -3.299830000000000124e-03
4.845749999999999886e+02 -3.300089999999999881e-03
4.846150000000000091e+02 -3.300360000000000012e-03
4.846949999999999932e+02 -3.300879999999999960e-03
4.848550000000000182e+02 -3.301940000000000170e-03
4.851750000000000114e+02 -3.304050000000000216e-03
4.856750000000000114e+02 -3.307340000000000193e-03
4.861750000000000114e+02 -3.310630000000000170e-03
4.866750000000000114e+02 -3.313910000000000206e-03
4.871750000000000114e+02 -3.317179999999999868e-03
4.876750000000000114e+02 -3.320440000000000023e-03
4.881750000000000114e+02 -3.323700000000000179e-03
4.886750000000000114e+02 -3.326940000000000019e-03
4.891750000000000114e+02 -3.330189999999999800e-03
4.896750000000000114e+02 -3.333420000000000133e-03
4.901750000000000114e+02 -3.336650000000000033e-03
4.906750000000000114e+02 -3.339879999999999932e-03
4.911750000000000114e+02 -3.343099999999999891e-03
4.916750000000000114e+02 -3.346309999999999910e-03
4.921750000000000114e+02 -3.349509999999999987e-03
4.926750000000000114e+02 -3.352710000000000065e-03
4.931750000000000114e+02 -3.355900000000000202e-03
4.936750000000000114e+02 -3.359079999999999965e-03
4.941750000000000114e+02 -3.362260000000000162e-03
4.946750000000000114e+02 -3.365429999999999984e-03
4.951750000000000114e+02 -3.368599999999999806e-03
4.956750000000000114e+02 -3.371760000000000122e-03
4.961750000000000114e+02 -3.374910000000000063e-03
4.966750000000000114e+02 -3.378050000000000063e-03
4.971750000000000114e+02 -3.381190000000000064e-03
4.976750000000000114e+02 -3.384330000000000064e-03
4.981750000000000114e+02 -3.387450000000000183e-03
4.986750000000000114e+02 -3.390569999999999869e-03
4.991750000000000114e+02 -3.393689999999999988e-03
4.996750000000000114e+02 -3.396800000000000166e-03
5.001750000000000114e+02 -3.399899999999999971e-03
5.006750000000000114e+02 -3.403000000000000209e-03
5.011750000000000114e+02 -3.406080000000000132e-03
5.016750000000000114e+02 -3.409169999999999996e-03
5.021750000000000114e+02 -3.412249999999999919e-03
5.026750000000000114e+02 -3.415319999999999901e-03
5.031750000000000114e+02 -3.418379999999999943e-03
5.036750000000000114e+02 -3.421439999999999985e-03
5.041750000000000114e+02 -3.424490000000000086e-03
5.046750000000000114e+02 -3.427540000000000187e-03
5.051750000000000114e+02 -3.430579999999999914e-03
5.056750000000000114e+02 -3.433620000000000075e-03
5.061750000000000114e+02 -3.436649999999999861e-03
5.066750000000000114e+02 -3.439670000000000141e-03
5.071750000000000114e+02 -3.442689999999999986e-03
5.076750000000000114e+02 -3.445699999999999891e-03
5.081750000000000114e+02 -3.448699999999999856e-03
5.086750000000000114e+02 -3.451699999999999820e-03
5.091750000000000114e+02 -3.454699999999999785e-03
5.096750000000000114e+02 -3.457679999999999868e-03
5.101750000000000114e+02 -3.460659999999999951e-03
5.106750000000000114e+02 -3.463640000000000035e-03
5.111750000000000114e+02 -3.466610000000000177e-03
5.116750000000000114e+02 -3.469569999999999946e-03
5.121749999999999545e+02 -3.472530000000000148e-03
5.126749999999999545e+02 -3.475489999999999916e-03
5.131749999999999545e+02 -3.478429999999999803e-03
5.136749999999999545e+02 -3.481370000000000124e-03
5.141749999999999545e+02 -3.484310000000000011e-03
5.146749999999999545e+02 -3.487239999999999958e-03
5.151749999999999545e+02 -3.490159999999999964e-03
5.156749999999999545e+02 -3.493079999999999970e-03
5.161749999999999545e+02 -3.495990000000000035e-03
5.166749999999999545e+02 -3.498900000000000100e-03
5.171749999999999545e+02 -3.501799999999999791e-03
5.176749999999999545e+02 -3.504699999999999916e-03
5.181749999999999545e+02 -3.507590000000000100e-03
5.186749999999999545e+02 -3.510469999999999910e-03
5.191749999999999545e+02 -3.513350000000000153e-03
5.196749999999999545e+02 -3.516229999999999963e-03
5.201749999999999545e+02 -3.519089999999999892e-03
5.206749999999999545e+02 -3.521960000000000195e-03
5.211749999999999545e+02 -3.524810000000000183e-03
5.216749999999999545e+02 -3.527660000000000171e-03
5.221749999999999545e+02 -3.530510000000000159e-03
5.226749999999999545e+02 -3.533350000000000206e-03
5.231749999999999545e+02 -3.536189999999999820e-03
5.236749999999999545e+02 -3.539019999999999926e-03
5.241749999999999545e+02 -3.541840000000000092e-03
5.246749999999999545e+02 -3.544659999999999825e-03
5.251749999999999545e+02 -3.547470000000000050e-03
5.256749999999999545e+02 -3.550279999999999842e-03
5.261749999999999545e+02 -3.553080000000000127e-03
5.266749999999999545e+02 -3.555879999999999978e-03
5.271749999999999545e+02 -3.558669999999999889e-03
5.276749999999999545e+02 -3.561459999999999800e-03
5.281749999999999545e+02 -3.564240000000000203e-03
5.286749999999999545e+02 -3.567020000000000173e-03
5.291749999999999545e+02 -3.569790000000000203e-03
5.296749999999999545e+02 -3.572559999999999798e-03
5.301749999999999545e+02 -3.575319999999999887e-03
5.306749999999999545e+02 -3.578070000000000035e-03
5.311749999999999545e+02 -3.580820000000000183e-03
5.316749999999999545e+02 -3.583569999999999898e-03
5.321749999999999545e+02 -3.586310000000000105e-03
5.326749999999999545e+02 -3.589039999999999939e-03
5.331749999999999545e+02 -3.591770000000000206e-03
5.336749999999999545e+02 -3.594500000000000039e-03
5.341749999999999545e+02 -3.597219999999999931e-03
5.346749999999999545e+02 -3.599929999999999884e-03
5.351749999999999545e+02 -3.602639999999999836e-03
5.356749999999999545e+02 -3.605349999999999788e-03
5.361749999999999545e+02 -3.608049999999999799e-03
5.366749999999999545e+02 -3.610739999999999870e-03
5.371749999999999545e+02 -3.613429999999999941e-03
5.376749999999999545e+02 -3.616110000000000071e-03
5.381749999999999545e+02 -3.618790000000000201e-03
5.386749999999999545e+02 -3.621469999999999897e-03
5.391749999999999545e+02 -3.624140000000000087e-03
5.396749999999999545e+02 -3.626799999999999902e-03
5.401749999999999545e+02 -3.629460000000000151e-03
5.406749999999999545e+02 -3.632119999999999967e-03
5.411749999999999545e+02 -3.634769999999999841e-03
5.416749999999999545e+02 -3.637410000000000209e-03
5.421749999999999545e+02 -3.640050000000000143e-03
5.426749999999999545e+02 -3.642680000000000137e-03
5.431749999999999545e+02 -3.645320000000000071e-03
5.436749999999999545e+02 -3.647940000000000123e-03
5.441749999999999545e+02 -3.650560000000000176e-03
5.446749999999999545e+02 -3.653179999999999795e-03
5.451749999999999545e+02 -3.655789999999999908e-03
5.456749999999999545e+02 -3.658390000000000079e-03
5.461749999999999545e+02 -3.661000000000000192e-03
5.466749999999999545e+02 -3.663589999999999989e-03
5.471749999999999545e+02 -3.666179999999999786e-03
5.476749999999999545e+02 -3.668770000000000017e-03
5.481749999999999545e+02 -3.671349999999999874e-03
5.486749999999999545e+02 -3.673930000000000164e-03
5.491749999999999545e+02 -3.676500000000000080e-03
5.496749999999999545e+02 -3.679069999999999997e-03
5.501749999999999545e+02 -3.681639999999999913e-03
5.506749999999999545e+02 -3.684189999999999948e-03
5.511749999999999545e+02 -3.686749999999999923e-03
5.516749999999999545e+02 -3.689299999999999958e-03
5.521749999999999545e+02 -3.691840000000000052e-03
5.526749999999999545e+02 -3.694380000000000146e-03
5.531749999999999545e+02 -3.696919999999999807e-03
5.536749999999999545e+02 -3.699449999999999961e-03
5.541749999999999545e+02 -3.701980000000000114e-03
5.546749999999999545e+02 -3.704499999999999894e-03
5.551749999999999545e+02 -3.707020000000000107e-03
5.556749999999999545e+02 -3.709529999999999945e-03
5.561749999999999545e+02 -3.712039999999999784e-03
5.566749999999999545e+02 -3.714540000000000116e-03
5.571749999999999545e+02 -3.717040000000000014e-03
5.576749999999999545e+02 -3.719539999999999912e-03
5.581749999999999545e+02 -3.722029999999999870e-03
5.586749999999999545e+02 -3.724519999999999827e-03
5.591749999999999545e+02 -3.726999999999999844e-03
5.596749999999999545e+02 -3.729469999999999921e-03
5.601749999999999545e+02 -3.731949999999999937e-03
5.606749999999999545e+02 -3.734420000000000014e-03
5.611749999999999545e+02 -3.736880000000000149e-03
5.616749999999999545e+02 -3.739339999999999851e-03
5.621749999999999545e+02 -3.741799999999999987e-03
5.626749999999999545e+02 -3.744250000000000182e-03
5.631749999999999545e+02 -3.746690000000000003e-03
5.636749999999999545e+02 -3.749140000000000198e-03
5.641749999999999545e+02 -3.751570000000000078e-03
5.646749999999999545e+02 -3.754009999999999899e-03
5.651749999999999545e+02 -3.756440000000000213e-03
5.656749999999999545e+02 -3.758860000000000152e-03
5.661749999999999545e+02 -3.761280000000000092e-03
5.666749999999999545e+02 -3.763700000000000032e-03
5.671749999999999545e+02 -3.766110000000000031e-03
5.676749999999999545e+02 -3.768520000000000029e-03
5.681749999999999545e+02 -3.770920000000000088e-03
5.686749999999999545e+02 -3.773320000000000146e-03
5.691749999999999545e+02 -3.775720000000000205e-03
5.696749999999999545e+02 -3.778109999999999889e-03
5.701749999999999545e+02 -3.780500000000000006e-03
5.706749999999999545e+02 -3.782880000000000183e-03
5.711749999999999545e+02 -3.785259999999999927e-03
5.716749999999999545e+02 -3.787630000000000163e-03
5.721749999999999545e+02 -3.789999999999999966e-03
5.726749999999999545e+02 -3.792370000000000203e-03
5.731749999999999545e+02 -3.794730000000000065e-03
5.736749999999999545e+02 -3.797089999999999927e-03
5.741749999999999545e+02 -3.799439999999999849e-03
5.746749999999999545e+02 -3.801790000000000204e-03
5.751749999999999545e+02 -3.804140000000000126e-03
5.756749999999999545e+02 -3.806480000000000107e-03
5.761749999999999545e+02 -3.808810000000000147e-03
5.766749999999999545e+02 -3.811150000000000128e-03
5.771749999999999545e+02 -3.813480000000000168e-03
5.776749999999999545e+02 -3.815799999999999834e-03
5.781749999999999545e+02 -3.818119999999999934e-03
5.786749999999999545e+02 -3.820440000000000034e-03
5.791749999999999545e+02 -3.822750000000000193e-03
5.796749999999999545e+02 -3.825059999999999918e-03
5.801749999999999545e+02 -3.827370000000000078e-03
5.806749999999999545e+02 -3.829669999999999862e-03
5.811749999999999545e+02 -3.831970000000000081e-03
5.816749999999999545e+02 -3.834259999999999925e-03
5.821749999999999545e+02 -3.836550000000000203e-03
5.821749999999999545e+02 -3.836550000000000203e-03
5.822150000000000318e+02 -3.836730000000000002e-03
5.822549999999999955e+02 -3.836909999999999800e-03
5.823350000000000364e+02 -3.837280000000000205e-03
5.824950000000000045e+02 -3.838010000000000206e-03
5.828150000000000546e+02 -3.839470000000000209e-03
5.833150000000000546e+02 -3.841750000000000113e-03
5.838150000000000546e+02 -3.844030000000000016e-03
5.843150000000000546e+02 -3.846299999999999979e-03
5.848150000000000546e+02 -3.848569999999999942e-03
5.853150000000000546e+02 -3.850839999999999905e-03
5.858150000000000546e+02 -3.853099999999999928e-03
5.863150000000000546e+02 -3.855359999999999950e-03
5.868150000000000546e+02 -3.857610000000000032e-03
5.873150000000000546e+02 -3.859860000000000114e-03
5.878150000000000546e+02 -3.862110000000000196e-03
5.883150000000000546e+02 -3.864349999999999903e-03
5.888150000000000546e+02 -3.866590000000000044e-03
5.893150000000000546e+02 -3.868819999999999811e-03
5.898150000000000546e+02 -3.871050000000000012e-03
5.903150000000000546e+02 -3.873280000000000212e-03
5.908150000000000546e+02 -3.875500000000000039e-03
5.913150000000000546e+02 -3.877719999999999865e-03
5.918150000000000546e+02 -3.879930000000000184e-03
5.923150000000000546e+02 -3.882150000000000011e-03
5.928150000000000546e+02 -3.884349999999999956e-03
5.933150000000000546e+02 -3.886559999999999841e-03
5.938150000000000546e+02 -3.888759999999999786e-03
5.943150000000000546e+02 -3.890960000000000165e-03
5.948150000000000546e+02 -3.893150000000000169e-03
5.953150000000000546e+02 -3.895340000000000174e-03
5.958150000000000546e+02 -3.897519999999999804e-03
5.963150000000000546e+02 -3.899709999999999809e-03
5.968150000000000546e+02 -3.901889999999999872e-03
5.973150000000000546e+02 -3.904059999999999996e-03
5.978150000000000546e+02 -3.906230000000000119e-03
5.983150000000000546e+02 -3.908400000000000242e-03
5.988150000000000546e+02 -3.910560000000000425e-03
5.993150000000000546e+02 -3.912719999999999740e-03
5.998150000000000546e+02 -3.914879999999999922e-03
6.003150000000000546e+02 -3.917030000000000164e-03
6.008150000000000546e+02 -3.919180000000000406e-03
6.013150000000000546e+02 -3.921329999999999781e-03
6.018150000000000546e+02 -3.923470000000000082e-03
6.023150000000000546e+02 -3.925610000000000384e-03
6.028150000000000546e+02 -3.927739999999999877e-03
6.033150000000000546e+02 -3.929880000000000179e-03
6.038150000000000546e+02 -3.931999999999999731e-03
6.043150000000000546e+02 -3.934130000000000092e-03
6.048150000000000546e+02 -3.936249999999999645e-03
6.053150000000000546e+02 -3.938370000000000065e-03
6.058150000000000546e+02 -3.940479999999999677e-03
6.063150000000000546e+02 -3.942590000000000157e-03
6.068150000000000546e+02 -3.944699999999999769e-03
6.073150000000000546e+02 -3.946800000000000308e-03
6.078150000000000546e+02 -3.948899999999999980e-03
6.083150000000000546e+02 -3.950999999999999651e-03
6.088150000000000546e+02 -3.953090000000000249e-03
6.093150000000000546e+02 -3.955179999999999980e-03
6.098150000000000546e+02 -3.957269999999999711e-03
6.103150000000000546e+02 -3.959350000000000369e-03
6.108150000000000546e+02 -3.961430000000000159e-03
6.113150000000000546e+02 -3.963509999999999950e-03
6.118150000000000546e+02 -3.965579999999999800e-03
6.123150000000000546e+02 -3.967649999999999649e-03
6.128150000000000546e+02 -3.969720000000000366e-03
6.133150000000000546e+02 -3.971780000000000276e-03
6.138150000000000546e+02 -3.973840000000000185e-03
6.143150000000000546e+02 -3.975900000000000094e-03
6.148150000000000546e+02 -3.977950000000000062e-03
6.153150000000000546e+02 -3.980000000000000031e-03
6.158150000000000546e+02 -3.982049999999999999e-03
6.163150000000000546e+02 -3.984090000000000027e-03
6.168150000000000546e+02 -3.986130000000000055e-03
6.173150000000000546e+02 -3.988160000000000142e-03
6.178150000000000546e+02 -3.990200000000000170e-03
6.183150000000000546e+02 -3.992230000000000258e-03
6.188150000000000546e+02 -3.994250000000000404e-03
6.193150000000000546e+02 -3.996279999999999624e-03
6.198150000000000546e+02 -3.998299999999999771e-03
6.203150000000000546e+02 -4.000309999999999977e-03
6.208150000000000546e+02 -4.002320000000000183e-03
6.213150000000000546e+02 -4.004330000000000389e-03
6.218150000000000546e+02 -4.006339999999999728e-03
6.223150000000000546e+02 -4.008349999999999934e-03
6.228150000000000546e+02 -4.010350000000000199e-03
6.233150000000000546e+02 -4.012339999999999657e-03
6.238150000000000546e+02 -4.014339999999999922e-03
6.243150000000000546e+02 -4.016330000000000247e-03
6.248150000000000546e+02 -4.018309999999999764e-03
6.253150000000000546e+02 -4.020300000000000089e-03
6.258150000000000546e+02 -4.022279999999999606e-03
6.263150000000000546e+02 -4.024259999999999990e-03
6.268150000000000546e+02 -4.026230000000000434e-03
6.273150000000000546e+02 -4.028200000000000010e-03
6.278150000000000546e+02 -4.030169999999999586e-03
6.283150000000000546e+02 -4.032140000000000030e-03
6.288150000000000546e+02 -4.034099999999999665e-03
6.293150000000000546e+02 -4.036060000000000168e-03
6.298150000000000546e+02 -4.038019999999999804e-03
6.303150000000000546e+02 -4.039970000000000366e-03
6.308150000000000546e+02 -4.041920000000000061e-03
6.313150000000000546e+02 -4.043869999999999756e-03
6.318150000000000546e+02 -4.045810000000000378e-03
6.323150000000000546e+02 -4.047750000000000133e-03
6.328150000000000546e+02 -4.049689999999999887e-03
6.333150000000000546e+02 -4.051619999999999701e-03
6.338150000000000546e+02 -4.053550000000000382e-03
6.343150000000000546e+02 -4.055480000000000196e-03
6.348150000000000546e+02 -4.057410000000000010e-03
6.353150000000000546e+02 -4.059329999999999883e-03
6.358150000000000546e+02 -4.061249999999999756e-03
6.363150000000000546e+02 -4.063169999999999629e-03
6.368150000000000546e+02 -4.065080000000000429e-03
6.373150000000000546e+02 -4.066990000000000362e-03
6.378150000000000546e+02 -4.068900000000000294e-03
6.383150000000000546e+02 -4.070800000000000286e-03
6.388150000000000546e+02 -4.072700000000000278e-03
6.393150000000000546e+02 -4.074600000000000270e-03
6.398150000000000546e+02 -4.076500000000000262e-03
6.403150000000000546e+02 -4.078390000000000314e-03
6.408150000000000546e+02 -4.080280000000000365e-03
6.413150000000000546e+02 -4.082159999999999608e-03
6.418150000000000546e+02 -4.084049999999999660e-03
6.423150000000000546e+02 -4.085929999999999770e-03
6.428150000000000546e+02 -4.087809999999999881e-03
6.433150000000000546e+02 -4.089680000000000051e-03
6.438150000000000546e+02 -4.091550000000000221e-03
6.443150000000000546e+02 -4.093420000000000392e-03
6.448150000000000546e+02 -4.095289999999999694e-03
6.453150000000000546e+02 -4.097149999999999924e-03
6.458150000000000546e+02 -4.099010000000000153e-03
6.463150000000000546e+02 -4.100870000000000383e-03
6.468150000000000546e+02 -4.102719999999999805e-03
6.473150000000000546e+02 -4.104580000000000034e-03
6.478150000000000546e+02 -4.106420000000000382e-03
6.483150000000000546e+02 -4.108269999999999804e-03
6.488150000000000546e+02 -4.110110000000000152e-03
6.493150000000000546e+02 -4.111949999999999633e-03
6.498150000000000546e+02 -4.113789999999999981e-03
6.503150000000000546e+02 -4.115630000000000330e-03
6.508150000000000546e+02 -4.117459999999999870e-03
6.513150000000000546e+02 -4.119290000000000278e-03
6.518150000000000546e+02 -4.121109999999999877e-03
6.523150000000000546e+02 -4.122940000000000285e-03
6.528150000000000546e+02 -4.124759999999999885e-03
6.533150000000000546e+02 -4.126570000000000411e-03
6.538150000000000546e+02 -4.128390000000000011e-03
6.543150000000000546e+02 -4.130199999999999670e-03
6.548150000000000546e+02 -4.132010000000000197e-03
6.553150000000000546e+02 -4.133819999999999856e-03
6.558150000000000546e+02 -4.135619999999999574e-03
6.563150000000000546e+02 -4.137420000000000160e-03
6.568150000000000546e+02 -4.139219999999999879e-03
6.573150000000000546e+02 -4.141019999999999597e-03
6.578150000000000546e+02 -4.142810000000000242e-03
6.583150000000000546e+02 -4.144600000000000020e-03
6.588150000000000546e+02 -4.146389999999999798e-03
6.593150000000000546e+02 -4.148169999999999635e-03
6.598150000000000546e+02 -4.149960000000000281e-03
6.603150000000000546e+02 -4.151740000000000118e-03
6.608150000000000546e+02 -4.153510000000000014e-03
6.613150000000000546e+02 -4.155289999999999852e-03
6.618150000000000546e+02 -4.157059999999999748e-03
6.623150000000000546e+02 -4.158829999999999645e-03
6.628150000000000546e+02 -4.160589999999999601e-03
6.633150000000000546e+02 -4.162360000000000365e-03
6.638150000000000546e+02 -4.164120000000000321e-03
6.643150000000000546e+02 -4.165870000000000337e-03
6.648150000000000546e+02 -4.167630000000000293e-03
6.653150000000000546e+02 -4.169380000000000308e-03
6.658150000000000546e+02 -4.171130000000000324e-03
6.663150000000000546e+02 -4.172880000000000339e-03
6.668150000000000546e+02 -4.174630000000000354e-03
6.673150000000000546e+02 -4.176370000000000429e-03
6.678150000000000546e+02 -4.178109999999999637e-03
6.683150000000000546e+02 -4.179839999999999771e-03
6.688150000000000546e+02 -4.181579999999999846e-03
6.693150000000000546e+02 -4.183309999999999980e-03
6.698150000000000546e+02 -4.185040000000000114e-03
6.703150000000000546e+02 -4.186770000000000248e-03
6.708150000000000546e+02 -4.188489999999999575e-03
6.713150000000000546e+02 -4.190209999999999768e-03
6.718150000000000546e+02 -4.191929999999999962e-03
6.723150000000000546e+02 -4.193650000000000155e-03
6.728150000000000546e+02 -4.195360000000000408e-03
6.733150000000000546e+02 -4.197069999999999794e-03
6.738150000000000546e+02 -4.198780000000000047e-03
6.743150000000000546e+02 -4.200490000000000300e-03
6.748150000000000546e+02 -4.202189999999999745e-03
6.753150000000000546e+02 -4.203890000000000057e-03
6.758150000000000546e+02 -4.205590000000000370e-03
6.763150000000000546e+02 -4.207289999999999815e-03
6.768150000000000546e+02 -4.208980000000000186e-03
6.773150000000000546e+02 -4.210669999999999691e-03
6.778150000000000546e+02 -4.212360000000000063e-03
6.783150000000000546e+02 -4.214049999999999567e-03
6.788150000000000546e+02 -4.215729999999999998e-03
6.793150000000000546e+02 -4.217410000000000429e-03
